-0.499695058982, -4.01259707704, -4.88089687828, 0.0
-0.499695056692, -4.01259707709, -4.88089687818, 0.0
-0.499695056724, -4.01259707709, -4.88089687816, 0.0
-0.499695056709, -4.01259707702, -4.88089687818, 0.0
-0.49969505671, -4.01259707709, -4.88089687816, 0.0
-0.499695056731, -4.01259707711, -4.88089687815, 0.0
-0.49969505671, -4.01259707709, -4.88089687816, 0.0
-0.499694996132, -4.01259694483, -4.88089686035, -6.23274896246e-12
-0.49969505671, -4.01259707709, -4.88089687816, 0.0
-0.49969505671, -4.01259707709, -4.88089687816, 0.0
-0.49969505671, -4.01259707709, -4.88089687816, 0.0
-0.49969505671, -4.01259707709, -4.88089687816, 0.0
-0.49969505671, -4.01259707709, -4.88089687816, 0.0
-0.499694638954, -4.01259709446, -4.88089688948, -4.59872996075e-11
-0.499696408731, -4.01259708049, -4.88089645004, -5.02664307129e-10
-0.49969685541, -4.0125971176, -4.88089553792, -1.26456874388e-09
-0.499696334148, -4.01259535762, -4.88089608854, -1.31897329914e-09
-0.499694959378, -4.01258826421, -4.88089661381, -1.96935891689e-08
-0.499747805208, -4.01262355671, -4.88108293509, -9.62930282361e-06
-0.499691970668, -4.01207872979, -4.88087212202, -6.80322879066e-05
-0.498392375528, -4.00979585665, -4.87679021588, -0.00669149646282
-0.499961743352, -4.01249866214, -4.8869945067, -0.0094045274087
-0.505474122678, -4.01237683954, -4.90339247046, -0.137101012609
-0.494649142938, -4.01458184434, -4.91244768153, -0.257427604436
-0.49803045352, -4.12023072388, -4.90214140404, -3.23149973538
-1.47574135816, 3.61574618496, -4.99983441526, -3.69811878883
-0.164248147418, 4.13180684283, -4.99961348382, -351.475055223
-1.47574167997, 3.61564803326, -4.99983659522, -3.68785092486
-1.47574169499, 3.6156480589, -4.99983660802, -3.68808057737
-1.47648916439, 3.61547961791, -4.99998254227, -3.78628486745
-1.47574167652, 3.61570571037, -4.99982690963, -3.69768628596
-1.47574548794, 3.61565327488, -4.99982954166, -3.69843285299
-1.47574171897, 3.61564807813, -4.99983679091, -3.68814630057
-1.47574132047, 3.61564784112, -4.99983684258, -3.6889417447
-1.47574524205, 3.61571152116, -4.99999686178, -3.74260602199
-1.45842775659, 3.02152017206, -4.95518966543, -132.465902899
-1.47574515226, 3.61573850273, -4.99982192642, -3.68976266999
-1.47574515877, 3.61573831698, -4.99982195735, -3.68944755232
-1.47574519645, 3.61573996208, -4.99982164703, -3.69107022912
-1.47574299231, 3.61573379163, -4.99981931377, -3.69039489778
-1.47574274218, 3.6157445015, -4.99981757526, -3.69292887908
-1.47622783087, 3.61576618799, -4.9999999528, -3.69951485494
-1.47675997804, 3.61583608584, -4.99986193182, -3.79669151482
-1.47622781875, 3.61576620427, -4.9999999996, -3.69963636852
-1.47617799809, 3.61545295291, -4.99977114001, -3.74710948277
-1.47622783884, 3.6157661305, -4.99999997327, -3.69929736258
-1.47622791765, 3.61576619137, -5.0, -3.69942468774
-1.47622791708, 3.61576627384, -5.0, -3.69952555591
-1.47622773025, 3.61576613923, -4.99999998046, -3.69967892513
-1.47622683861, 3.615766274, -4.9999999963, -3.70053015288
-1.47627114797, 3.61576608652, -5.0, -3.70479991014
-1.47618266622, 3.61576692812, -5.0, -3.70890800465
-1.47629822627, 3.61576504605, -5.0, -3.7014966966
-1.47630232691, 3.6157597521, -5.0, -3.70434541597
-1.47622729138, 3.61576623436, -5.0, -3.7001668821
-1.47622720393, 3.61576614619, -5.0, -3.69986972114
-1.47622706716, 3.61577651515, -5.0, -3.70283662199
-0.818245086092, -1.59375351098, -4.92742389171, -556.85553839
-1.49825458022, 1.46790697979, -4.85826782114, -613.011445182
-1.23525827715, 0.904076730221, -4.99998387548, -517.388212972
-1.03277526606, -4.91712109433, -4.93451887145, -113.040628179
-1.19738423885, -4.9221227557, -4.92930406078, -124.891619679
-0.499007180154, -4.01122376765, -4.88090858956, -0.000597741692855
-0.499794139856, -4.01248702026, -4.8808799126, -5.61407133422e-06
-1.32415094421, -2.30948526507, -4.99971079968, -387.526322138
-0.498755821851, -4.00854153973, -4.88089594903, -0.00439392358336
-0.499698055521, -4.01259708133, -4.88089686826, -2.26103019569e-09
-0.493645237483, -3.99861764632, -4.88109279602, -0.0595625319923
-0.499695066138, -4.01259691469, -4.88089685544, -7.41191805565e-12
-0.499695068403, -4.01259707866, -4.88089687125, 0.0
-0.499695185603, -4.01259706805, -4.88089690886, -4.04291094996e-12
-0.499695066228, -4.01259716343, -4.8808968821, -1.51609201497e-12
-0.499567331848, -4.01258220159, -4.8807713322, -8.16252491675e-06
-0.499694963876, -4.01259678396, -4.88090403361, -1.29755631494e-08
-0.499695029808, -4.01259763664, -4.88089688904, -7.7321415738e-11
-0.499695047012, -4.01259708974, -4.88089685957, -1.68454152518e-13
-0.939547314615, 4.9840644706, -4.56234411391, -216.140259041
-0.499695067882, -4.01259704803, -4.88089686696, -3.36907457358e-13
-0.499695104058, -4.01259670592, -4.88089686027, -3.67224585804e-11
-0.499695057029, -4.01259708671, -4.88089687083, 0.0
-0.499695065306, -4.01259709108, -4.88089690119, -1.68455119034e-13
-0.499695065067, -4.00691120903, -4.88089681496, -0.00821902609729
-0.499695060413, -4.0125970746, -4.88089687612, 0.0
-0.49969507205, -4.012597073, -4.8808968628, -1.68454166289e-13
-0.499695043783, -4.01259770858, -4.8808964607, -1.42514203887e-10
-0.499695067453, -4.01259709116, -4.88089688618, 0.0
-0.499695047436, -4.01259709545, -4.880896864, -1.68454407159e-13
-0.499695062107, -4.01259707887, -4.88089682642, -6.73814055553e-13
-0.499695071258, -4.01259708836, -4.88089684232, -3.36907987789e-13
-0.499695058088, -4.01259709565, -4.88089687628, 0.0
-0.499694303758, -4.01259685054, -4.88089687621, -1.60533265454e-10
-0.4996950511, -4.01259708799, -4.88089686219, -1.68454102414e-13
-0.49969505225, -4.01259708116, -4.88089681461, -1.0107195056e-12
-0.499695076034, -4.01259709674, -4.88089688134, 0.0
-0.49969507088, -4.01259708862, -4.88089689786, -1.68455198599e-13
-0.499695063657, -4.01259713652, -4.88089686969, -6.73818406374e-13
-0.49969505295, -4.01257917933, -4.88089683446, -8.10707659321e-08
-0.499694911494, -4.01259708654, -4.88089677137, -8.92795818853e-12
-0.499695079767, -4.01259708603, -4.88089688088, 0.0
-0.49969505912, -4.01259708284, -4.88089688409, 0.0
-0.499695113855, -4.01259707636, -4.88089687812, -6.7381867832e-13
-0.499694349023, -4.01259711067, -4.88089687581, -1.29876205898e-10
-0.499695076761, -4.01259708718, -4.8808968747, 0.0
-0.499694933442, -4.01259709414, -4.88089681447, -5.3904832894e-12
-0.499695133318, -4.01259708476, -4.88089687007, -1.17918392899e-12
-0.499695074412, -4.01259730766, -4.88089688086, -1.26341355484e-11
-0.499695076743, -4.0125970874, -4.88089687431, 0.0
-0.499695076753, -4.01259708717, -4.88089687443, 0.0
-0.49969507675, -4.01259708717, -4.88089687457, 0.0
-0.499695076756, -4.01259708717, -4.88089687446, 0.0
-0.499695164874, -4.01260029486, -4.88089691755, -2.60882645841e-09
-0.499694963973, -4.01260276476, -4.88089678911, -8.16358925134e-09
-0.499695076753, -4.01259708717, -4.88089687444, 0.0
-0.499695076753, -4.01259708717, -4.88089687445, 0.0
-0.499695076753, -4.01259708717, -4.88089687445, 0.0
-0.499695076753, -4.01259708717, -4.88089687445, 0.0
-0.499694048598, -4.01259709877, -4.88089686335, -2.61606944661e-10
-0.499695076753, -4.01259708717, -4.88089687445, 0.0
-0.499695090316, -4.01259706721, -4.88089687033, -1.68454379659e-13
-0.499694976001, -4.01259708097, -4.8808968792, -2.02143409705e-12
-0.499694976499, -4.01259705235, -4.88089687365, -2.18988104332e-12
-0.499695173794, -4.01259711175, -4.88089688858, -3.20064122611e-12
-0.499695077766, -4.01259706467, -4.88089718941, -2.45940062593e-11
-0.499695386138, -4.01259809231, -4.88089687126, -2.82668552578e-10
-0.49969495691, -4.01259254826, -4.88089686987, -5.20697252971e-09
-0.499668181434, -4.01260596201, -4.88089687812, -2.02675411216e-07
-0.499695095523, -4.0126873201, -4.88089854295, -2.05974154574e-06
-0.499910378742, -4.01268981122, -4.88089606673, -1.38838165757e-05
-0.499538119081, -4.01259738388, -4.88113793023, -2.09304486434e-05
-0.497933845957, -4.01224873458, -4.88089571196, -0.000815688477462
-0.499378796755, -4.03167977609, -4.88202360314, -0.0909029970133
-0.485848415873, -3.999723656, -4.91119893819, -0.322485772658
-0.503747132443, -4.01236363724, -4.92992213306, -0.615587130813
-0.476546321741, -4.05232763821, -4.96899168887, -2.48629399877
-1.72065970462, 3.32431882291, -4.99999999879, -100.42802419
-1.47639601383, 3.61576573994, -4.99999999995, -3.72931265349
-1.99075859109, -1.47063581895, -5.0, -613.596699472
-1.47643040921, 3.61576520145, -4.99999999992, -3.73666333634
-1.47655511663, 3.6157655368, -5.0, -3.76428145856
-2.12886478404, -3.51315613286, -4.99999999991, -253.490741144
-1.47622787116, 3.61576624782, -5.0, -3.6993539942
-1.47622800139, 3.6157661332, -4.99999999999, -3.69936727106
-1.47622778121, 3.61576612965, -4.99999999985, -3.69942904578
0.4172732895, 0.872045486473, -4.94268471157, -1068.38499979
-2.45897314631, -0.997336190792, -4.84103033084, -714.469695922
-1.8465555062, -3.96005799961, -4.85533673537, -188.135259267
1.35398894391, -4.05587243032, -4.86681354398, -222.139130659
1.77078140614, 4.90398335978, -4.92471130558, -664.253571415
-0.494335641553, -4.31523606122, -4.87005753316, -30.831204573
-0.908173929271, 4.95677592806, -4.97480675442, -236.988995595
-2.80239143295, 1.57372662934, -4.69965678383, -488.597746408
-0.49971614565, -4.06940778493, -4.88092481389, -0.815301599096
-1.30264309407, 2.72712717053, -4.79386470119, -282.844876785
-0.739042408331, -4.00768142686, -4.89862652181, -16.5676400507
-0.596522483899, -2.06545536237, -4.88943714788, -463.195726688
-0.499695064567, -4.01259709985, -4.88089687338, 0.0
-0.499695088043, -4.01259711111, -4.88089685942, -3.36908730014e-13
-0.499695064425, -4.01259411131, -4.88089664095, -2.24995299357e-09
-0.4996950321, -4.01259706557, -4.88089690223, -5.05363100369e-13
-0.499695083066, -4.01259709921, -4.88089689602, -1.68455003379e-13
-0.499695064567, -4.01259709987, -4.88089687338, 0.0
-0.499694100324, -4.01259707769, -4.88089709707, -2.47624197046e-10
-0.499695078364, -4.01259708766, -4.88089687736, 0.0
-0.499695062181, -4.0125970742, -4.88089687378, 0.0
-0.499695069901, -4.01259709853, -4.88089688466, 0.0
-0.499695062549, -4.01259672235, -4.88089686719, -3.31850418297e-11
-0.499695053551, -4.01259578131, -4.88089686803, -4.29718135049e-10
-0.49969508872, -4.01259707198, -4.88089687115, -1.68454597601e-13
-0.502448195472, -4.01259727152, -4.88089676945, -0.00191975556405
-0.49969505809, -4.01259670182, -4.88089687426, -3.70594295818e-11
-0.49969509151, -4.01259707687, -4.88089719726, -2.59416193844e-11
-0.499695088285, -4.0125971718, -4.88089685162, -2.18990487598e-12
-0.499695185853, -4.01259707542, -4.88089687164, -3.70600233912e-12
-0.499695076402, -4.01259709197, -4.88089683707, -5.05361809459e-13
-0.499694187766, -4.01259708398, -4.88089690236, -1.94898320502e-10
-0.49969504277, -4.01259708143, -4.88089686967, -1.68453958007e-13
-0.499695062956, -4.01259708548, -4.88089686264, 0.0
-0.499695061189, -4.0125970879, -4.88089687896, 0.0
-0.499695048835, -4.01259706424, -4.88089687519, -1.6845379793e-13
-0.499695034382, -4.01259706519, -4.88089684025, -6.73811857275e-13
-0.499695067216, -4.01259707583, -4.88089680738, -1.34762372369e-12
-0.49969506301, -4.01259708809, -4.88089686378, 0.0
-0.499695062917, -4.01259709691, -4.88089687869, 0.0
-0.499695056545, -4.01259708316, -4.88089687701, 0.0
-0.499695081645, -4.01259713553, -4.8808968792, -6.73818804718e-13
-0.499694953455, -4.01259701045, -4.8808968846, -4.54820587605e-12
-0.499695058303, -4.01259700233, -4.88089684279, -2.02143417307e-12
-0.499695051726, -4.01259710109, -4.88089687742, -1.68454525624e-13
-0.499695080721, -4.01259710877, -4.8808972163, -2.91422777961e-11
-0.49969515328, -4.01259708132, -4.88089687761, -2.02146078683e-12
-0.499695092741, -4.01259708444, -4.88089687105, -1.68454756221e-13
-0.499695061289, -4.01259707856, -4.88089689071, 0.0
-0.499695125706, -4.01259707331, -4.88089687767, -1.01072729445e-12
-0.499695090944, -4.01259707692, -4.88089687812, -1.68454760302e-13
-0.499695034891, -4.01259707729, -4.88089687805, -1.68454217751e-13
-0.499695054463, -4.01259705857, -4.88089663836, -1.46553069084e-11
-0.49969505623, -4.01259707709, -4.88089687804, 0.0
-0.499695071182, -4.01259707583, -4.88089687819, 0.0
-0.499695059344, -4.01259742242, -4.88089622396, -1.36954329436e-10
-0.499695056724, -4.01259707709, -4.88089687816, 0.0
-1751.27494292, -1524.78632559, 1870.05243304, -5.48139669716e+22
-2418.35288446, 3468.10238964, 948.987771965, -1.56641233537e+24
3199.376082, -717.627666219, -2361.72423598, -3.76307877061e+24
1194.4646611, -3604.36418375, -684.722981759, -1.38564405808e+24
373.4839182, 87.0972544832, 627.253300633, -3.22377023987e+18
-2295.95291382, -1178.03419484, -1446.33540153, -3.34582237837e+23
-357.275061401, -142.192970418, 4210.5282038, -2.90615919183e+24
-498.573344121, 4063.15403682, 106.808567102, -4.47843632573e+24
4058.2096925, 1512.32449566, -577.154220301, -2.91466356186e+24
1564.30043442, -2577.30850089, 2209.53518078, -9.66357921559e+23
-211.015554315, -1011.75787614, 2070.72556332, -6.21802325185e+21
650.674575166, -1437.77576585, 3088.02450258, -1.31255808811e+23
1443.20381647, -560.35486161, 2690.59529957, -1.97375088648e+23
3268.10094546, 959.114166653, 208.859305477, -6.74712970054e+23
-2617.56862454, -2635.51354363, 716.549196886, -5.75233365892e+23
1594.68952788, -2205.90291812, 3128.73876088, -1.09657798788e+24
4108.48320473, -595.917670585, 1797.38305706, -7.49302819306e+24
510.096113015, 2102.07347154, 2119.75114941, -4.07018169576e+22
-4962.71482827, 1298.20074013, -1388.02434842, -1.4683035918e+25
2615.35579323, -1399.93748045, 150.813858075, -3.55949738024e+22
-2195.55057872, -1268.55845595, 419.996395432, -3.34081421131e+22
54.4914650264, 934.941954827, -1652.42050551, -1.14779578768e+21
-1916.12806522, -536.461563891, 1631.70820172, -5.80407131554e+22
-2827.56691244, 2107.66281503, 2586.05480475, -5.99215090273e+24
2289.81060382, -2260.63781807, 4046.46087044, -6.5893314255e+24
1779.59357129, -2990.30964466, 4110.23804856, -8.8197830619e+24
3143.98487398, -216.129302865, -2047.99883536, -1.69204161072e+24
1938.4825941, -138.526252717, -2654.25742989, -9.38645184455e+23
1316.24416518, -722.993466354, 319.698266484, -2.83842061391e+20
-3507.3620309, -1035.51691725, -39.2182425599, -1.03929458105e+24
1022.87516788, -40.4633056298, -444.726110816, -6.28274838024e+19
-840.463523276, 1283.7739809, 2314.15579129, -1.7123185405e+23
-2157.53947869, -141.554313469, -300.077796848, -1.87608495205e+22
433.83767009, -1515.41944094, -444.632311481, -1.06460698697e+21
-27.8878891622, -1820.36541264, 313.071608339, -1.00669552817e+22
-912.983754457, -1791.25356074, -1197.18111458, -7.35535482721e+21
-156.583155413, 4144.33403026, 219.573211242, -4.80878782523e+24
-729.688078712, -762.59156897, 1774.83869103, -5.44426421124e+21
-239.711828741, -1787.61257882, -3191.95951885, -5.59157938264e+23
-1937.99273433, 3896.99062795, 1232.28368306, -2.61372853861e+24
2001.79322421, 71.534136493, -1579.64126843, -8.21287159212e+22
-2004.7732444, 2680.83483321, 2041.77053425, -1.13840228151e+24
2152.15563618, -538.09803542, -1664.24955733, -1.94844805441e+23
370.454494776, -3358.16268087, 3737.22653444, -7.75637664528e+24
440.754689979, -1496.7812262, 165.997369891, -2.18607681947e+21
-1636.45666911, -4572.11028287, -615.370736542, -9.14668697039e+24
-1127.60037213, 893.931887371, -136.622426913, -1.6124101057e+20
256.386713332, -247.264235222, 1810.64353561, -1.74161678852e+21
-3614.24686627, 2272.71417103, -2153.89399347, -4.58440137417e+24
238.065471185, 2479.77817902, 4153.49961436, -5.19667279655e+24
1478.54865329, -758.453251663, -1665.42605172, -6.39563912771e+22
-1628.33111804, 4804.8772474, 2912.19209372, -1.34604473916e+25
2289.57854159, 1702.78353204, -4504.60803679, -1.47021309706e+25
-69.3423359717, -4119.08332156, 2224.6473124, -1.36833252472e+25
1418.02998937, -1435.23861386, 4069.19261076, -1.75986281549e+24
0.119419017411, -102.519187768, 3143.64413069, -2.15482378219e+23
3344.99212518, -1172.07547679, -511.937091162, -2.60660503367e+23
-1880.79270768, 1136.12090359, 234.854593892, -3.63743099382e+21
3446.70326829, 4246.57917904, -804.004976508, -1.46103736593e+25
2170.56354253, 837.352196697, 1384.62552196, -1.86316813029e+23
-1077.27912595, -104.827505489, 1470.43092217, -7.1368482732e+21
39.2183373281, 1623.54381999, -2183.64004093, -3.35547140693e+22
3419.67324058, 4832.09566253, 3761.03214074, -8.36750435549e+25
1991.15165226, -1279.43707257, 803.691456664, -1.85693235607e+22
-2120.87731959, 2463.95440447, 1291.94931127, -2.97816845346e+23
2547.12103237, -1269.33136019, 1393.07875129, -2.04422098259e+23
-1706.95012985, -622.081170827, -365.620600082, -6.74281760992e+21
2379.77205844, -819.874137061, 64.9031569821, -1.40431542117e+22
3960.48597815, -282.920812771, 2003.44184799, -8.10695068324e+24
2223.46955647, 213.982260075, 4387.98538802, -1.03934402241e+25
1276.86907823, 154.366022116, 891.010882698, -2.44717580468e+21
-1244.06490287, 1730.20854404, -1491.67533336, -4.84025074467e+22
-4353.00938189, 2920.67278678, -4574.57630676, -1.10273392376e+26
-4385.73946377, 1751.48799054, -641.007778499, -2.639049169e+24
991.367612464, 500.713475297, 468.697065549, -2.43614154899e+20
-794.712366899, -2299.04238604, 3005.02184262, -5.0572449064e+23
-274.635934733, 4122.08105807, 1678.074279, -2.31230822265e+24
-550.098408845, 1732.43990719, -1688.73291354, -3.6531410944e+22
1379.29294207, 1340.13339644, -3505.84052245, -1.22352922424e+24
-755.199309751, -874.881609069, -909.648835554, -4.60562600244e+20
2576.90541117, 3515.18858671, 979.502860067, -2.6023643584e+24
998.294331276, 2073.87813911, -3971.48732861, -1.78180823638e+24
-2576.68761969, -3207.08054008, -3590.69505997, -1.46049793767e+25
-1725.37745055, -3800.64443898, 2960.96505946, -9.95205021096e+24
907.236741328, 2077.722877, 3818.40761613, -2.12267046872e+24
-3305.18561026, 1079.23372034, -4013.93100278, -2.19691447622e+25
-436.075295215, 2003.86537341, -1571.78177767, -7.68623683687e+22
2016.34501502, 156.84768537, -347.571406825, -5.72765960217e+21
3202.5978319, -1063.3148824, 1661.32075704, -1.19854192149e+24
3621.2652109, 2236.12707705, 1810.94600431, -9.98109547634e+24
3220.63135582, -2060.28316768, -1764.43954212, -2.58284263738e+24
-2776.46773958, 3891.06417408, 312.365805312, -5.00149961755e+24
1604.89175859, -1753.38579084, -2416.71628729, -8.35943844721e+23
4668.32889392, -3023.94568981, -19.2730307044, -5.12678595379e+24
-2506.7991604, 991.039223518, 2328.98292751, -1.64008803305e+24
4017.22161148, 1487.76132457, -3298.26554544, -1.67708038607e+25
-4647.75997943, 911.022377539, 3685.80845232, -9.44015557876e+25
2008.96645843, -94.1138443331, 4217.13710813, -5.97801942265e+24
-502.53706686, 2021.74143256, -2900.37208997, -2.73825582104e+23
1387.52286712, 1164.36574061, 3311.53946484, -9.43665255379e+23
-3155.56235733, -146.606345678, -1230.18171937, -9.70991316545e+23
-3429.0448546, -2499.24433889, -1249.18556989, -5.39950314939e+24
3949.45885229, 1955.75002722, 3116.15138207, -4.14801935508e+25
-1674.53806741, 1547.50123281, 3287.39126197, -4.180206248e+24
-351.844548172, -1609.25382537, 63.6938796083, -2.83418169198e+21
-630.83767636, -1521.94216944, -1289.86289571, -2.19443055205e+21
-2174.21354741, 2627.84471023, 3799.97508922, -2.21466830174e+25
2718.45619005, 3444.31731182, -4918.50159667, -3.26563378179e+25
-3674.22619018, -914.255452894, 72.9920305634, -1.24974437031e+24
4585.88617659, 449.746770816, -96.6509750722, -5.16256752724e+24
-1453.82894335, -1680.27474552, 805.552707549, -1.22041582105e+22
-2549.27762338, 1106.24877847, 585.231932135, -4.71148519862e+22
-1705.84177267, 1907.04882338, 609.379572043, -2.32291167014e+22
182.478853553, 4420.29207654, -2578.80270947, -2.58767980211e+25
4157.7120086, -1269.68650958, -2099.79003508, -9.76565650173e+24
196.04590929, -31.982299821, 110.687678539, -3.32747289381e+14
993.038799784, -1492.61213632, 2891.05559869, -1.46501945623e+23
-212.449824283, -422.62071744, 1081.55725536, -4.72812094341e+19
154.947025267, 597.948730326, -3183.21781496, -2.00146679095e+23
2684.58215371, 1299.12380528, -3684.20005511, -7.40995496278e+24
-818.067534747, -3840.32803918, 117.143751133, -2.93859599313e+24
1907.34173313, -178.957829199, 591.926509802, -1.01471159908e+22
3122.50544934, -3609.8500878, 431.314132484, -4.88696645011e+24
-1458.62994999, -544.318652537, -956.81958509, -8.13366831706e+21
2168.38089075, 779.420790502, 428.02081822, -4.28452072243e+22
-338.187086782, 37.9575690352, -1594.84368027, -7.64641518957e+20
-3901.8003744, -2222.59255439, -3432.18269678, -5.40150700414e+25
-1600.80192431, 1845.39588028, 4530.29852601, -2.8612050839e+25
-4420.69333493, 793.913338719, -1635.28123406, -9.65974363995e+24
543.334037345, 1279.14871375, -1298.42869548, -2.52103968783e+21
1642.29955282, -3517.9854816, 999.473380334, -3.35394034232e+24
21.5488117447, -292.720712843, -931.371162685, -2.40139715873e+19
-3229.51135682, 1453.72070311, 248.08495513, -1.67434743232e+23
-1055.40728716, -785.146174453, 1710.96049349, -8.98603029571e+21
4385.42116086, -1603.16137612, -2889.29117118, -3.74799004628e+25
-2676.55160475, 3537.06049518, 1396.24423532, -2.42903972672e+24
3871.86403967, -4704.62017924, 1260.70538097, -5.11683217736e+25
3940.26747238, 1656.92755187, -2339.67898734, -4.51326840949e+24
121.32133665, 2795.05226683, 4270.76317604, -7.64268641239e+24
3734.42877312, 2064.5049717, -170.945689278, -2.81512201349e+24
11.5860195228, 900.649481574, 1861.98602569, -8.06279885845e+21
-2057.44624818, 1037.47791316, 2875.07698648, -2.52661063957e+24
1181.03925162, -1013.92391067, 280.96803904, -4.34415091032e+20
-3853.95492407, 1260.872089, -2456.72938361, -8.79203447251e+24
4695.29550465, 2918.6451948, -3692.76872292, -4.05660117807e+25
1541.48753184, 948.251410159, -714.085939737, -1.99623226891e+21
-1083.52130334, 248.586142557, 3397.10486669, -1.49915071558e+24
-366.735965748, 252.986243737, 513.771309254, -3.09616084874e+18
415.451414589, -762.240754992, -730.647068683, -6.42554662608e+19
-57.0852192635, 3460.64758725, 1145.56608164, -6.45791178462e+23
-530.872046929, 577.885598284, 1180.42701328, -9.69938348169e+20
-2602.91146086, 1486.96568234, 3492.46719232, -1.43764818844e+25
2934.85021595, 1502.50334072, -3195.2175401, -4.26872689187e+24
-3641.24588014, -764.891400569, 215.980155871, -9.69044844163e+23
-1824.03538023, 1699.95477903, -4477.29951076, -5.21698853822e+24
1882.28151113, 2673.38434307, -624.93778244, -2.98623248788e+23
2003.9222265, 11.9571458601, 608.066169695, -1.71550143608e+22
-179.081840251, -1583.03763654, -1307.07232781, -1.52604721034e+21
1914.46086706, 1201.38627194, -3601.78929804, -2.8803669612e+24
2600.75099345, -1819.75863254, 207.624764701, -6.7793856636e+22
1223.47374901, -261.955657062, 818.484693834, -1.12692517382e+21
1679.51774985, 361.745813758, 2940.47215239, -6.45906612552e+23
2722.8178597, 38.9913872596, -2792.09749521, -3.08127871243e+24
478.599139779, 2709.49343338, -1794.74215519, -5.65758621444e+23
459.087048112, -3313.71269934, -677.805888592, -6.08466121965e+23
846.46014267, 3136.28355985, -1181.27850262, -1.08968622962e+24
-1650.27034337, -1806.4935163, -141.824015227, -2.40667293517e+22
276.215331265, 1451.07416188, 82.5629855201, -1.04324942802e+21
-2747.73588118, -321.845469472, 1272.92613952, -1.65415839476e+23
-1064.18411598, -679.977999819, -1299.55587832, -4.86887662717e+21
-36.135940609, -1250.43076072, 1772.95915656, -4.80050991038e+21
-1097.50234598, 2093.38172434, 1657.76765773, -8.23522037375e+22
-752.695790056, -2857.84557265, -1759.34725917, -1.10138011345e+23
639.054725738, 824.974895289, 2057.43319057, -1.44532873347e+22
-113.551373509, -4945.72090278, -2323.35575451, -8.69826630302e+24
3924.64184119, -2507.67986716, 1801.51796992, -5.2367024794e+24
-354.157190399, -3792.46343828, 64.1966777715, -2.61393037184e+24
-108.32866237, -3045.66434313, 1303.25761131, -9.90442633722e+23
3318.65664086, 4155.39181036, -4569.19587739, -5.13788425809e+25
-1804.91997547, 600.078647674, -1410.85041461, -3.63769540378e+22
2401.00434181, -3528.19753906, 1635.03448907, -6.17900258781e+24
2634.11277807, 3375.22978441, 1908.62979489, -3.95509121487e+24
390.880353024, -758.120072599, -775.76135004, -7.71993786233e+19
-1678.16316544, -3493.02380996, -393.151112621, -1.22778855201e+24
101.731061042, 3301.18923015, -418.51644646, -1.08565262717e+24
-101.494578642, 2414.54615829, -4179.58287313, -2.01834269108e+24
-1373.5586623, 326.418057735, -127.652337293, -2.38871365162e+20
-807.928823659, 1715.9902583, -4837.04886337, -3.52960911048e+24
2292.07102368, 1364.65482959, -2169.04228073, -2.79585349999e+23
644.019408319, -2587.91733151, 1533.13088913, -4.25471853978e+23
448.415334533, 3058.73676288, 3064.93336988, -8.01952073205e+23
4354.40932108, 868.951772465, -2701.16767365, -1.37817176435e+25
-315.839962784, -623.403029392, -476.685957435, -2.05987309337e+18
3877.40929409, 1414.72150308, -1520.33250659, -1.99080673185e+24
-12.0300819202, 3225.29420056, 55.3749135814, -6.88153475724e+23
2669.58924501, 994.368029679, 1354.94584635, -6.21075225124e+23
-7.13931681798, 277.375586957, 1450.15583019, -6.85549530155e+20
-1728.37744442, -164.671271387, 706.663107486, -3.15373172026e+21
637.623993085, 4551.90258391, -1308.95123855, -1.86296938899e+25
-1900.85029151, 5104.37579795, 1122.99044067, -2.21327660021e+25
2790.1881316, -1859.32629269, -1901.47139544, -1.6763401291e+24
408.722419485, 2389.36170992, -911.074142377, -1.26643973614e+23
-1448.43573877, 73.2654654523, -2679.86762288, -2.25884723728e+23
723.800874219, 199.059037213, -1579.08212381, -4.01440736277e+21
-782.548722961, -1233.92571818, -3985.8569182, -1.96793397999e+24
2571.81439458, 670.194873869, -3480.93728851, -6.09353479731e+24
2797.39283112, 2660.07128887, 2732.70913163, -7.3372171121e+24
-568.58099155, 3401.48313229, 363.643320707, -9.37268044281e+23
-2728.38208946, 2754.97021826, 851.660343139, -5.85990864794e+23
1055.67908468, 3675.76848963, 189.46772028, -1.80000792624e+24
-1512.38711991, 2448.68397093, -1738.96247831, -4.9933078216e+23
2441.7303965, -1895.28267952, 1252.49192864, -2.14479024467e+23
-817.117437877, -2733.18235077, -1924.60183287, -9.48150730893e+22
1788.74641883, 396.075945578, -1267.37031033, -1.73862650881e+22
-344.12668483, -1427.89713502, -3350.6613057, -6.26214036652e+23
1231.70309915, -3122.76642051, 2417.36222996, -3.01317355544e+24
1525.80573881, 2747.74131925, -3061.85999132, -1.48966685985e+24
-1434.52465445, -616.965663533, 67.7244862032, -9.83891324638e+20
2132.97301172, -254.025614871, 1321.33683741, -8.61406740594e+22
-3520.48109094, 157.930388886, -2016.45548215, -4.26458923609e+24
2807.33154984, -4825.7592486, 2156.44913484, -6.51443155588e+25
-2479.04928323, 4078.59203403, 4918.85205581, -1.66940397697e+26
1855.38546712, 450.88176863, -790.928810143, -5.78751999111e+21
-2941.67722095, -3170.97174096, 843.012477234, -2.02465226448e+24
3436.76292606, 4432.41713551, -2335.46966839, -2.64643474439e+25
-1651.31685513, 1126.40427934, -1276.83476134, -1.82935071182e+22
774.152313789, 1595.07118645, 2328.2656576, -6.08538396586e+22
2049.22135718, -2768.94320498, 1910.43597302, -1.49919873336e+24
766.090224114, -2592.84382553, 2261.45625948, -7.39827049898e+23
3519.35582956, -456.463028576, 146.901490634, -4.54707400778e+23
-181.644193359, -3218.80021133, 4675.25686504, -9.97653790955e+24
9.61186128348, 541.4792125, -365.83436805, -1.59214887389e+18
380.782220219, -519.486542279, -87.9233394422, -4.39696965232e+17
1379.10165714, 4253.26833662, 1298.46545747, -3.80194328423e+24
-4180.72374426, 2089.51505927, -865.638040533, -2.38445946639e+24
-2363.08184995, -858.418463292, 270.485616583, -3.95064533058e+22
-2654.79918174, -1478.60554612, 3693.17915692, -6.83308179601e+24
3191.40153727, 1639.42553761, -4225.50060456, -2.34973175323e+25
-3966.4572175, 3762.92281206, -1199.83725704, -1.40319400544e+25
-1862.13718374, 546.641564722, 1842.43774276, -1.77555750129e+23
-363.771952798, -2757.00028724, 2537.72235616, -1.01782485026e+24
1654.8745759, 341.003330467, 2304.54059485, -2.06423692752e+23
1983.61896027, -100.766235645, -1714.07131605, -1.23724529878e+23
-3577.95950609, -615.431551937, 2610.73238551, -5.24360468789e+24
98.1736307194, 4812.94854583, -1462.85041701, -3.10362862478e+25
647.084004937, 2070.9148188, 3827.09819395, -2.10194394314e+24
-1488.84186288, 819.495677316, 1926.01601043, -1.349749523e+23
-1190.43914221, 497.994636189, -1430.42029705, -5.72714819672e+21
-2062.34882935, -310.327660204, -170.308131089, -1.30260842543e+22
158.180298698, -2000.96081794, -801.174835626, -7.18036654718e+21
-2213.40500759, -357.149573988, 3123.11072618, -2.54680791187e+24
-1194.30625358, -2195.91151984, 1416.53010768, -9.97504494249e+22
3652.90471747, -1862.81407676, 2212.90481239, -4.71117379839e+24
1834.75645998, 3343.71895469, 3244.84355297, -3.70670154962e+24
159.969290464, 677.727478066, -475.990612893, -9.23853837202e+18
-2625.75129416, -325.627450566, 141.304618383, -5.87635549522e+22
-388.488460829, -38.4094312, -4158.37520584, -1.72426618378e+24
-955.090076026, 1373.11396564, 1817.14586071, -5.65566758196e+22
-2751.01354984, 4383.39566121, -1829.36410765, -3.03899282109e+25
-1756.15818995, -421.453413546, 515.86220891, -2.59146120772e+21
-3002.57424023, -2874.66138363, 1395.59909294, -1.41172576942e+24
3362.64607796, 784.890525237, -893.737191888, -4.53848075359e+23
-3737.82541069, -4593.30282398, 1258.43605761, -2.8903824266e+25
3878.97765075, -3739.36490269, -1985.11741526, -1.66007593296e+25
-1882.44150363, -1312.16703743, -1274.37561714, -9.98121200795e+22
204.767176184, -9.28440207141, 560.832649013, -3.35718026595e+17
2869.42118831, 1261.28421004, -247.677863729, -2.37378958753e+23
-701.356111416, -1645.20644043, -3075.4821944, -3.59065690292e+23
-2071.28040748, -539.148693492, 2076.17746883, -2.32123334153e+23
-1300.44081478, -2211.9199741, 3223.88914816, -7.34573674044e+23
-1226.34978243, -628.054562012, -868.639557765, -2.83765440216e+21
-2176.28360353, 1168.38428639, 766.900403542, -3.19577527752e+22
2387.38062466, 743.911808798, 396.118672819, -7.63556201851e+22
-2321.67757807, -1881.95098347, -1020.4648938, -3.3371329824e+23
-532.786255078, 188.796720313, -697.144009996, -1.34197134787e+19
1794.19156275, -2546.20376274, -143.497430372, -1.70382589217e+23
-768.261316464, -299.204678653, -841.740032597, -2.04014594801e+20
2586.99413684, 1417.73297522, -18.987575599, -1.59604091321e+23
1108.98203827, -2421.51761447, -2829.17817301, -1.42871574788e+24
-3351.24684619, 4238.10206751, 1420.6502316, -1.03071828562e+25
-1299.95183274, 1326.4154498, -839.458533243, -5.72370807211e+21
599.555356764, -2295.3117599, 2616.76281429, -4.34385884683e+23
-1069.57668706, 2204.79708258, 1074.69131493, -2.9315672222e+22
1917.67573747, 651.145650519, -4605.5631079, -1.74634259524e+25
-442.046227157, 2795.33385663, 1275.57119764, -1.03206258022e+23
505.273681799, 166.267913938, 1540.66369985, -1.04412703901e+21
-3337.38489018, 1910.30197505, -1488.98839275, -1.21784340468e+24
-1654.43782387, 439.881031382, 266.954473482, -9.03516765644e+20
3329.94775487, 3377.97483418, 861.562454784, -6.35572639877e+24
4060.16842334, 2197.56916809, -59.677616239, -5.69230257404e+24
4448.09595796, -1051.06746343, -2333.22182085, -1.69716611485e+25
1446.6741441, -2302.93290735, -390.959804517, -5.64301007219e+22
-3127.69191305, 4189.70471758, -3318.84150916, -5.16232319925e+25
974.785634715, -1086.01883689, 841.363372906, -1.29591110456e+21
-2659.91935519, -345.446147494, -624.744886103, -1.59208871714e+23
-1440.83297692, -1536.74661152, -1547.69687572, -5.30012816541e+22
-1563.86124536, 1172.01426008, 2716.0807409, -1.08457750908e+24
904.041931246, -1087.51505603, 478.327715304, -5.84828708829e+20
260.165903346, 2741.75050946, 209.761467678, -1.63658142345e+23
1531.66858169, -150.550525932, -4083.21279191, -7.54662784232e+24
-2942.8724216, 2957.88249903, 1404.12202591, -1.73571534553e+24
397.715021959, -815.478106367, 38.1102732305, -1.7417195915e+19
-799.854428396, -985.025521068, 849.994370471, -2.87558292953e+20
-3318.61182402, -2866.41887126, -2165.75082655, -1.09046985134e+25
-103.906958414, 3822.9925611, 1484.28644773, -1.28924633513e+24
-878.088025546, -2997.98564018, -2334.71017573, -2.42342097548e+23
37.8208154958, 2938.81946313, 768.906716742, -1.9948929407e+23
-2546.17441112, 189.180155015, 1923.64866902, -5.41137960532e+23
-4454.00009308, -3117.45509335, 679.886957124, -1.43193548589e+25
1270.22374883, -5.25202451861, -496.697317058, -2.71289888497e+20
-4261.22460614, -2393.192085, 3451.18942399, -2.11857179359e+25
-861.737737887, 2176.97660267, -1669.81447386, -1.68598706286e+23
-2634.93042354, -271.941723355, 2569.70492312, -1.68738437027e+24
1876.59956263, -1735.6620679, -3505.62479238, -7.87152987216e+24
2377.21913348, 4476.29951148, 976.379941667, -8.74806761857e+24
-1641.14193697, -308.463848126, 3478.91081175, -2.52533922312e+24
2772.87585834, -4701.31391655, -1191.21256438, -1.44497585208e+25
2157.93504242, 1251.55172303, 1668.01806288, -3.43546660239e+23
-929.415318015, 555.244911116, -1565.54624734, -3.32917310905e+21
-2121.33969028, 606.339080109, 2720.40519811, -1.70047450997e+24
1476.89159169, 3032.5238788, 2.21377113041, -4.667231652e+23
985.551554504, 4359.23486865, -4909.54499801, -5.6379114306e+25
-1888.71822229, 388.069375418, -2350.07443107, -2.93697404659e+23
1076.78106354, 2364.627831, -1507.41960117, -1.76665083558e+23
-3385.91210631, 1103.33541423, 2059.2324809, -3.40744087626e+24
-1844.85869441, -16.531071178, 1557.0790197, -5.77995457842e+22
140.984097125, 203.984898285, -21.2460240351, -2.97019438064e+14
1178.29083764, 504.129947259, -276.782607913, -1.49764903292e+20
-294.673651041, -2891.45499578, -1147.27130407, -1.33124651392e+23
2089.70888298, 1710.06976313, 1355.53766221, -2.49284150118e+23
1003.36546753, 3156.58681467, 1209.75384566, -3.10672513524e+23
-2136.68913696, -1973.79709416, 600.811931538, -7.90295889296e+22
3640.19031462, -2545.43055385, -2072.91314035, -8.38203936289e+24
2906.43995899, -3125.76475426, 2194.90097274, -5.6164043439e+24
-2541.72783301, -1690.32928674, 2209.63186964, -4.30049545519e+23
-3072.35353967, -2072.71793496, -3384.75409757, -1.70838973423e+25
169.262305073, 1458.0496701, 4492.12906553, -6.41659749496e+24
1418.18836906, -4432.48624023, -815.841725629, -7.27293622973e+24
2284.34950831, -1693.03760333, -647.700033934, -5.10671004374e+22
-2473.95799229, 784.189439713, 18.7535324221, -1.84304901112e+22
-3368.56329711, 2432.50020101, 2649.96754842, -1.33181687975e+25
-686.106555226, 3530.20055864, -314.671335463, -1.90550102074e+24
-2394.02785006, -1632.80410239, 4814.34092034, -2.54806796889e+25
1530.3102678, 2199.165624, -2018.2218539, -1.78304970939e+23
2669.28663044, 1075.82448478, 927.704289346, -3.87930879698e+23
-1149.62026544, 84.3330433812, -2016.46397609, -2.70644741919e+22
-1047.74712359, 1089.22143335, -447.811831451, -7.19449175451e+20
-1421.76725073, -75.4693328409, 806.493807212, -1.57285037696e+21
881.034940276, -2183.60461211, 1748.53160115, -1.81882344505e+23
2448.11735653, 3148.81323902, 2400.20103177, -3.76270871669e+24
2458.91638947, -3414.66072411, -1186.64615885, -1.50835177003e+24
-153.508167584, -1607.1551945, 70.6911941871, -2.85316051897e+21
3359.73827879, 2847.23628558, 1616.96124995, -7.55717054909e+24
-838.248077409, -856.478848494, -3177.93350397, -3.34317139788e+23
-1024.73518295, 3722.51561727, -3263.60850427, -1.3378542421e+25
-109.843257208, -3453.88258351, 1507.20888645, -2.75626377603e+24
-1290.29400456, -2523.79536734, -208.216028756, -9.87075016645e+22
1467.05273336, -1806.35089898, 1334.64263107, -6.0681129497e+22
-1970.20367214, -2967.75650719, 2929.52310592, -2.22244336348e+24
411.917140178, -5067.83841417, 155.635349906, -2.87006631636e+25
-1541.40942877, 57.2657573298, -3213.89209302, -6.92106686646e+23
-2514.78408798, -617.895702648, 2446.00331749, -9.68083971198e+23
-2984.70992221, -2746.30811952, -2041.74270912, -5.49081224415e+24
4805.80398066, -3711.30948298, -2112.16495539, -4.47896704818e+25
2437.33814017, 3970.52107385, -2431.52525501, -1.10729197189e+25
-1934.1182833, -1091.18105929, 2327.48787197, -2.42063843888e+23
228.902687034, 1271.85241321, -2555.45620166, -3.20457750742e+22
2446.56079014, 1808.1109959, 1659.2576769, -8.58075051074e+23
3984.312609, -2191.46746466, -1456.68591589, -4.51309108877e+24
-474.37437147, 2549.59816501, 920.678562964, -5.72939485396e+22
-1500.43734597, -3227.57395426, 1127.26556057, -1.31902482596e+24
3738.79408789, 246.618289599, 1258.11262239, -3.1566467526e+24
-3611.71067162, 1697.90691084, -2820.62321478, -8.79946309656e+24
3824.09241451, 3484.32464831, 1029.60783791, -1.5186743282e+25
1868.88245196, -520.995146865, 728.016133649, -9.52663911461e+21
-307.660098741, 2161.76176535, -1423.3533319, -1.06942881047e+23
-1347.56822049, 1583.56480621, -311.749627674, -7.7904089279e+21
-1498.98926595, -3489.63372502, -644.754386249, -1.03856376908e+24
164.915966056, -488.724680028, -1857.66727159, -6.94803460598e+21
2090.78232285, 1786.74807831, 1992.28782477, -6.05462738276e+23
-2256.71774124, 1418.6876406, -1516.09208071, -1.42217083218e+23
-4417.0224284, -934.162663598, -2309.75344604, -2.95900172318e+25
-4389.85031009, -1492.74883228, 476.332790549, -5.35225769083e+24
-2468.29787926, 4141.73655634, 1333.96900509, -5.13719281412e+24
-1736.24362116, -1819.48025556, -3561.0415117, -2.7992761365e+24
1634.63633075, -383.514276731, 730.454164654, -4.40995254686e+21
-200.792173194, -1133.89444342, 2776.25960471, -5.6354970061e+22
2204.75468903, 2336.141245, 2026.22795078, -1.05922316678e+24
2284.05213397, 3666.62870141, -2752.8385852, -7.40551077702e+24
1174.9967458, -2314.86493374, 3753.3673903, -1.67898808878e+24
-2882.97017455, 1571.78852796, 4318.29627072, -5.5662868488e+25
1047.08904551, 3765.39712075, 793.269783738, -1.63292097114e+24
695.09845784, -7.92435401313, -1289.10751182, -1.32906480687e+21
-1282.73827019, 3238.84495749, 629.165828746, -6.26384178109e+23
-2252.55158741, 1515.8201592, 3051.60882732, -5.20741056211e+24
336.525357744, 1073.33935206, -1224.80890565, -7.85540423419e+20
2506.52484802, 1500.30156148, -264.08545289, -1.16688529447e+23
116.757568222, -1492.94110235, -4522.45963713, -7.97368357409e+24
2455.08251737, 1956.24124412, -1622.0821691, -1.84222992926e+23
-831.521756462, 1607.93791153, 691.054095548, -2.33190500504e+21
