-0.49969505671, -4.01259707709, -4.88089687816, 0.0
-0.49969505671, -4.01259707709, -4.88089687816, 0.0
-0.49969505671, -4.01259707709, -4.88089687816, 0.0
-0.49969505671, -4.01259707709, -4.88089687816, 0.0
-0.49969505671, -4.01259707709, -4.88089687816, 0.0
-0.49969505671, -4.01259707709, -4.88089687816, 0.0
-0.49969505671, -4.01259707709, -4.88089687816, 0.0
-0.49969505671, -4.01259707709, -4.88089687816, 0.0
-0.49969505671, -4.01259707709, -4.88089687816, 0.0
-0.49969505671, -4.01259707709, -4.88089687816, 0.0
-0.49969505671, -4.01259707709, -4.88089687816, 0.0
-0.49969505671, -4.01259707709, -4.88089687816, 0.0
-0.49969505671, -4.01259707709, -4.88089687816, 0.0
-0.499694638954, -4.01259709446, -4.88089688948, -4.59872996075e-11
-0.499696408731, -4.01259708049, -4.88089645004, -5.02664307129e-10
-0.49969685541, -4.0125971176, -4.88089553792, -1.26456874388e-09
-0.499696334148, -4.01259535762, -4.88089608854, -1.31897329914e-09
-0.499694959378, -4.01258826421, -4.88089661381, -1.96935891689e-08
-0.499747805208, -4.01262355671, -4.88108293509, -9.62930282361e-06
-0.499691970668, -4.01207872979, -4.88087212202, -6.80322879066e-05
-0.498392375528, -4.00979585665, -4.87679021588, -0.00669149646282
-0.499961743352, -4.01249866214, -4.8869945067, -0.0094045274087
-0.505474122678, -4.01237683954, -4.90339247046, -0.137101012609
-0.494649142938, -4.01458184434, -4.91244768153, -0.257427604436
-0.49803045352, -4.12023072388, -4.90214140404, -3.23149973538
-1.47574437947, 3.61561881474, -4.99985172705, -3.69721553921
-1.20531848054, -1.54215345675, -4.99999989306, -570.181865345
-1.47574167997, 3.61564803326, -4.99983659522, -3.68785092021
-1.47574169483, 3.6156480589, -4.9998366301, -3.68799632554
-1.47614795533, 3.61578388971, -4.99999892379, -3.72246598787
-1.47574163434, 3.61562710844, -4.9998194934, -3.70506013186
-1.47574272964, 3.61563302742, -4.9998391232, -3.69020676311
-1.47574171897, 3.61564807813, -4.99983679091, -3.68814629926
-1.47574132047, 3.61564784112, -4.99983684258, -3.6889417447
-1.47574223564, 3.61591953698, -4.9998317496, -3.74903242932
-1.51003144312, 3.69814224798, -4.99914989294, -51.8248748889
-1.47574516142, 3.61573832489, -4.9998219655, -3.68936762785
-1.47574515877, 3.61573831849, -4.99982195735, -3.68943366102
-1.47574519645, 3.61573826043, -4.99982164703, -3.68990261537
-1.47574299231, 3.61573379163, -4.99981931377, -3.69039489778
-1.47574274218, 3.6157445015, -4.99981757526, -3.69292887908
-1.47622783576, 3.61576613039, -4.99999996871, -3.69928931039
-1.47626921376, 3.61580412119, -4.99989816384, -3.73811676511
-1.4762278724, 3.61576614425, -4.99999998798, -3.69952652649
-1.47587955123, 3.61575657183, -4.99987037443, -3.72219730655
-1.47622783884, 3.6157661305, -4.99999997327, -3.69929736255
-1.47622785477, 3.61576613533, -5.0, -3.69931029662
-1.4762278555, 3.6157661356, -5.0, -3.6993139663
-1.47622785584, 3.61576613639, -5.0, -3.69931933492
-1.47622785565, 3.61576613532, -5.0, -3.6993200807
-1.4763156247, 3.61576280629, -5.0, -3.70439433606
-1.47622785748, 3.61576613555, -5.0, -3.69932337024
-1.47613994265, 3.61576391508, -5.0, -3.72011131359
-1.47636519893, 3.6157836178, -5.0, -3.73223467108
-1.47622785827, 3.6157661406, -5.0, -3.69935835036
-1.47622720393, 3.61576614619, -5.0, -3.69986972113
-1.70301911285, -2.82225864476, -4.96661200133, -307.807378264
-0.979266799637, 4.90072096157, -4.86382454093, -222.099620358
-1.19655833183, -4.99380181613, -4.90922532668, -118.570945618
-1.19269445343, -4.90657633442, -4.99727468737, -114.236742824
-1.0916703398, 4.99965357878, -4.85734806405, -239.280462853
-0.499695070764, -4.01259742016, -4.88089686251, -2.84689273009e-11
-0.49969507146, -4.01259707121, -4.88089686704, -1.6845420398e-13
-0.499695074119, -4.01259707616, -4.88089679641, -1.68452767948e-12
0.316786689272, -0.0334143990606, -4.98644552545, -1376.13261924
-0.499695070335, -4.01259707341, -4.88089688384, 0.0
-0.499695070335, -4.01259707341, -4.88089688384, 0.0
-0.499695055457, -4.01259705326, -4.88089657179, -2.39201194698e-11
-0.499695079304, -4.012597069, -4.88089726291, -3.7564867154e-11
-0.499695065834, -4.01259708186, -4.88089686141, 0.0
-0.499695070335, -4.01259707341, -4.88089688384, 0.0
-0.499695070335, -4.01259707341, -4.88089688384, 0.0
-0.499695064607, -4.01259708719, -4.88089688121, 0.0
-0.499695073201, -4.01259708958, -4.88089688533, 0.0
-0.499695067922, -4.01259707757, -4.88089687493, 0.0
-0.499695070335, -4.01259707341, -4.88089688384, 0.0
-0.501536429816, -4.01273056809, -4.88421744855, -0.00364273594244
-0.499695070369, -4.01259708719, -4.88089689916, -1.68455097095e-13
-0.499695073717, -4.01259707764, -4.88089688927, 0.0
-0.49969503891, -4.0125970848, -4.88089652304, -3.20059813081e-11
-0.499695370928, -4.01259710696, -4.88089693447, -2.45942635987e-11
-0.499695056546, -4.01259704922, -4.88089689329, -3.36908318125e-13
-0.499695076751, -4.01259708717, -4.88089687446, 0.0
-0.499695068927, -4.0125970507, -4.88089688844, -3.36908393647e-13
-0.499695076941, -4.01259708724, -4.88089687445, 0.0
-0.499695076751, -4.01259708718, -4.88089687444, 0.0
-0.499695057099, -4.01259709291, -4.88089689113, 0.0
-0.499695076753, -4.01259708717, -4.88089687445, 0.0
-0.499695076753, -4.01259708717, -4.88089687445, 0.0
-0.499695076753, -4.01259708717, -4.88089687445, 0.0
-0.499695076753, -4.01259708717, -4.88089687445, 0.0
-0.499695057072, -4.01259709325, -4.88089687465, 0.0
-0.499695076753, -4.01259708717, -4.88089687445, 0.0
-0.499695076753, -4.01259708717, -4.88089687445, 0.0
-0.499695076753, -4.01259708717, -4.88089687445, 0.0
-0.499695076753, -4.01259708717, -4.88089687445, 0.0
-0.499695233288, -4.01259698683, -4.88089687466, -9.6018452105e-12
-0.499695076753, -4.01259708717, -4.88089687445, 0.0
-0.499695076753, -4.01259708717, -4.88089687445, 0.0
-0.499695076753, -4.01259708717, -4.88089687445, 0.0
-0.499695076753, -4.01259708717, -4.88089687445, 0.0
-0.499695076752, -4.01259708717, -4.88089687445, 0.0
-0.499695076753, -4.01259708717, -4.88089687445, 0.0
-0.499695076753, -4.01259708717, -4.88089687445, 0.0
-0.499695076753, -4.01259708717, -4.88089687445, 0.0
-0.499695076753, -4.01259708717, -4.88089687445, 0.0
-0.499695076753, -4.01259708717, -4.88089687445, 0.0
-0.499695076753, -4.01259708717, -4.88089687445, 0.0
-0.499695076753, -4.01259708717, -4.88089687445, 0.0
-0.499695076753, -4.01259708717, -4.88089687445, 0.0
-0.499695076753, -4.01259708717, -4.88089687445, 0.0
-0.499695076753, -4.01259708717, -4.88089687445, 0.0
-0.499695076753, -4.01259708717, -4.88089687445, 0.0
-0.499695076753, -4.01259708717, -4.88089687445, 0.0
-0.499695076753, -4.01259708717, -4.88089687445, 0.0
-0.499695076753, -4.01259708717, -4.88089687445, 0.0
-0.499695076753, -4.01259708717, -4.88089687445, 0.0
-0.499695076753, -4.01259708717, -4.88089687445, 0.0
-0.499695090316, -4.01259706721, -4.88089687033, -1.68454379659e-13
-0.499694976001, -4.01259708097, -4.88089687919, -2.02143409465e-12
-0.499694976499, -4.01259705235, -4.88089687364, -2.18988103015e-12
-0.499695173794, -4.01259711175, -4.88089688858, -3.20064122609e-12
-0.499695077766, -4.01259706467, -4.88089718941, -2.45940062593e-11
-0.499695386138, -4.01259809231, -4.88089687126, -2.82668552578e-10
-0.49969495691, -4.01259254826, -4.88089686987, -5.20697252971e-09
-0.499668181434, -4.01260596201, -4.88089687812, -2.02675411216e-07
-0.499695095523, -4.0126873201, -4.88089854295, -2.05974154574e-06
-0.499738847292, -4.01259748841, -4.88102153037, -4.4118823491e-06
-0.499849546839, -4.01259432196, -4.88089728812, -6.03259646762e-06
-0.499878238837, -4.01239217243, -4.88801167439, -0.0128192898965
-0.500003153494, -4.01260736426, -4.88089428496, -2.4001892376e-05
-0.500674618549, -4.00685562071, -4.89281573627, -0.0448903518436
-0.497607232338, -4.01332182239, -4.87409660275, -0.0128982668489
-0.497203143129, -4.01306430715, -4.92834932576, -0.571579314691
-0.499713706029, -4.0144169984, -4.87996245402, -0.00105642876203
-0.589551361767, -4.99900797745, -4.85040410796, -95.370960224
-0.499637848894, -4.01250492717, -4.88088707211, -2.99899079065e-06
-1.27308613961, 2.94202106557, -4.99892706193, -163.158191253
-0.499668740318, -4.01260252433, -4.88063326041, -1.77339581122e-05
-0.503158790722, -4.01258854088, -4.8805875155, -0.00306666315091
-0.677682074423, -0.66158551339, -4.98984374535, -806.471552884
-1.24942792153, -4.90078552602, -4.97621076985, -129.760700494
0.267052896679, -3.9586493774, -4.99905956005, -109.187246435
-0.499775145696, -4.01711051714, -4.88080324978, -0.00513087182033
-1.2660704311, -0.530336870833, -4.94828548751, -939.789454028
1.73562280939, -2.03913620106, -4.91948626517, -985.816725116
-0.838199657089, 3.23653753522, -4.9988519127, -183.295694673
-1.73590134916, -4.99940605437, -4.93285465499, -160.110317193
-0.499695069674, -4.0125970558, -4.88089686216, -3.36907682675e-13
-0.459627444249, 1.68645278856, -4.92187201332, -709.786656255
-0.499695836052, -4.01283316795, -4.8808678297, -1.42944232893e-05
-0.499695093619, -4.01259711937, -4.88089687933, -5.05363983953e-13
-0.499695088367, -4.01259722926, -4.88089669555, -1.38132677592e-11
0.455824492536, 0.982268202083, -4.92728768471, -847.178838252
-0.499695102683, -4.01259683517, -4.88089285117, -4.11654490159e-09
-0.499694941208, -4.01259738557, -4.88089686377, -2.67841949376e-11
-0.499695073447, -4.01259708963, -4.8808968718, 0.0
-0.499695075692, -4.01259708382, -4.88089686421, 0.0
-0.499695068223, -4.0125971262, -4.88089687633, -5.05362807686e-13
-0.499695068085, -4.01259706819, -4.88089688404, 0.0
-0.499695059563, -4.01259709156, -4.88089673558, -5.22204143878e-12
-0.499694860159, -4.01259785172, -4.8808968923, -1.59359439916e-10
-0.499695071198, -4.01259708381, -4.88089687051, 0.0
-0.499695045649, -4.01259696519, -4.88089687434, -3.70597441802e-12
-0.499695068085, -4.01259706819, -4.88089688404, 0.0
-0.499695059799, -4.01259704039, -4.8808968792, -5.05361137117e-13
-0.499695056701, -4.01259707709, -4.88089687817, 0.0
-0.499695074619, -4.0125970838, -4.88089688377, 0.0
-0.499695054819, -4.01259709427, -4.88089690718, -3.36910006421e-13
-0.499694965892, -4.01259706221, -4.88089688486, -2.69524084861e-12
-0.499695098539, -4.01259707487, -4.88089686979, -3.3690888925e-13
-0.49969505671, -4.01259707709, -4.88089687816, 0.0
-0.49969512366, -4.01259707376, -4.88089684786, -1.17918072624e-12
-0.499695065336, -4.01259708312, -4.88089689928, -1.68454960461e-13
-0.49969505671, -4.01259707709, -4.88089687816, 0.0
-0.499695067356, -4.01259707157, -4.88089686957, 0.0
-0.49969505671, -4.01259707709, -4.88089687816, 0.0
-0.499695128387, -4.01259707701, -4.88089687916, -1.01072755e-12
-0.49969506282, -4.01259708005, -4.8808970314, -5.89587026427e-12
-0.49969505671, -4.01259707709, -4.88089687816, 0.0
-0.499695086755, -4.012597165, -4.88089685611, -1.85299848335e-12
-0.49969505671, -4.01259707709, -4.88089687816, 0.0
-0.499695667991, -4.01259707541, -4.88089688347, -9.18074330816e-11
-0.499695060816, -4.0125970797, -4.88089689083, 0.0
-0.49969505671, -4.01259707709, -4.88089687816, 0.0
-0.49969505671, -4.01259707709, -4.88089687816, 0.0
-0.49969505671, -4.01259707709, -4.88089687816, 0.0
-0.499695056368, -4.01259707648, -4.88089687816, 0.0
-0.499695061852, -4.0125960918, -4.88089690407, -2.49475496256e-10
-0.49969505671, -4.01259707709, -4.88089687816, 0.0
-0.49969505671, -4.01259707709, -4.88089687816, 0.0
-0.49969505671, -4.01259707709, -4.88089687816, 0.0
-0.49969505671, -4.01259707709, -4.88089687816, 0.0
-0.499695097405, -4.01259709772, -4.88089687963, -3.36909933248e-13
-0.49969505671, -4.01259707709, -4.88089687816, 0.0
-0.49969505671, -4.01259707709, -4.88089687816, 0.0
-0.49969505671, -4.01259707709, -4.88089687816, 0.0
-0.49969505671, -4.01259707709, -4.88089687816, 0.0
-0.499695060644, -4.01259707825, -4.88089687553, 0.0
-0.49969505671, -4.01259707709, -4.88089687816, 0.0
-2676.45993906, -2329.98922754, 2859.44403966, -1.63516298527e+24
-3697.81177628, 5303.36266011, 1451.18533793, -4.67586664616e+25
4892.73333007, -1095.67596316, -3612.52320555, -1.1248812295e+26
1827.47025485, -5511.42678907, -1048.80184066, -4.14651390036e+25
570.092596083, 135.125931151, 957.464577951, -9.49748330306e+19
-3510.17582792, -1801.63468152, -2212.37755589, -9.99402815559e+24
-544.087544184, -217.791287523, 6439.16406047, -8.64922315963e+25
-761.814172641, 6214.37897082, 160.853714818, -1.34029121315e+26
6205.9802507, 2313.52141119, -882.763761413, -8.72049495305e+25
2391.0261468, -3941.63810634, 3380.50702886, -2.90009219571e+25
-322.348843904, -1549.31325237, 3167.96267367, -1.85494517146e+23
993.192465306, -2198.17374915, 4723.40226544, -3.91925968856e+24
2208.94878988, -858.577445006, 4115.70228939, -5.92203359064e+24
4997.41743041, 1464.61691814, 317.637583563, -2.01415873241e+25
-4003.97240432, -4029.51576148, 1097.66698331, -1.72023525169e+25
2438.97886317, -3374.59181017, 4785.03708376, -3.29122746168e+25
6283.40956268, -909.441485988, 2749.47010074, -2.24490164737e+26
778.160792733, 3214.63114474, 3242.60082536, -1.21331617499e+24
-7589.32207233, 1984.07362748, -2121.25497962, -4.38855237063e+26
3999.66319936, -2139.84147444, 232.989386588, -1.06625025295e+24
-3357.00537675, -1939.87607048, 641.148618352, -9.98383906444e+23
81.599231728, 1430.91276091, -2525.58857615, -3.43989272639e+22
-2932.00856979, -822.189431607, 2495.79006717, -1.74271457952e+24
-4324.30603897, 3224.79309219, 3953.67170036, -1.79269985845e+26
3503.30123554, -3455.82978264, 6187.83882647, -1.97350890638e+26
2721.6143256, -4574.04067383, 6286.02940044, -2.64537715454e+26
4808.37224835, -331.734359773, -3130.49156032, -5.04961203587e+25
2963.29414939, -213.694354773, -4059.05509802, -2.80720616758e+25
2012.90295779, -1104.33360925, 489.854770222, -8.52481365601e+21
-5363.00729582, -1581.56635208, -58.3494137633, -3.09981783976e+25
1564.67659199, -60.2122489647, -681.328845395, -1.87592696896e+21
-1287.06830621, 1965.14330556, 3537.89368806, -5.11349024551e+24
-3300.48049605, -215.523864214, -459.200036433, -5.62022760156e+23
665.623551855, -2317.23796453, -678.344967484, -3.200290104e+22
-43.5170707021, -2785.46487457, 478.119198368, -3.02998038869e+23
-1394.9534762, -2737.73020028, -1832.32391681, -2.19215203557e+23
-238.64523233, 6337.48558772, 334.728394089, -1.43683882761e+26
-1115.79854983, -1166.815874, 2715.91753466, -1.62769916357e+23
-369.022731742, -2733.46715636, -4880.64201282, -1.67671717588e+25
-2964.4275308, 5959.6093993, 1885.03347873, -7.80836907248e+25
3061.3733444, 109.307690079, -2413.89604249, -2.44590341797e+24
-3066.02584037, 4099.5984338, 3121.48984494, -3.40356365797e+25
3290.13779399, -823.6633308, -2544.18576731, -5.80621660871e+24
564.420068424, -5136.54485841, 5714.88846761, -2.32522517113e+26
675.700595071, -2288.64095841, 251.931590143, -6.55145231225e+22
-2502.30356311, -6992.03914489, -939.702983127, -2.73790821757e+26
-1724.67163942, 1368.56637597, -206.624206999, -4.80117877206e+21
392.915053659, -378.714043805, 2768.37305203, -5.14307530328e+22
-5527.91168155, 3475.17911662, -3294.17531943, -1.37114793959e+26
362.853629943, 3792.62252297, 6351.94536285, -1.5501658534e+26
2259.30090372, -1160.83025609, -2546.62720666, -1.90766558606e+24
-2489.145376, 7348.15446985, 4453.6605213, -4.02247917352e+26
3500.27336773, 2603.01278679, -6888.64923598, -4.40034940544e+26
-103.591264963, -6298.971406, 3400.67820088, -4.09547739611e+26
2169.92829143, -2195.43638483, 6223.13571895, -5.26608031315e+25
2.05847095976, -155.990062484, 4808.57974411, -6.41364595496e+24
5115.55105136, -1793.72462346, -784.67663734, -7.79476550925e+24
-2875.07423299, 1736.32662348, 358.279367783, -1.08524134542e+23
5271.73878292, 6494.49519592, -1231.12474354, -4.37392464408e+26
3317.99333789, 1280.34695719, 2117.97275463, -5.56604272775e+24
-1646.63570504, -161.721620263, 2248.61864553, -2.12833851832e+23
58.4828221807, 2481.97558124, -3339.26979886, -1.00051296132e+24
5230.62682109, 7389.63514378, 5752.27662864, -2.50632203959e+27
3045.68106443, -1956.34596557, 1229.67369487, -5.57770687357e+23
-3242.66388697, 3768.29603816, 1976.85152138, -8.92169553556e+24
3895.48398806, -1940.44975376, 2131.62985623, -6.12975036784e+24
-2608.89323799, -950.518883262, -561.142257031, -2.01085896765e+23
3639.40624535, -1255.42396132, 96.8095848566, -4.19247194298e+23
6056.63206748, -431.628181372, 3065.08851788, -2.42811433715e+26
3399.51126987, 325.832810785, 6710.48101381, -3.10475185613e+26
1952.80102981, 234.255089154, 1362.21668899, -7.31438711976e+22
-1903.56294437, 2644.82513065, -2281.29400306, -1.44031993988e+24
-6657.35758806, 4467.47073676, -6995.726977, -3.29863396797e+27
-6707.09156065, 2679.2807541, -982.154243302, -7.90175014442e+25
1514.12362905, 764.402952314, 715.075680408, -7.21042485722e+21
-1215.72982952, -3514.72418005, 4594.53791177, -1.50957004976e+25
-422.277951818, 6304.07393083, 2565.94116466, -6.91409807962e+25
-840.373056213, 2649.8378962, -2580.85527713, -1.08867414798e+24
2108.58054321, 2047.59680638, -5360.73875672, -3.66489279424e+25
-1154.21606055, -1336.01076329, -1392.48949242, -1.37553534584e+22
3941.73901915, 5375.60653983, 1495.87470643, -7.7915772721e+25
1524.69838386, 3170.56225131, -6073.47939061, -5.33681434577e+25
-3939.32444824, -4904.63898178, -5490.56872724, -4.36282432476e+26
-2638.38675661, -5812.06601887, 4527.36646308, -2.977369158e+26
1385.75311793, 3179.05445177, 5839.04274583, -6.32661953293e+25
-5054.30207931, 1648.45479383, -6138.82818887, -6.57404950959e+26
-665.488736888, 3064.89574139, -2402.88032442, -2.29304216335e+24
3084.89623262, 238.763385103, -533.698822151, -1.71638104071e+23
4896.95665173, -1627.0964993, 2539.58417095, -3.57946201273e+25
5537.2754242, 3418.50010022, 2768.45009614, -2.9827192963e+26
4925.65656771, -3149.90550889, -2698.94980096, -7.72062509683e+25
-4245.95042061, 5950.33164535, 475.685989486, -1.49367420147e+26
2452.72867526, -2683.12072309, -3695.35943981, -2.49784555095e+25
7139.35180162, -4625.14352764, -31.8080553032, -1.53537093065e+26
-3834.73373969, 1517.28267471, 3561.37253693, -4.91562350625e+25
6143.4624301, 2274.51131279, -5044.53981995, -5.01644724506e+26
-7107.91490219, 1391.84220655, 5636.32184088, -2.82484565799e+27
3070.84593279, -144.135104736, 6449.6810908, -1.78546115653e+26
-767.491957568, 3090.75859689, -4435.74296045, -8.16228572681e+24
2122.15357014, 1780.88557055, 5064.86746688, -2.82120552761e+25
-4825.16911438, -225.713599291, -1879.60177675, -2.89895069876e+25
-5244.81849802, -3823.32281195, -1910.01958539, -1.61638568855e+26
6040.46811418, 2990.70218935, 4765.63769016, -1.24189524689e+27
-2562.45871608, 2367.12429279, 5026.63276712, -1.24992212649e+26
-538.803556307, -2460.03341536, 96.3198085806, -8.45832332745e+22
-965.284771718, -2329.38623542, -1972.95643368, -6.60068440244e+22
-3325.95892716, 4018.48231011, 5811.95758991, -6.62952856617e+26
4157.52257331, 5266.95728923, -7521.79322906, -9.77429492967e+26
-5618.63062042, -1397.48838137, 110.911615019, -3.73643828341e+25
7012.97816246, 690.029543963, -147.563266772, -1.54554502555e+26
-2221.83370867, -2568.08636194, 1230.51588556, -3.63334661909e+23
-3898.06109707, 1692.55668025, 894.457977119, -1.41211761965e+24
-2609.03975527, 2916.60966128, 931.583381534, -6.9462881431e+23
278.565626017, 6759.59002188, -3943.26645334, -7.73098871732e+26
6358.16556212, -1940.56232, -3212.26890771, -2.91913213016e+26
298.888708262, -48.3641572389, 167.663282641, -9.61305625683e+15
1517.01263226, -2283.39436001, 4420.44909593, -4.37695191554e+24
-324.718568436, -644.872124075, 1652.17659022, -1.38405650864e+21
238.932259121, 913.058161458, -4868.26745859, -6.03682656269e+24
4106.35986055, 1985.70475407, -5633.44940403, -2.21765516535e+26
-1252.33828523, -5872.29135661, 176.752268806, -8.78244420675e+25
2917.11514841, -273.300886146, 907.429845308, -3.04929620753e+23
4775.64412229, -5520.02319395, 660.639224519, -1.46527423661e+26
-2231.19715125, -832.644193839, -1462.84233963, -2.43359568849e+23
3317.48924234, 1191.30327439, 654.989460918, -1.28640387401e+24
-518.162633566, 58.3434621906, -2437.25624016, -2.29860306102e+22
-5966.36078861, -3399.94487855, -5249.06501481, -1.61533509894e+27
-2447.91762568, 2823.45185354, 6927.84044416, -8.54761372574e+26
-6760.75800782, 1215.50179827, -2500.70053536, -2.88898289278e+26
829.811064026, 1956.03495498, -1984.9856645, -7.52269352129e+22
2509.76875353, -5380.18596737, 1528.17549823, -1.00521940256e+26
31.7888906931, -448.051585418, -1423.96316778, -7.26906534319e+20
-4937.90146455, 2222.21666902, 380.650259867, -5.01140643418e+24
-1613.34978969, -1198.59576793, 2615.22549279, -2.67478420801e+23
6706.45206748, -2450.04139155, -4419.15967863, -1.12027280052e+27
-4093.30349672, 5408.88054405, 2135.1764328, -7.26221731366e+25
5920.85881947, -7194.95446365, 1927.76691115, -1.53357407174e+27
6025.93224825, 2533.78108643, -3577.17387787, -1.34801780964e+26
184.840501618, 4275.06483633, 6531.28038466, -2.28028167629e+26
5710.41714001, 3157.96530336, -259.226348634, -8.42829951678e+25
16.283495346, 1376.32349515, 2847.05918688, -2.39238666851e+23
-3146.82371436, 1588.63205027, 4396.74882554, -7.56295726308e+25
1807.25053163, -1551.69167418, 428.870983176, -1.31404011881e+22
-5893.90328961, 1928.36925578, -3757.03349463, -2.63004007498e+26
7180.41591943, 4463.15879741, -5647.33527703, -1.21284602791e+27
2357.48823659, 1451.06027714, -1091.96482519, -5.96981545235e+22
-1658.77641092, 377.760871615, 5195.13030917, -4.47616882263e+25
-561.983545425, 385.251708465, 786.392796534, -9.30361482015e+19
635.028628182, -1167.8226276, -1117.91516638, -1.93345837259e+21
-84.7724029638, 5292.32061162, 1750.33936404, -1.93068430948e+25
-812.62320713, 882.63444457, 1804.98420115, -2.89068089927e+22
-3981.56743316, 2273.90577673, 5340.49262636, -4.30103883764e+26
4488.25700343, 2297.01691235, -4886.00410768, -1.27643253187e+26
-5567.9632171, -1170.57210903, 331.72998412, -2.89599795496e+25
-2788.51299791, 2599.48478925, -6847.50551079, -1.56074701284e+26
2876.94555612, 4088.87766576, -957.888742938, -8.93941902032e+24
3065.91173442, 16.9189130395, 930.5800418, -5.151249277e+23
-275.840511939, -2420.30642749, -1997.70172724, -4.57420612837e+22
2928.39597938, 1836.47697597, -5508.15530649, -8.63318195172e+25
3978.37507689, -2783.81297145, 317.525329765, -2.03792173384e+24
1870.06445471, -402.298125195, 1250.19767159, -3.34949346391e+22
2567.86208485, 552.543961388, 4496.85797207, -1.92959503676e+25
4164.56749934, 57.508150933, -4269.15361026, -9.2158900419e+25
731.497168931, 4143.87901918, -2743.42763372, -1.69039502838e+25
702.35497229, -5067.10211356, -1038.48724342, -1.82007882715e+25
1293.74230942, 4795.52053355, -1806.73648082, -3.25373140232e+25
-2523.71998774, -2764.21775737, -216.095289619, -7.20774047398e+23
420.729748874, 2218.61799574, 124.678497799, -3.11382396463e+22
-4203.30601851, -494.389988653, 1945.94272296, -4.96120121392e+24
-1628.05047731, -1040.58102215, -1988.01568114, -1.46065142156e+23
-54.7539972197, -1911.86522462, 2712.43374353, -1.43802770696e+23
-1678.62779259, 3202.82589621, 2536.47076929, -2.47015803043e+24
-1150.25095589, -4369.88852195, -2689.70128988, -3.29290769584e+24
976.601249408, 1260.9077914, 3145.35917093, -4.28939749695e+23
-174.908573778, -7563.51007085, -3553.83807622, -2.60401377242e+26
6001.74534346, -3835.65067137, 2756.5045952, -1.57011824723e+26
-542.643199805, -5799.83564001, 100.20903277, -7.83265323794e+25
-167.31563932, -4658.17584462, 1992.97806155, -2.9687512016e+25
5075.5788529, 6355.38713686, -6987.98117636, -1.53794232822e+27
-2759.06926485, 918.35822947, -2157.45630243, -1.08529176563e+24
3670.80359587, -5395.20173426, 2499.05561271, -1.85026157151e+26
4028.36114542, 5161.00020404, 2917.95126591, -1.18311615826e+26
596.662577619, -1160.15787404, -1184.85025913, -2.29587384158e+21
-2567.65572271, -5341.9074973, -603.326621956, -3.67330266436e+25
156.820838198, 5049.24132209, -641.614361153, -3.24960324309e+25
-154.098064973, 3692.47215637, -6392.37223966, -6.04448674206e+25
-2101.51883371, 497.081538962, -196.552946431, -7.19936182079e+21
-1233.96072311, 2625.77869522, -7397.24156627, -1.05874413295e+26
3505.05544308, 2088.78060607, -3316.66143872, -8.34777416882e+24
983.808297871, -3958.9649738, 2344.0380414, -1.27796494799e+25
687.087509232, 4677.16106998, 4686.8204535, -2.38795741078e+25
6658.94553732, 1328.62219806, -4131.99583981, -4.12179959558e+26
-480.747487881, -952.379345804, -728.103687284, -6.04406435202e+19
5929.35381964, 2164.93701558, -2326.36348062, -5.95196830306e+25
-17.308952504, 4933.02657079, 84.3338853682, -2.05837121559e+25
4082.23037467, 1521.31786871, 2072.27929393, -1.85874195267e+25
-9.08216097628, 423.090542492, 2219.12857484, -2.03059384343e+22
-2644.20335893, -250.947271887, 1082.3661071, -9.52016114649e+22
976.741582269, 6961.53969207, -2002.66598093, -5.57257255661e+26
-2906.64529567, 7806.13210018, 1718.75217174, -6.61092517254e+26
4267.70765785, -2843.31371681, -2907.76575695, -5.01039234317e+25
623.449671839, 3653.36321817, -1394.52630922, -3.78121948353e+24
-2214.20481493, 113.306512786, -4098.69707765, -6.75619950868e+24
1107.61143551, 305.011113104, -2415.69387587, -1.20850304588e+23
-1197.0875484, -1888.97086976, -6095.29430563, -5.91132443278e+25
3934.3358201, 1026.50130984, -5322.85637483, -1.82339628906e+26
4278.25505247, 4066.75870081, 4179.31803036, -2.19594783476e+26
-869.695571357, 5202.10745688, 553.670539752, -2.80352924297e+25
-4171.30332648, 4213.83502204, 1302.41857604, -1.75223694261e+25
1615.6475661, 5621.58802443, 289.020861604, -5.38573607314e+25
-2312.52154831, 3743.4276853, -2658.22595832, -1.48544107317e+25
3735.01038453, -2897.61570784, 1914.75494421, -6.42901272448e+24
-1250.21428042, -4180.7321394, -2942.27679962, -2.84269203575e+24
2734.04813928, 607.948062369, -1939.08085062, -5.18100507596e+23
-527.011894748, -2182.15888625, -5124.60057507, -1.88224762242e+25
1884.9644905, -4776.09973675, 3697.42685674, -9.04305828919e+25
2334.41776274, 4203.03647332, -4682.06455643, -4.46050960194e+25
-2193.98668659, -942.71841967, 103.30586776, -2.94109138367e+22
3260.64078077, -388.186255759, 2022.62991633, -2.57829318502e+24
-5383.97868222, 241.107999353, -3083.68826712, -1.27584425132e+26
4293.31221813, -7380.14946144, 3298.49482478, -1.95256603516e+27
-3790.87880946, 6237.82370732, 7522.24717018, -4.99107094659e+27
2836.63030141, 688.878852308, -1211.16936283, -1.72723076409e+23
-4499.22173916, -4849.44015104, 1287.94449287, -6.05921425031e+25
5255.67230132, 6778.18742014, -3570.77975778, -7.91248758317e+26
-2523.8739501, 1723.83753799, -1953.29253545, -5.45845784328e+23
1185.82251498, 2438.56551147, 3559.66187563, -1.81341705203e+24
3134.8362378, -4235.394098, 2922.79770287, -4.50582032382e+25
1171.02427533, -3966.41949683, 3458.54808174, -2.22242560337e+25
5382.70840972, -699.739629241, 227.014317922, -1.36251776012e+25
-276.41810313, -4922.82599337, 7149.7697456, -2.9864208648e+26
14.0756558141, 826.038510253, -561.286833555, -4.66410595292e+19
582.569074286, -796.496421089, -135.619227494, -1.35447162549e+19
2109.45936669, 6504.48839589, 1985.83681381, -1.13716723628e+26
-6393.11756423, 3196.55890662, -1322.46790435, -7.11991928198e+25
-3614.45555005, -1311.89258836, 411.308124033, -1.18385888247e+24
-4060.89405681, -2260.43499478, 5648.26692237, -2.04583810041e+26
4879.82259594, 2507.86570489, -6461.81647513, -7.02551759274e+26
-6066.09666336, 5754.764198, -1835.6454428, -4.19148855696e+26
-2847.72698901, 833.708063432, 2818.48006236, -5.31812180135e+24
-556.549979638, -4215.53026434, 3882.21909652, -3.04710881146e+25
2529.35411102, 521.940672018, 3525.77378623, -6.17242199592e+24
3032.58405551, -153.12556733, -2621.28517034, -3.69085604013e+24
-5471.38359369, -939.284348557, 3991.94544013, -1.56962159056e+26
149.229184271, 7360.33122009, -2236.54743733, -9.27562177864e+26
990.634573603, 3167.24062685, 5852.63839177, -6.26336122701e+25
-2275.18815689, 1255.08415072, 2944.78353954, -4.02860342054e+24
-1820.4581455, 763.581539175, -2185.95715361, -1.70743428952e+23
-3155.21048692, -476.473629681, -262.63503165, -3.9200440732e+23
243.693203253, -3061.39650572, -1224.40078059, -2.16249403188e+23
-3384.81967337, -545.481584312, 4775.5694765, -7.61197153053e+25
-1826.02232429, -3358.84559313, 2166.35056856, -2.99029777187e+24
5585.59486643, -2850.38303174, 3384.82819435, -1.4098566077e+26
2805.88858503, 5112.58604799, 4961.81435456, -1.1078618367e+26
242.373092172, 1034.57359226, -728.385734711, -2.72034699646e+20
-4014.76346591, -500.463226094, 215.632159401, -1.75824901231e+24
-593.342415697, -61.2114041044, -6359.16370913, -5.18573886229e+25
-1462.72035506, 2099.91802528, 2778.94314993, -1.69386747726e+24
-4207.15986146, 6703.27984038, -2799.13721178, -9.078223103e+26
-2683.96199067, -642.162381204, 790.113788627, -7.72829026117e+22
-4592.33225611, -4396.35485623, 2133.83146418, -4.22605507432e+25
5141.68729835, 1201.88474219, -1366.11246285, -1.3555040577e+25
-5716.83020366, -7024.76071866, 1926.33672012, -8.6525073971e+26
5931.73118542, -5717.8508678, -3035.06518406, -4.95715997909e+26
-2879.19677365, -2007.59990164, -1949.86119683, -2.99026445874e+24
313.027416133, -16.3375809689, 856.247616107, -9.77378652799e+18
4387.46224399, 1927.31456036, -380.590998592, -7.08381750722e+24
-1073.79679149, -2516.76284654, -4702.49450622, -1.07801618495e+25
-3168.10500278, -823.75510494, 3175.43255434, -6.95830656511e+24
-1988.59932791, -3382.64558925, 4929.69456669, -2.19375068266e+25
-1874.55784243, -959.215880284, -1329.40099309, -8.46912671503e+22
-3329.44200887, 1786.29622302, 1171.89003617, -9.59199547665e+23
3652.31201916, 1136.44286814, 605.705063391, -2.2898011775e+24
-3550.85825489, -2878.21429002, -1559.59214316, -9.97507252421e+24
-813.03017551, 288.306867023, -1065.22180156, -3.96848366693e+20
2743.25500483, -3894.10995209, -219.586824014, -5.11394326237e+24
-1172.96911865, -455.992687239, -1286.17174546, -6.03532380497e+21
3957.50756354, 2169.8185571, -26.5131633045, -4.79918654344e+24
1695.37564408, -3702.11701803, -4326.01385816, -4.27357875766e+25
-5125.98888646, 6481.35904443, 2173.41575552, -3.08383868772e+26
-1988.19139316, 2027.43419955, -1284.75850771, -1.70173020188e+23
915.42580224, -3509.27043451, 4001.91464821, -1.30012765201e+25
-1634.7190438, 3370.78626199, 1645.0012287, -8.74474340677e+23
2931.44793128, 996.925209614, -7043.60260819, -5.22863647297e+26
-676.091243743, 4273.85457957, 1949.49520898, -3.07680241122e+24
774.638815813, 252.754136158, 2357.40034924, -3.12406693184e+22
-5104.25860283, 2919.80231322, -2275.75824179, -3.63586784142e+25
-2528.44066659, 671.881874597, 408.496009498, -2.70152019293e+22
5092.57636657, 5165.91563711, 1316.315606, -1.901967624e+26
6208.69726497, 3361.25800739, -92.987446972, -1.70206785657e+26
6802.25503543, -1606.86673283, -3568.6992412, -5.07197893544e+26
2211.55126326, -3520.46327506, -596.60064415, -1.68895787732e+24
-4784.00769545, 6406.86946937, -5075.69112298, -1.54186007486e+27
1490.85894309, -1662.32170074, 1286.96519966, -3.91771052403e+22
-4067.66978719, -528.635265951, -956.118574653, -4.76332873957e+24
-2202.71978562, -2348.79300323, -2365.91984139, -1.57982430052e+24
-2390.97140594, 1793.83722997, 4153.87114787, -3.24262702445e+25
1381.15312761, -1665.06131229, 733.816399893, -1.77686754115e+22
396.76965427, 4193.10355227, 322.435860242, -4.88831072433e+24
2343.91818062, -232.230510372, -6244.64262632, -2.26535282658e+26
-4500.42772858, 4522.71238429, 2148.59980693, -5.20020757396e+25
605.957560772, -1245.19296934, 57.5725523879, -5.1826724794e+20
-1223.52532993, -1507.65707107, 1297.92396205, -8.62541256097e+21
-5074.57203983, -4383.73018921, -3312.32742253, -3.25966313426e+26
-160.331589151, 5847.17097837, 2271.65516497, -3.85521154703e+25
-1344.99068505, -4584.98416976, -3569.31762556, -7.26587757944e+24
55.920033324, 4495.40750246, 1177.51431068, -5.96909611707e+24
-3893.1715302, 289.298964268, 2941.72052032, -1.61968730304e+25
-6811.18342047, -4766.86208518, 1040.7275859, -4.27989069975e+26
1942.3976762, -10.6183154249, -761.226369281, -8.11418934403e+21
-6516.48729113, -3660.24440112, 5277.84461059, -6.34124566957e+26
-1318.41948232, 3328.24880369, -2553.98529283, -5.02166082733e+24
-4028.89557662, -417.133668056, 3929.77750574, -5.04585528774e+25
2871.33684322, -2653.20410137, -5361.73171052, -2.35971142108e+26
3634.16493325, 6845.49676147, 1491.48258823, -2.61647659949e+26
-2509.7943807, -472.995089505, 5321.00568592, -7.54753065187e+25
4240.04460131, -7189.58024263, -1820.09285231, -4.32883892802e+26
3299.22079188, 1914.5517376, 2552.16016488, -1.02831183438e+25
-1419.52216718, 847.752978945, -2395.0967686, -9.93943229461e+22
-3245.21356948, 928.997497789, 4161.2005152, -5.09967940309e+25
2258.65724379, 4636.98540097, 4.08489663595, -1.39418231728e+25
1508.74694098, 6666.98985819, -7508.32928726, -1.68652010715e+27
-2887.8180372, 594.871912966, -3595.25644642, -8.79090722381e+24
1648.46362762, 3616.12495905, -2306.08437347, -5.28226426285e+24
-5178.95870834, 1685.74744889, 3148.54691901, -1.0205062233e+26
-2821.22447959, -26.6155186506, 2380.99335262, -1.72955334108e+24
214.360040916, 310.039365552, -33.6962439429, -8.48649085834e+15
1802.55455054, 772.217643534, -424.797113116, -4.49314947887e+21
-452.402132192, -4422.69082314, -1753.05772505, -3.99561403282e+24
3197.32520371, 2614.07175674, 2074.82768453, -7.48961091636e+24
1533.84179709, 4827.41706925, 1849.14753725, -9.29368389772e+24
-3267.11707464, -3018.5852967, 918.206049887, -2.36274170883e+24
5567.01884174, -3892.53856887, -3171.10531992, -2.50688478724e+26
4445.67984626, -4779.9028872, 3356.22815779, -1.68359098895e+26
-3887.02755162, -2584.89879352, 3379.23601284, -1.28775018331e+25
-4697.47643362, -3168.40124872, -5175.81194057, -5.10281108659e+26
258.923755044, 2231.29580068, 6870.08412511, -1.91404204958e+26
2169.66105884, -6778.5511694, -1246.32234247, -2.17999613794e+26
3492.48522081, -2589.46088811, -988.237585104, -1.51866129371e+24
-3783.38382705, 1198.54242884, 26.9604678394, -5.52260980702e+23
-5151.67476265, 3718.91876862, 4053.55989308, -3.99072507226e+26
-1047.87016772, 5399.27372674, -479.014521331, -5.69081735049e+25
-3662.20807266, -2496.09848605, 7362.57958035, -7.62078101705e+26
2339.99485414, 3363.63893686, -3087.28587041, -5.33861870056e+24
4082.4854747, 1645.4877846, 1419.56064254, -1.16279079885e+25
-1759.55264715, 131.253953645, -3084.04768956, -8.12328451184e+23
-1601.45619697, 1664.13173818, -686.288975393, -2.12795455308e+22
-2173.82295941, -114.930637835, 1235.39674877, -4.74293755788e+22
1347.41181809, -3340.11307519, 2674.40150678, -5.46600518598e+24
3745.31659946, 4814.88714404, 3669.44413405, -1.12699729682e+26
3759.1736123, -5222.50461576, -1813.84328413, -4.51498751364e+25
-236.743627397, -2457.78492799, 108.667314365, -8.55524715859e+22
5137.25084755, 4353.73622144, 2473.13701237, -2.26027119532e+26
-1281.4956162, -1310.28696142, -4860.94007409, -1.00535127653e+25
-1567.09821866, 5692.98351573, -4990.37766115, -3.99616586087e+26
-166.457641321, -5281.79203779, 2305.19335822, -8.25504357287e+25
-1972.62244763, -3860.54835642, -319.472966336, -2.95716950823e+24
2242.06665149, -2764.057614, 2042.20114231, -1.8275821448e+24
-3012.02312315, -4537.56044526, 4480.53182373, -6.64305887373e+25
630.717512789, -7750.20583642, 238.854107896, -8.59653832385e+26
-2355.68708184, 85.6655685314, -4915.00403818, -2.06967327125e+25
-3845.73755785, -944.623402222, 3740.87097932, -2.89875934023e+25
-4564.18494599, -4199.24261024, -3123.03298424, -1.64154768647e+26
7349.2979308, -5674.94945032, -3231.21827129, -1.33920344966e+27
3726.61184041, 6072.32112998, -3719.03695672, -3.31278105237e+26
-2957.10359973, -1669.26009554, 3560.86928727, -7.25022931188e+24
350.138025008, 1943.99864793, -3907.83450458, -9.62226913642e+23
3740.3874249, 2763.47942911, 2538.95619489, -2.56603569039e+25
6093.37426345, -3350.0442763, -2227.46125453, -1.34729348993e+26
-724.059543472, 3900.21704748, 1408.72702237, -1.71384868167e+24
-2292.80645148, -4936.83081637, 1724.03324195, -3.95332530789e+25
5718.18363532, 377.921151098, 1924.89884129, -9.45971132126e+25
-5523.79908461, 2595.66827502, -4314.74781247, -2.63528320141e+26
5847.62815842, 5327.81374373, 1574.13795964, -4.54156578898e+26
2857.50005051, -794.719794347, 1113.34333962, -2.85004147876e+23
-469.656141563, 3305.55103732, -2177.97284568, -3.19050928235e+24
-2062.40862549, 2422.19140595, -476.903953009, -2.32373259825e+23
-2290.58683636, -5337.23005619, -984.294923475, -3.11034037295e+25
252.270611646, -749.785723752, -2840.42316519, -2.09435512054e+23
3198.19052569, 2732.44765517, 3048.2289395, -1.81639258293e+25
-3452.08246426, 2170.55601545, -2319.5542115, -4.26083967006e+24
-6754.65616004, -1427.86658998, -3533.34077056, -8.85212340398e+26
-6713.08133661, -2283.38061103, 726.213843726, -1.60188697199e+26
-3774.54429597, 6333.90737546, 2040.27009134, -1.53484325581e+26
-2656.36719253, -2783.39320026, -5445.33571908, -8.38823670971e+25
2499.37663458, -584.776283755, 1119.35550098, -1.32472939218e+23
-305.929066092, -1733.96845568, 4244.8469765, -1.6716276078e+24
3372.06548209, 3572.36207806, 3099.48983605, -3.17363007638e+25
3493.35523421, 5607.06721079, -4209.95906641, -2.21412700444e+26
1798.77886888, -3539.40214141, 5740.63102367, -5.03246196417e+25
-4409.70183669, 2403.89608308, 6604.19799588, -1.66590895914e+27
1601.42180537, 5758.48379795, 1214.8354597, -4.88107558348e+25
1061.69217949, -12.6793226807, -1971.05553394, -3.97315695259e+22
-1960.40651488, 4953.43723379, 962.3088971, -1.87037120914e+25
-3443.76778692, 2316.50736588, 4667.23464105, -1.55658623958e+26
516.303891912, 1639.63975728, -1871.33137696, -2.32669392665e+22
3833.07321593, 2296.28217269, -401.387613645, -3.5002939078e+24
179.323596265, -2281.64260915, -6916.49098573, -2.39406050639e+26
3754.84054723, 2990.17748541, -2482.29504799, -5.50791788635e+24
-1271.16241058, 2459.50064042, 1057.79573446, -6.96812769315e+22
