-0.49970010219, -4.01259703342, -4.88081505216, -1.69902929757e-06
-0.499695077812, -4.01259709146, -4.8808968511, -1.68454273651e-13
-0.49969508043, -4.01259708836, -4.8808968633, -1.68454491515e-13
-0.499694838445, -4.01259413485, -4.88090109106, -6.70262786881e-09
-0.499695080157, -4.01259695191, -4.88089688037, -4.54823187894e-12
-0.499695489339, -4.01259711456, -4.88089681168, -4.68303942963e-11
-0.499695062049, -4.01259706878, -4.88089692374, -6.73819611971e-13
-0.499694754325, -4.0125912722, -4.88089771701, -8.74580041703e-09
-0.499695014095, -4.01259707127, -4.88089697102, -2.8637250028e-12
-0.499696317085, -4.01259837457, -4.88089730967, -8.64050530531e-10
-0.49969498401, -4.01259700354, -4.88089720601, -3.04898944153e-11
-0.499694937945, -4.01259723963, -4.88089700942, -1.44870910478e-11
-0.499695212127, -4.01259681257, -4.88089731474, -7.24342216321e-11
-0.499694639415, -4.01259695546, -4.88089668949, -5.91266924261e-11
-0.499696408744, -4.01259708059, -4.88089645004, -5.02664371265e-10
-0.499699292511, -4.01259778257, -4.88089672293, -4.64793102478e-09
-0.499342575627, -4.01255481734, -4.88089474032, -3.18665193679e-05
-0.499649572093, -4.01258803367, -4.88088520986, -5.78403288282e-07
-0.499747805208, -4.01262355671, -4.88108293509, -9.62930282361e-06
-0.499691970668, -4.01207872979, -4.88087212202, -6.80322879066e-05
-0.498392375528, -4.00979585665, -4.87679021588, -0.00669149646282
-0.499961743352, -4.01249866214, -4.8869945067, -0.0094045274087
-0.505474122678, -4.01237683954, -4.90339247046, -0.137101012609
-0.494649142938, -4.01458184434, -4.91244768153, -0.257427604436
-0.49803045352, -4.12023072388, -4.90214140404, -3.23149973538
-1.47574129666, 3.61560330176, -4.99984594892, -3.68825675037
-1.10867659973, 0.455081067953, -4.9715468675, -894.530812002
-1.47574181332, 3.6156480683, -4.99982898394, -3.69496564034
-1.47572972285, 3.61559382442, -4.99995808432, -3.7418682581
-1.47625665291, 3.61579248903, -4.99999822211, -3.71414518794
-1.47574110433, 3.61565176459, -4.99983511582, -3.69140791763
-1.47574290996, 3.60893217421, -4.99983492239, -4.67358276677
-1.47574188686, 3.61564807813, -4.9998367905, -3.68868354334
-1.47574132047, 3.61564784112, -4.99983684258, -3.6889417447
-1.47574968523, 3.61570174648, -4.9998314936, -3.70236188982
-1.475524048, 3.725030364, -4.95169110731, -68.7177988748
-1.47574125842, 3.61573695409, -4.99982171382, -3.69206800048
-1.47574517651, 3.61573836768, -4.99982204169, -3.6897602749
-1.47574754071, 3.61573745697, -4.99982165754, -3.69356964904
-1.47574299211, 3.61573379126, -4.99981921446, -3.69080383851
-1.47574274218, 3.6157445015, -4.99981757526, -3.69292887945
-1.47622945601, 3.61577074987, -5.0, -3.70399445938
-1.47576118803, 3.61569165291, -4.99999617215, -3.74187000188
-1.47622786672, 3.61576626514, -5.0, -3.699357238
-1.47600761962, 3.61584087901, -4.99975551849, -3.7632423632
-1.47622783912, 3.61576617155, -4.99999997327, -3.69947693009
-1.4762279183, 3.61576670258, -4.99999994985, -3.69955508223
-1.47622794123, 3.6157454509, -4.99999998418, -3.71629235444
-1.47622773114, 3.61576613929, -4.99999998046, -3.699694402
-1.47622630313, 3.61576788414, -4.99999998074, -3.70057479186
-1.0945812225, 3.84122666248, -4.99792334646, -97.7797523468
-1.47627864238, 3.61577068507, -5.0, -3.70507367226
-1.47627762371, 3.61576365588, -5.0, -3.7019384574
-1.47627508442, 3.61573427317, -5.0, -3.70491683519
-1.47608256605, 3.6162160248, -5.0, -3.78043959899
-1.47619636823, 3.61585138937, -5.0, -3.7221038856
-1.47533908908, 3.61572355056, -5.0, -3.73387836996
-1.47777105396, 3.61486046466, -5.0, -3.89491740717
-1.47839792624, 3.61582935379, -5.0, -4.0180844296
-1.4764844613, 3.61583639024, -5.0, -3.75496660507
-0.90436132149, -2.22379037422, -4.99831611712, -406.479518866
-2.24356271157, 4.99900003089, -4.96214958921, -237.228032876
-2.71056716571, -4.9269546326, -4.83724114976, -288.196882051
-0.37078227687, -4.03472406592, -4.88486344427, -4.1251752939
-1.47859738725, -4.99903580127, -4.94070495118, -152.712586836
-0.498772469112, -4.10479151135, -4.93953175961, -3.07164856284
-0.49970025884, -4.01259874579, -4.8808971647, -7.53960545327e-09
-0.869386773286, -4.91770678613, -4.87595427338, -105.236180053
-0.499695088265, -4.01259708458, -4.88089687263, -1.68454821495e-13
-0.499643568844, -4.01263641038, -4.88084846891, -1.65398305123e-06
-0.499695094116, -4.01259709987, -4.88089688716, -3.36909927185e-13
-0.499691910743, -4.01259712736, -4.88089632082, -2.59566332648e-09
-0.499707350462, -4.0125916932, -4.88089706571, -4.55210955655e-08
-0.499652599828, -4.01261567393, -4.8808029152, -2.77482624246e-06
-0.499822505298, -4.01259583627, -4.88090231954, -4.11238413263e-06
-0.499695048441, -4.01259703589, -4.88089444619, -1.49604377187e-09
0.0690421994958, 4.90255019181, -4.89865235942, -377.603123698
-0.499698206244, -4.01259894207, -4.88089727004, -3.40600514765e-09
-0.499685675732, -4.01259751872, -4.88089685692, -2.23437327113e-08
-0.499694959201, -4.012598795, -4.88089684312, -7.42756438112e-10
-0.499695048801, -4.01259708403, -4.88089685759, -1.68453998472e-13
-0.49969501851, -4.01259693612, -4.88089247842, -4.90084685847e-09
-0.499694723927, -4.01259702515, -4.88089684279, -3.06580595498e-11
-0.499694835675, -4.01259706531, -4.88089686694, -1.34761341837e-11
-0.499695077164, -4.01259770867, -4.88089625691, -1.95914497015e-10
-0.499695049933, -4.01259706653, -4.88089685839, -1.68453663208e-13
-0.499695732958, -4.01259109176, -4.88089579327, -9.49201344578e-09
-0.499691577272, -4.01259708419, -4.88089674064, -3.08172138961e-09
-0.499695035056, -4.01259686122, -4.88089677393, -1.56660307939e-11
-0.499695053829, -4.01259704836, -4.88089667122, -1.11178363082e-11
-0.499695119887, -4.01259869071, -4.88089611796, -7.99009967103e-10
-0.500635237477, -4.00876691823, -4.8813136419, -0.00399608609629
-0.499734541102, -4.01261600613, -4.88095112081, -1.22859365424e-06
-0.499694900617, -4.01259701293, -4.88089687301, -8.25411063938e-12
-0.49969614453, -4.01259844456, -4.88089626645, -8.56616972466e-10
-0.499698864665, -4.01259697033, -4.8808968061, -3.6549913016e-09
-0.49969505374, -4.01259707802, -4.88089688487, 0.0
-0.499695117843, -4.01259707025, -4.88089688998, -8.42273611828e-13
-0.499695002125, -4.01259708082, -4.8808970965, -1.31393156768e-11
-0.499678465871, -4.0126018039, -4.8808961266, -7.54517770613e-08
-0.499695076041, -4.01259707874, -4.88089688619, 0.0
-0.499695063546, -4.01259708715, -4.88089688479, 0.0
-0.499695091742, -4.01259599759, -4.88089613332, -4.39325937243e-10
-0.499695004961, -4.01259709491, -4.88089687662, -1.01072599819e-12
-0.499699987061, -4.01259720246, -4.88089916926, -7.45700366705e-09
-0.499697636402, -4.01259698937, -4.88089650564, -1.70899150758e-09
-0.499695071773, -4.0125971122, -4.88089691401, -5.05365585064e-13
-0.499695196608, -4.01259489575, -4.88089656877, -1.24031468784e-09
-0.499695221186, -4.01259703838, -4.88089640434, -6.33379470439e-11
-0.499694618678, -4.0125933658, -4.88089789413, -3.80911033653e-09
-0.499698465354, -4.01253087735, -4.88089501202, -1.11208787005e-06
-0.499583071177, -4.01259264703, -4.88091508598, -3.25968453054e-06
-0.499695078923, -4.01259708438, -4.88089687915, 0.0
-0.499695077064, -4.01259712299, -4.88089696665, -2.35836434418e-12
-0.499695077865, -4.0125970844, -4.88089687784, 0.0
-0.49969505594, -4.01259706659, -4.88089686285, -1.68453757597e-13
-0.499694172835, -4.01259603963, -4.88089800092, -7.96620581255e-10
-0.499695477616, -4.0125970819, -4.88089715213, -6.19914374762e-11
-0.499694146744, -4.01258554837, -4.8808968644, -3.38659370054e-08
-0.499694784522, -4.01259505337, -4.88089680583, -1.06478507366e-09
-0.499694976498, -4.01259705235, -4.88089687358, -2.18988123207e-12
-0.499695189302, -4.01259710429, -4.88089485034, -1.04358055994e-09
-0.499695077766, -4.01259706457, -4.88089718941, -2.45940089586e-11
-0.499695386145, -4.01259809231, -4.88089687135, -2.82668572523e-10
-0.499694956912, -4.01259254826, -4.88089689428, -5.20697654023e-09
-0.499668181434, -4.01260596201, -4.88089689353, -2.02675658175e-07
-0.499695095523, -4.0126873201, -4.88089854295, -2.05974154574e-06
-0.499910378742, -4.01268981122, -4.88089606673, -1.38838165757e-05
-0.499538119081, -4.01259737909, -4.88113793023, -2.09304727874e-05
-0.497933845957, -4.01224873458, -4.88089571059, -0.000815688774756
-0.499378796755, -4.03167977609, -4.88202360314, -0.0909029970133
-0.485848415873, -3.999723656, -4.91119893819, -0.322485772658
-0.503747132443, -4.01236363724, -4.92992213306, -0.615587130813
-0.476546321741, -4.05232763821, -4.96899168887, -2.48629399877
-0.525289572285, 4.91305837473, -4.99999976694, -331.110149473
-1.47596178236, 3.61576586278, -4.99999999984, -3.71584542264
-0.783717605696, 3.10501819937, -5.0, -234.397845729
-1.47626215626, 3.61576604785, -4.99999999923, -3.70542888957
-1.47625233821, 3.61576670542, -5.0, -3.71043164384
-0.302284668794, 4.90383191496, -4.99999999989, -359.932541785
-1.47622796075, 3.61576665671, -4.99999999975, -3.69982286705
-1.47622800139, 3.6157661332, -4.99999999999, -3.69936727422
-1.47622778122, 3.61576612965, -4.99999999985, -3.69942937979
-1.4763035282, 3.61575228952, -4.99999999996, -3.70815649803
-1.47622857833, 3.61576620683, -4.99999999989, -3.70066948564
-1.47622708252, 3.61576667591, -5.0, -3.70074304139
-1.47614645336, 3.61576706885, -5.0, -3.7172977669
-1.47622738078, 3.61577164843, -5.0, -3.70269748644
-1.47537496144, 3.61577981005, -5.0, -3.70705054279
-1.47549161238, 3.61559335601, -5.0, -3.72856139563
-2.08630577255, -2.64931656337, -4.99999274985, -365.704822726
-0.528290326657, 0.334461934844, -4.8544832743, -869.747530713
0.702807749703, 2.24185550173, -4.99843978991, -1097.97331133
-4.90969626956, -2.58456605924, -4.92759995529, -1235.92630392
-1.89344583059, 3.1369249253, -4.99883694241, -104.672117983
-0.499695054236, -4.01259708293, -4.88089687193, 0.0
-0.499695098165, -4.01258903955, -4.8809036607, -2.80017513685e-08
-0.499693966258, -4.01259685469, -4.88089561058, -7.25020122216e-10
-0.499695850571, -4.0125970065, -4.88089683351, -1.58010548657e-10
-0.499695055377, -4.01259707073, -4.88089688372, 0.0
-0.499695056176, -4.01259723574, -4.88089395804, -2.16178192938e-09
-0.499698387738, -4.01261409295, -4.88113865588, -1.48505937281e-05
-0.499695019541, -4.01259723394, -4.88089624674, -1.0696834059e-10
-0.499695056521, -4.01259706488, -4.88089684437, -3.36906919353e-13
-0.499695079431, -4.01259702827, -4.88089687448, -8.42269342093e-13
-0.499694981114, -4.01259701186, -4.88089685349, -3.36904672389e-12
-0.499695096624, -4.01259697928, -4.88089034435, -1.07978136032e-08
-0.499674873424, -4.0125936527, -4.88093113562, -4.02839783771e-07
-0.497252369706, -4.01169923133, -4.88076669208, -0.00171807350478
-0.499695066724, -4.01259708206, -4.88089688082, 0.0
-0.499694994903, -4.01259709001, -4.88089688402, -1.34763320412e-12
-0.499695775645, -4.01259823891, -4.8808936182, -3.15149978086e-09
-0.499635046428, -4.01257482768, -4.88087393897, -1.16905710542e-06
-0.499695054211, -4.01259708533, -4.88089687593, 0.0
-0.499695053074, -4.01259707772, -4.88089689475, -1.68454734493e-13
-0.499696119842, -4.01259708971, -4.88089652461, -3.12818073332e-10
-0.49969362179, -4.01259730585, -4.87549234356, -0.0074124273894
-0.49969505407, -4.01259708658, -4.88089687745, 0.0
-0.499695046885, -4.01259706348, -4.88089686573, -1.68453669792e-13
-0.499695092475, -4.01259705681, -4.88089687332, -3.36908435791e-13
-0.499696564483, -4.01259692797, -4.88089753964, -6.85292946487e-10
-0.49950486638, -4.01261888989, -4.88097946107, -1.09937179082e-05
-0.499694832599, -4.01259671102, -4.88089587932, -3.01193272297e-10
-0.499695089992, -4.01259712697, -4.88089694269, -1.68454568213e-12
-0.499696375783, -4.01259849663, -4.88089643143, -9.88691424512e-10
-0.499692064465, -4.01260920951, -4.8808968707, -3.94594656397e-08
-0.499695241786, -4.01259713531, -4.88089687351, -8.59120738746e-12
-0.499694931071, -4.01259730722, -4.88089677832, -1.95407764162e-11
-0.499807758558, -4.0126031308, -4.88089843348, -3.21972474665e-06
-0.49969047685, -4.01260023549, -4.88089829447, -8.34274778137e-09
-0.499403225254, -4.01259782595, -4.88089652117, -2.15314238407e-05
-0.499652952726, -4.01259355321, -4.88089427642, -4.53296945351e-07
-0.499662171895, -4.01259761978, -4.88089544705, -2.74160128205e-07
-0.499695068176, -4.01259708776, -4.88089686664, 0.0
-0.499695065811, -4.01259702155, -4.88089687226, -1.01072058124e-12
-0.499695043078, -4.01255605281, -4.88089684826, -4.25713506712e-07
-0.499694951135, -4.01259710203, -4.88088928737, -1.45731124373e-08
-0.499694766343, -4.01259708978, -4.88089685454, -2.27409949727e-11
-0.406456569149, -4.01296550687, -4.88002717031, -2.13097480369
-0.499695016839, -4.01259702747, -4.8808968818, -1.34762719014e-12
-1133.38353478, -987.025816071, 1209.28018147, -1.6807007828e+21
-1563.85712457, 2242.41070901, 613.591540411, -4.79773220279e+22
2068.45534847, -465.14541076, -1526.36920987, -1.15004252503e+23
771.70735385, -2330.71880091, -441.570315281, -4.22747644992e+22
242.177408328, 55.0209597088, 406.719340425, -1.00822475219e+17
-1485.02546761, -761.558155524, -934.72867702, -1.02371516837e+22
-232.5110104, -91.7040943518, 2722.1178281, -8.94333241e+22
-322.766076503, 2626.44309876, 70.7141291627, -1.36611924464e+23
2623.80578399, 977.239412795, -373.050705344, -8.89478291248e+22
1012.16576222, -1666.13122868, 1427.49326796, -2.93495831011e+22
-136.660821625, -652.747678445, 1337.92792176, -1.90690679932e+20
421.92155568, -929.938541293, 1995.82578238, -4.01842972453e+21
931.795566366, -361.184779128, 1738.82741709, -5.9966968718e+21
2113.16457873, 621.510543341, 136.210955469, -2.0663737601e+22
-1691.64895732, -1704.51920529, 462.016960955, -1.75680120908e+22
1030.82486466, -1425.38569378, 2022.56809524, -3.32994436461e+22
2655.94310138, -386.528551012, 1161.52492431, -2.28179644717e+23
331.067201917, 1359.04388266, 1369.84797297, -1.24938159844e+21
-3208.51641884, 840.135633227, -898.331034017, -4.48817928488e+23
1690.83620413, -905.787313036, 95.9323443902, -1.08429412532e+21
-1419.86469575, -820.214191952, 272.298303696, -1.02140094176e+21
36.3873494078, 603.704309337, -1069.26897262, -3.49420856001e+19
-1237.66501395, -345.636166523, 1054.62495586, -1.76145680314e+21
-1827.95899579, 1361.57937992, 1672.68209233, -1.82887372421e+23
1479.37221763, -1462.42032744, 2616.32630695, -2.00765276987e+23
1150.45828181, -1932.60356447, 2657.12025284, -2.68107218107e+23
2032.41187753, -138.921639859, -1325.04833691, -5.18454786124e+22
1254.05487681, -88.3246988441, -1716.05327295, -2.86650522353e+22
850.975614404, -468.312728064, 206.058030059, -8.61025726659e+18
-2268.05608612, -670.833901845, -26.4413532205, -3.18732475519e+22
661.029216775, -27.2738327597, -286.709284507, -1.92375567681e+18
-542.195328957, 828.716610497, 1496.87369595, -5.24163185713e+21
-1394.21815638, -92.1532206502, -193.806872555, -5.71386544756e+20
279.037813341, -979.919212691, -288.545644793, -3.22515274138e+19
-17.4498286338, -1175.81684343, 202.843396427, -3.04345668985e+20
-591.096833148, -1159.14237647, -772.996457371, -2.25855246313e+20
-101.777411186, 2679.62209725, 142.66599984, -1.4706320177e+23
-471.821442646, -492.627479538, 1146.33246332, -1.66366139013e+20
-153.350618522, -1155.9168431, -2064.16085323, -1.70045477494e+22
-1252.48092383, 2519.45594851, 796.340069524, -7.99552715518e+22
1294.14507251, 46.3067989193, -1022.47825861, -2.52481454457e+21
-1296.0081178, 1733.30342853, 1320.67228032, -3.47820468398e+22
1392.14612364, -347.381213149, -1076.57787424, -5.98428504168e+21
240.913200946, -2170.45744088, 2416.43088621, -2.35973011765e+23
283.844389078, -967.932047896, 108.605587079, -6.65440180016e+19
-1058.19463633, -2955.94350717, -398.763129001, -2.78929362964e+23
-728.842061469, 576.943853916, -89.8712380691, -4.95869520238e+18
165.205286043, -159.474541632, 1171.01703714, -5.42670085242e+19
-2336.19215034, 1469.63936808, -1392.34896506, -1.39981963489e+23
154.724808015, 1602.98570645, 2685.25191805, -1.59344021889e+23
957.117686035, -489.722895137, -1076.9095661, -1.9614268503e+21
-1053.43016719, 3106.33138813, 1882.71139387, -4.11559858569e+23
1481.00735414, 1101.55899405, -2912.40909304, -4.48432051886e+23
-46.4689441097, -2663.22949373, 1439.2266833, -4.17340528509e+23
915.869337635, -927.535102543, 2630.66632064, -5.36973675477e+22
-1.17559067266, -66.8082821546, 2031.70498886, -6.63048992269e+21
2162.51169947, -756.902653839, -329.786037107, -7.96124017037e+21
-1216.75468899, 735.269226374, 152.424477044, -1.11505278287e+20
2227.84026387, 2745.29241063, -518.749989238, -4.45453963064e+23
1404.24435778, 541.49498165, 894.854334436, -5.69951676388e+21
-697.030267766, -66.8303645507, 950.712692637, -2.18952709125e+20
26.3524135157, 1050.23403658, -1411.8444526, -1.02961724163e+21
2210.21495645, 3124.02465184, 2431.16528632, -2.54901577165e+24
1286.87665199, -827.358633322, 519.196176149, -5.63182621606e+20
-1371.68414781, 1592.84052769, 834.532478092, -9.07092501038e+21
1646.60720125, -821.120147344, 899.832120498, -6.21662932391e+21
-1104.58098262, -402.731698594, -235.040064906, -2.06831116979e+20
1538.51636932, -528.989075859, 43.594221223, -4.30043969719e+20
2560.55983992, -183.605534455, 1294.4135363, -2.46990238129e+23
1438.04169789, 139.28207085, 2836.89009508, -3.17973676258e+23
825.443096276, 101.011538058, 576.312719207, -7.4800544401e+19
-803.614425151, 1119.3753237, -964.322864658, -1.48989400852e+21
-2814.03397277, 1887.63272733, -2957.59353771, -3.36635560846e+24
-2835.40788479, 1131.85496631, -413.17067522, -8.04423466319e+22
642.241272813, 324.606574575, 304.151347768, -7.56214908318e+18
-513.532847217, -1487.14061648, 1943.45218215, -1.54910047094e+22
-176.032159037, 2664.82153233, 1085.10603751, -7.06338991482e+22
-356.23641221, 1119.74910738, -1092.92262072, -1.12188281699e+21
892.233008452, 867.648904805, -2267.03348742, -3.72738249592e+22
-488.713122609, -566.913209643, -587.180254005, -1.40953092864e+19
1665.39153727, 2272.69516802, 634.640234104, -7.93294224856e+22
646.731624731, 1341.44982131, -2567.65691577, -5.42867008895e+22
-1666.64088062, -2073.35400937, -2321.85086076, -4.46820814309e+23
-1115.61766401, -2457.30216956, 1914.83269348, -3.03749284466e+23
587.656161243, 1342.19071814, 2468.91201165, -6.51724605482e+22
-2137.02568272, 699.075360547, -2594.80323921, -6.70279051227e+23
-282.859889526, 1295.24866337, -1016.72667681, -2.3564415221e+21
1302.70545184, 102.139700191, -223.264883019, -1.74357274691e+20
2071.00819152, -686.789302542, 1074.76626276, -3.66814444902e+22
2341.64410416, 1446.47080801, 1171.47005727, -3.05171775967e+23
2081.9180893, -1332.57110408, -1140.32019068, -7.89370286482e+22
-1795.06323475, 2515.76768434, 203.291253738, -1.53077002444e+23
1038.65781781, -1132.45567538, -1562.76532471, -2.55644208592e+22
3018.03859485, -1954.57427668, -10.9014249902, -1.56221158416e+23
-1619.92856636, 639.583775758, 1505.92272407, -4.99147610462e+22
2597.19649332, 962.324725298, -2132.00379782, -5.12013740154e+23
-3004.72794173, 589.903420311, 2383.14415353, -2.88025769763e+24
1299.78266663, -60.7067882783, 2726.11666257, -1.8293905658e+23
-325.585050566, 1307.79068353, -1874.96368718, -8.40609556971e+21
896.894504747, 752.618568469, 2140.5668349, -2.88339774567e+22
-2040.50355886, -93.774001301, -796.461895333, -2.97321641894e+22
-2216.36745703, -1614.94907295, -807.8428524, -1.64635613715e+23
2552.96338096, 1264.54983323, 2014.53016917, -1.26452622316e+24
-1081.53391991, 1000.11011776, 2125.82639959, -1.27698116637e+23
-226.982639167, -1041.0545992, 41.9044199018, -8.68406425409e+19
-407.474794817, -982.684882514, -833.653997149, -6.64103355648e+19
-1405.01216879, 1699.09745602, 2456.25820483, -6.75329451508e+23
1757.36542695, 2227.05418405, -3179.87468503, -9.96006735805e+23
-2375.64180284, -591.524889945, 47.6671652304, -3.8182699414e+22
2964.93545745, 289.272204464, -62.6488374013, -1.57397524167e+23
-940.911475084, -1087.34341598, 521.738013661, -3.75370272631e+20
-1648.48294631, 714.678858352, 378.713109236, -1.433872152e+21
-1102.63454857, 1232.80640665, 394.193456419, -7.09535249639e+20
118.30661623, 2857.97523446, -1667.53585195, -7.9150391684e+23
2688.12338537, -821.637307615, -1356.81307371, -2.98459750673e+23
127.361611405, -21.0415593312, 72.6361143711, -1.07279879709e+13
643.099133092, -964.482579786, 1869.63922731, -4.48132186607e+21
-137.47034158, -274.188528009, 700.465056716, -1.49424701818e+18
98.8568869426, 387.500645963, -2057.84537439, -6.03070831087e+21
1735.03775664, 840.585814472, -2382.37995423, -2.2603421618e+23
-528.036712104, -2483.26682361, 77.3337768305, -8.98347014829e+22
1232.95734506, -115.950144738, 381.21535359, -3.07522943478e+20
2018.44497848, -2334.12733476, 278.157731732, -1.48636545567e+23
-942.665426289, -351.758380311, -618.868674022, -2.48208494753e+20
1400.94067023, 504.342131617, 276.438188989, -1.30028844194e+21
-217.989132322, 24.3427046778, -1032.23243491, -2.31638937454e+19
-2522.9689549, -1436.28939504, -2218.76486296, -1.6496298226e+24
-1035.04965232, 1192.19421243, 2929.08303068, -8.75271496822e+23
-2857.86442839, 512.352474662, -1057.30477213, -2.94976127317e+23
352.008308812, 827.085402646, -839.906719748, -7.72670750359e+19
1062.95405091, -2274.30158575, 646.375894455, -1.02074322281e+23
14.7099018755, -188.981880087, -602.390073566, -7.19883562405e+17
-2088.55082058, 940.475183025, 159.550269466, -5.10684501491e+21
-682.781401542, -509.020910236, 1107.04065467, -2.76507316676e+20
2835.30409108, -1037.56650868, -1867.55756084, -1.14557916181e+24
-1730.36373404, 2286.9521054, 902.743089138, -7.42155430129e+22
2503.4282403, -3041.43263929, 815.203573317, -1.5572696176e+24
2547.34135422, 1071.31465558, -1513.20918545, -1.38109818883e+23
78.8996086176, 1806.61530078, 2761.06061171, -2.34268652191e+23
2414.75082809, 1334.22967878, -111.986820351, -8.5819629611e+22
8.44877674085, 582.967193936, 1204.09787876, -2.49332724311e+20
-1329.89772612, 669.385685872, 1858.81757967, -7.70519500092e+22
762.819575329, -654.771868606, 182.19000135, -1.30304752724e+19
-2491.56083708, 815.079338321, -1588.31199517, -2.68387997433e+23
3035.59008478, 1887.13075305, -2387.39748857, -1.23937364507e+24
996.515632597, 612.446916855, -461.71682695, -6.09663080208e+19
-699.333070777, 162.315877078, 2196.28073188, -4.59011042242e+22
-236.338475036, 164.651808365, 331.699101678, -9.39396341499e+16
268.805204082, -491.370004354, -472.007303433, -1.94426291334e+18
-38.5941358637, 2237.35167454, 741.663925184, -1.97322002894e+22
-342.70252208, 374.356904515, 763.312034244, -2.97913084791e+19
-1682.16622222, 961.402119303, 2258.25020602, -4.38794027501e+23
1897.39639717, 971.881776811, -2066.0136539, -1.30393583089e+23
-2354.47394438, -493.954641703, 138.67580629, -2.96264079736e+22
-1179.90211414, 1099.19723649, -2894.3405036, -1.59235102306e+23
1217.98802394, 1728.03701684, -402.57410525, -9.10556810852e+21
1294.664948, 8.64339420809, 392.672976539, -5.20541820579e+20
-114.460870231, -1023.86169401, -845.830550328, -4.64432893047e+19
1237.2970599, 777.236408894, -2328.60914241, -8.76583278443e+22
1680.69490915, -1175.9080562, 134.226887319, -2.05360597066e+21
791.643527696, -168.226937272, 530.162097975, -3.47512270371e+19
1086.23064039, 234.319908019, 1901.02876569, -1.97586342433e+22
1759.93506465, 26.6248343777, -1805.63501837, -9.40847623333e+22
309.699384595, 1751.52877428, -1161.15578203, -1.73032045584e+22
296.618827322, -2142.69905485, -436.922269475, -1.8575776185e+22
547.739552733, 2028.15029528, -763.561924331, -3.33604335294e+22
-1066.93075945, -1166.87054102, -92.2214141161, -7.33312113023e+20
179.700345219, 938.464529983, 54.4358398192, -3.1960168571e+19
-1775.62296804, -206.610379877, 823.447207007, -5.0287835037e+21
-687.601938949, -439.14669562, -839.763081435, -1.47957643753e+20
-23.7017385155, -808.687029471, 1145.52434312, -1.4623740978e+20
-709.393565569, 1352.43150955, 1070.91950823, -2.50333350736e+21
-487.185732873, -1848.01688865, -1138.00367438, -3.36501443022e+21
413.621868858, 533.833996816, 1330.85405369, -4.46786478091e+20
-72.5735290429, -3197.41170838, -1501.5693468, -2.65201850454e+23
2537.43343075, -1620.78508007, 1163.7233309, -1.59276339294e+23
-228.275462688, -2451.82557498, 40.1455692545, -7.95791358044e+22
-68.933788479, -1968.73701891, 842.622882047, -3.01391137413e+22
2145.2835921, 2686.10921731, -2953.79283844, -1.56680758386e+24
-1167.6845572, 387.513355546, -912.22433953, -1.11511727199e+21
1552.95984, -2281.30545155, 1057.99181007, -1.88320152506e+23
1702.95404702, 2182.59025416, 1234.54724104, -1.20734990742e+23
253.447224454, -489.616255211, -502.548400039, -2.37951593371e+18
-1084.10920755, -2258.23363306, -252.783897458, -3.74717857102e+22
64.9389598688, 2133.74015446, -269.518910576, -3.31092862553e+22
-66.3629645568, 1561.07415243, -2701.75568906, -6.15059169122e+22
-887.38526211, 212.439232773, -81.6365733326, -7.20578022851e+18
-523.400376523, 1108.38155222, -3127.20587965, -1.07283862411e+23
1481.970715, 881.042257431, -1402.59662879, -8.56044213889e+21
417.088971369, -1672.2533704, 991.560755287, -1.29045923849e+22
289.016417859, 1977.86052921, 1981.74449618, -2.46596290983e+22
2815.3083481, 561.95759537, -1745.57886269, -4.20845501215e+23
-205.705294237, -403.693846645, -308.774830715, -6.48422514292e+16
2507.00348596, 913.684714376, -982.018963229, -6.08254430736e+22
-8.50455049457, 2084.77293902, 36.0344574238, -2.10097403462e+22
1726.14677627, 642.440815756, 875.869579573, -1.89451449171e+22
-5.84177446941, 180.058813081, 936.591890011, -2.12593302994e+19
-1116.73656579, -107.051228196, 455.747175598, -9.4902849769e+19
411.141888881, 2942.60922954, -845.648892747, -5.68746726622e+23
-1229.12291373, 3299.98855325, 725.106713129, -6.77226340018e+23
1803.41616229, -1202.16326301, -1229.41051829, -5.12409860625e+22
265.315290235, 1545.18927405, -588.197159524, -3.87765542393e+21
-937.011391485, 46.5237659827, -1732.29223702, -6.89697426244e+21
467.470249359, 128.298186528, -1020.34498939, -1.21344979523e+20
-505.696007401, -796.449134798, -2577.0540916, -5.96823303249e+22
1661.84472824, 432.233075563, -2250.79847014, -1.85923116924e+23
1808.38841901, 1720.60505303, 1766.58104568, -2.23800483232e+23
-367.479468608, 2198.92331551, 236.73228513, -2.86149537948e+22
-1764.71683473, 1780.6569386, 550.618237595, -1.78996178234e+22
681.700134593, 2376.2390146, 122.980443752, -5.49285265871e+22
-978.011626663, 1583.98013312, -1125.02579701, -1.53767489914e+22
1578.00411878, -1225.86740704, 810.194843244, -6.52620290407e+21
-527.870618038, -1766.4258848, -1244.94033721, -2.88411271016e+21
1157.41991267, 254.575639007, -818.763628069, -5.3399643372e+20
-221.985491064, -924.158036881, -2165.92329365, -1.89723830864e+22
795.417812788, -2018.57595574, 1562.46192564, -9.15084350351e+22
985.768422825, 1775.81205564, -1979.79479961, -4.54051946373e+22
-927.312511554, -399.409358543, 43.9612063781, -3.00679085983e+19
1379.8520374, -164.425472565, 852.973245425, -2.62714480213e+21
-2275.93091391, 102.37962761, -1303.69644362, -1.30159383909e+23
1814.90874637, -3119.7914993, 1393.72576334, -1.98243486129e+24
-1602.93456393, 2636.53373793, 3180.15603299, -5.100588936e+24
1200.05409565, 291.933716317, -510.26815531, -1.77329382939e+20
-1901.45998915, -2049.99462423, 545.861452505, -6.17617073052e+22
2221.99130759, 2865.77769542, -1510.45900155, -8.08510265674e+23
-1068.57336671, 727.404210176, -825.057605065, -5.60673800638e+20
499.21542942, 1031.73747652, 1505.8688977, -1.86910950241e+21
1324.18570476, -1789.56350142, 1234.32296059, -4.54264625091e+22
495.652125624, -1675.49150219, 1461.96993532, -2.24350078358e+22
2274.90249924, -293.989013132, 93.397566696, -1.38434678131e+22
-118.348760761, -2080.75442119, 3022.63576267, -3.04225276033e+23
6.63068422193, 351.434252929, -235.300042873, -5.02470085927e+16
246.017428396, -334.483516074, -56.0692999216, -1.28194350635e+16
891.327043981, 2749.7749399, 839.399587342, -1.16082770647e+23
-2703.16072878, 1350.16791836, -560.540952912, -7.29976915566e+22
-1527.34298595, -555.562529765, 176.436299108, -1.20264622484e+21
-1715.72867589, -956.45516433, 2387.45982786, -2.08305032133e+23
2063.77747309, 1059.43156875, -2731.96107673, -7.17855376228e+23
-2564.19801616, 2432.65731503, -775.208218685, -4.29315236137e+23
-1203.90399237, 354.922153083, 1190.58090789, -5.40951006411e+21
-235.023770587, -1782.91062396, 1639.79060456, -3.10322669389e+22
1070.84717209, 220.163034503, 1488.93128489, -6.30540148399e+21
1283.06012881, -65.7976819837, -1108.18206336, -3.79357200665e+21
-2313.42270474, -399.14414848, 1688.27938117, -1.59900218188e+23
64.0758145972, 3111.66083123, -946.131335579, -9.48805129388e+23
417.641303721, 1338.72579699, 2474.32670468, -6.45609028345e+22
-963.67487366, 528.584804007, 1245.62483921, -4.1350975811e+21
-769.676450726, 320.620525981, -925.829610714, -1.75763718196e+20
-1332.47336518, -199.365887731, -108.646951071, -3.93879810879e+20
101.069894584, -1292.74126932, -518.520365239, -2.16872571319e+20
-1431.06735581, -231.370695664, 2019.50434649, -7.78524744138e+22
-772.410163496, -1419.23769233, 915.757157026, -3.03482260883e+21
2362.14379656, -1203.25909612, 1430.22741086, -1.43725154093e+23
1186.17893361, 2162.36843166, 2098.15233905, -1.13307224231e+23
104.935322895, 439.405251798, -307.426727965, -2.89171101096e+17
-1698.08959373, -208.862129052, 91.6644392028, -1.79316597356e+21
-251.675283828, -23.1809707246, -2688.562884, -5.21915481856e+22
-616.065568242, 887.712682951, 1174.80267112, -1.72337119326e+21
-1778.51583458, 2834.04444156, -1181.69421311, -9.29727779623e+23
-1136.51779447, -274.051353004, 332.701332456, -7.94999567826e+19
-1940.84299391, -1858.38752871, 902.565330714, -4.30458965552e+22
2174.50069148, 506.397958917, -578.257993067, -1.38888724648e+22
-2416.13292396, -2969.43630145, 812.373829436, -8.81321102917e+23
2508.03154009, -2418.01891884, -1283.90229824, -5.08182155091e+23
-1216.75137687, -847.717231687, -823.247747844, -3.03964754608e+21
132.464801646, -4.5738861649, 363.537653131, -1.07073056687e+16
1855.58662612, 816.471083214, -158.910877231, -7.27389172359e+21
-452.618942939, -1063.13126921, -1988.87040044, -1.08984243753e+22
-1338.75826705, -349.072268703, 1342.03210814, -7.06273076316e+21
-840.849236358, -1430.04250969, 2084.65481506, -2.24838618408e+22
-793.439399497, -406.886110166, -560.916742029, -8.69368587885e+19
-1406.13852567, 755.707385859, 496.425184605, -9.70413854929e+20
1542.58715762, 481.757137021, 256.14490483, -2.32165845332e+21
-1500.7604832, -1216.58941802, -660.404909414, -1.01992296573e+22
-345.623351076, 122.338158046, -451.320627774, -4.17164850207e+17
1160.35276392, -1645.99498629, -92.6805853327, -5.17372526806e+21
-497.974320001, -194.492687204, -544.923138647, -6.33816976014e+18
1671.68695544, 915.447247323, -13.9615580957, -4.83235900621e+21
717.354880111, -1566.26015566, -1829.505769, -4.36194455301e+22
-2165.97269786, 2739.92687221, 917.910399554, -3.14556260937e+23
-840.306126317, 858.235070494, -542.061764584, -1.76428727084e+20
388.599023535, -1484.56078792, 1691.67926806, -1.32489723322e+22
-692.142327382, 1426.08288062, 693.805765377, -8.98981412116e+20
1240.6207366, 420.214302123, -2977.30101307, -5.32360178992e+23
-285.737591079, 1807.89323095, 825.486232926, -3.16759816325e+21
325.376253011, 108.507472669, 995.200294716, -3.18701549981e+19
-2157.36566066, 1236.09996348, -963.538529278, -3.7292651005e+22
-1070.72878249, 284.937611093, 172.424947643, -2.76020703411e+19
2152.76364635, 2183.88579793, 557.852314509, -1.93899813193e+23
2625.25808983, 1420.3912647, -37.4314078567, -1.73880621733e+23
2875.85400265, -679.872951376, -1508.09940083, -5.18877361641e+23
935.845496657, -1489.79655463, -253.621100905, -1.72119549889e+21
-2021.50958694, 2708.95540121, -2145.51694564, -1.57973386095e+24
630.122389481, -701.130852819, 543.76501004, -3.89065980335e+19
-1719.74317382, -223.101986239, -403.43460125, -4.85878516572e+21
-932.001429681, -994.415628477, -1001.24082365, -1.62707917917e+21
-1011.46981668, 756.725348049, 1755.84214768, -3.31379019371e+22
585.39981082, -701.796663449, 307.697772382, -1.74193292907e+19
168.934112551, 1772.45401301, 134.511069787, -5.00781212673e+21
989.201885261, -95.9999648948, -2639.68643822, -2.29113216767e+23
-1902.64798444, 1912.79968281, 906.91722215, -5.28577072377e+22
258.638754965, -528.489965739, 25.1122510789, -5.36224917189e+17
-516.902790585, -635.98230732, 550.84139324, -8.74194256027e+18
-2145.88125133, -1853.07166962, -1400.00145709, -3.33259656216e+23
-66.2233657432, 2471.13054671, 958.436625863, -3.93793511304e+22
-566.263749375, -1938.0973365, -1510.16877174, -7.37139901182e+21
25.7331235891, 1899.24102259, 496.015216503, -6.08718484406e+21
-1646.57276373, 122.315093121, 1243.72211118, -1.65043405494e+22
-2879.73837086, -2015.88685237, 438.89696576, -4.37694678398e+23
821.3075902, -1.66810880619, -320.029700038, -8.28400986107e+18
-2755.03131295, -1546.9821453, 2231.24471008, -6.46120168059e+23
-556.739572853, 1408.09123985, -1079.31467691, -5.18206745427e+21
-1703.96083917, -174.974246002, 1661.37073402, -5.15394264677e+22
1212.25716453, -1122.87506698, -2266.0105292, -2.39484969173e+23
1537.75890292, 2894.01420523, 632.364959857, -2.67112800375e+23
-1061.00619777, -198.580483347, 2248.65459222, -7.72007763207e+22
1793.01673357, -3039.50747734, -771.210372086, -4.40080905646e+23
1395.71920261, 808.762427587, 1077.53744476, -1.04770244548e+22
-602.093958038, 359.891308674, -1011.52500635, -1.01947014335e+20
-1370.75249239, 390.849351159, 1758.15975419, -5.17036390652e+22
954.783816887, 1960.97279078, 0.964126596359, -1.42792371311e+22
636.131778534, 2817.98421493, -3173.92834769, -1.72106024966e+24
-1221.46227448, 249.954823556, -1518.47072795, -8.95702499687e+21
694.978779679, 1528.80653477, -974.025628237, -5.39703926772e+21
-2188.41312566, 714.367376804, 1331.7260526, -1.03823664153e+23
-1192.78583073, -9.79610090166, 1006.82194736, -1.76362855358e+21
91.9794489512, 133.15566479, -12.9310557396, -9.75190169351e+12
761.371857948, 325.08566439, -177.930063366, -4.55055758639e+18
-189.333558273, -1868.80821108, -742.692515775, -4.0424433318e+21
1349.97941163, 1106.32557454, 875.154683027, -7.55747196111e+21
649.083061708, 2040.71089465, 782.730201625, -9.48333985383e+21
-1381.72476429, -1276.02783033, 388.838002497, -2.41463180667e+21
2353.34411972, -1645.75484382, -1339.477649, -2.55957621604e+23
1878.4476057, -2021.0367869, 1419.30031702, -1.70884976262e+23
-1643.25980665, -1092.88465186, 1428.50338829, -1.31072060673e+22
-1987.00360692, -1340.95800756, -2188.58332386, -5.22743228217e+23
109.381265271, 941.631718613, 2903.9947936, -1.96754098026e+23
916.31196552, -2865.65001967, -528.34217081, -2.21313799203e+23
1477.48744317, -1094.35490957, -420.269597975, -1.5735439605e+21
-1599.44859551, 507.460836263, 13.2724719828, -5.61111565215e+20
-2177.69956834, 1573.35637193, 1712.56837538, -4.05474245221e+23
-444.500142593, 2281.9266928, -204.913564901, -5.83185856867e+22
-1547.06462997, -1056.24678187, 3112.48152955, -7.78088456755e+23
989.556633342, 1421.46380434, -1304.23981431, -5.43536833821e+21
1725.47168802, 695.370780965, 599.214510604, -1.18044245456e+22
-742.272567648, 52.9965783119, -1303.47056746, -8.21808691464e+20
-677.948563864, 705.263479771, -288.543167462, -2.23585797253e+19
-919.501473867, -49.1148184339, 520.047914099, -4.74107990026e+19
569.561811163, -1411.22217428, 1130.18277132, -5.51188588096e+21
1581.77357642, 2036.11388103, 1552.52795988, -1.1463232918e+23
1590.53031564, -2207.2792679, -767.768078752, -4.59990680059e+22
-97.9187712085, -1039.05605105, 45.328571068, -8.67728839051e+19
2172.61381322, 1841.10954271, 1045.15815148, -2.30751928968e+23
-542.222042573, -553.399858792, -2053.92554464, -1.01213222133e+22
-662.514155531, 2406.52455651, -2110.37338878, -4.09349033005e+23
-72.0329363902, -2233.10019797, 974.269257086, -8.39788082227e+22
-834.596080078, -1631.03533534, -133.912288301, -3.00605474334e+21
949.454152316, -1166.7396286, 862.094625352, -1.83262281624e+21
-1274.41711021, -1919.35173426, 1893.67085509, -6.79268787085e+22
265.789748469, -3276.40017145, 100.057107963, -8.74350918905e+23
-997.588281902, 38.298740563, -2077.79232965, -2.11390173588e+22
-1625.89730633, -399.688274718, 1581.21670048, -2.95071331638e+22
-1929.84624562, -1775.95544178, -1319.59527538, -1.67770072325e+23
3107.11337825, -2399.8785048, -1364.79720514, -1.36828667519e+24
1576.28749037, 2566.81889351, -1571.65136851, -3.37945784036e+23
-1250.91023268, -705.10684579, 1503.76528389, -7.37490596682e+21
147.934800602, 822.954749305, -1652.26069221, -9.72602404263e+20
1582.4694305, 1170.06136372, 1071.74473811, -2.62066878682e+22
2575.76071835, -1417.70366546, -941.918100436, -1.38212830097e+23
-307.620345883, 1647.57769707, 594.731913287, -1.74909567058e+21
-971.24797907, -2086.03454993, 728.710001937, -4.01429954389e+22
2416.84464014, 158.926735669, 812.794683339, -9.60877698451e+22
-2334.70876722, 1098.33057119, -1822.76142989, -2.68129267589e+23
2472.65961411, 2253.13728815, 665.939506607, -4.63816410302e+23
1208.62712722, -338.186185868, 470.672606804, -2.90771098587e+20
-199.469884427, 1397.87393014, -919.375299488, -3.27850829865e+21
-870.156950018, 1023.48204139, -201.450131826, -2.38899789893e+20
-970.315174287, -2255.70331813, -417.989813172, -3.16461613763e+22
106.575542038, -314.373197256, -1201.32672836, -2.09578683413e+20
1351.19184453, 1155.15586091, 1287.07000886, -1.8398653916e+22
-1458.38487266, 916.546975957, -979.494157638, -4.33080979632e+21
-2855.81704334, -604.438969905, -1492.57191145, -9.03176490616e+23
-2838.26387453, -964.719751471, 309.44794432, -1.63252049593e+23
-1595.91187952, 2677.67961642, 862.260779626, -1.57127040692e+23
-1121.7325217, -1175.72411035, -2302.60216606, -8.52184406132e+22
1057.11334212, -249.100007754, 470.723629324, -1.33729521159e+20
-130.575748294, -733.130728091, 1795.45303855, -1.74354771581e+21
1425.15783794, 1510.52233149, 1309.44233455, -3.22523305934e+22
1476.41042059, 2370.69298265, -1779.69026383, -2.26249857754e+23
758.399399316, -1497.0490129, 2426.15917801, -5.10943957821e+22
-1863.33152876, 1016.05955365, 2791.6404757, -1.69789260527e+24
676.873952325, 2434.29994705, 511.724135865, -4.99059551486e+22
450.266222308, -4.74871422444, -833.663654184, -4.06239597485e+19
-830.152692496, 2093.74225868, 406.673850952, -1.91762629817e+22
-1456.98933988, 981.075489026, 1972.60158743, -1.59152326581e+23
216.458979567, 695.131581437, -793.024255168, -2.43621838221e+19
1620.58004516, 968.700224714, -172.3872241, -3.54651173313e+21
74.9723994929, -966.201167454, -2923.58870074, -2.41995703365e+23
1587.02983315, 1265.71954012, -1047.58285356, -5.62844242213e+21
-537.904605319, 1039.21566045, 446.123072414, -7.13147657518e+19
