-2.02910171132, 4.90008196865, -4.38532664367, -248.522767169
-1.36470054863, -0.250531113976, -4.97591329773, -795.220753063
-2.09226118738, -1.88419053205, -4.97525522599, -499.210313723
-1.83310860961, 4.99900000134, -4.78428646254, -202.874192416
-1.49163365858, 4.99924479624, -4.9865390783, -190.618725511
-1.74004686094, 4.99599776144, -4.98003590996, -180.32255711
-2.64278605241, 4.75550754078, -4.99889409825, -235.969378802
-2.18921631351, 4.4367617259, -4.97979052922, -151.247118527
-2.01729994305, 3.75517453479, -4.99838459015, -106.583255118
-1.11771472096, 2.82045809466, -4.8813569751, -265.658034653
-3.00519640793, -0.504215115943, -4.81522399991, -712.033310843
-2.05143649457, -1.8133177032, -4.89840970178, -533.146360305
-2.08995120959, -3.94218015792, -3.58721679384, -308.875756421
1.50634948982, 1.40430289498, -4.95635671394, -1526.65562321
1.33141431204, -4.94840543867, -4.9808285244, -154.583001468
-4.88147028229, -0.0507629247088, -4.99700308664, -792.106626474
0.590112854468, -4.67135506755, -4.95604238708, -133.102342731
-0.610696824586, -4.96540590089, 2.64533014752, -1400.13301594
-0.249847479444, -3.94122896093, -4.99855463617, -22.5845205315
1.57918310876, -4.4546729326, -4.06031685454, -241.846463038
-0.971465551642, 1.75696889808, -3.87134840259, -804.593090352
-0.947631893411, -3.89006814439, -4.93650914026, -60.1660438218
-1.25124504356, -3.91448670783, -4.99996881472, -106.156442579
1.17971346454, -4.19032795765, -4.90471656817, -186.315971819
-0.526841258267, -4.11222897551, -4.98046606233, -5.5109391872
-0.0956443336028, -4.96293229506, -3.91248290878, -138.955066344
0.717842400551, -4.94360932626, -3.81635229791, -171.035449042
-1.34559363293, -4.90046041018, -3.52906959756, -212.820626605
-3.23046248063, 4.99807732954, -4.93129726663, -291.312636621
-1.72399330592, 4.90085134231, -2.25588582518, -909.304346646
-1.05930760166, 4.93943043692, -4.99999873162, -218.760841169
-0.626069471386, 4.94577460453, -4.99997135248, -329.724248337
-2.32247225637, 4.97639757406, -4.78504266083, -194.262226308
-1.97388080347, 4.99859235048, -4.85038526819, -147.565141741
-1.47859461018, 3.59878417473, -4.99890506953, -10.6736050632
-1.85237910262, 3.76760916856, -4.94495385497, -79.8497371321
-2.15988471446, 4.97476138506, -4.9999936686, -253.280046976
-1.95247036828, 4.24875491156, -4.86674362916, -128.27442421
-2.22470615365, 4.96768275657, -4.99417060999, -156.490439023
0.377562434615, 4.64054677361, -4.9901928783, -488.712751065
-1.28811397647, 3.50392370067, -4.99506032719, -84.1711228671
-0.694910310478, 3.46937964527, -4.98389699636, -225.243078552
-4.41059338303, 3.53059227253, -4.99983143404, -388.652727259
-2.18435933503, 4.88420207967, -4.85853996412, -149.708738235
-2.03110554057, 4.34474781226, -4.90751517343, -142.36031642
-0.825557723355, 4.04002202064, -4.99994721661, -135.958226931
-1.58773293157, 4.25071965269, -4.94882588496, -62.6214384791
-0.409399201873, 3.88711506923, -4.95532566806, -307.291688546
-3.70097946186, 4.99922164153, -4.49192724722, -465.550895192
-1.42637944094, 4.02704183647, -3.49168164917, -403.743232185
-1.33739994833, 3.83300026535, -4.94686066642, -92.368017126
-1.16313928646, 3.31198682299, -4.98102875114, -99.6593685147
-1.18154495603, 3.46707710704, -4.99925799403, -68.0371571771
-1.50481555239, -4.97589559803, -4.97962888575, -148.377489014
-1.26021006015, 3.82078174892, -4.98674483314, -66.2261185794
-0.564909271317, 3.43356398094, -4.84873716822, -250.62611789
-0.9137184058, 3.2263718354, -4.99996804619, -205.126116754
-1.56331484476, 3.05394308109, -4.94666121844, -186.848675448
-1.58670430662, 1.74673690944, -4.99999720485, -420.296554139
-2.31330302494, 4.51347648829, -4.82181860463, -203.391236999
-4.21662312764, 4.61011042382, -4.76119917886, -428.329483414
-1.70585328813, 2.81938823857, -4.87811752243, -203.099693501
-2.23182119397, 3.91870801501, -4.78576158856, -137.734044946
-3.22795382364, 4.87901709834, -4.79886986649, -313.801524358
-1.98464511396, 2.64237683649, -4.88841296943, -147.842650913
-0.971385528968, 4.59641337178, -4.99999931355, -202.913285939
-2.04264987133, 4.00559608817, -4.99989778301, -144.737629944
-2.17171638324, 4.00914182055, -4.99830124859, -144.548380915
-2.10597450803, 4.85952265358, -4.99716717491, -216.654427888
-2.00275820725, 3.96544458548, -4.99997163713, -65.3398979545
-1.15677609365, -4.98687771817, -4.46571846297, -141.67275821
-1.31858369098, -4.99122444721, -4.00957846754, -168.475538168
-1.30524995335, -4.99999994226, -4.41531578963, -126.954670134
-2.43123563511, -4.52989483951, -4.98607331537, -238.677542856
-2.27092201762, 4.18463841114, -4.02271596257, -241.740182239
-3.47987897889, 4.99999947387, -4.9799488287, -269.314551424
-0.607694840162, 3.01644428151, -4.28144709889, -434.709792595
-2.13067240005, 3.57961218087, -4.47716856996, -129.984399843
-1.39275649839, 4.4807290737, -4.48011688774, -168.913847396
-4.55442767158, 2.78560655344, -3.74374438125, -595.610022228
-0.775312157525, 4.9773716578, -4.54303132219, -325.614648419
-3.57759769788, 3.35401012235, -4.59183234251, -253.616611838
-1.02508016128, 4.38946449129, -4.5507629319, -217.760476475
-4.83251253056, 3.14525233387, -4.40758573062, -443.295350263
-2.40968520683, 4.75302333381, -4.7824461653, -240.515822291
-4.99958055399, 2.19877437378, -3.31448496192, -716.549523851
-2.92074857497, 1.72126400444, -1.0894961815, -707.649196665
-4.96441574037, 2.75927122575, -0.142359623351, -969.98424646
1.7304199546, 4.85622371434, -4.93999065544, -754.43764278
1.95310882913, 0.725044759902, -4.94549296028, -1244.44357191
1.08975976125, 2.80083887033, -4.92815293427, -1209.15785588
0.587639314059, 0.207768136078, -4.93012487621, -1338.93586422
-3.67100445572, -4.99936406739, -3.11420029301, -848.12679714
0.938728356433, -3.04448025999, -4.99943009234, -324.035834844
-1.37396380245, -4.98406893528, 0.931959374608, -3417.55669616
-2.54884037646, 2.73220859876, -1.7213671695, -786.911711925
-0.178263601239, -4.96109235062, -4.98595650918, -95.4588041283
-0.696066807344, -3.86136848139, -4.98762313247, -21.6220265417
-2.72666097297, -1.19787122807, -4.06982575288, -767.68392553
-1.25474624198, -3.05009940478, -4.54744230704, -241.224472319
-0.3136608349, -2.85497569413, -4.90581705507, -272.368069782
0.248117323626, -4.87181740691, -4.94518356744, -99.9578636398
-0.719135059556, -3.65755914769, -4.9151538908, -56.6561874451
-0.431577864486, -2.28750243373, -4.93901669061, -358.876693791
-1.53021083743, -3.66265417148, -4.98596409554, -181.020227132
1.09401738652, -2.9405174968, -4.94441468614, -407.692116548
1.13258225675, 3.06960875322, -4.99999991425, -1182.15560514
-1.26214956939, 2.64245145058, -4.99979240346, -249.073449584
-0.888578025049, 2.37947012276, -4.99999989938, -440.769111928
0.00625717987975, -1.7966477768, -4.95822661521, -552.219226803
-3.76673579869, -3.05037716204, -4.99109581453, -708.709415705
0.193649901897, -4.99999000001, 2.39270306248, -1173.66073293
-4.42412169889, 2.91588941094, -4.99985247977, -436.061242591
-1.09290088761, -4.94054976114, -1.59858363492, -1225.7419767
-0.0964339694807, -4.98479447045, -4.99972579153, -92.9742243496
2.71255540315, 1.72556805104, -4.92957598065, -1916.61970713
1.27104034071, 4.96908471617, -4.37230673519, -580.334498886
-0.719721735717, -3.12062162037, -4.83783814318, -178.086984376
-0.334744357427, -4.4390877074, -4.94299407484, -46.8064290589
-0.631636935887, -4.66191950118, -4.90506831489, -67.8237922648
0.0512575344684, -4.98300944636, -4.82810328248, -102.245308279
-0.516955837074, -3.48776909945, -4.87179273633, -85.6159910133
0.00967572293767, -3.94163188812, -4.78636264662, -59.7134102279
-1.24975243235, -4.16949510865, -4.86430233117, -103.855135043
-0.536269057632, -4.68605129262, -4.97454797266, -71.6430406828
-0.518667106538, -3.86149966283, -4.83343331264, -7.80701098679
-0.597392042139, -4.20745402726, -4.99946932762, -22.8105098131
-0.103656493512, -3.95314562732, -4.81184232371, -48.2407892088
-0.631724844456, -4.99936813279, -2.29825940172, -528.431660802
-1.96576233221, -3.59546402606, -4.99793341909, -232.349400761
-0.62865315329, -4.21295355978, -4.85590873031, -20.2333974832
-0.89961082292, -4.99266229211, -4.99315485283, -110.747145071
2.85361254837, -4.83934445917, -4.48621291398, -401.637821599
0.117922992949, -4.29657316047, -4.25232862454, -122.791460868
2.48742781983, -4.98629134146, -3.21000804752, -466.721028495
0.446997709035, -4.27503440584, -4.99415657308, -117.09790501
-0.745898769477, 4.90530708084, -4.20891703694, -317.165961614
-1.44858705468, 4.98961282605, -4.42382680237, -270.826134127
-4.92702611893, -2.03643047316, -2.35265371412, -1526.12730624
1.22966771962, 4.96267293129, -4.85151242777, -549.16506989
-1.99823051667, 2.8356956541, -4.99993514263, -183.197525392
-0.0793523228343, 2.26634866094, -4.98241272223, -1001.09809307
-1.95076631312, 3.26530750667, -4.98054815385, -91.4661922147
-1.54796142541, 2.53846056245, -4.6954396186, -197.123183483
-1.39661324102, 4.98747186337, -4.85080709866, -234.266261848
-1.64465761688, 3.04639874302, -4.72137936743, -184.857175033
-1.53946030161, 2.781566894, -4.86879773733, -178.508686357
-0.598840910147, -1.94792535888, -4.99752640066, -490.280728151
-1.87486444626, 2.37086048382, -4.99997129413, -277.771905899
-0.876665585092, 1.11374783176, 4.99900193295, -1111.23652923
-1.49837187469, 4.21925553618, -4.99976265504, -155.894786301
-3.23310756081, 4.99977395711, -4.88109215105, -364.966953778
-1.66090662508, 2.6693085314, -4.99831656276, -181.496760174
-1.37689831159, 2.71648738303, -4.94863183361, -249.434758655
-1.02550993287, 3.11126042718, -4.94687133405, -132.259976743
-1.4400302157, 3.10309896674, -4.99999065195, -115.107648858
-1.45469840365, 3.45840722281, -4.99999999973, -39.626919955
-3.22535314153, 3.62545284673, -4.91132414046, -235.553121933
-1.19705530221, 3.38028839041, -4.67876836842, -105.922602507
-1.67666143821, 2.03817529062, -0.188806586225, -776.230996297
-1.24921943566, 3.72434385151, -4.99932479437, -31.9523904423
-1.54619004711, 3.72495136528, -4.9998264048, -32.5594158278
-1.2022518722, 3.70856209841, -4.99716163072, -97.7935484172
-1.07166376053, 4.15756120441, -4.99714828573, -137.853785273
-1.26380087847, 3.66687112646, -5.0, -33.5612201727
-0.122585120099, -4.99920809015, -4.72371832513, -108.924744351
-0.239382722794, -2.85417317185, -4.99222745079, -263.228840611
-1.70970754136, 3.1105009206, -4.99998997704, -116.614394443
-0.181782876571, 4.02729442209, -4.99633599173, -383.413540484
-0.101345561243, -4.44450194133, -4.99990059575, -69.4104735331
-0.345473078281, -4.52929421973, -4.99985908816, -51.6307674433
-0.426657617373, -4.37478155726, -4.99989954275, -42.5841857388
-1.50213825044, -4.67453142834, -4.99999997268, -126.767612048
-1.70170437386, -4.32623964651, -4.99995223109, -147.705962511
0.0172302867472, -4.33445154741, -4.99999801972, -65.6787351088
-0.772940304783, -4.10511621978, -4.99228551039, -33.6731184209
-0.569678191739, -4.44034116022, -4.98766892945, -51.9306982301
-0.560634166405, -3.57835967284, -4.91465790459, -51.8410306379
-2.23292384166, -4.68489836303, -4.8471899936, -196.043568185
-1.47426638246, -3.97578407851, -3.80978084101, -219.399032887
-0.337374770424, -4.33870088516, -4.99961527716, -37.7138565693
0.385201388785, -2.9404258875, -4.94856474424, -291.674256739
-0.851846405673, 4.41205690305, -4.96912088541, -195.308759046
0.0218226818953, -4.02894592695, -4.99166705912, -66.2425887184
-1.19300000534, -4.26125804003, -4.99990374015, -109.094346993
-0.371648708437, -4.66034079629, -4.99995513153, -80.2622007204
-0.416706768234, -4.25051193118, -4.99999864132, -20.7479664295
-1.04965193871, -4.65634492252, -4.96841539566, -94.5638456859
-2.13815958137, -3.55172667954, -4.96537328338, -247.715054675
0.285580578803, -4.96880202267, -4.98115551758, -106.407377985
0.739758088057, -1.72930714342, -3.85869595791, -870.446167272
1.7624210733, -3.45233884745, -4.99490479491, -353.344849949
-1.00637087, -4.50896213594, -4.99499403292, -87.4271826971
0.249977032263, -4.98771254436, -4.96534382762, -111.924668483
0.226646725006, -4.28224707355, -4.95280696375, -96.9699924525
-1.55311469638, -4.16645635942, -4.97911126838, -154.466427917
0.696595615213, -4.49191013301, -4.99534589507, -131.375340889
-2.00368651204, -4.99984347077, -3.61592355792, -250.729629955
-0.583133718064, -4.98605523754, -3.98059059618, -139.463481205
-2.3261803671, -4.99724317509, -4.88810215067, -212.119171718
-13.2488430186, -12.1551597809, 11.4096291698, -5211.49832352
-14.797966263, 20.434881554, 5.57377304782, -2179.13469571
18.2835374132, -7.43693695981, -12.0090288576, -14608.0576782
5.31843856252, -21.8108609059, -0.774839685497, -14422.4992757
4.14047331895, -3.12804525654, 6.92782967368, -1470.47083174
-14.9484394574, -6.55613772232, -7.27049728527, -7544.03839017
-6.33446874521, -0.176131857353, 23.8765587743, -6938.8444152
-4.05664483089, 21.9243393795, 5.28089674933, -3444.08724906
23.4692867327, 7.21886150005, -3.04486807, -12511.6839046
11.2371318779, -14.3178849324, 9.78092332279, -9177.74456533
-1.86801744313, -1.92170508051, 9.48727742926, -1536.32632591
7.23025297591, -9.31384008361, 15.8505623388, -6707.92731819
4.69718783789, -0.122437087739, 13.4300258557, -2888.71234917
19.4564058771, 9.49114065147, 4.51154021461, -7030.81120166
-13.1100953678, -16.780805825, 0.592212396933, -9760.04684711
8.63170513754, -10.437356622, 17.264054326, -8124.32377856
22.728689436, -6.94078879243, 8.81953928463, -12015.194709
6.51746468698, 12.0544140444, 10.3978295787, -2949.47915586
-28.4455054915, 9.73953033655, -10.5982341061, -20556.5976126
14.8354517004, -9.97497745464, -3.55874191618, -10463.2550901
-13.6747795709, -7.44036577972, 4.54614808856, -3124.59580212
3.56758900836, 3.22536911727, -12.1119156661, -2072.11360777
-7.72397448866, 0.298644748739, 8.46869733124, -2038.08100872
-15.8355533144, 9.05379435105, 16.8887794267, -3402.73770576
10.181774226, -15.3843417615, 23.7294244776, -15188.9995228
9.94029712593, -15.1577827301, 22.8585803859, -14638.4803996
17.3143064189, 1.04305404116, -14.4589306177, -11706.5497826
13.300886656, 2.68239614492, -15.2446675992, -8459.41895894
7.52086192664, -6.618769344, 0.0471201755083, -3711.08515536
-21.3998546629, -9.72405038946, -3.27897094219, -13838.6121918
5.0624925796, -3.36350493644, -0.25097371346, -2270.59751907
-1.48453818673, 3.77303527627, 15.2767423653, -2577.10951878
-10.4431389295, -2.59722885589, -1.15530391524, -2956.96876719
-1.58866493827, -9.14607163464, -5.58639341832, -1075.72105401
1.47264473057, -7.35713774041, 3.01792135584, -2756.29552343
-7.56920574845, -13.2295878749, -4.01999323534, -8167.88396156
-2.42368234727, 24.3421759045, 3.24597489322, -2816.78810424
-4.351979404, -3.22733880279, 6.95486335534, -2263.9628155
3.20793904041, -10.7571938505, -19.6488337507, -11643.9746495
-9.76165238755, 22.2139360575, 6.0465669083, -2843.95711041
11.2962841277, 0.573817970287, -12.4340857236, -5967.36352347
-11.1344390928, 15.5860692422, 13.440686304, -3429.30993558
14.3748682862, -1.64323052894, -11.2265342982, -8342.75902996
6.0763099937, -17.3447330804, 22.0473313923, -14438.0929087
-0.607974587484, -9.21615782045, 4.56379898811, -2704.57475419
-9.90143251509, -26.1010635115, -6.0894447427, -24697.2452202
-5.95934856669, 2.29709808138, -5.11908289259, -714.601848883
-0.091525994806, -0.326380526324, 11.4802297611, -1930.90485796
-19.2908204041, 13.7978803858, -11.7940739879, -12142.3123801
3.64200151915, 13.5063043181, 23.5622439892, -7686.07244621
11.8497828337, -2.55930763822, -10.0267392248, -6327.16168941
-11.2300477364, 27.1493223805, 16.4335476186, -3762.57489735
15.2018325044, 11.6385749121, -26.0163554487, -20406.8010693
-5.00327650971, -24.007848635, 15.3892861658, -15163.5744677
5.53532192839, -7.15280126998, 22.8566289359, -9016.69080814
-3.52322856001, -2.07033026677, 15.9436568934, -3279.41060353
18.8707138403, -4.26315126896, 0.423627729987, -7994.81830505
-12.9638422789, 8.59158693237, 2.99234008346, -1916.71791574
18.2436943734, 23.7083759194, -1.62998557869, -12704.4770116
15.0347126944, 5.15489661984, 6.98036346168, -4112.08326191
-7.70212378806, 2.05215297941, 8.54969899282, -2316.79673737
3.02862649769, 10.9184399254, -12.7069956788, -3481.49712481
17.6675857557, 27.5750656202, 20.3371384654, -19981.8891603
10.1428279679, -7.81536644469, 3.45339489575, -4646.61551908
-13.5211251684, 13.655478329, 5.31158799406, -1808.37724066
14.1249084629, -8.58752084245, 5.65774702045, -6945.70081294
-12.585576697, -5.08746818187, 1.68079832809, -3260.57822392
13.4592644533, -1.66268148778, 4.96465318915, -4222.03288946
22.7258246166, -3.56339889833, 9.06274668059, -11511.1644018
14.1911948816, 3.86301123956, 25.0114624249, -10863.7242909
7.0826263201, 4.28870332298, 5.81711801203, -1512.83316782
-5.15072490841, 12.0359563364, -8.32026097583, -2475.01481811
-24.1266803115, 14.9023521753, -26.2718333791, -28376.7286247
-24.9137389214, 8.56301329481, -0.139776763117, -6208.79904865
9.33309558604, 5.35395775869, 5.8572390633, -2189.07493352
-3.80099068073, -15.2973015884, 19.0023698561, -10093.24777
2.72014022005, 23.0515899567, 10.1529152391, -5138.44117204
-4.79674986059, 9.04225640025, -12.8173305198, -2764.08503581
9.27409135623, 11.1128477694, -21.2816966425, -11413.2926996
-5.61784217443, -8.61755506829, -2.59817301493, -4543.36071853
12.9679904599, 20.2605747878, 9.46146297105, -7735.05171952
9.40671821322, 13.6786997584, -22.7450978366, -13912.5565051
-16.8770060561, -18.095753168, -21.6466707444, -25669.8114441
-10.2242541835, -22.0453282058, 18.3681369556, -14494.7070092
8.3095481484, 8.79284726248, 22.5001939084, -7807.17190683
-19.3453862771, 9.91127514562, -22.1598603314, -17035.3353176
-5.10575835695, 10.6440392736, -10.5037934301, -2529.0881188
8.99522768318, 2.9631923006, 2.08223767894, -2120.2289983
19.6237632281, -4.21084493942, 11.4402009215, -9155.47624234
21.9031673514, 14.9548978125, 12.2061746594, -12031.4013133
17.6197077565, -13.3497695337, -8.89527016552, -17290.975745
-15.9395602069, 22.5831387582, 5.55717361301, -2894.55336872
12.1695508397, -6.81231098147, -14.6937936206, -10186.7204741
26.3358601661, -15.9811801514, 4.2749083633, -19653.0497501
-12.1792007126, 2.45331163722, 13.8510183734, -3546.39407574
22.9263593438, 9.79527527802, -17.7645869017, -20713.5437057
-26.1832316687, 7.76798447894, 21.6297295145, -3512.28837667
14.1500173105, -0.145333719003, 23.1437692744, -10469.114055
-4.8003793153, 13.5163309962, -16.0682404122, -6098.70087531
7.46661788108, 6.1892029358, 17.7875752822, -4656.04011801
-19.0868065726, 2.00228075173, -10.199754433, -8872.36349296
-17.9843673194, -11.868350214, -7.76166935281, -13484.147337
21.3485960246, 11.518465516, 17.4735318773, -12335.5591193
-6.51570599499, 7.78077013772, 20.1018629945, -4557.2316428
-0.628697175126, -11.0035956064, 2.40374161038, -3753.14257909
-2.5549186509, -5.10081691336, -6.62289226073, -540.281491149
-10.5775840269, 15.4326475908, 20.322248641, -5117.17044532
15.0671986462, 20.3579256826, -28.0323158081, -28170.7055176
-21.5235819496, -6.46788010551, 1.75738262129, -5058.21630158
26.4205174107, -1.64158159701, -1.008598522, -13729.9164281
-11.0771342114, -12.4572089537, 7.22902313539, -4405.7590895
-15.4915263804, 4.82750583633, 4.32871905938, -2632.31098447
-9.11984820974, 10.5166779051, 4.0967013561, -2302.19047002
1.97298814017, 25.7537934897, -15.560104891, -15905.0745654
24.0028330784, -9.3983799942, -9.91901006458, -21792.1093965
2.84836550692, -1.20781052879, 3.65493654759, -1453.39666495
8.71652876932, -7.0712446762, 17.9806717147, -7098.1585429
-1.54496919438, -5.10557497549, 9.6080762894, -2590.10679485
-2.8252354736, 5.99315612823, -17.7316987123, -4522.97272847
13.671175864, 9.33245146186, -22.3959210691, -14748.4181969
-2.25891062873, -23.1398071478, 5.16489293367, -11509.3491617
10.4102458352, -1.72765793406, -0.769041897105, -3743.77623878
16.9663708847, -21.4534669576, 0.510566733539, -17568.9105535
-7.30727904626, -2.67852852037, -6.21969620304, -2036.57788901
9.69877312997, 5.67012433341, 1.64401086464, -2119.60902414
-0.0901667511434, -0.338787392491, -12.3115141801, -2006.15292443
-23.3761676929, -10.8521168572, -19.0394850579, -23062.1021056
-9.43457100627, 8.047873384, 26.3447797806, -8245.11172095
-24.7146994153, 1.9293039906, -9.52926091481, -14569.3407023
5.16648008055, 7.56956058503, -8.6823894056, -2015.18833597
12.6966971924, -19.708854766, 6.26868743329, -12957.3655766
2.31209200574, -0.920573647186, -6.00189596681, -1419.44779391
-20.1785115765, 10.0461385843, -0.948438769097, -5198.30122582
-7.27244312279, -8.45158098675, 12.2341019404, -4209.69852704
25.1988148432, -12.2367757253, -15.3239035983, -27842.2331342
-15.0819791131, 20.7128319412, 8.10732146841, -2232.09837705
22.6809890334, -26.3493449458, 7.58264928114, -25722.5884904
22.1972148654, 9.69555481287, -14.9564429801, -18077.3857874
1.99604817392, 14.7429398584, 24.2201341318, -8326.19083439
22.3934838958, 10.3616343856, -5.10416491592, -13998.4308945
2.7614756549, 7.06187035717, 11.4557300361, -1691.61078843
-10.9728652759, 2.09549843771, 16.5077459528, -3733.74006686
4.65663274907, -3.68875492025, 3.12179398506, -2037.52728449
-21.7662088071, 6.9309828186, -14.0152321845, -13143.4328237
26.8192968836, 17.1660698942, -20.9758391258, -32124.7333284
8.57192220082, 3.68903862105, -4.21346205765, -2738.43553831
-2.86349409677, 5.92218725347, 19.3856425809, -4231.31872132
0.0505589293527, 4.5161207116, 1.63237243533, -1193.51302249
2.95993476652, -0.326237156249, -3.13628514562, -1684.82402034
-5.07286702651, 19.7189771812, 9.45627256286, -3369.5453758
-1.5823674077, 5.39312276163, 7.15172464822, -1335.73290557
-13.0077414814, 8.64250502609, 20.8194126736, -5052.34279308
16.6646080368, 9.95284544509, -18.9542024327, -14677.0245053
-21.7697399898, -2.79121252923, -1.46416434008, -8750.12373898
-12.1952841671, 10.1234026909, -24.6982392849, -14248.0816138
13.7340551835, 14.2790297188, 0.53437906806, -5929.1864393
8.89907948544, 2.63611180158, 2.20082424069, -1597.10340453
2.6862358489, -10.1684078289, -9.67567030301, -5446.38134037
9.71133462624, 8.32302080132, -20.5445821884, -10248.3286796
12.7857509855, -8.71369587258, 1.16870318781, -6645.09395728
8.80692328929, 1.6876937898, 7.48102847615, -2193.28315252
10.6994633626, 3.31786499609, 16.6902197256, -5327.55733839
14.3881795153, 4.20632407311, -17.3420790709, -10589.0827799
3.51212787108, 14.897654327, -12.5687205292, -5509.64872528
2.09087626494, -19.8454426328, -0.240200594333, -11237.7932907
6.208643703, 19.2883878349, -6.31101501787, -7545.42293295
-9.43279715299, -7.34012059409, -2.30012119234, -4465.7962137
4.73467532801, 9.18824541943, 3.44598745249, -1884.17385853
-13.3434089149, 2.29173441736, 8.61641490935, -2378.59668731
-4.92088005367, -2.55946501487, -6.23496301961, -1385.17405378
-1.16059140468, -7.87887496348, 8.08903961648, -2821.4836969
-5.81668557007, 9.21160146479, 7.06109816976, -1468.45511964
-5.8600142362, -17.3648893201, -11.6107586324, -13132.2632498
4.94947055754, 6.04381188219, 13.6865274667, -2232.4790829
1.7125098548, -28.0169656016, -11.806821583, -27478.5537978
22.6545476395, -12.991856402, 7.50738100851, -14481.1090354
-0.0727584428466, -21.4713735883, -3.45510340463, -15841.371975
2.48258718497, -16.4463081807, 7.56847979578, -7475.14920242
18.1527710932, 22.5434470214, -25.3349229122, -30016.8243833
-12.482381845, 2.16771901511, -8.29792534656, -3566.17449365
15.5957431206, -20.8968009358, 11.9090925217, -16456.1982468
14.9176308275, 20.5324961107, 12.547317201, -9891.70532584
4.30374539039, -2.86334561271, -7.25861367258, -1831.51232766
-7.18786142588, -19.7637401799, 1.67859420082, -9274.13155592
-1.75902033192, 17.3485145768, 0.588921854809, -3190.84373599
-2.67517217754, 13.8708904724, -22.699991722, -10960.4106636
-6.03348315292, 5.81451800288, 1.7823784456, -1508.22947578
-7.59746968255, 6.88769466878, -27.5440000748, -14574.7125776
13.3931500836, 4.3328351831, -13.157719654, -7571.83630253
5.70170866179, -12.3064034829, 9.78388164558, -6071.58454836
0.0526063489548, 18.4111002618, 18.1026342239, -5547.62364034
25.1734291579, 5.42804438005, -13.2547615201, -20277.2433794
-6.04939778058, -5.39752070303, -4.37979350508, -3151.90824876
22.6849353782, 5.38807602638, -6.14574825287, -14253.2894559
-2.11334646628, 17.1969622106, 0.973416581991, -2430.82740683
15.8419799974, 4.45511778707, 7.38372696402, -5036.48269581
-3.48954529204, 3.63963477269, 5.58560273907, -1153.68052904
-7.93304785875, -2.59564187667, 0.878186774394, -2312.03854584
0.567379119267, 25.2271593134, -5.75854393877, -11047.0821978
-11.3925336959, 28.9336016184, 3.80947443446, -2673.24897451
14.5621644395, -10.8356316602, -11.0755591753, -13132.1865008
5.34193827881, 14.8445908504, -2.87471467243, -3860.81264281
-9.88383142663, -1.9545020398, -14.4951471447, -5106.62768649
2.785319799, 0.0204946451523, -7.44718956578, -1443.88115171
-3.80792945852, -3.37661199012, -23.1281118196, -10043.4803926
12.220573768, 0.847783446396, -20.7607191989, -11643.6249193
15.4873724496, 17.5085078595, 15.150986142, -9712.55134796
-2.915745199, 18.8817225312, 6.66361635759, -2789.67491303
-17.7514799016, 14.3884797342, 4.8788056184, -2704.53321629
3.73829459362, 20.4075063914, 2.45003336292, -3742.68747078
-9.27744371122, 16.4154217885, -12.0603694252, -7141.336755
12.2115618375, -12.3284906216, 8.38354939761, -7833.50449207
-3.51408367762, -13.8566764281, -12.8267167432, -9731.65953967
12.9296154032, -1.94095953591, -5.51408107905, -6104.49026627
-0.563754770412, -10.9625594984, -18.1896782319, -10249.5584501
4.50491398203, -16.8616907202, 12.6693953618, -9222.54456633
6.77029385042, 13.8654226773, -18.1899868462, -9057.10663462
-7.82097978532, -5.01584307765, 0.882319422395, -3404.18809106
14.5685598762, -1.99526806172, 3.90769631289, -5146.95701336
-19.7677587511, 1.6753063656, -11.5824646707, -9952.86757687
15.8107229802, -27.1547773224, 11.0347315799, -22617.0244492
-14.6838161044, 22.3211049031, 28.1883766534, -9081.59536847
12.046956993, 3.78724715009, -1.4769147308, -3875.03139377
-15.7185903192, -17.848942031, 7.17590500123, -6103.24111639
19.8117425465, 25.7201008152, -14.8514290331, -26886.3918968
-12.1560267338, 4.08322917184, -6.06051427044, -3029.52373454
0.800435831237, 10.5068473, 14.9999051577, -2847.8674297
9.81626001575, -14.1104559382, 8.64215196007, -7584.77766846
5.39268504684, -12.4838144384, 12.6337647938, -6555.59811358
18.9149111142, 0.549442673622, -3.59617776981, -9485.38816362
-3.60463428837, -17.6660636523, 26.7076679912, -17073.9592113
1.22630441517, 6.91424600746, 1.33704929326, -1364.4070339
1.71120150722, 0.896301485449, 1.67679311304, -1262.86202505
7.07253134885, 24.1906538509, 7.18926662698, -6075.46833791
-24.5839253191, 9.85411745605, -7.45051064777, -14772.5596819
-12.2869704626, -6.53492834392, 5.94047758855, -2776.02814735
-13.3495235653, -9.88308183992, 20.4071404121, -8481.58531197
19.5819770606, 7.99865194218, -24.4215048667, -21813.7518998
-22.1345442056, 21.1064941974, -5.4261652029, -16718.5435607
-10.6363352745, 7.36664214394, 8.87252809745, -2391.94568813
-1.62465952065, -17.0475445443, 11.9891938981, -8388.20720096
12.10230636, 1.09961026767, 10.3668138998, -3856.8229381
13.0631027846, -2.40549112225, -9.80528977788, -7108.47510923
-21.0271129724, -7.05094114357, 16.0250043246, -4368.801548
2.26212654698, 27.5082363197, -9.40530025893, -15418.2489143
1.6997223709, 11.3884793813, 21.9762508889, -6442.92466132
-11.6341819794, 1.21161656491, 12.188437904, -2297.74071153
-6.90344316744, -0.929331563337, -11.0903451015, -2340.44802281
-9.33014403848, 1.78941102868, 3.13454639486, -1601.84944411
-2.46180057376, -8.85663303712, -6.11466758554, -2219.02803257
-12.8188854548, -3.35444030741, 18.8489309179, -5512.27745078
-7.58249216648, -11.2567964646, 7.93881331923, -4049.04092806
22.2082233506, -7.59525419467, 11.3630305603, -12472.6407625
10.4153964944, 20.7757722781, 19.3912614029, -10645.4344319
5.16786296993, 7.36656353755, -1.84834833501, -1948.92619276
-16.3927143543, 2.81404203347, 1.67502346998, -2474.80715781
-3.65567418511, 4.42570361315, -24.0368032381, -9700.65898915
-1.47033755455, 7.76062503049, 10.3409531011, -1846.30445762
-15.5386930208, 25.3275246467, -7.57606203637, -16884.841006
-13.2124786023, -6.83585287629, 0.661027012533, -4103.39171179
-16.1002532559, -16.0515029472, 8.77685267024, -5590.4602545
20.5900710806, 1.53710339358, -6.34650429557, -12354.7465874
-20.1235496217, -25.6354932419, 3.73695589633, -10402.3181541
22.7335106181, -22.6376967916, -12.7155353014, -34590.6033569
-9.96553209589, -5.74672822695, -5.4277067198, -4204.95207836
1.39258256343, 3.96549828596, 5.87453225578, -1189.41896722
17.6726337061, 10.0986233582, 2.00895390652, -6545.19618594
-1.69969099543, -7.92547752832, -19.023351499, -8717.02372366
-10.8170605949, -4.49522055719, 11.148272461, -3549.55381187
-7.68589366427, -12.6282827744, 19.4118261996, -8838.06994226
-8.64464113743, -5.94437125822, -3.06628997433, -3760.19240804
-9.99317062451, 7.59257687214, 6.09845081108, -2595.30346511
11.1166478448, 6.51417588514, 2.39566767286, -2798.15407414
-12.5738780441, -10.3992004416, -7.67584680345, -8528.55818015
-6.32803312413, 1.85980185084, -5.68358727487, -866.34837661
11.3080965404, -14.06570705, -0.558069458771, -9206.05144058
-7.98880234887, -4.66720538009, -6.84331485579, -3216.66429304
12.3867709648, 4.88648926496, -4.85022155231, -4846.20129332
7.39976451228, -15.8201634837, -17.2654216272, -15874.6904991
-17.2671562396, 23.9836037261, 6.52642595213, -2324.71656594
-7.04465852092, 9.50165560856, -2.93072407342, -1759.65443308
6.17016276209, -14.8036783007, 14.6561548495, -8968.08370451
-7.91640261564, 14.4031241265, 3.32340549036, -2404.03115245
13.2322590893, 1.57405021861, -25.5317609364, -16782.8924152
-2.3759459969, 17.8270699534, 9.55680491104, -3211.70501354
-0.7479628135, 3.79736790931, 6.36556562765, -1260.79476402
-18.1864157085, 13.8834826234, -10.9850334717, -10883.2985595
-12.5610550631, 4.05087591536, 1.0585879663, -2380.91984122
18.7240057697, 19.2003258095, 7.27617786139, -10342.5522899
24.0035279961, 11.4965628239, 2.89728006643, -11604.760792
25.6399767099, -6.95883593416, -12.2892383288, -23420.0513615
9.79784167044, -15.7151451547, -4.64879863467, -12614.1097599
-16.1844075285, 24.6023624322, -18.4740203328, -21746.0604536
5.30506255947, -3.39274265657, 4.26851265226, -1962.76410424
-15.3596150857, -1.31230353539, -2.23574261308, -4832.18590407
-9.574186293, -11.2594613655, -10.606590213, -8376.98336478
-10.075729405, 3.87539521768, 15.0887621049, -3271.86044953
7.75446951409, -2.55316032865, -1.62602788897, -2897.11512227
3.54599982525, 15.280150463, -1.90542692459, -3588.69203461
5.79969226802, 2.89115912379, -22.8124601355, -9762.87536682
-16.8935234889, 18.237786027, 5.56733726434, -1318.75766323
6.51653833067, -8.22804235275, 1.54899167044, -3762.94642193
-3.95837765517, -3.22482357219, 8.52663772594, -2091.08181537
-19.9151329141, -16.0411810948, -11.8247926633, -20107.969758
2.09074075644, 20.4288200807, 5.15807177956, -3515.10388371
-0.978029470411, -16.695545324, -15.411894989, -13640.7671847
3.82014200433, 14.6576464035, 1.30816526738, -2719.6890471
-15.7441088371, 1.09982048951, 11.1279769269, -2285.97372057
-25.862842345, -18.9262444084, 2.02206162965, -11445.1532708
7.49701385518, 4.82893625536, 0.23940247465, -1979.32561175
-24.5525622033, -12.9438054161, 19.6871805842, -7607.4698987
-3.82846084026, 14.2295393338, -8.83643537127, -3481.17490665
-16.2673145491, 0.811715617513, 14.7114286322, -3477.04269909
7.91452838827, -11.99381931, -18.7953676096, -13686.3674384
15.9566667685, 25.5932489909, 8.72282705726, -11781.9580326
-9.31627482057, 0.619841036893, 18.4040124222, -4431.21538763
16.6945769085, -26.9278896818, -9.81602348409, -33314.9788466
13.9482416544, 6.05883852097, 7.09397126879, -3918.7965021
-8.71459422723, 5.74761226711, -7.17633953541, -1676.69688484
-10.0623315011, 0.202195467861, 13.7682810001, -2620.2504326
8.28897380258, 18.4283050025, -1.30127178356, -5059.70704404
2.69164990323, 23.9522811633, -27.5430832125, -24434.5088237
-11.8378557169, -0.423962975952, -10.9110736435, -4190.53199312
2.83453246105, 13.6010833132, -7.07077891594, -3200.66466382
-17.5459896261, 9.23280627697, 12.8775007415, -2476.34345273
-10.6858265279, 2.41328371697, 9.29709429643, -2123.47615953
3.14214557646, 4.75400620643, 2.14260336311, -1131.29635618
5.56686268073, 0.508060686075, 1.27321257603, -1439.71799228
1.63056712042, -14.9191200976, -9.25824180043, -9721.35306868
8.97250903293, 11.8374465626, 4.29997744046, -2814.81095834
6.82779126797, 17.8128364205, 8.60712501147, -4326.73710184
-13.0995111724, -11.0878279797, 4.56440921011, -3820.68524124
20.5052958035, -14.7919256407, -9.88068873466, -21896.1274384
14.8678850284, -18.3481187998, 13.2649036933, -14419.7254424
-14.4862187618, -9.81657043392, 12.4469434869, -4633.16927792
-19.4441031777, -14.3985669755, -20.124006808, -22843.6726731
0.826866914129, 5.45158195146, 24.9706321832, -7711.94623452
6.49324467177, -25.2356947089, -7.15313827854, -23300.9216587
14.7802769666, -9.04243263528, -7.97591995156, -11256.9531533
-14.1080312805, 5.79775300334, 3.3362180312, -1840.38233735
-18.861043997, 15.8710347208, 13.2190723827, -2431.77865192
-6.50776889117, 19.0131071357, -5.94092201017, -6388.29556657
-11.6607176104, -11.0439387971, 27.2925804609, -14039.8613083
9.25993772701, 11.6193291348, -9.90873718014, -5370.97409529
14.4916587114, 5.67128582195, 3.71699726877, -4175.48745751
-3.81871978659, -3.81123804379, -10.9317143666, -2650.66035716
-7.56507858988, 9.21136071239, 0.184517524701, -2189.51547991
-8.9768837177, -1.33845274419, 0.768995568842, -2188.54079778
4.91266266387, -11.0208564826, 9.2188498658, -5070.57897246
11.2359215847, 18.9744031653, 15.837203907, -7977.37723239
16.2903208557, -18.4968419274, -8.41155921668, -21087.6684025
2.85558906515, -9.18648085292, -0.649660147868, -3908.26284989
20.5539531819, 17.1685489358, 8.57392482836, -11038.3602679
-5.57591524899, -3.96789350311, -16.2854472541, -5366.4921505
-5.8674801559, 20.8509222985, -19.7493024099, -13881.2288619
-3.48909276792, -20.0241086734, 8.13805733311, -9431.87168775
-8.49128650189, -12.6093949772, 0.788075411003, -5179.52459683
11.1337300032, -7.23042720591, 5.44342781993, -4955.30639377
-13.0714177341, -18.7676806665, 15.8424431705, -10307.964884
0.885011628641, -28.819613799, -0.697031175056, -22997.0295232
-11.7306947934, 3.91468342971, -18.231796055, -7386.24483444
-14.4929267393, -4.11438130569, 13.5019241938, -3680.31013447
-17.5532704116, -16.8668976544, -10.4616922831, -18419.5671506
27.6689171846, -22.4715443434, -9.9433691132, -40092.0265597
15.3454032875, 22.1395398469, -12.8425582217, -17753.9570975
-12.3672959989, -5.21829832872, 10.4927846445, -3048.0155607
1.15344498478, 9.17770084012, -14.9169611799, -3648.53494973
16.0150405659, 13.3831535151, 6.68117525846, -6293.43434218
22.2896438506, -14.9981685184, -8.72938686815, -23854.7630588
-5.32294120844, 12.3641215109, 3.84467135924, -2155.63968254
-11.9153834676, -16.6128490287, 6.19484483953, -5531.21786153
20.3694380781, -0.0435145026356, 5.50708259755, -8158.33080241
-19.716010062, 11.3980624162, -13.8034348163, -12251.5638327
22.7359812996, 21.1987047632, 6.66910921957, -14078.2862284
11.6936775511, -6.78384480983, 4.15145386004, -5131.42593204
-3.33896115307, 13.0719187207, -5.74667387899, -2391.64526976
-4.68945968751, 8.1448367166, -1.4954307955, -1443.42631471
-11.9166872603, -18.7920457539, -6.9032341727, -15934.7354178
0.814024698795, 1.6971378239, -11.4901286142, -1440.3109133
10.436913236, 10.1838732212, 8.62701639002, -2943.0475138
-11.1397258658, 6.24919353843, -6.73107785326, -2764.75308182
-25.6104896793, -6.70457331641, -11.1572578368, -18879.3778946
-25.4948817081, -7.49056219664, 6.91338350815, -2695.36281823
-14.4206821472, 23.5870889898, 7.13196448629, -3030.8937608
-7.72576921421, -8.70093802173, -21.2602506946, -11967.6076011
10.1599028437, -5.42922067854, -0.124774295353, -4180.18854417
-3.28501010725, -6.61254896629, 17.4133277076, -5161.81246706
11.8779849125, 13.8121086048, 10.0288377358, -4980.17478161
12.2898813719, 21.3763587927, -15.533681218, -15969.6712916
3.17747172924, -14.4843221932, 20.1507076056, -10764.5134594
-14.895694958, 8.61504942644, 24.0666012994, -6491.95423256
5.73536093035, 21.2414342933, 1.32854961464, -4352.67180165
6.42596645051, 1.0081942695, -8.0194416829, -2097.84870942
-9.69006768406, 17.8608955899, 3.33277890836, -2224.33115803
-14.7668697648, 11.6720495148, 16.5403343694, -4174.14210478
-1.20146001479, 9.50359083603, -10.2702631206, -1715.82159171
14.508985445, 4.99512757508, -6.15353661498, -6569.85915872
-0.777184459477, -11.3089860122, -25.1007465469, -16456.1376453
13.3942184291, 13.9181622708, -6.11083233534, -8173.41552942
-5.62538479758, 8.21649939962, 2.10373101164, -1656.94931279
