-0.498439928879, -3.90171053614, -4.89042890662, -3.64355499143
-0.501906090923, -4.0398382388, -4.86476067173, -0.250799158628
-0.529068215372, -3.98337668579, -4.87937813052, -0.450380263785
-1.68014776993, 4.92329787173, -4.8522704562, -203.93782672
-0.498326746126, -4.0073620448, -4.93274443989, -0.695636832499
-0.498368037249, -4.01286244262, -4.88063718667, -0.000480837354778
-0.478759071295, -4.07487905873, -4.87535679988, -1.11334153725
-0.499626130555, -4.01297332708, -4.87675076473, -0.00439061681137
-0.500278369424, -4.0147416971, -4.88066062936, -0.00125810160988
-0.500001783564, -4.00557331381, -4.88193748147, -0.0128371245302
-0.510966675702, -4.00962129275, -4.90550804129, -0.189494085174
-0.499956898889, -3.9970247344, -4.87920583776, -0.0632177310309
-0.49978027444, -4.01203161658, -4.88074880456, -8.81522851499e-05
-0.499451648714, -3.98645832625, -4.88563064179, -0.186624752547
-0.49625866522, -4.0104476363, -4.88243982551, -0.00475764509625
-0.498304324438, -4.05786849457, -4.87997541647, -0.514221217991
-0.49963962772, -4.01237806508, -4.88072283962, -2.05531496338e-05
-0.52037884159, -3.83459241224, -4.87148123476, -11.0469078484
-0.499805500919, -4.01385091864, -4.88067846069, -0.00041226129502
-0.484501143984, -4.00933639784, -4.88088604522, -0.0606041947201
-0.498392375528, -4.00979585665, -4.87679021537, -0.006691497448
-0.499961567402, -4.01398914311, -4.88699450628, -0.0098688506504
-0.505474134883, -4.01224561023, -4.90339254268, -0.137132244594
-0.504789064006, -3.92929940873, -4.91244768393, -2.19468094059
-0.498030453538, -4.12023073204, -4.90214140398, -3.23150229475
-1.64852443686, 3.56700411288, -4.99998749649, -65.2716897966
-0.94482155426, 4.32668315153, -4.99726092608, -190.19832803
-1.4764931732, 3.6157827894, -4.99999994612, -3.74486315
-2.94478567909, 3.49553681876, -4.99999998163, -181.248398684
-1.47623504673, 3.61577536045, -4.99999994848, -3.70521796397
-1.40687217055, 3.72022057788, -4.99999998586, -73.2930802011
-1.47622778221, 3.61577604341, -4.99999995584, -3.7037233707
-1.46079265627, 3.61566534892, -4.99980926397, -13.5741131817
-1.47445482169, 3.61671124784, -4.99980342024, -3.95722562565
-1.47591192203, 3.61563823325, -4.99989273009, -3.72694340681
-1.42415999625, 3.60848357386, -4.93416429172, -77.7730668923
-0.975506737966, 3.68112373467, -4.99819688248, -108.480325882
-1.43676248028, 3.61564215793, -4.9998421809, -55.0592813205
-1.4758231062, 3.61840804491, -4.99966394189, -4.15425579439
-1.47570181624, 3.61577005484, -4.99971624311, -3.72015538986
-1.47572263129, 3.61529193307, -4.99995752822, -3.74737536179
-1.39543064911, 3.65250062798, -4.9863124364, -69.5228560506
-1.4811200585, 3.61554199358, -4.99971723238, -5.05390735106
-1.51716666942, 3.98634942073, -4.99949093755, -67.1974860922
-1.47570190667, 3.61568590039, -4.99970935061, -3.70892487533
-1.47571945828, 3.61672471486, -4.99974958682, -3.88927246735
-1.51866825401, 3.61540873711, -4.99959720189, -64.8210205995
-1.51273226013, 3.62624205505, -4.99999204755, -60.57471783
-1.48462133108, 3.62206041827, -4.99994033068, -9.65859967703
-1.47651118703, 3.61491402238, -4.99999859417, -3.78825469798
-1.43657596327, 3.36424020797, -4.99794671691, -90.6793262111
-1.47567386162, 3.61466879731, -5.0, -3.79409199907
-1.53073241704, 3.63602273943, -4.98849753615, -113.584546666
-1.47924931425, 3.61475562097, -5.0, -4.13719473159
-1.94466767951, 4.05641991318, -4.99491893317, -141.864243238
-1.47561065909, 3.61450304583, -5.0, -3.79489707205
-1.46115708945, 4.28885861302, -4.99999867588, -109.809615243
-1.26758742633, 3.66025025009, -4.99999910207, -40.9441039694
-1.47456548091, 3.64865724342, -4.99999999946, -31.459873945
-1.47558349498, 3.618144255, -5.0, -4.04945426981
-1.47968510341, 3.31424382193, -5.0, -86.7146193751
0.184497161294, 3.83771518533, -4.87609820948, -500.214426094
-1.22132230785, -4.90000998788, -4.90253292582, -124.52263115
-1.11515168253, 3.62385343561, -4.90612471594, -90.8906036956
-0.148251978486, -1.77824238082, -4.80738099259, -637.851723732
-1.55694827833, -0.356425668711, -4.82473163161, -787.25633418
-0.479780221695, -3.82497361631, -4.99925853061, -19.6656959418
-0.699270997382, -4.96228296811, -4.71367320044, -90.8302951872
-0.670056210299, -4.0257132703, -4.88158410047, -7.8556543219
-1.72481721939, 4.94246439816, -4.89070758355, -218.67441488
-0.500722956524, -4.01377338892, -4.85847902655, -0.126836127775
-0.510424720522, -3.982712872, -4.88042998442, -0.265060700549
-0.499869482523, -4.01280043239, -4.88244650427, -0.000625221222073
-0.685644652359, -3.97152250132, -4.85985431009, -9.66038155485
-0.166175351015, -3.98809296725, -4.88109562276, -31.9050855902
-0.500108195834, -4.01270257288, -4.8608025586, -0.10183139952
-0.11887130899, -4.90099851096, -4.713837489, -107.470557014
-0.499776522447, -4.01257256949, -4.88076385508, -6.30107830832e-06
-0.529211047967, -3.98174089007, -4.88179608971, -0.478605607024
-0.500044933705, -4.01231283981, -4.87302090478, -0.015745430322
-0.498104899971, -4.08428322723, -4.88593686124, -1.34128510781
-0.499633063852, -4.01264069039, -4.88083596863, -2.39036949898e-06
-0.512785091063, -3.9567876235, -4.93184614603, -1.57929560653
-0.50079643618, -4.01269054319, -4.87991237326, -0.000553610045587
-0.498700929526, -4.02372345764, -4.87677411687, -0.035538803701
-0.49815171029, -4.01015591078, -4.88027328913, -0.00221294921612
-0.513528707232, -4.0030417302, -4.88123402572, -0.0727915750828
-2.31141182307, -4.01269313704, -4.8830417705, -248.691837151
-0.496470202771, -4.01215657065, -4.8762518278, -0.00813238394682
-0.486409824146, -4.00832052332, -4.87952845363, -0.0494167553023
-0.501394903796, -4.0082521062, -4.877868483, -0.00787564131726
-0.47870199459, -3.99264541388, -4.88048780692, -0.212345864058
-0.500092875191, -3.9983976333, -4.90922877051, -0.257179129043
-0.505401634614, -4.00765572047, -4.87936799167, -0.0150747011332
-0.500026245826, -4.01269178342, -4.88080604207, -3.206631442e-05
-0.471407716252, -4.01325146156, -4.8824790297, -0.197849652429
-0.499484627659, -4.0137125252, -4.87969976069, -0.000687849407969
-0.501964882962, -4.0228558619, -4.88054870765, -0.0278292526316
-0.50598025255, -3.99662132827, -4.91521331596, -0.382028894674
-0.503078968472, -4.00596229244, -4.87130415502, -0.0373396047714
-0.438724942633, -4.10679204318, -4.88139602606, -3.21059473063
-0.501257842507, -4.0006312409, -4.89249677337, -0.0720225926751
-0.500156409321, -4.01467209984, -4.88116748675, -0.00115753484324
-0.499547812719, -3.99533279864, -4.88589238662, -0.0840462849683
-0.53556345268, -4.01355582788, -4.88679898157, -0.336958953628
-0.343010927441, -4.01215491739, -4.87483569916, -6.29635373319
-0.498689221437, -4.01237862723, -4.88187547806, -0.000509445883898
-0.612967928444, -4.01027299841, -4.88058854187, -3.24312013611
-0.375984714838, -4.00127120912, -4.88267814849, -3.89358911525
-0.497313410547, -4.01741182738, -4.85559351696, -0.168531497234
-0.499245345487, -4.01191675488, -4.88042116697, -0.000225670071119
-0.526262723323, -4.01110058182, -4.8827060292, -0.18158228801
-0.529057370223, -4.01005705315, -4.88182305744, -0.222979245567
-0.571880936897, -3.94548065301, -4.91280863354, -2.77328191009
-0.499904250583, -4.01269270811, -4.87979237772, -0.000321888433654
-0.501001277425, -4.01411648203, -4.8769851862, -0.00489542900939
-0.51561638473, -4.0108050209, -4.88449709251, -0.0688764306929
-0.46210046318, -4.01176078444, -4.88142564988, -0.346858418292
-0.496607439172, -4.00980801557, -4.88090811664, -0.00438840024246
-0.499694826507, -4.01257431362, -4.88097268343, -1.58356182707e-06
-0.487957991594, -4.00639923559, -4.86534344812, -0.105599705713
-0.49976884386, -4.0125786225, -4.88085741955, -1.85595869855e-06
-0.499645710322, -4.01241510894, -4.8810770158, -1.71773074437e-05
-0.500022694857, -4.01221686451, -4.88118417331, -8.4547928499e-05
-0.502445464803, -4.02007551931, -4.87988200102, -0.0162862419531
-0.503709815257, -4.01391850188, -4.87823571946, -0.00630458870964
-0.501432138714, -4.00691077652, -4.90300240191, -0.134084803367
-0.501771807352, -4.01428347612, -4.88273202482, -0.00264761113092
-0.498848772518, -4.00907871289, -4.88407251071, -0.00588717178497
-0.499226363744, -3.99865276802, -4.87526180914, -0.0580715154456
-0.499403703354, -4.03167995173, -4.8820236096, -0.0909255534924
-0.48585124119, -3.99972419386, -4.91120557235, -0.322581884402
-0.50374712265, -4.01236352761, -4.92992213123, -0.61559231041
-0.476546323124, -4.05232763821, -4.96899168887, -2.48629504638
-0.733227437703, -4.9260861802, -4.99999911832, -95.9533311414
-1.47596083781, 3.61570924909, -4.9999999944, -3.73520992106
-0.879286537113, -4.90279073196, -4.99973258569, -103.660760691
-1.47634679824, 3.61402075201, -4.99999999655, -3.90105771537
-1.47629184545, 3.61534495539, -4.9999998742, -3.72970151745
-1.3655843143, -4.99123977877, -4.99999999903, -135.779775106
-1.4763032226, 3.61596020077, -4.99999997067, -3.75245349292
-1.47629816839, 3.6156411761, -4.99999999413, -3.71556570954
-1.46083129716, 3.61524850475, -4.99999999999, -13.7867119043
-1.47643180796, 3.61572829999, -4.99999999998, -3.73887910658
-1.38588639584, 4.48552267075, -4.99945343033, -114.673175741
-1.47630832292, 3.61564414509, -5.0, -3.71786019557
-1.47538346703, 3.61565456075, -5.0, -3.72603247787
-1.40892606633, 3.63239106692, -4.99999999999, -81.6835247105
-1.61296730222, 3.69843429234, -4.99996772357, -64.5568257729
-1.47558535008, 3.61559326466, -5.0, -3.75708696643
-1.90660772255, 4.98566618506, -4.90706078792, -234.378803077
0.703186869964, -2.12627180706, -4.82875483057, -598.651763697
-0.630561783393, 4.99901749779, -4.85849016879, -280.469460672
-0.899075800716, 1.71220385963, -4.87261762689, -824.280030704
-1.50409638227, 3.18071570978, -4.99999463796, -104.066140374
-0.497658708506, -4.03365206153, -4.88109498145, -0.110615498673
-0.775650225349, -4.99900990079, -4.94736345291, -106.078086664
-0.498604092804, -3.98686169652, -4.87996575769, -0.173581206602
-0.401921048468, -2.54019082304, -4.88204638948, -351.36699072
-0.499546723893, -4.0127961872, -4.88140195068, -8.00451647478e-05
-0.499661666881, -4.01222638103, -4.88152938442, -0.000136212849831
-0.420972818488, -4.00242058904, -4.87374171963, -1.58313428322
-0.495966830102, -3.98512816658, -4.89401734615, -0.247461829077
-0.487935928119, -4.01270402935, -4.88133159975, -0.0347664220856
-0.528433667932, -3.97008088643, -4.86218158918, -0.769168204917
-0.497048501348, -3.68347209349, -4.8816517274, -42.2614834625
-0.499488977433, -4.01272797516, -4.88103688104, -2.00292813606e-05
-0.500362297622, -4.0109099146, -4.76104955649, -4.27916505257
-1.48120639195, -3.30798758278, -4.82888480924, -209.169979093
-0.500529042519, -4.01315147349, -4.87707521665, -0.00395840535574
-0.498816957184, -4.01214081872, -4.88176849645, -0.000439344162368
-0.499750505389, -4.01258213633, -4.88327959971, -0.00143547914056
-0.499743814758, -3.99268342258, -4.88580589361, -0.109728397151
-0.496423448865, -4.01316943767, -4.87735437271, -0.00595579300804
-0.478329221552, -4.01216455613, -4.88282976423, -0.115042395482
-0.500058767725, -4.01410259067, -4.88766739534, -0.0121481457166
-0.4954327626, -4.01555389575, -4.59072793272, -35.0080156959
-0.500868350496, -4.01257001144, -4.85677935803, -0.146848500712
-0.499404617297, -4.01486987852, -4.87963221194, -0.00172720279063
-0.50012744556, -4.01284895313, -4.88108792291, -7.24250905722e-05
-0.499282870738, -4.01505957634, -4.88106901072, -0.00157849075331
-0.674938548711, -3.9846973604, -4.88170072615, -8.45238018877
-0.632982535951, -4.01083179262, -4.88121201224, -4.58442999847
-0.499636202995, -4.00436692723, -4.88103580792, -0.0172506344528
-0.500462052537, -4.00772800883, -4.88154506844, -0.00628560463023
-0.498313010559, -4.01339892535, -4.87960028069, -0.00107224254969
-0.499582729742, -4.01292418539, -4.87146445835, -0.0224559862706
-0.480741410109, -4.01839716052, -4.88285210631, -0.0984544901131
-0.494584798009, -3.84631317095, -4.8811111119, -9.56974133404
-0.499143230497, -4.01091436409, -4.88087199284, -0.000795425344431
-0.391835832948, -4.03959147983, -4.87732755764, -2.98370622689
-0.500223476622, -3.33685982395, -4.80605003163, -132.93494031
-0.805704236899, -4.01135442309, -4.88069791524, -26.8149000332
-0.495634054735, -3.96132145256, -4.89007008224, -0.731896828914
-0.504715429573, -4.01387125685, -4.83250811384, -0.601169184505
-0.496627890447, -4.00736229504, -4.87745104204, -0.0123369557528
-0.499574161793, -4.01236214899, -4.88088566383, -1.76792647579e-05
-0.500052062087, -4.01238901368, -4.88035210008, -0.000118136529129
-0.502922652032, -4.01318412347, -4.86721183006, -0.0498320216792
-0.501414459069, -4.01311922836, -4.88068679811, -0.000826822584221
-299.064922185, -260.905341991, 317.060964787, -3.8477137422e+16
-410.059373913, 587.399215109, 160.716949676, -1.08702336931e+18
541.409972977, -124.226857266, -398.416567672, -2.56012609777e+18
200.871952345, -610.956987191, -113.249201452, -9.28225199489e+17
64.8785113079, 11.709385214, 108.939527845, -269347.298948
-390.056589708, -199.204145215, -243.922805684, -2.29817821892e+17
-64.0461821763, -23.5306119629, 712.36585021, -2.10381107487e+18
-85.3792579271, 686.499185062, 21.9769870259, -2.9952787303e+18
686.976977035, 254.731480046, -97.4563870205, -1.95586812222e+18
266.636325167, -435.798280902, 371.527583533, -6.2138860625e+17
-36.2620515485, -167.987919523, 348.45517045, -4.41029946469e+15
113.043815465, -244.222502782, 521.065478367, -9.08371251205e+16
241.257688554, -92.251913744, 453.686292351, -1.27400910501e+17
553.69167712, 165.655383521, 38.1162582662, -4.6733509616e+17
-441.40983448, -447.427919552, 118.330385702, -3.88722099958e+17
269.456803363, -371.478746488, 528.941929073, -7.04447281807e+17
694.62558216, -103.797253194, 302.946429565, -4.93281681857e+18
89.3303032428, 355.755266656, 357.2781759, -2.88331239622e+16
-839.879529104, 221.625261605, -237.114125529, -9.99896574404e+18
442.487561096, -238.552461312, 21.8276267136, -2.35721554133e+16
-372.481351104, -214.829557414, 72.8663883836, -2.27801931483e+16
11.9419526501, 156.44492171, -281.858480346, -7.6028771921e+14
-321.558487508, -87.9708572423, 275.408273623, -3.71618061792e+16
-478.221033475, 354.167254976, 439.384713249, -4.02965631417e+18
385.063701526, -384.61328796, 685.262257321, -4.35975838592e+18
300.957423011, -504.417547098, 695.022694449, -5.7174792929e+18
531.491120286, -34.6706510394, -348.871861721, -1.17804523059e+18
329.894456416, -20.5391782402, -449.226804363, -6.35120212179e+17
222.7386675, -124.425634917, 52.6133257946, -1.8063347094e+14
-594.661695432, -178.414322221, -9.1891363318, -7.28960161437e+17
172.440432529, -9.4645177881, -73.3443185031, -4.36470062372e+13
-139.453515773, 214.267487361, 393.324342617, -1.18593903818e+17
-363.53027465, -25.4485364966, -50.3127100725, -1.23617417252e+16
70.0166163925, -256.850722671, -77.7869103621, -6.72150686818e+14
-3.35565599514, -305.503935799, 54.0058375613, -6.21671887227e+15
-156.463423359, -305.62326402, -200.233751783, -5.22486750661e+15
-27.7750025377, 701.869353475, 38.8207010228, -3.29057738002e+18
-123.632535659, -128.103775893, 297.681006119, -3.7258975184e+15
-36.7398934939, -302.958697272, -541.331104209, -3.64409445675e+17
-326.856687726, 659.415806492, 207.699628785, -1.79353461602e+18
338.630856973, 12.2431479175, -270.159221282, -5.89488969342e+16
-338.985687493, 453.882681568, 346.9968305, -7.73283945284e+17
365.93007061, -89.8625092801, -283.063970595, -1.38668689738e+17
65.9978175671, -566.737798639, 633.003607178, -5.06475021559e+18
71.9735282357, -253.844253666, 31.1113348875, -1.43870235202e+15
-277.386276555, -773.686229813, -106.284942348, -6.09973173239e+18
-190.411722213, 148.925252594, -26.7446328122, -1.16562056999e+14
42.0859791417, -40.9349821065, 307.350241084, -1.4163518876e+15
-610.476557984, 385.27365822, -364.059555044, -3.09304181281e+18
42.1926291353, 419.081432002, 702.724948432, -3.64273669316e+18
253.046460199, -126.865060791, -282.254953161, -4.50042429226e+16
-277.160166713, 812.840321457, 492.637186854, -9.19535922445e+18
389.220055577, 289.745112539, -762.514797342, -9.83169281392e+18
-15.5837492159, -697.437560437, 378.698828502, -9.13978205784e+18
237.818190243, -241.999612657, 688.271196289, -1.18107708587e+18
-2.92420001353, -18.5890112057, 530.28983747, -1.55990873265e+17
565.846953537, -196.308334078, -83.8334106429, -1.76271547969e+17
-320.12581349, 194.012282542, 41.1217791604, -2.54801727298e+15
582.049308715, 718.153859703, -133.579485038, -9.72337008852e+18
369.508560187, 142.008635131, 233.532276409, -1.27732286182e+17
-183.592638402, -15.5240646205, 248.954120675, -5.05096349448e+15
8.97997628253, 276.112537597, -369.714045897, -2.37223885292e+16
577.122888307, 817.672083934, 635.489453477, -5.52676369512e+19
335.917092799, -216.931863745, 135.051479198, -1.17891081233e+16
-360.073046875, 416.603875879, 216.897449332, -1.9673518316e+17
430.672750132, -215.915167428, 233.817284796, -1.32937014011e+17
-291.221572605, -106.551261488, -58.7214278364, -4.73607046819e+15
402.596254338, -136.216466482, 14.8214603718, -9.72512290706e+15
670.2852415, -49.5033538413, 337.035735774, -5.35937079795e+18
377.504081341, 38.4168420841, 742.49671825, -7.13455018193e+18
215.897318506, 28.9687186758, 151.3860546, -1.66547814945e+15
-208.888512729, 294.587151843, -252.256028582, -3.51255683061e+16
-736.005679716, 492.752433151, -774.23445115, -7.42256721916e+19
-742.045725993, 295.184706321, -105.529666782, -1.75248735689e+18
170.827364997, 86.8151711942, 81.9706325823, -1.9011416119e+14
-133.865313956, -390.856141523, 510.049298361, -3.51543000034e+17
-42.8906972009, 697.131531005, 284.440363843, -1.56603971003e+18
-94.4708819939, 292.452706577, -288.419417842, -2.597814548e+16
234.571868137, 229.66850834, -594.312758301, -8.10210355565e+17
-128.885516976, -151.073525926, -151.761447368, -3.17753291226e+14
434.604087211, 594.996835304, 168.983479794, -1.72911024226e+18
172.027970171, 352.475755849, -672.110502707, -1.18120096915e+18
-437.834454876, -542.520057479, -608.571928668, -1.00249313917e+19
-292.278914803, -643.430923419, 502.274284859, -6.68888881005e+18
156.136928776, 349.025637324, 646.732117905, -1.50511201369e+18
-559.69743832, 185.759928205, -678.601312463, -1.47128424825e+19
-75.9781251596, 338.426635096, -267.253880193, -5.38276339769e+16
339.101228833, 28.2692923966, -55.4178388412, -3.75670677462e+15
543.059612925, -178.379094446, 282.760862717, -8.25361173159e+17
613.813465387, 380.223706756, 308.006545886, -6.81222831735e+18
544.350710717, -349.965242802, -297.592189413, -1.75732259545e+18
-469.904745598, 658.749696848, 56.0114447954, -3.44625862837e+18
274.090598311, -294.033995408, -409.703196096, -5.72798820336e+17
789.705437009, -510.636940769, 0.40248112118, -3.39558811335e+18
-422.416133246, 165.024949237, 394.571379857, -1.07544934667e+18
679.782897955, 252.844825209, -557.238603848, -1.13033707185e+19
-786.195377451, 156.306967368, 624.199044196, -6.32533766106e+19
342.194926354, -15.5983302363, 712.84039249, -4.11338279632e+18
-86.6525151948, 343.766276406, -490.388170044, -1.94201578386e+17
234.415031491, 196.649793256, 559.440690199, -6.40933918125e+17
-534.876036877, -22.4362100965, -210.824165017, -6.71570386476e+17
-578.928725018, -420.914021356, -211.912177712, -3.59511083569e+18
667.321100145, 331.244758459, 527.046980626, -2.75733739779e+19
-280.819763528, 260.985751167, 557.403256552, -2.83571403847e+18
-58.385676474, -273.833718942, 12.4828232393, -1.97509251182e+15
-105.875182038, -254.543358726, -217.650003095, -1.36910118008e+15
-366.384638842, 445.040334697, 641.881128319, -1.47717522612e+19
459.635920617, 583.423490133, -832.263480816, -2.18194612043e+19
-622.205664862, -155.752338368, 13.4718256764, -8.47252088349e+17
776.218577332, 72.5886322503, -16.736860065, -3.43509730173e+18
-248.335749213, -286.727583313, 138.512290629, -8.78917290404e+15
-432.169278074, 185.954768351, 99.8574793846, -3.08674344587e+16
-288.143510692, 322.398865327, 103.634663931, -1.5758430125e+16
31.6569374904, 748.429765892, -437.081940054, -1.77313541746e+19
703.78580586, -216.651085715, -353.595518931, -6.64330293488e+18
34.6194444751, -6.26863433825, 21.2563285291, -28169.3320161
170.587016303, -251.366467352, 490.454019971, -1.00695750899e+17
-36.2279919418, -73.7653845252, 185.888692239, -4.41680569591e+13
23.120202842, 103.339462531, -538.291677905, -1.19991733115e+17
452.898931727, 221.436923144, -624.574737789, -4.95820717494e+18
-136.417553188, -650.871331997, 23.5796671433, -2.00374381129e+18
322.358104487, -30.8729237409, 96.6989528215, -6.39564383771e+15
527.668139491, -611.560515822, 71.3556398085, -3.18296411266e+18
-245.975360865, -91.7505261011, -162.544582874, -5.45497498461e+15
364.691174602, 132.912391679, 71.7611094126, -2.73413128183e+16
-55.6897553113, 5.95899745731, -272.556822862, -4.82953295604e+14
-661.177867084, -374.569888428, -580.32634402, -3.64933434183e+19
-271.132814467, 310.197307979, 767.013979494, -1.96383652012e+19
-747.627535863, 132.170024531, -276.882009351, -6.51932432776e+18
93.6674186801, 216.679060108, -220.779453048, -1.76476594669e+15
280.682718127, -594.995790548, 169.599877426, -2.19692269583e+18
5.4755449666, -48.9067182107, -158.177640399, -1.41191376368e+13
-547.949027001, 247.456499481, 40.0047714444, -1.11973140036e+17
-179.636823368, -136.177973258, 291.587396368, -6.53830971368e+15
742.231577068, -273.862209061, -487.94399608, -2.55183950662e+19
-452.757117169, 598.971525611, 236.38458962, -1.64919385405e+18
655.674019223, -795.684757809, 213.657014854, -3.35122053063e+19
666.518654552, 280.580664595, -397.253971662, -3.10517275284e+18
21.6189330659, 471.961108648, 722.55848608, -5.34129642894e+18
632.832747238, 348.162772557, -32.3765828955, -1.87141679448e+18
4.21266015028, 154.011163837, 315.772974474, -6.12028131283e+15
-347.51268965, 172.362758653, 486.595653377, -1.68757695553e+18
198.111188894, -169.820581864, 48.8132392271, -2.50066130304e+14
-651.964543161, 213.139928987, -415.716323626, -5.91583286775e+18
794.543996449, 494.310450701, -624.797292449, -2.7512275602e+19
260.657854205, 159.021063598, -120.951046315, -1.35031486007e+15
-180.576232689, 45.8279517662, 574.847073921, -1.03853107147e+18
-60.2669969349, 45.3767017794, 85.8529390414, -22476.2454071
70.7936096802, -125.62206566, -122.774465328, -4.07460373739e+13
-13.6262291339, 585.575107924, 196.288018733, -4.3861805339e+17
-88.623350827, 99.5387484892, 200.095284471, -6.97820570162e+14
-438.913961494, 251.750784185, 591.727269973, -9.66999732918e+18
496.556347741, 255.400788109, -541.286481346, -2.89206621484e+18
-616.987774444, -128.117574251, 34.2942647441, -6.61018016006e+17
-310.149976771, 288.013923705, -756.922592865, -3.50906295432e+18
321.014197654, 451.565359766, -102.323685515, -1.98980884705e+17
336.977981039, 4.16894344808, 101.834574016, -1.0931247495e+16
-27.205282369, -268.824659318, -223.030824056, -1.005935108e+15
322.944860397, 204.520684725, -609.475509796, -1.88836732857e+18
438.373191048, -306.537625572, 35.1201277522, -4.26049525918e+16
208.557266302, -41.6681044015, 140.849501962, -8.30119875163e+14
285.134409714, 62.2608641746, 497.502267588, -4.43017145323e+17
459.785836048, 9.92668142222, -473.646914614, -2.08010041734e+18
81.6395547342, 458.020344228, -305.644770145, -3.87458267922e+17
77.2432885554, -561.517529525, -111.664976282, -4.09994208835e+17
144.386884503, 531.874095781, -199.53285471, -7.52826104807e+17
-279.266348004, -303.208502208, -25.2446398882, -1.59305775739e+16
49.3793079107, 246.304465522, 16.4566724959, -7.26239373725e+14
-463.010612053, -51.012197401, 216.53046658, -1.07356821826e+17
-179.115309536, -113.960041556, -218.919866391, -3.14600227811e+15
-6.91224103619, -212.21487899, 298.319581662, -3.1888111307e+15
-185.342939611, 351.950604561, 278.517595132, -5.35111333643e+16
-128.676163682, -484.478157587, -299.023700261, -7.47711263872e+16
109.227235906, 140.715938716, 349.7779464, -1.09085064186e+16
-17.2424823713, -836.726833597, -391.937967397, -5.79097649877e+18
664.331165305, -423.239979845, 302.530034889, -3.41091242211e+18
-58.301472063, -641.606000196, 7.67014197889, -1.7174398001e+18
-15.740175337, -514.597182749, 220.642833173, -6.48059350246e+17
560.916240171, 702.184860385, -772.566809913, -3.4271001496e+19
-307.246358743, 100.493375534, -238.945815691, -2.54138150961e+16
407.873012677, -597.66773981, 278.829903931, -4.09936445372e+18
445.640787171, 572.208000746, 324.355557354, -2.6613003087e+18
67.8757540601, -127.064309271, -133.637865946, -5.76915932951e+13
-281.97752644, -590.936736446, -63.2506256473, -8.24722368268e+17
15.2597858255, 557.371750122, -68.3323982198, -7.24715134511e+17
-18.9258920619, 408.658743451, -706.293849596, -1.34044893324e+18
-230.921178964, 58.5373434532, -19.5029883061, -1.44317212561e+14
-139.210895764, 287.947336787, -818.460674363, -2.2888576167e+18
388.118693935, 228.035976848, -367.690066675, -1.93616179389e+17
110.672204898, -435.862192978, 260.296269758, -2.70291258392e+17
73.7852603184, 518.388609418, 519.149893985, -5.76824733136e+17
737.110510245, 147.433372288, -455.27846285, -9.30508964035e+18
-56.9940439265, -107.027704166, -82.0499136191, -1.83797051482e+12
656.589226307, 237.151082567, -255.151745585, -1.3502996359e+18
-3.7441404145, 544.764283727, 9.91967036612, -4.63956191392e+17
452.247186126, 167.244978773, 228.988524164, -4.15100805543e+17
-4.08974536237, 48.655147822, 243.143254211, -5.34279925323e+14
-290.857839308, -29.2487634597, 116.943577728, -1.86919331654e+15
105.330491492, 769.632908796, -220.066848281, -1.25495477435e+19
-322.111347481, 863.583316414, 187.857294927, -1.52160351136e+19
471.01016094, -314.817460898, -321.948638713, -1.1424386169e+18
71.6773215951, 405.330771078, -152.226901928, -8.76149147771e+16
-246.451778167, 10.4153215117, -452.812103707, -1.52406108368e+17
121.355368197, 32.7521180902, -265.900462972, -2.49200256773e+15
-131.870816603, -205.73877489, -674.793590436, -1.24960809651e+18
433.142371296, 110.9210217, -589.782151224, -4.08630947771e+18
472.968022973, 452.074440477, 462.049806644, -4.90185412485e+18
-95.938642175, 575.146022806, 65.3684536697, -6.31726999397e+17
-463.51107634, 465.073499473, 144.130902568, -3.96939869774e+17
176.728557602, 621.526755536, 33.2048430935, -1.20791517251e+18
-256.461829627, 416.398747835, -296.047123072, -3.63521663225e+17
411.742700998, -321.977801154, 212.975516707, -1.40239042605e+17
-137.310072534, -461.046164699, -327.215590402, -6.18518721303e+16
304.960325472, 63.5123908298, -213.024658703, -1.239129867e+16
-57.0622214057, -243.975564789, -566.21020252, -3.94307362182e+17
206.31602238, -527.623590201, 408.11793185, -1.93656168686e+18
256.573651244, 463.447675631, -518.71746857, -9.89796955883e+17
-242.440500428, -105.65017667, 11.874424796, -6.67989777883e+14
362.937352813, -43.441323193, 220.557165334, -5.74779515881e+16
-595.455407486, 27.3712467421, -341.281164313, -2.86488398688e+18
474.872608006, -816.278896648, 363.845275081, -4.26312002126e+19
-419.9454376, 689.369461118, 832.451510202, -1.13282800268e+20
315.181521871, 77.3113462148, -131.30122833, -4.03008127105e+15
-496.888593265, -536.375790144, 144.628116975, -1.35373091441e+18
581.724817402, 750.395563745, -396.47401022, -1.7938836434e+19
-281.713843572, 188.64743229, -215.037648057, -1.27620223701e+16
127.977122986, 271.086344137, 395.413379656, -4.34713503917e+16
345.193714207, -467.139035391, 321.38961493, -9.43842406395e+17
130.488383011, -436.820584323, 382.449631315, -4.69235890902e+17
594.557761771, -74.6056500319, 21.1529635172, -2.98815366771e+17
-32.8830028427, -544.088314174, 791.155397164, -6.65826312124e+18
2.60529808267, 94.8227433489, -59.0438016576, -290554.665974
64.0489260672, -84.6799646469, -13.057829446, -302468.587604
232.700895192, 719.656850733, 219.537917783, -2.56357479494e+18
-708.05558756, 351.851591728, -148.578307863, -1.64639852873e+18
-398.872059959, -146.626041981, 49.44457364, -2.59158431742e+16
-447.732404615, -251.412536517, 624.389610808, -4.5476989921e+18
541.183482685, 276.28463219, -715.283372022, -1.59372028708e+19
-670.77315873, 636.443208067, -201.845479735, -9.63733891675e+18
-315.113185831, 96.0496854956, 310.399887543, -1.17623626676e+17
-61.1792999551, -467.629126756, 427.34265119, -6.77819822621e+17
282.254019887, 56.9963247111, 387.640639094, -1.39700262804e+17
337.118391135, -18.5807846606, -290.069569764, -8.67885481882e+16
-605.959911461, -107.098322957, 442.721180127, -3.49767444208e+18
18.0346457692, 814.467526762, -248.422415466, -2.11630953137e+19
107.832308762, 350.074845084, 647.723490574, -1.49623966898e+18
-254.559019237, 135.777341384, 326.914835288, -9.40237279318e+16
-201.534313828, 81.1180509663, -244.497266858, -4.04222003261e+15
-346.946334683, -49.5378259706, -25.3878711001, -8.04006161193e+15
23.9555788691, -336.455515155, -136.861254155, -4.4011703027e+15
-374.702344704, -61.5355792111, 529.340652001, -1.73776096967e+18
-202.737635441, -370.520358389, 239.579777127, -6.51848171399e+16
619.271430083, -312.683520644, 373.403646774, -3.15325257749e+18
310.425856554, 567.229356458, 549.812598324, -2.52604841914e+18
30.6247517119, 117.606523816, -79.8204127538, -7.82347587598e+12
-445.498260272, -51.197724335, 24.6369245345, -3.93909538905e+16
-66.9409138139, -2.61847730194, -703.923251575, -1.07619292011e+18
-158.29183447, 232.291164883, 307.467615664, -3.76270758015e+16
-465.383892859, 742.006029995, -307.166681705, -2.08584934813e+19
-299.837581324, -75.0191589561, 85.3851757466, -1.83013304845e+15
-507.221926019, -486.146093591, 236.837924501, -9.40308469053e+17
570.186733809, 130.35853113, -152.276721932, -3.124292469e+17
-631.494673163, -776.782307136, 210.070553422, -1.92516695988e+19
656.887727579, -633.848539586, -337.074399591, -1.14599113874e+19
-317.891713726, -220.585809493, -214.104501874, -6.57283202672e+16
34.8372638337, 1.78656980513, 97.136656019, -174077.484483
486.638888408, 215.854428012, -39.0517109708, -1.65196268881e+17
-116.757258232, -277.174152986, -521.653940684, -2.29739319726e+17
-349.657515929, -92.4182726653, 350.739575666, -1.51995844944e+17
-220.277720045, -374.298874598, 546.383857282, -5.07450595865e+17
-208.894631102, -108.249564224, -145.408661959, -1.97246152392e+15
-366.236749419, 198.483228723, 131.211319464, -2.05370473863e+16
401.890096503, 127.77823529, 67.1428919031, -4.95640249528e+16
-392.302908562, -318.173400502, -174.227657764, -2.2692850863e+17
-92.9033871147, 32.6013293166, -119.393333597, -1.06314812519e+13
304.500909899, -430.472440543, -24.0642571375, -1.0941233862e+17
-133.014605526, -53.1035008897, -144.140969009, -1.60595505394e+14
435.777525999, 237.227213666, -7.17509061133, -9.97432186048e+16
188.553503448, -411.433907799, -479.680731503, -9.64257635912e+17
-565.535679396, 716.989776953, 239.077203877, -6.92505363371e+18
-219.661522723, 226.066376516, -140.496609041, -4.20887649611e+15
103.75156824, -389.830197423, 442.569132115, -2.90298734473e+17
-182.505023537, 374.610495622, 179.508432423, -2.06320441438e+16
326.415454678, 108.395235439, -778.711820846, -1.16205308454e+19
-74.6791386211, 474.58436472, 217.751186986, -7.29994619057e+16
82.4666232301, 30.5154329881, 258.678851959, -7.09682126812e+14
-564.024187651, 325.746979952, -254.04071898, -8.43232197881e+17
-282.565504687, 75.7225649798, 44.7848124855, -6.13040516159e+14
563.250344738, 571.546323858, 147.762419218, -4.25307113733e+18
687.745473714, 370.993293538, -7.39307835642, -3.85262262238e+18
752.906977428, -178.661110228, -393.96351283, -1.15818688139e+19
246.090237412, -391.845062322, -68.1771294499, -3.77582223283e+16
-527.867676022, 709.547901824, -561.215061746, -3.55140975984e+19
164.734852467, -181.429163096, 141.927648416, -7.52290947058e+14
-450.25394497, -57.9046562016, -104.606542826, -1.06851073097e+17
-244.942789694, -262.123793092, -263.379042107, -3.75106473041e+16
-265.593689728, 195.974276987, 459.263298542, -7.36961084871e+17
155.147749818, -180.97370021, 77.3017264574, -3.15569333407e+14
45.7468014499, 463.644572617, 32.9029122068, -1.12586056685e+17
256.72680051, -22.3421217836, -690.539891122, -4.8387538119e+18
-498.066859395, 501.658447006, 235.557794617, -1.14453374602e+18
70.848608357, -140.979241093, 7.56144576729, -1.2732241909e+13
-134.842424022, -164.680641697, 146.904886552, -1.8802378447e+14
-562.381413867, -484.781998964, -366.035062494, -7.41248078891e+18
-15.3404398106, 645.755366845, 248.398764783, -8.72593560514e+17
-145.217601068, -506.964733927, -396.817410739, -1.5800009935e+17
9.41150751195, 495.532165695, 127.538725538, -1.33827087977e+17
-431.870004554, 32.0293812052, 325.639459561, -3.61677994714e+17
-754.06412027, -528.475190099, 113.496041592, -9.74947033735e+18
215.150744987, 3.17113567181, -81.4811797299, -1.83612198355e+14
-721.267641672, -404.372467362, 583.993157874, -1.41433966179e+19
-144.910499746, 369.890415719, -281.982063374, -1.2070533838e+17
-446.90297791, -44.0422244417, 434.876708619, -1.14264734092e+18
315.217295427, -295.448768936, -592.199826247, -5.1444611953e+18
404.263137055, 757.505970864, 167.852751798, -5.90013236087e+18
-277.66783333, -50.2085603178, 587.479750334, -1.72412898918e+18
469.944920718, -795.624451134, -204.095112434, -9.52914920948e+18
366.524017826, 210.878485879, 280.230727779, -2.291292791e+17
-160.122602987, 96.1117117927, -263.448196997, -2.30962261025e+15
-357.259083467, 99.8805995011, 458.87112003, -1.10582775805e+18
249.798719899, 514.09231096, -0.723227654168, -3.20545397422e+17
164.321653226, 736.883733288, -830.38180114, -3.79560488771e+19
-320.48833425, 63.4632495166, -395.583374816, -1.95980759642e+17
179.443610291, 400.224303228, -253.801146073, -1.19804700932e+17
-571.469314898, 189.156524125, 349.397853943, -2.25648330192e+18
-312.313113736, -0.702090234391, 263.827772144, -3.88387360482e+16
25.8100710688, 37.5172612726, -1.70362528698, -28568.68503
198.419759703, 83.3280097138, -44.4526970671, -9.64872204493e+13
-47.0962672351, -487.961616764, -196.402975425, -8.54843035228e+16
351.146836687, 291.109491017, 226.509216476, -1.57615937696e+17
170.707085938, 533.980040068, 206.134104737, -2.09058309296e+17
-362.320999063, -333.852754833, 102.616520772, -5.35933453081e+16
615.757680076, -430.95208028, -349.143629923, -5.659728242e+18
490.383064491, -529.358649155, 372.03205193, -3.66981522517e+18
-430.087738976, -286.174650207, 373.771080583, -2.85708362195e+17
-521.490997201, -352.886447833, -573.43294759, -1.17422200333e+19
28.5258505658, 244.329404433, 759.58889166, -4.49821027503e+18
238.644629195, -750.002181757, -140.140900267, -4.75849544007e+18
388.007916721, -285.973197398, -113.177699152, -3.74800599253e+16
-418.627083804, 133.80323, 5.87157486545, -1.21058860368e+16
-569.715121743, 413.282485071, 446.828850287, -8.75445917051e+18
-118.266884895, 596.423210852, -56.7112276445, -1.31313152115e+18
-403.437822091, -277.740239464, 814.516309357, -1.72149636501e+19
259.394640295, 371.358406142, -340.173156565, -1.18615335379e+17
451.069158814, 181.656555232, 155.66547781, -2.53609927393e+17
-192.244259138, 10.6839717343, -340.738825848, -1.73680516546e+16
-178.621631617, 186.817579882, -73.4878858715, -5.6909863435e+14
-241.308379434, -13.5291773228, 133.269368586, -9.47503634034e+14
148.989805275, -368.299363825, 295.24651714, -1.14700848388e+17
411.977830563, 533.672234537, 407.942662291, -2.4869541665e+18
417.976927195, -576.991472742, -202.170671134, -1.0076734885e+18
-22.8582226271, -271.970309237, 11.0822484072, -1.85976484524e+15
569.678371746, 482.569421977, 273.071080005, -5.0963650323e+18
-142.507744197, -144.162185531, -536.214262665, -2.09191563454e+17
-173.418917973, 629.584755217, -553.197631233, -9.19482187526e+18
-20.9788935742, -584.717565086, 254.65826022, -1.82424916966e+18
-219.282037665, -425.570586249, -33.5823713769, -6.50508379859e+16
250.55767257, -303.093394523, 224.028467898, -3.71095899771e+16
-334.919212422, -503.724968678, 494.993350637, -1.51318645112e+18
68.4786981676, -857.479549602, 25.0116208469, -1.89686788104e+19
-263.284326902, 12.6881965331, -543.753879112, -4.68451967391e+17
-425.662480822, -105.049902781, 413.523541152, -6.43464857653e+17
-505.498233113, -465.719874253, -344.503152276, -3.72543311225e+18
813.426869639, -629.096034253, -355.650911344, -3.03491832085e+19
413.638885684, 671.445628614, -410.591708929, -7.43852143896e+18
-328.396688397, -183.803429171, 391.519543301, -1.60377623901e+17
38.6065047515, 216.822876923, -432.705258331, -2.06248704447e+16
415.715054517, 308.523758774, 278.445181708, -5.79858009446e+17
673.839047815, -372.915647827, -246.843911127, -3.1267210005e+18
-82.457824702, 429.608883417, 154.616784713, -3.8640743475e+16
-256.700839278, -544.651129642, 190.553432123, -8.64088788643e+17
631.859423266, 40.5196909247, 211.496396651, -2.07036126182e+18
-610.414751934, 288.742198136, -475.381212319, -5.8261985348e+18
647.863987902, 590.705157457, 174.890021827, -1.02617400053e+19
317.105899959, -91.3452091212, 123.190037133, -6.40102036054e+15
-53.3841672393, 366.421104526, -238.870202242, -7.48433001372e+16
-225.524084801, 267.220554134, -52.5163205864, -5.46740885602e+15
-256.463793832, -589.567340919, -111.79700728, -6.88018311434e+17
27.8003705684, -78.9520774693, -315.091502887, -4.22172328527e+15
352.546947327, 302.337492499, 334.837396475, -3.91034969158e+17
-380.422042083, 238.522816486, -254.943486117, -9.36518661226e+16
-747.772338917, -159.223822003, -389.158342019, -1.98907954619e+19
-743.207323828, -251.739308132, 84.1087802934, -3.57464392748e+18
-417.957521596, 700.811288468, 225.32855006, -3.52029299073e+18
-291.978229657, -306.481187009, -603.372568331, -1.83828371375e+18
277.302889563, -67.6048049914, 120.017959962, -2.79439774642e+15
-35.7648002347, -191.992556324, 471.101926492, -4.29230141594e+16
372.493640627, 395.716044532, 341.590098721, -6.96629273022e+17
385.878160554, 620.83325544, -465.679829877, -5.02179761806e+18
195.881591895, -392.778852419, 634.073222915, -1.09987116685e+18
-486.546726298, 265.676847703, 730.246955681, -3.72258416547e+19
176.984588528, 636.962854214, 131.562231652, -1.11089736997e+18
119.677241175, -0.460751408154, -218.692669946, -9.14920389769e+14
-219.041150416, 547.547438089, 106.250191096, -4.32842381248e+17
-382.767588542, 259.027204434, 515.65330897, -3.54494802185e+18
54.3372657193, 184.449966019, -209.999526578, -6.13677858388e+14
424.317677674, 250.89628068, -48.570096991, -7.54955169739e+16
18.5512492039, -254.96141579, -764.685431025, -5.09627242768e+18
414.926609795, 333.33060824, -271.855168134, -1.25009186963e+17
-141.442944016, 271.288556717, 115.400701606, -1.60404750277e+15
