-0.49969505671, -4.01259707709, -4.88089687816, 0.0
-0.49969505671, -4.01259707709, -4.88089687816, 0.0
-0.49969505671, -4.01259707709, -4.88089687816, 0.0
-0.49969505671, -4.01259707709, -4.88089687816, 0.0
-0.49969505671, -4.01259707709, -4.88089687816, 0.0
-0.49969505671, -4.01259707709, -4.88089687816, 0.0
-0.49969505671, -4.01259707709, -4.88089687816, 0.0
-0.49969505671, -4.01259707709, -4.88089687816, 0.0
-0.49969505671, -4.01259707709, -4.88089687816, 0.0
-0.49969505671, -4.01259707709, -4.88089687816, 0.0
-0.49969505671, -4.01259707709, -4.88089687816, 0.0
-0.49969505671, -4.01259707709, -4.88089687816, 0.0
-0.49969505671, -4.01259707709, -4.88089687816, 0.0
-0.499694638954, -4.01259709446, -4.88089688948, -4.59872996075e-11
-0.499696408731, -4.01259708049, -4.88089645004, -5.02664307129e-10
-0.49969685541, -4.0125971176, -4.88089553792, -1.26456874388e-09
-0.499696334148, -4.01259535762, -4.88089608854, -1.31897329914e-09
-0.499694959378, -4.01258826421, -4.88089661381, -1.96935891689e-08
-0.499747805208, -4.01262355671, -4.88108293509, -9.62930282361e-06
-0.499691970668, -4.01207872979, -4.88087212202, -6.80322879066e-05
-0.498392375528, -4.00979585665, -4.87679021588, -0.00669149646282
-0.499961743352, -4.01249866214, -4.8869945067, -0.0094045274087
-0.505474122678, -4.01237683954, -4.90339247046, -0.137101012609
-0.494649142938, -4.01458184434, -4.91244768153, -0.257427604436
-0.49803045352, -4.12023072388, -4.90214140404, -3.23149973538
-1.47570703313, 3.61562971968, -4.99962729289, -3.74738957913
-0.523243242983, 4.93210361833, -4.99952092783, -290.898921968
-1.47574167997, 3.61564803326, -4.99983659522, -3.68785092021
-1.47574169483, 3.6156480589, -4.9998366301, -3.68799632554
-1.47620201821, 3.61582381414, -4.99984412866, -3.73872142697
-1.47574131241, 3.61558515766, -4.99985405466, -3.70040502745
-1.47574167536, 3.61566080829, -4.99983537258, -3.69682865596
-1.47574171897, 3.61564807813, -4.99983679091, -3.68814629926
-1.47574132047, 3.61564784112, -4.99983684258, -3.6889417447
-1.47573968332, 3.61564707353, -4.99996914519, -3.73983718524
-1.42680424294, 3.84311821917, -4.99999054446, -77.4463954553
-1.47574516142, 3.61573832489, -4.9998219655, -3.68936762785
-1.47574515877, 3.61573831849, -4.99982195735, -3.68943366102
-1.47574519645, 3.61573826043, -4.99982164703, -3.68990261537
-1.47574299231, 3.61573379163, -4.99981931377, -3.69039489778
-1.47574274218, 3.6157445015, -4.99981757526, -3.69292887908
-1.47622783576, 3.61576613039, -4.99999996871, -3.69928931039
-1.47592979519, 3.6157189215, -4.99999997256, -3.73320331748
-1.47622783846, 3.61576613077, -4.99999997357, -3.69930970336
-1.47629746074, 3.61576047444, -4.99999999731, -3.7037260924
-1.47622783884, 3.6157661305, -4.99999997327, -3.69929736255
-1.47622785477, 3.61576613533, -5.0, -3.6993102966
-1.47622785577, 3.61576613557, -5.0, -3.69931263172
-1.47622785584, 3.61576613639, -5.0, -3.69931933492
-1.47622785565, 3.61576613532, -5.0, -3.6993200807
-1.47652194558, 3.61576519818, -5.0, -3.74943887528
-1.47622785748, 3.61576613555, -5.0, -3.69932337024
-1.47657963669, 3.61577224148, -5.0, -3.770227611
-1.47622250586, 3.61576814152, -5.0, -3.70578240354
-1.47622785827, 3.6157661406, -5.0, -3.69935835036
-1.47622720393, 3.61576614619, -5.0, -3.69986972113
-1.98907746976, 4.55914086279, -4.97048940265, -186.564337457
-1.46353832722, -4.92749357131, -4.76460971674, -127.927206792
-0.933669485768, 4.03984132405, -4.85828566011, -138.400602941
-0.652868824638, 4.99994926547, -4.86532515927, -271.703154289
-1.19064122365, -4.92504203158, -4.96536857958, -119.188787995
-0.499695059927, -4.01259703978, -4.8808968779, -5.05360916364e-13
-0.499695038253, -4.01259707795, -4.8808969118, -5.05364360045e-13
-0.499695029304, -4.01259704589, -4.88089687186, -6.73814509987e-13
-0.544354544458, 4.92620431922, -4.91245416875, -267.971523071
-0.499695063188, -4.01259710381, -4.88089687254, -1.68454479381e-13
-0.499695061417, -4.01259709298, -4.88089684079, -3.36908677233e-13
-0.499695065497, -4.01259708881, -4.88089687748, 0.0
-0.499695032702, -4.01259710981, -4.88089687701, -5.05363736326e-13
-0.499695052413, -4.01259708787, -4.88089690611, -1.68455181662e-13
-0.499695061931, -4.0125970897, -4.88089695103, -1.34763747909e-12
-0.49969505484, -4.01259706736, -4.88089688329, -1.68454187814e-13
-0.499695075517, -4.01259708681, -4.88089689497, -1.68455089822e-13
-0.499695033669, -4.01259696327, -4.88089686842, -4.04288060877e-12
-0.499695068232, -4.01259709923, -4.88089687579, 0.0
-0.499695066385, -4.01259423381, -4.88089691082, -2.05575395461e-09
-0.499695053151, -4.01259707612, -4.8808968902, -1.68454630419e-13
-0.499695081005, -4.01259707863, -4.88089690897, -3.36910215355e-13
-0.49969507332, -4.01259708128, -4.88089687266, 0.0
-0.499695066467, -4.01259709665, -4.88089687579, 0.0
-0.499695060505, -4.01259710611, -4.88089684957, -3.3690903114e-13
-0.499695059137, -4.01259711717, -4.88089691364, -6.7381896851e-13
-0.499695070264, -4.01259708547, -4.88089686037, 0.0
-0.49969507193, -4.01259709483, -4.88089685836, -1.6845455446e-13
-0.499695065066, -4.01259720668, -4.88089687828, -3.70601333641e-12
-0.499695059929, -4.01259708456, -4.88089687196, 0.0
-0.499695055867, -4.0125970781, -4.88089688251, 0.0
-0.499695045659, -4.01259709293, -4.8808968708, -1.68454374195e-13
-0.49969507232, -4.01259707888, -4.8808968772, 0.0
-0.499695060904, -4.01259708612, -4.88089682648, -6.7381456562e-13
-0.499695058518, -4.01259708412, -4.88089692919, -6.73819617341e-13
-0.499695055712, -4.01259708703, -4.88089688545, 0.0
-0.49969507277, -4.01259709283, -4.88089687665, 0.0
-0.499695072433, -4.01259707499, -4.88089686448, 0.0
-0.499695043006, -4.01259709019, -4.88089689436, -1.68454712306e-13
-0.499695064327, -4.01259710979, -4.88089689665, -1.6845486794e-13
-0.499695070784, -4.01259677522, -4.88089689591, -2.42570738333e-11
-0.499695070539, -4.01259709506, -4.88089681004, -1.17917391978e-12
-0.499694814311, -4.01259711305, -4.88089655361, -4.27871236533e-11
-0.499695117009, -4.01259708538, -4.88089689331, -6.7381942142e-13
-0.499695068221, -4.01259708153, -4.88089689254, 0.0
-0.499695071114, -4.01259698351, -4.88089689046, -2.69525439443e-12
-0.499695088255, -4.01259711428, -4.88089688427, -3.36909498954e-13
-0.499695076854, -4.01259710288, -4.88089688058, -1.68454668864e-13
-0.499695242616, -4.01259709589, -4.88089686163, -8.08583069228e-12
-0.499695031754, -4.0125970976, -4.88089686871, -3.36908933723e-13
-0.499695135293, -4.01259705065, -4.8808969484, -2.86371429297e-12
-0.49969507903, -4.0125970979, -4.88089695744, -1.68454998013e-12
-0.499695058847, -4.01259708807, -4.88089688905, 0.0
-0.499695058523, -4.01259708899, -4.88089688134, 0.0
-0.499695062067, -4.0125970905, -4.88089704368, -6.90658881121e-12
-0.499695073183, -4.01259718635, -4.88089690625, -2.86373663735e-12
-0.499695035088, -4.01259708012, -4.88089687528, -1.684541774e-13
-0.499695055366, -4.0125970327, -4.88089688022, -6.73814495709e-13
-0.499695078819, -4.01259708374, -4.88089687828, 0.0
-0.499695062972, -4.01259708586, -4.88089687595, 0.0
-0.499695213621, -4.01259704951, -4.88089687846, -5.89590213868e-12
-0.49969506089, -4.01259708504, -4.88089687516, 0.0
-0.49969506455, -4.01259708479, -4.88089687542, 0.0
-0.499695062876, -4.01259708471, -4.88089687798, 0.0
-0.499695086821, -4.01259708012, -4.88089685557, -1.68454043928e-13
-0.499695037633, -4.01259706134, -4.8808968683, -3.3690735504e-13
-0.499694923019, -4.01259609758, -4.88089691351, -2.51833287506e-10
-0.499695046077, -4.01259716867, -4.880896903, -2.02145410398e-12
-0.499695061625, -4.01260068603, -4.88089695409, -3.28137840582e-09
-0.499695001574, -4.01259708921, -4.880896826, -1.68453508823e-12
-0.49969497224, -4.01259700932, -4.88089668036, -1.3476123773e-11
-0.499694359216, -4.01259720936, -4.88089738692, -1.95573594122e-10
-0.499695064344, -4.0125938617, -4.88089685365, -2.62712475812e-09
-0.499691302064, -4.01259259188, -4.88089638177, -8.74867565167e-09
-0.499695782163, -4.01259811537, -4.88089657145, -4.22322399614e-10
-0.499693238415, -4.01259710171, -4.88086427633, -2.69586557291e-07
-0.499695010283, -4.01259734601, -4.88089682441, -1.8698538457e-11
-0.499695017725, -4.01259589048, -4.8808964501, -4.07653178654e-10
-0.499695127278, -4.01259707724, -4.88089686788, -1.01072839295e-12
-1.07384893445, 4.9991378473, -4.95747991781, -234.348610605
-0.499708929472, -4.01259718614, -4.8808975517, -4.87253379499e-08
-0.969136473251, -4.92259969141, -4.95072699656, -101.885836193
-0.499695059429, -4.0125969846, -4.88089686855, -2.52679565693e-12
-0.499693803744, -4.01259687086, -4.88089709268, -4.2567811779e-10
-0.295453462662, -4.72182148491, -4.9600126577, -77.1154033297
-0.504792999909, -4.00974068672, -4.88298845153, -0.00981482265352
-1.99154831643, 4.99900470098, -4.93264399117, -231.672082604
-0.499695812973, -4.01259493491, -4.88089793622, -1.59337173703e-09
-0.8584363608, -4.90000860969, -4.91401440122, -107.733075438
-0.332043814339, 1.3692316135, -4.85085103207, -897.214549911
1.46579266488, 0.94730730588, -4.88848347707, -1681.66082516
-1.01681155295, 4.90851744068, -4.99629547543, -256.656115923
-0.499695054819, -4.01259708881, -4.88089687342, 0.0
-0.491874497124, 1.23504069231, -4.87153639934, -862.63342045
-0.499695058628, -4.0125970252, -4.88091395273, -7.37291697032e-08
-0.49969507736, -4.01259709322, -4.88089688655, 0.0
-0.499695071642, -4.01259706961, -4.88089687442, 0.0
1.25973215913, 4.91175883513, -4.92612367961, -762.095184689
-0.499695059614, -4.01259768773, -4.88089687889, -9.19771409164e-11
-0.499695058015, -4.01259708627, -4.88089688204, 0.0
-0.499695077352, -4.01259709322, -4.88089688655, 0.0
-0.499695081956, -4.0125970769, -4.88089683366, -5.0536062349e-13
-0.499695058917, -4.0125970709, -4.8808968792, 0.0
-0.499695056384, -4.01259707565, -4.88089687815, 0.0
-0.499695334028, -4.01259701679, -4.88089688344, -1.93720736651e-11
-0.499695053022, -4.01259653688, -4.88089690544, -7.61395407382e-11
-0.499695062495, -4.01259708909, -4.88089688214, 0.0
-0.499686666205, -4.01259707001, -4.88089685515, -1.78405825996e-08
-0.499695056708, -4.01259707704, -4.88089687816, 0.0
-0.499695056712, -4.01259707709, -4.88089687816, 0.0
-0.49969505671, -4.01259707709, -4.88089687816, 0.0
-0.499695681132, -4.01259715319, -4.88089687061, -9.70299554152e-11
-0.499695074259, -4.01259707473, -4.88089691238, -3.36910184987e-13
-0.49969505671, -4.01259707709, -4.88089687816, 0.0
-0.499695056709, -4.01259707709, -4.88089687816, 0.0
-0.49969505671, -4.01259707709, -4.88089687816, 0.0
-0.499695056736, -4.01259707709, -4.88089687742, 0.0
-0.499695076845, -4.01259708167, -4.88089689088, 0.0
-0.49969505671, -4.01259707709, -4.88089687816, 0.0
-0.49969505671, -4.01259707709, -4.88089687816, 0.0
-0.49969505671, -4.01259707709, -4.88089687816, 0.0
-0.499695056705, -4.01259707709, -4.88089687817, 0.0
-0.499695028103, -4.012597051, -4.88089679668, -2.3583385706e-12
-0.49969505671, -4.01259707709, -4.88089687816, 0.0
-0.49969505671, -4.01259707709, -4.88089687816, 0.0
-0.49969505671, -4.01259707709, -4.88089687816, 0.0
-0.49969505671, -4.01259707709, -4.88089687816, 0.0
-0.499695056757, -4.0125970778, -4.880896878, 0.0
-0.49969505671, -4.01259707709, -4.88089687816, 0.0
-0.49969505671, -4.01259707709, -4.88089687816, 0.0
-0.49969505671, -4.01259707709, -4.88089687816, 0.0
-0.49969505671, -4.01259707709, -4.88089687816, 0.0
-0.499695056701, -4.01259707714, -4.88089687816, 0.0
-0.49969505671, -4.01259707709, -4.88089687816, 0.0
-0.49969505671, -4.01259707709, -4.88089687816, 0.0
-0.49969505671, -4.01259707709, -4.88089687816, 0.0
-0.49969505671, -4.01259707709, -4.88089687816, 0.0
-0.499695056707, -4.01259707709, -4.88089687816, 0.0
-0.49969505671, -4.01259707709, -4.88089687816, 0.0
-0.49969505671, -4.01259707709, -4.88089687816, 0.0
-0.49969505671, -4.01259707709, -4.88089687816, 0.0
-0.49969505671, -4.01259707709, -4.88089687816, 0.0
-0.49969505671, -4.01259707709, -4.88089687816, 0.0
-0.49969505671, -4.01259707709, -4.88089687816, 0.0
-3163.8341781, -2754.15861339, 3380.64140387, -6.23855578967e+24
-4371.8124425, 6270.15155259, 1715.73584143, -1.78429617429e+26
5784.76973753, -1294.8264053, -4271.42623417, -4.29426121937e+26
2160.9285587, -6516.04012579, -1240.5933824, -1.58343826524e+26
673.663238896, 160.426751895, 1131.41516154, -3.61037997968e+20
-4149.81111303, -2130.13850933, -2615.91761934, -3.81440370383e+25
-642.497691364, -257.615400997, 7613.17759211, -3.2976425803e+26
-900.485680522, 7347.61353427, 189.323926561, -5.11833883294e+26
7337.39509833, 2735.58050061, -1043.75450182, -3.32993349712e+26
2826.53344172, -4660.34745207, 3997.35827026, -1.1083871852e+26
-380.997630385, -1832.48974521, 3745.97150859, -7.07726201142e+23
1173.62599672, -2598.74054393, 5584.89590838, -1.49571121931e+25
2612.33230267, -1015.67684162, 4866.42829295, -2.26320183687e+25
5908.39665016, 1730.90854615, 374.940426483, -7.68604557488e+25
-4734.31010974, -4763.85621552, 1298.43438865, -6.56782456174e+25
2883.73842373, -3990.24042294, 5657.55137885, -1.2579139701e+26
7429.12969767, -1074.60135303, 3251.01595411, -8.57556745469e+26
919.373436513, 3800.7106333, 3834.10199394, -4.62813664359e+24
-8972.98124554, 2345.38166634, -2507.51040141, -1.67527254928e+27
4728.8965651, -2529.61232842, 276.278281072, -4.07293165129e+24
-3968.84317214, -2293.51659957, 757.648450069, -3.81104187419e+24
95.8792159726, 1692.18309625, -2985.56104193, -1.31419331565e+23
-3467.15990702, -972.706790494, 2950.97604986, -6.66149981e+24
-5112.76682884, 3813.2813632, 4674.11274358, -6.84533672197e+26
4142.55076476, -4085.4398354, 7315.88614259, -7.53812762634e+26
3217.85740154, -5408.32755527, 7432.20520187, -1.01087223812e+27
5685.14774021, -392.633452252, -3700.73326365, -1.92677434859e+26
3503.15023655, -253.291837106, -4799.08244106, -1.07181100157e+26
2379.89285746, -1305.21814881, 579.490785584, -3.25883458438e+22
-6340.53471216, -1869.21739364, -68.4274414508, -1.18259422198e+26
1850.0898422, -70.6157101857, -805.967785932, -7.15907837571e+21
-1522.3333258, 2324.07893195, 4182.54133011, -1.95153654064e+25
-3902.56549627, -254.489966838, -543.023359071, -2.14688090223e+24
787.725043141, -2739.6245082, -801.461455914, -1.22372748974e+23
-51.7503002633, -3293.86548397, 565.063910973, -1.15901656871e+24
-1648.84824034, -3236.3205729, -2166.90807156, -8.36133366227e+23
-281.874362134, 7492.80649745, 395.390499339, -5.48445989583e+26
-1319.19603015, -1379.75546326, 3211.6644255, -6.21416939039e+23
-437.141868144, -3231.72983561, -5770.2158266, -6.40677475515e+25
-3505.13871823, 7046.16750206, 2228.8927461, -2.98033665256e+26
3619.54501486, 129.206258486, -2853.36953954, -9.32717117772e+24
-3625.07854718, 4846.98283054, 3690.27055325, -1.29938567701e+26
3889.61053784, -974.095048902, -3007.72359221, -2.21452026222e+25
666.598361685, -6073.37118407, 6756.6925217, -8.88399935447e+26
799.466741503, -2705.78135306, 297.20050974, -2.50290687437e+23
-2958.41933763, -8266.82309899, -1110.55657731, -1.0456168279e+27
-2039.20025344, 1618.59704407, -243.500144724, -1.83080343965e+22
464.836232938, -447.959925112, 3272.89127942, -1.9564436902e+23
-6536.00296818, 4108.62047188, -3894.85923222, -5.2352220205e+26
428.590249288, 4484.21016844, 7510.05517678, -5.91418339338e+26
2670.59003564, -1372.79671377, -3010.83138649, -7.27798210254e+24
-2942.61002975, 8687.9165781, 5265.68406797, -1.53545786304e+27
4138.05010649, 3077.24069777, -8144.52808199, -1.68045816731e+27
-121.633111485, -7447.30530763, 4020.1944725, -1.56403364668e+27
2566.01757555, -2595.8977106, 7357.80217773, -2.01094247427e+26
3.07993582225, -184.157755414, 5685.64404047, -2.44535966077e+25
6048.25619998, -2121.20051322, -928.351933987, -2.97599551672e+25
-3398.8475365, 2052.50642235, 423.297775457, -4.1406378015e+23
6233.14142009, 7678.66524052, -1456.12533511, -1.67047803507e+27
3922.44296222, 1513.71026853, 2504.28960041, -2.12446275515e+25
-1946.56461725, -191.692627153, 2658.55682123, -8.11945778856e+23
68.6310775942, 2934.18516975, -3948.03904635, -3.8166987066e+24
6184.61129654, 8736.91040622, 6801.23577851, -9.57356359477e+27
3601.19209405, -2312.93190027, 1454.07505249, -2.13229685028e+24
-3833.60502514, 4455.40457733, 2337.64822135, -3.40802131523e+25
4605.78233079, -2293.98533609, 2520.68802758, -2.34216556243e+25
-3084.02398245, -1123.53517821, -664.140272745, -7.67121495548e+23
4302.96354024, -1484.8653866, 113.617435255, -1.59988617542e+24
7160.8518824, -509.965098761, 3624.3488172, -9.27464476242e+26
4019.03324389, 384.754083035, 7933.93853097, -1.18500981369e+27
2308.87232574, 276.339508398, 1610.44117624, -2.79218363927e+23
-2250.97709123, 3126.63208253, -2697.253838, -5.49118744181e+24
-7871.2553038, 5282.30179969, -8271.15456222, -1.2595129759e+28
-7929.94668312, 3168.02872776, -1161.86532744, -3.0179492017e+26
1789.50403065, 903.310801814, 844.864415021, -2.74464201908e+22
-1437.5158143, -4155.12798225, 5431.87226962, -5.7604189934e+25
-500.053657247, 7453.51660487, 3033.65675621, -2.63969561529e+26
-993.285593666, 3133.11005112, -3050.81259366, -4.15233367684e+24
2492.7588331, 2420.27842412, -6337.87264798, -1.39991560436e+26
-1364.41238463, -1578.92701417, -1646.84305273, -5.24981664505e+22
4660.71386621, 6355.64814013, 1767.89201835, -2.97583319354e+26
1802.0005187, 3748.2797747, -7180.77878042, -2.03852177296e+26
-4657.14206328, -5798.88851803, -6491.3950341, -1.66518498789e+27
-3119.34701605, -6871.65417255, 5352.52434534, -1.13688887873e+27
1637.82870917, 3759.22019205, 6903.48446594, -2.41313756132e+26
-5975.71164782, 1948.31232361, -7258.19367083, -2.51042411357e+27
-786.340460627, 3623.83138167, -2840.69116601, -8.7486756178e+24
3647.79374903, 281.915405498, -631.748085581, -6.55702767884e+23
5789.52067289, -1924.08860106, 3002.24079077, -1.36610052059e+26
6546.60223299, 4041.35731778, 3272.84957309, -1.13855953276e+27
5823.83949183, -3723.90299221, -3191.23645517, -2.94734867228e+26
-5020.05290437, 7035.12433111, 561.720729363, -5.70057175763e+26
2899.357051, -3172.89180347, -4368.93038623, -9.53449132075e+25
8441.05136907, -5468.63167436, -38.41132719, -5.86447505409e+26
-4534.27070558, 1794.50020703, 4210.57777761, -1.87799893557e+26
7263.53571849, 2688.9599673, -5964.45216099, -1.91539845518e+27
-8403.88937044, 1645.13122361, 6663.8244295, -1.07871790824e+28
3630.22887018, -170.485590127, 7625.75336738, -6.81433874539e+26
-907.066408923, 3653.90156739, -5244.55440115, -3.11342050533e+25
2509.14652976, 2105.65940953, 5988.49561082, -1.07704066271e+26
-5704.69410247, -267.386170391, -2221.70698555, -1.10628000221e+26
-6201.34211375, -4520.82843615, -2258.13750427, -6.17317929755e+26
7141.98192179, 3535.90020333, 5634.56351317, -4.74312283516e+27
-3030.20262921, 2798.89001189, 5942.84034573, -4.77200684101e+26
-637.29089095, -2908.21194937, 113.506681879, -3.22746041006e+23
-1141.46672374, -2754.73623447, -2332.80035099, -2.52440972544e+23
-3932.68193971, 4751.05033148, 6871.84122867, -2.53187592137e+27
4915.60218592, 6227.09799161, -8893.17007113, -3.73274942835e+27
-6642.91509706, -1652.04858477, 130.887110402, -1.42646156526e+26
8291.53554787, 816.607076246, -174.383134721, -5.90272933294e+26
-2626.40764755, -3035.77283845, 1454.38041684, -1.38539635885e+24
-4608.58096268, 2001.41530709, 1057.3538401, -5.3949502486e+24
-3084.83154967, 3448.43188839, 1101.31574546, -2.65205135957e+24
329.182765082, 7991.89876095, -4662.04646128, -2.95084729682e+27
7517.33305905, -2293.97011299, -3798.30688525, -1.11437658154e+27
353.064825578, -56.9938857001, 197.677216945, -3.63336988656e+16
1793.03456187, -2699.96713856, 5226.1117418, -1.67065599654e+25
-383.860139017, -761.95099007, 1952.77070413, -5.25173785899e+21
283.174480526, 1079.05330821, -5755.92753871, -2.31060838942e+25
4855.3320454, 2347.3857896, -6660.28611462, -8.46888106095e+26
-1481.10591271, -6942.70060419, 208.153184366, -3.35251801315e+26
3449.04935825, -322.999460787, 1073.63249526, -1.16586564889e+24
5646.49395893, -6526.27509808, 781.44440693, -5.59865492342e+26
-2638.1745162, -984.52997006, -1729.40789783, -9.29277364769e+23
3922.82310612, 1408.27708287, 774.553299483, -4.91716632461e+24
-612.971180533, 69.0824594778, -2881.02714225, -8.7894414577e+22
-7053.9417211, -4020.1572636, -6206.17266448, -6.16733293094e+27
-2894.16607552, 3338.67776802, 8190.83127604, -3.26248716962e+27
-7993.47064801, 1437.58857607, -2956.59106015, -1.10303411078e+27
980.723069152, 2312.60895706, -2346.65406782, -2.87034127894e+23
2966.73913605, -6361.16658041, 1806.68822105, -3.84038662215e+26
37.1832179963, -529.877670079, -1683.45359904, -2.78528795561e+21
-5837.85696773, 2627.04936535, 450.483768613, -1.91382597295e+25
-1907.26592941, -1416.39510735, 3091.57937635, -1.0198564163e+24
7929.13799151, -2896.16568538, -5225.0725531, -4.27655580846e+27
-4839.6281541, 6394.92860551, 2524.43535826, -2.77250280141e+26
7000.23999812, -8506.82698847, 2279.16539579, -5.85892755183e+27
7124.63065696, 2995.69500195, -4229.0685077, -5.14484707019e+26
218.301490307, 5054.7143149, 7722.08855705, -8.70023901935e+26
6751.33958328, 3733.98458521, -305.73133883, -3.21898497084e+26
18.7580585028, 1626.90177016, 3365.98165572, -9.1133777525e+23
-3720.69220101, 1878.97217607, 5198.34381219, -2.88832416082e+26
2137.12968806, -1834.98004961, 506.784141248, -5.03371369044e+22
-6968.51894645, 2279.99722757, -4442.01512455, -1.00423104574e+27
8489.54185221, 5276.78649878, -6676.97301536, -4.63031321355e+27
2787.34575071, 1715.93280528, -1291.02602378, -2.27927791991e+23
-1961.81258367, 445.80827353, 6142.3044262, -1.70821769053e+26
-664.837181147, 454.927265777, 930.00590144, -3.55739991817e+20
750.698767486, -1381.47736407, -1321.92246785, -7.39551289673e+21
-99.3576158059, 6257.2197941, 2068.9252896, -7.37071120324e+25
-961.045693307, 1043.17178324, 2133.99200547, -1.10258270438e+23
-4707.82370428, 2688.45457645, 6314.00602464, -1.64232635023e+27
5306.56950755, 2715.55531169, -5776.68631739, -4.87325940264e+26
-6582.93038567, -1384.27891081, 392.705340073, -1.10547157168e+26
-3296.58602865, 3073.3443482, -8096.09617152, -5.95958568901e+26
3400.92036554, 4834.53932682, -1133.28255249, -3.41406681917e+25
3625.35263591, 19.5327011072, 1100.47574228, -1.96908142545e+24
-326.811597918, -2861.36766558, -2361.51542872, -1.74762260393e+23
3462.52251177, 2171.03368613, -6512.40168593, -3.29830786475e+26
4704.0877637, -3291.66302498, 375.419377432, -7.79252953067e+24
2210.67920147, -476.228532516, 1477.61790095, -1.2765488881e+23
3035.8291899, 653.053699871, 5316.73978779, -7.36494864904e+25
4924.06061308, 67.262517511, -5047.24567087, -3.51876279819e+26
864.72023786, 4899.49285456, -3243.18159115, -6.45222890238e+25
830.50503949, -5990.76260855, -1228.48902855, -6.94954689522e+25
1529.36416512, 5669.58286791, -2136.21880862, -1.24171633548e+26
-2983.84078254, -3268.73320578, -255.22033595, -2.75308079273e+24
496.857879578, 2622.9491225, 146.864348018, -1.18818855098e+23
-4970.07957299, -585.283976436, 2300.4782446, -1.89578915702e+25
-1925.08722122, -1230.54154284, -2350.68647013, -5.58188241805e+23
-64.56172347, -2260.29945114, 3207.33553488, -5.49313801384e+23
-1984.75637607, 3787.26523675, 2999.35901555, -9.43933514207e+24
-1359.6773379, -5166.41114703, -3179.79850248, -1.25714308479e+25
1154.41593598, 1490.55101346, 3718.46303559, -1.63405333633e+24
-207.230670349, -8942.52400761, -4202.03858497, -9.94519335791e+26
7095.93379555, -4535.20672002, 3259.57790673, -5.99923090777e+26
-641.934936903, -6857.29063914, 119.179826921, -2.99224158738e+26
-198.389136106, -5507.62386772, 2356.31294158, -1.13422541628e+26
6001.10037532, 7514.31324635, -8262.16271778, -5.87346121169e+27
-3261.70147979, 1086.02336631, -2550.75761834, -4.14077714145e+24
4339.71570291, -6378.7128728, 2954.20959748, -7.06697173438e+26
4762.83126751, 6101.7185501, 3449.64739796, -4.51749848148e+26
705.06571379, -1371.94564444, -1400.35245232, -8.75180012239e+21
-3036.22769484, -6315.87301116, -714.044077767, -1.40263836213e+26
185.841345808, 5970.09019195, -759.1391555, -1.24102297282e+26
-181.808830094, 4365.66531608, -7558.03806667, -2.30874627662e+26
-2484.99785258, 586.984622822, -232.848803031, -2.75494599251e+22
-1458.38824158, 3105.04224681, -8745.91450798, -4.04586053558e+26
4144.03830687, 2470.23972047, -3921.21081659, -3.18570595083e+25
1162.80423076, -4681.21328537, 2771.21234482, -4.88548593756e+25
812.81660126, 5529.72387461, 5541.20739934, -9.10579527864e+25
7872.94229408, 1570.77001155, -4885.73567734, -1.57373819742e+27
-567.61841628, -1125.67936963, -860.546955687, -2.29491939885e+20
7010.28888221, 2560.1398302, -2750.969083, -2.27227885889e+26
-20.0897861152, 5832.63558725, 99.5890580058, -7.85933039521e+25
4826.38954119, 1798.90751606, 2450.1603065, -7.09821438457e+25
-10.105623524, 499.851099426, 2624.21243139, -7.73126665682e+22
-3126.64736747, -296.396236436, 1280.28108012, -3.64474207392e+23
1155.38388371, 8230.90209725, -2368.104997, -2.12775005875e+27
-3436.48373536, 9229.37872367, 2032.59094079, -2.52316400218e+27
5046.04383685, -3361.66423487, -3437.86725096, -1.91266029007e+26
736.564920846, 4319.22115555, -1649.20200425, -1.44298971855e+25
-2617.60102469, 134.399564507, -4846.11616543, -2.57963175468e+25
1309.79735619, 360.825153083, -2856.40899526, -4.62304611454e+23
-1415.46067966, -2234.03929782, -7206.51578651, -2.25985996894e+26
4652.09264248, 1214.19845021, -6293.15303637, -6.96295632751e+26
5058.3521155, 4807.78153389, 4941.37093237, -8.38603545326e+26
-1028.31843036, 6150.65062787, 653.77416407, -1.07045307323e+26
-4931.41362099, 4982.34415975, 1539.87157373, -6.68983068879e+25
1910.63096256, 6646.61795794, 341.464034266, -2.05657796115e+26
-2734.0209347, 4425.48017769, -3142.48082725, -5.66273078724e+25
4416.2918068, -3425.63042811, 2263.62563991, -2.45625844908e+25
-1478.36350997, -4943.28068876, -3478.3734339, -1.08614355176e+25
3232.01958131, 719.55926675, -2292.92836738, -1.97607178012e+24
-623.353210686, -2579.49320163, -6059.08644018, -7.1970661697e+25
2229.09325915, -5647.0521087, 4371.74661549, -3.45621010972e+26
2760.38302535, 4969.66517055, -5535.56517556, -1.70364740014e+26
-2594.06043566, -1114.32031799, 122.049631258, -1.12276302939e+23
3854.68005196, -458.860164797, 2392.06109182, -9.84638007222e+24
-6365.64259191, 284.924776296, -3645.89125206, -4.87172459145e+26
5076.10560589, -8725.76573428, 3900.10817931, -7.45978975457e+27
-4481.93186345, 7375.27610665, 8893.67852508, -1.9054403363e+28
3353.53606233, 814.252316031, -1432.54608255, -6.59062986362e+23
-5319.71394072, -5733.63333135, 1522.32832254, -2.31389564408e+26
6213.84777578, 8013.90569508, -4221.52346559, -3.02078636795e+27
-2983.52456263, 2038.55684389, -2309.64082717, -2.08267224299e+24
1402.68449597, 2882.90627197, 4208.34381191, -6.91653502673e+24
3706.72264812, -5007.89947915, 3456.09539984, -1.72282081858e+26
1384.33774874, -4689.99953796, 4089.1589524, -8.49630891554e+25
6364.29592962, -827.894267092, 269.216610868, -5.20509381296e+25
-326.343644884, -5820.48243212, 8453.30778089, -1.14053951015e+27
16.4271190044, 975.940283176, -664.248400206, -1.77011237912e+20
688.867506339, -942.421267962, -160.744739951, -5.21638200999e+19
2494.2013744, 7690.39896283, 2347.93422474, -4.34190230742e+26
-7558.57502297, 3779.7337905, -1563.11935047, -2.71717046848e+26
-4273.6613385, -1550.77627924, 485.491409208, -4.52263838285e+24
-4801.60474993, -2672.29157934, 6678.17922738, -7.81366653969e+26
5769.25868935, 2965.34757873, -7639.87572837, -2.68218268834e+27
-7172.15672859, 6804.03778523, -2170.58011209, -1.59977302472e+27
-3366.92161857, 984.930594003, 3332.64521286, -2.0313825825e+25
-658.102690206, -4983.86302013, 4590.48077225, -1.16374947717e+26
2990.01743755, 617.255878728, 4169.10198526, -2.35654286369e+25
3585.16388247, -180.707715271, -3099.19246858, -1.40815408071e+25
-6468.81235411, -1109.88537535, 4719.54874569, -5.99448593917e+26
176.124520517, 8702.25602172, -2644.11997482, -3.54077274809e+27
1171.61210531, 3744.76940074, 6919.6640317, -2.38884672561e+26
-2689.42415106, 1484.54593582, 3481.45572005, -1.53725143675e+25
-2152.34315617, 903.48892557, -2583.96317626, -6.51309864549e+23
-3730.91439583, -563.996952888, -311.27152391, -1.49940860425e+24
288.740179759, -3620.01887697, -1447.35016231, -8.27338756046e+23
-4001.90418481, -644.692196893, 5646.06113962, -2.90577117418e+26
-2158.80132583, -3971.46264959, 2561.34527563, -1.14250067249e+25
6603.70842704, -3370.6202491, 4002.18069021, -5.38389837047e+26
3317.46711518, 6044.3999632, 5866.29004469, -4.22910023467e+26
285.782237715, 1222.55502742, -861.343879241, -1.03396130578e+21
-4746.47523496, -592.564214988, 254.786846187, -6.71398241286e+24
-701.256552636, -73.223157688, -7518.50765283, -1.98318164713e+26
-1730.13273419, 2482.78802098, 3285.60422193, -6.47004440782e+24
-4974.23693633, 7925.36168475, -3309.99982913, -3.46494984478e+27
-3172.71577854, -758.42871238, 934.585602943, -2.94828689419e+23
-5429.79406805, -5197.96123912, 2522.72173118, -1.61397688039e+26
6078.86079838, 1421.55133862, -1614.95300737, -5.17337081072e+25
-6759.3416571, -8305.61800247, 2278.1772477, -3.30449207148e+27
7013.09242243, -6760.08901014, -3588.1626694, -1.89182461837e+27
-3404.27321053, -2373.94399976, -2305.69735041, -1.14227605543e+25
370.057363964, -20.0530948524, 1011.86800056, -3.70287372246e+19
5187.14458582, 2278.16983419, -450.607739278, -2.70291846895e+25
-1269.99322117, -2975.88631047, -5559.58134904, -4.12056999105e+25
-3745.89653067, -973.681696685, 3754.50442975, -2.65853487034e+25
-2351.1114018, -3999.36711866, 5828.28849252, -8.37241135723e+25
-2216.02458832, -1133.66693187, -1572.12353491, -3.23162097649e+23
-3936.90938312, 2111.80340392, 1385.23278908, -3.66612043718e+24
4318.65980733, 1343.22262262, 716.112179853, -8.74952377383e+24
-4198.37307572, -3403.03156758, -1843.5966763, -3.80794700857e+25
-960.658669309, 340.727390736, -1259.1199239, -1.51022664237e+21
3243.20806807, -4604.16767683, -259.669629594, -1.95457595117e+25
-1386.16340731, -538.586370333, -1520.29202278, -2.29701032755e+22
4679.47445797, 2566.00649755, -30.4775353994, -1.83524622366e+25
2004.27941856, -4376.71848955, -5114.52551372, -1.63176170154e+26
-6060.89763982, 7663.07477334, 2569.96187973, -1.17756986199e+27
-2350.7461616, 2396.72086237, -1519.33617282, -6.48617395495e+23
1081.82184048, -4148.76652203, 4731.59284644, -4.9650899183e+25
-1932.42796387, 3985.01270471, 1945.43234399, -3.33629919111e+24
3465.48864052, 1179.07694164, -8327.9269878, -1.99697817758e+27
-799.382814981, 5052.71817469, 2304.50875067, -1.17365670032e+25
916.536520338, 298.313842506, 2787.64554848, -1.19296769195e+23
-6035.02243359, 3451.59266994, -2690.2173587, -1.38749158861e+26
-2988.85287837, 794.096604505, 483.058068649, -1.03138840582e+23
6021.1039388, 6107.77731008, 1555.87306958, -7.26310572606e+26
7340.51156547, 3974.27266381, -110.534589947, -6.49821971159e+26
8042.39240659, -1899.65384795, -4219.53109656, -1.93609512899e+27
2614.47760282, -4161.84087947, -704.929300742, -6.45000605639e+24
-5656.53118797, 7574.84018683, -6001.17440169, -5.88464463295e+27
1762.71898946, -1965.90981652, 1521.70187625, -1.50051615748e+23
-4809.25260404, -625.136676567, -1130.68149987, -1.81887189751e+25
-2604.07087234, -2776.56744172, -2796.9480108, -6.02598755921e+24
-2826.68122268, 2121.40468733, 4911.27859439, -1.2379437519e+26
1632.48848997, -1969.30442943, 868.404189097, -6.81543672696e+22
468.730558774, 4957.65560161, 381.79112061, -1.86569577505e+25
2771.79966577, -275.258359318, -7383.25298552, -8.65860364772e+26
-5320.92561351, 5347.04241312, 2540.78006658, -1.98649805577e+26
715.656755326, -1471.56062037, 67.8250030155, -1.97588543368e+21
-1446.70910842, -1782.97190544, 1533.88687189, -3.29611173219e+22
-5999.58679636, -5183.02811564, -3916.32759363, -1.24437846071e+27
-190.055278557, 6913.47925176, 2686.42975708, -1.47188253179e+26
-1590.94833604, -5420.99232374, -4219.69119288, -2.77617718598e+25
65.4544427156, 5315.3958446, 1392.76295392, -2.2793668977e+25
-4602.75036972, 342.040122714, 3478.0262277, -6.18552295363e+25
-8052.91392329, -5635.74612551, 1230.81327428, -1.63379636488e+27
2296.48929865, -13.445200813, -900.576495005, -3.09814655954e+22
-7704.52745554, -4327.70946051, 6240.10046782, -2.42170683983e+27
-1558.99290127, 3934.72255244, -3019.75384925, -1.91501185382e+25
-4763.21650547, -493.618710353, 4646.24431265, -1.92647229646e+26
3395.3502321, -3136.55213686, -6339.50231918, -9.01573330555e+26
4296.3060242, 8093.5560271, 1762.83130383, -9.99006558708e+26
-2967.38807874, -559.667797017, 6291.39494998, -2.88114163776e+26
5012.92813555, -8500.36339655, -2151.37800399, -1.65359474169e+27
3900.43382061, 2263.81067384, 3017.91359361, -3.92711433071e+25
-1677.70345379, 1001.84205039, -2832.09213248, -3.79304688577e+23
-3837.25427369, 1098.96934282, 4920.19090546, -1.94865928324e+26
2670.48022124, 5482.19280997, 5.0705788219, -5.32123791858e+25
1784.35879636, 7882.68221875, -8877.33172534, -6.43966549029e+27
-3414.12954683, 703.812535425, -4251.2005438, -3.35722969418e+25
1949.61783548, 4275.39576758, -2726.80956602, -2.01666131247e+25
-6123.51004334, 1992.55378857, 3722.38220337, -3.89796034716e+26
-3335.56002714, -31.9278615157, 2815.019653, -6.60461162441e+24
253.013439877, 365.907343844, -40.2548419301, -3.19744616789e+16
2131.40775645, 913.442412107, -502.769039964, -1.71707803702e+22
-535.491242798, -5229.3239822, -2072.17735754, -1.52713835576e+25
3780.80165838, 3090.28709266, 2453.73939271, -2.86339540143e+25
1813.28914928, 5707.58657836, 2185.97099979, -3.54864903103e+25
-3862.61036324, -3568.96479624, 1085.40473723, -9.02018717543e+24
6582.04458371, -4602.17582678, -3749.61727166, -9.57150881701e+26
5256.52942974, -5651.27922509, 3967.99872848, -6.4323813335e+26
-4595.71222482, -3056.14523013, 3995.36676685, -4.91849628022e+25
-5553.56795811, -3745.59156579, -6119.31562572, -1.94756194899e+27
306.156126011, 2638.63081589, 8122.75687971, -7.30241000888e+26
2565.5261365, -8014.42465888, -1473.0933817, -8.32878617723e+26
4128.91385507, -3061.68386849, -1167.62790224, -5.78883489074e+24
-4473.17065072, 1416.81766418, 31.2837641752, -2.10974288051e+24
-6090.99240967, 4396.58569262, 4792.95228893, -1.5245353331e+27
-1238.44207074, 6383.87477065, -565.588163887, -2.17190276222e+26
-4330.26729706, -2950.86963459, 8704.95530303, -2.90969273505e+27
2766.52512731, 3977.06684274, -3650.45352196, -2.03899246334e+25
4826.9384373, 1945.5782729, 1678.66354289, -4.44249941043e+25
-2080.85631252, 155.971218874, -3646.43553862, -3.10476168991e+24
-1893.1422267, 1966.98627376, -811.915328005, -8.09849044276e+22
-2569.99516309, -135.718289574, 1461.3366912, -1.81525174168e+23
1593.0924948, -3949.34521198, 3162.13654635, -2.08990449538e+25
4428.66262922, 5692.55107615, 4338.06326829, -4.30481246838e+26
4444.13054218, -6174.85095154, -2144.24176977, -1.72429353912e+26
-280.590878548, -2905.88451975, 128.672591959, -3.26893621058e+23
6073.61907573, 5147.33886622, 2924.15817293, -8.63000162815e+26
-1514.99208753, -1549.34659233, -5747.52389227, -3.84464916952e+25
-1852.80731783, 6730.9978551, -5900.01498487, -1.52520806421e+27
-196.281290095, -6244.70862531, 2725.56017817, -3.15314756442e+26
-2332.06332389, -4564.7307346, -378.081531668, -1.12963517914e+25
2650.33291194, -3268.56382994, 2414.93285805, -6.9921111968e+24
-3560.83872681, -5364.51073406, 5297.58105901, -2.53595920554e+26
745.978423361, -9163.23867493, 282.692560766, -3.28365790294e+27
-2784.63691694, 100.626183361, -5811.12550929, -7.90190842613e+25
-4546.86483215, -1116.73888682, 4422.98876546, -1.10715604139e+26
-5396.22982458, -4964.62774375, -3692.64125417, -6.26686216087e+26
8689.17420811, -6709.36693311, -3820.71957162, -5.1127973031e+27
4405.78280751, 7179.51937383, -4397.27972815, -1.26497223097e+27
-3495.99765035, -1973.78387356, 4210.59699712, -2.76939400612e+25
414.003069119, 2298.07568229, -4620.24807486, -3.6781662351e+24
4421.95681285, 3266.7538716, 3002.36880704, -9.79702869129e+25
7204.39781356, -3960.36598957, -2633.49469185, -5.14133533929e+26
-855.590125152, 4611.70378021, 1665.82397867, -6.54398914791e+24
-2710.2151767, -5837.24291337, 2038.40193125, -1.51035142305e+26
6760.89777191, 447.08962278, 2276.15229589, -3.6138988808e+26
-6531.05994503, 3068.59613651, -5101.8313059, -1.00656962098e+27
6913.59788066, 6298.93746364, 1860.98864877, -1.73395709089e+27
3378.28967832, -938.914028288, 1316.32820705, -1.08826219063e+24
-554.993342693, 3908.08288595, -2575.49562526, -1.2172867234e+25
-2438.97633883, 2863.96791831, -563.904892247, -8.86533553458e+23
-2707.58912791, -6310.51740922, -1163.16002791, -1.18802619216e+26
298.287791019, -887.308952142, -3358.12493056, -8.01478694778e+23
3781.55734683, 3230.62868226, 3604.48363386, -6.94136445837e+25
-4081.7835237, 2566.62953435, -2742.80658397, -1.62765387645e+25
-7986.0882151, -1687.94276549, -4177.9090933, -3.38008213638e+27
-7936.92625236, -2699.87413734, 857.847612811, -6.11741075987e+26
-4462.65624763, 7488.71164624, 2412.33941356, -5.85841437712e+26
-3141.07514531, -3291.16876934, -6437.95498903, -3.20450698659e+26
2954.90947321, -690.798233884, 1324.22316922, -5.0644040211e+23
-361.313679315, -2050.07887285, 5018.47782414, -6.367167779e+24
3986.98813201, 4223.58555261, 3664.8688649, -1.21235620726e+26
4130.39883166, 6629.26249698, -4977.54931991, -8.45295249906e+26
2127.37838015, -4184.47084902, 6787.49311625, -1.92266340988e+26
-5213.96226585, 2842.23845586, 7808.37836896, -6.36187525415e+27
1893.43638422, 6808.41338683, 1436.91023543, -1.86334455816e+26
1254.808515, -15.1841722466, -2330.29600988, -1.51682355896e+23
-2317.3924652, 5856.65995076, 1137.80390632, -7.13790604875e+25
-4071.28346345, 2738.29794796, 5518.32323936, -5.94225968618e+26
611.008655447, 1937.95872074, -2211.91017881, -8.85858461266e+22
4531.87994545, 2715.59338752, -473.716430471, -1.33760053685e+25
212.282486038, -2697.11929576, -8177.63249972, -9.15111815576e+26
4439.53450938, 3534.8403268, -2935.44290383, -2.10277445054e+25
-1502.75882659, 2908.09172081, 1250.98999068, -2.65984466621e+23
