-0.664935164193, -4.10629996243, -4.8988515396, -10.8891197744
-0.465206567431, -4.01760045728, -4.86817667229, -0.341549414567
-0.754445159257, -4.96882696698, -4.89066281294, -96.2488737467
-1.55707732337, -2.88056069361, -4.8797373087, -293.39002848
0.778032496608, -3.88221206253, -4.81435865201, -184.606274127
-0.650420636207, -3.50976799812, -4.80182357089, -75.1172490949
-0.528006562013, -4.00931193814, -4.88924200015, -0.226066696481
-0.532351574234, -3.96427042204, -4.92123984834, -1.3284576058
-1.42052533383, 4.87317919001, -4.93010663494, -154.524104751
-0.632856174357, -3.8912296228, -4.99833037876, -13.0880820095
-0.505291321802, -4.03525296575, -4.88703006647, -0.144146071576
-0.912742063985, -3.81230486658, -4.81387956096, -53.7627477072
-0.54514914991, -3.99752578242, -4.99792400553, -4.62699095159
-0.619436988297, -4.0088319125, -4.90214954219, -3.93662838053
-0.635645997994, -3.98049475701, -4.86382850062, -4.95629681962
-0.604131217238, -4.12392371687, -4.90854904147, -7.15934722447
-0.550057095385, -3.98999214738, -4.88174943343, -0.780439035571
-0.513893918924, -4.30393429898, -4.82567332089, -31.0312326408
-0.484829230341, -3.99968429422, -4.99777157111, -4.0308503922
-0.707610407032, -3.97377213669, -4.86416751733, -11.8899704726
-0.49840165454, -3.98572714547, -4.85033348169, -0.421439539207
-0.504661968553, -4.99967106552, -4.8699892665, -96.391753273
-0.397966567156, -3.98673787718, -4.91150884106, -2.95916093431
0.201136357771, -4.23848795999, -4.91253544753, -95.112475114
-0.50931316144, -4.12220537567, -4.90213471295, -3.40789038762
-1.58887557803, 3.17496088676, -4.99840263854, -98.7816227513
-0.538408686634, -4.90031732288, -4.89728124695, -86.8989712391
-1.16350706992, 4.1571722569, -4.99999957765, -58.7653972625
-1.81135418461, 3.68667474421, -4.99707571475, -144.951555136
-1.44888662383, 3.60636705367, -4.99999985868, -37.5665648523
-1.39733172992, 2.71806705844, -4.99999991577, -223.732285801
-1.4809811709, 3.61739140194, -4.99999993857, -5.24042110061
-0.256027258557, 3.56015386743, -4.99999995162, -361.457523458
-1.47701155103, 3.61240700897, -4.99999995353, -3.92529962596
-1.47761897888, 3.61229178549, -4.99999995178, -3.94539262746
-1.45434582252, 3.78555951403, -4.94098704558, -95.4349511897
-1.66675739092, 3.82618980233, -4.9980354456, -58.3867907124
-1.62587799439, 3.73719972679, -4.86569870162, -60.8341919944
-1.56371280452, 3.79545462244, -4.94877061638, -88.9340060672
-1.48360520303, 3.65229128562, -4.94495520591, -66.7233440528
-1.5131065501, 3.0578942128, -4.98443109593, -96.4205226929
-1.46348682009, 3.30270523292, -4.95444935205, -68.4883901182
-1.58279794504, 3.72994985371, -4.99913949035, -90.9929350748
-1.33214155062, 3.80706534735, -4.99996428189, -38.6518234666
-1.50245857789, 3.73668339263, -4.99998871289, -20.7464561907
-1.64682841478, 3.63654417075, -4.94731814058, -45.5662171231
-1.69858041839, 2.82415414686, -4.9778673541, -136.530242601
-1.56763378395, 3.73890074393, -4.9991935799, -76.5438240608
-1.80489159205, 3.72028689983, -4.95121746135, -88.0775940508
-1.47045127106, 3.7512347169, -4.99900140894, -64.8820090606
-1.56594161166, 4.99184553275, -4.99791645747, -178.011938987
-1.10513418785, 3.8521721037, -4.99331179514, -90.3347752416
-1.1279611962, 4.06690574612, -4.96496420115, -82.4703903669
-1.35610678045, 3.60250813739, -4.99143883025, -72.2146032316
-1.30050851014, 3.82674626926, -4.99335074531, -9.83124169317
-1.29582980246, 3.71210611791, -4.99996541385, -61.2750272717
-1.30374993267, 3.51200885701, -4.99968800372, -79.5298644629
-1.37541673985, 3.67303106714, -4.99991508878, -68.080172811
-1.38809234633, 3.48812507095, -4.71533637011, -26.870161925
-1.97248471057, 3.8322412864, -4.99964693175, -85.0653304365
-1.33262567523, 4.26158750345, -4.91688925604, -123.770944258
-1.41856065087, 3.4224999215, -4.99941855693, -76.5980067024
-1.49289200152, 4.97933823099, -4.94151897907, -164.354396591
-1.38787117388, 3.87286855841, -4.82107261959, -102.122400888
-1.39640579212, 3.96583444757, -4.98286392097, -113.79880734
-1.56388171586, 3.88382846205, -4.99999950263, -29.5216228952
-1.66008974759, 3.5000196985, -4.67947624982, -54.8905409327
-1.24967324432, 1.51270019776, -4.99774940568, -619.580480257
-1.21865515404, 2.27724835612, -4.9999543941, -397.389338922
-0.986062622739, -4.94571151911, -4.8440278686, -114.735622277
-1.0112965868, -2.20990560968, -4.82449065883, -419.550220119
-0.208728298982, -4.95986417415, -4.8937092645, -91.6205983367
-0.551515854902, -4.13466495927, -4.93863353777, -6.04781998554
-1.84198048396, 0.59699183626, -4.73096942444, -602.547970521
-2.1386353024, -4.92362730562, -4.85173210665, -188.573223617
-0.570832138243, -4.23957105064, -4.99926687557, -26.1638651631
-0.924004264552, 4.95566637387, -4.83471244986, -247.164898137
-0.291115332589, -3.73768591319, -4.87703523535, -51.1382062801
-0.690165272031, -3.06646059669, -4.83503156471, -201.742162037
-0.610164065439, -2.71434379227, -4.86028032127, -269.879249583
-0.387558401852, -4.15636839629, -4.99817832785, -11.1954463946
-0.400764737023, -4.05332654772, -4.99489456913, -6.45923690025
-0.687960647513, -3.74812985601, -4.99898549873, -40.9589353442
-0.517554988549, -4.00516529082, -4.94096036615, -1.04100035531
-0.530532941444, -4.06740588389, -4.87186126163, -1.01773893954
-0.602518187771, -4.99966690013, -4.86726361882, -97.9917533457
-1.29195464482, -4.17371184889, -4.90587169992, -120.341166006
-0.392398818286, -4.07659140889, -4.87879649429, -3.734359508
-0.462410234667, -4.13753353191, -4.89413555696, -4.55727121259
-0.492391153785, -3.92043787064, -4.82851417541, -3.07425687491
-0.467379536789, -4.01590936076, -4.89945560037, -0.342983080359
-0.46305306821, -3.99858414837, -4.96643124877, -2.32231993786
-0.55274356807, -4.13051044625, -4.95861333795, -6.58026233516
-0.467629970462, -3.95498564744, -4.86207641883, -1.25051552791
-0.468724672593, -4.04247307854, -4.88623019637, -0.458283506691
-0.432135268778, -4.00715375993, -4.6939942441, -14.2143846135
-0.498871452689, -3.90563124659, -4.91051070941, -3.61419449096
-0.490369343066, -3.99909668733, -4.78818569057, -2.45687221265
-0.360075455061, -4.99806815291, -4.85645231153, -112.550149471
0.212336628711, -3.96534614914, -4.84801366916, -91.674197773
-0.766883226302, -3.62056299948, -4.84267732878, -65.92850337
-0.496194431058, -3.9203292707, -4.77711228812, -5.53966360715
-0.613118558227, -4.19924270642, -4.85240527731, -16.4999710146
-0.447290054904, -4.19959993457, -4.84402731602, -11.549115796
1.14673014982, -3.82352005984, -4.94863430246, -221.253798771
-0.466533197582, -3.98437883494, -4.8462019254, -0.805563483524
-0.541495207462, -4.04713770843, -4.91167009881, -1.01336971507
-0.414521426173, -4.63035212622, -4.83324735928, -72.6540257783
-0.434864763889, -4.14553261273, -4.90060171657, -5.60370743974
-0.493539621131, -4.00797948748, -4.83207902918, -0.624075712919
-0.147769142906, -4.04225839282, -4.83926864146, -35.5641114806
-0.302164103933, -4.03022918245, -4.96018254567, -10.8216124832
-0.907186527259, -4.59772070422, -4.9928162151, -76.8690478311
-0.516818272455, -3.76303794136, -4.91120161912, -25.585036989
-0.492246986174, -4.05427602849, -4.91973226883, -0.812415102726
-0.617290576554, -3.96232063606, -4.85976010627, -4.12417337225
-0.404094431063, -4.30209040608, -4.84769830855, -28.83932823
-0.496126800747, -4.01970419683, -4.8489067495, -0.273827443001
-0.498351660826, -4.01611089014, -4.88917254745, -0.0208543352194
-0.519983232721, -3.88128283658, -4.87157678136, -5.39882206104
-0.502423448605, -3.97886129037, -4.89302353077, -0.341330628675
-0.501598577083, -4.01894181615, -4.89266999413, -0.0460512086405
-0.508636149756, -3.9992190158, -4.89316306147, -0.105951174869
-0.337799164299, -3.96196554547, -4.88247631622, -7.93251919819
-0.52289670898, -4.09188920404, -4.70474148936, -13.2084521696
-0.493329844927, -4.14501455258, -4.90914800366, -5.05970050801
-0.478177665212, -4.01306212508, -4.99971831117, -4.10398781891
-0.50710977975, -3.99488493618, -4.99794019517, -4.11493472059
-0.423741035567, -4.02148892428, -4.8716709468, -1.45847290048
-0.408076791572, -4.0767729232, -4.99896778129, -6.79866563621
-0.494428180953, -4.03199126542, -4.90007254908, -0.191109714214
1.68205080433, -4.89209648825, -4.91735061608, -188.528943121
-0.525617028564, -4.02031659519, -4.9299421675, -0.813084897286
-0.475669406129, -4.05598809308, -4.96920498446, -2.57288486057
-0.621311958294, -4.06648247904, -4.99999979287, -10.7967384659
-1.0168750683, 3.63630168149, -4.90255715591, -117.587608134
-0.849422766521, -3.97101658784, -4.99999472327, -43.0908303063
-0.881569496818, 3.48905974951, -4.77976186204, -106.974686139
-1.5109971928, 3.57162776577, -4.97166579684, -70.168207
-1.1116944986, -4.90548068609, -4.975397675, -113.454853447
-1.66784627296, 4.10534714891, -4.99899162204, -73.6649722547
-1.46426042059, 3.62584618135, -4.99493830162, -10.9913409256
-1.3575870591, 3.63811162799, -4.99878371932, -70.6658794286
-1.42341861813, 3.85220043765, -4.99884177102, -79.2974662068
-1.12878930629, 3.6610234032, -4.99873656748, -73.7107600873
-1.45604739513, 3.6444759953, -4.9999993462, -31.9569814108
-1.46900688192, 3.60689781098, -4.9994633292, -8.72197342887
-1.42721240803, 3.35026117584, -4.99999118705, -69.9580865855
-1.56741188876, 4.57874857936, -4.99777654386, -136.954948751
-1.55962230727, 3.42015669002, -4.9996897814, -90.2722799915
-1.28356621234, 3.61031300629, -4.99999347626, -92.9435037402
-1.63896532708, 3.58306850597, -4.95688499603, -87.4655439533
-1.49551376427, 3.61527701077, -4.99997615748, -19.8760322073
-1.45005326404, 3.56718937099, -4.99206685773, -65.9564370033
-1.47728487592, 3.6082891573, -4.99998991872, -4.61017011323
-0.799775977883, -2.83666277426, -4.98048801647, -256.444620345
-0.87810062572, 4.93132032727, -4.95177325827, -222.213808181
0.182547772825, 2.72156886085, -4.91878845239, -584.102320931
-0.416956462167, -3.24055688867, -4.85183860146, -149.99408689
-0.812166890445, -2.73100749618, -4.76628918006, -266.155950269
-0.242156103965, -1.62377055456, -4.89924022731, -640.290156617
-1.68327398073, 2.93152926879, -4.97289097609, -159.254936167
-0.381702820758, -4.02822823353, -4.88207584602, -3.43785358412
-0.518134693239, -3.72712855535, -4.9128084877, -33.2624253225
-1.05898317136, -4.95825485818, -4.98108823485, -116.618633086
-0.487005404697, -4.00068822731, -4.92972915024, -0.686082021581
-0.45751952313, -4.49909908615, -4.97555632867, -49.1255659957
-0.458404606808, -4.06053857902, -4.88498889676, -0.992556511967
-0.99534122149, -2.771365235, -4.75333804663, -272.382041347
-0.451787084527, -4.0767922268, -4.90366361839, -1.72936140035
-0.266453711849, -4.51083810976, -4.88928289824, -48.2691685572
-0.518849533958, -4.00855001932, -4.88942781722, -0.116983800214
-0.479437965027, -4.00215198377, -4.87201860328, -0.150396267828
-0.471405933723, -4.41179018442, -4.91256762152, -41.205366035
-0.517468548279, -4.00395727831, -4.9509784804, -1.40585342896
-0.509395600446, -3.9996554765, -4.84315187691, -0.430578036723
0.960811095821, -3.98812650653, -4.74724107663, -190.21017934
-0.433804211264, -4.00782273172, -4.87305362899, -1.09074169938
-0.431060335568, -4.15232804686, -4.76725105722, -10.5795376989
-0.55215686276, -4.02017463114, -4.89274430515, -0.753159859487
-0.399221230166, -4.02433354368, -4.91200919702, -2.68084692501
-0.273923869597, -3.72216171395, -4.84126645822, -59.0160653319
-0.472038639037, -4.01552656824, -4.87033936894, -0.22159838642
-0.507907107654, -4.00683428431, -4.88050349617, -0.0256707501726
-1.50714417182, -3.0651055846, -4.79786792346, -251.3922724
-0.502488829712, -3.99850582607, -4.85528110249, -0.219225443285
-0.517385626148, -4.0192510601, -4.92137591231, -0.511744212025
-0.533830712005, -4.05891216809, -4.91501608471, -1.15026401142
-0.426109476375, -4.0469993252, -4.87614980869, -1.5995231237
-0.523676722906, -4.00926738023, -4.9308160506, -0.805582947042
-0.864168676273, -4.0473054941, -4.90102919457, -41.3012278896
-0.49972843339, -3.94956940703, -4.91712827749, -1.43811149789
2.07640137224, -4.08079409949, -4.87883386289, -300.153600865
-0.488756224891, -4.0060248042, -4.87106553444, -0.0655803022616
-0.442308626364, -3.93027308332, -4.99991481182, -7.77143307329
-1.18214786468, -4.22509396649, -4.88562457415, -97.4472380166
-0.47898575314, -4.01854836295, -4.86443352902, -0.184914530079
-0.412667997724, -4.07795933757, -4.84152900518, -3.30680832166
-0.33401344713, -3.9945030354, -4.98515963579, -10.0687060512
-0.483512306355, -4.01598745955, -4.73693843984, -6.77672330419
-72.7250213422, -63.9182034777, 75.0133753098, -165080.214515
-97.0488950226, 138.415898941, 37.8579022883, -1.15498878056e+13
127.142217646, -31.7400417634, -92.4175340444, -2.51338758841e+13
46.0116553035, -144.407742676, -24.1799091861, -8.56613227067e+12
16.7796026114, -0.0404874707687, 28.1556975012, -15667.8935509
-93.0056267928, -46.6447404375, -56.5160643508, -350330.099966
-18.3438426384, -5.03602367122, 167.146006703, -2.62551482874e+13
-20.9792695214, 160.217370851, 8.75522767393, -2.73667991634e+13
161.540251189, 58.724377498, -22.6911957129, -1.79044561205e+13
64.3837848167, -102.02478814, 85.057684985, -4.85742668973e+12
-9.02515748817, -36.4788364096, 80.0239488094, -131595.944299
29.2492601992, -58.1965675815, 120.981989951, -977896641569.0
53.9236504146, -19.2938888775, 105.044046629, -240376.855365
130.626751338, 41.987746104, 11.5044295201, -4.82202166261e+12
-102.23605264, -106.395234115, 25.0926415239, -3.66763869359e+12
62.907448121, -85.5673568253, 123.740375083, -5.54582856836e+12
162.545383876, -27.0958912112, 70.0251349499, -4.1915566988e+13
23.7501940974, 83.5759787497, 82.5810230329, -230663.416965
-197.298828324, 53.8313588086, -57.7344889686, -9.71416808289e+13
103.826642095, -57.5402342111, 1.72397063106, -257868.722209
-88.3397308726, -50.5964981429, 18.7630767049, -2281.48016777
5.31023115347, 35.1092066511, -68.2441487787, -130394.308411
-73.030578354, -18.0695753188, 64.0168172531, -9659.61487418
-112.054497163, 80.8693121689, 104.80700843, -3.81093113301e+13
88.1918862653, -92.2181109126, 161.389435936, -3.80915282765e+13
70.4987741887, -116.969063177, 162.730881578, -4.62851541776e+13
124.310637628, -6.38869961723, -84.0477486509, -1.25976980524e+13
79.1816294963, -2.14983898724, -105.553089122, -430370.163409
52.3060700228, -31.1334928158, 10.9857525587, -71138.0991423
-140.691335979, -44.8272283428, -4.50883194812, -7.93120682059e+12
39.8925841298, -4.63307986511, -15.4611495078, -48886.4232801
-30.1948456613, 47.5753490048, 93.9456071576, -181948.94884
-83.9179186171, -7.3524142609, -11.3845907456, -179507.856063
13.3118560323, -60.6915481509, -20.6107784471, -118992.1931
0.467911631581, -69.399246007, 13.628123572, -95948.1298789
-38.552973575, -74.0745147029, -44.8506019505, -232701.352811
-7.69910157765, 165.330490312, 10.6488080762, -3.28673699636e+13
-29.1733668328, -29.2131869834, 67.4527890172, -104097.074595
-5.10490472396, -71.5621309786, -128.206994077, -3.1376261835e+12
-75.7467464465, 154.810857073, 48.0090537729, -1.82301931266e+13
79.4121489973, 3.00211784369, -66.0647497704, -265522.760082
-79.3578202629, 106.792300709, 82.8512134199, -7.70130092881e+12
87.5308641456, -20.0009995176, -67.7938620826, -321108.478299
18.5455254425, -131.669301636, 149.182741382, -4.21446420248e+13
14.4956907399, -60.12142632, 10.0881417186, -76638.6435025
-65.5630185582, -181.667918927, -26.9393748803, -5.48427221919e+13
-44.3425014642, 32.8093152054, -9.61919732674, -68677.6246413
8.68529588331, -8.77672536381, 73.0485558167, -87885.1234802
-142.312129958, 91.0991983166, -85.097873514, -2.91822339516e+13
11.6640974393, 97.9034407147, 164.890899249, -4.02985558859e+13
62.0409989329, -28.4264007798, -66.6753848995, -229292.566422
-66.5681071765, 190.645715252, 115.527946535, -9.18021467017e+13
93.0322141842, 69.5104555743, -179.276146825, -9.12524913625e+13
-7.20499337343, -164.143511207, 90.9912718542, -8.30533847335e+13
53.8716413465, -56.0226579747, 161.324400177, -1.12346083012e+13
-3.39857522086, -5.50774364135, 122.975232042, -251152.076974
132.692359095, -44.2263106975, -17.10962881, -1.67159217097e+12
-76.8819403344, 47.176240354, 10.9267898336, -2132.91127359
135.567406028, 168.217262718, -29.0876848881, -8.63706949404e+13
88.7980566813, 33.6331312232, 54.1241141329, -199844.206976
-44.3036181585, -1.6053258275, 58.5760526376, -38142.9443465
4.26705766679, 66.1033388629, -86.9974801172, -275533.534613
134.086030217, 191.988317986, 148.345712688, -4.76480862582e+14
77.9340044645, -51.3309381373, 30.8379673517, -173454.88706
-85.6359759281, 97.5060119232, 49.3410157868, -1475.48814462
100.805384186, -51.7308461434, 53.1360323378, -276635.178793
-70.5676336489, -26.2013211241, -10.8884510472, -147128.422315
94.4357478976, -29.6623130473, 7.01578069537, -178004.747299
157.478073217, -13.1231583084, 77.3114611739, -4.62895974716e+13
89.793876457, 11.0534037853, 174.314752654, -7.18138423968e+13
50.5353946363, 9.42442906115, 36.1089198454, -63969.2771261
-47.5470275762, 70.8327369042, -59.0814611713, -247009.828638
-172.263350708, 114.339363245, -181.917233609, -6.89506448316e+14
-174.143516578, 68.206833809, -22.070620929, -1.54209866314e+13
42.9388395096, 22.3054241383, 21.6958643042, -44392.9460739
-30.8663989924, -93.4482740603, 121.18554573, -3.84075979639e+12
-6.77113230685, 163.322560348, 67.2300721739, -1.50363006746e+13
-23.4572629057, 68.0178414081, -70.1680538932, -229415.63146
56.1568657153, 56.5926384085, -140.52515456, -7.41000776863e+12
-31.2689190116, -38.2615721254, -33.6379295277, -89679.1214097
100.70729383, 139.858871774, 42.6567959515, -1.5246875476e+13
43.2469787363, 84.1798212569, -157.873158966, -1.09016853242e+13
-104.475087891, -127.224510135, -143.781406497, -1.00645586876e+14
-68.9177095726, -151.351001198, 119.065370045, -6.21996301587e+13
39.0713152154, 79.5927342117, 152.398166532, -1.73024490758e+13
-131.788587858, 46.5040584413, -158.760393723, -1.34094779254e+14
-19.8537653217, 78.8531343581, -63.9315571495, -244574.970156
77.6878059572, 8.22920156913, -9.88309616341, -113276.71499
128.546830217, -40.4539488829, 67.8999918153, -8.38030774353e+12
145.075252492, 90.9645921591, 73.7600091342, -6.66588975582e+13
127.228471378, -83.3969200405, -68.9709296621, -1.72006675122e+13
-110.406303988, 154.964619054, 16.0563283099, -3.52650472213e+13
66.6733526257, -66.5809851973, -96.892281997, -5.92160958723e+12
185.187332804, -118.91532687, 3.46908535338, -2.9784217025e+13
-97.5464236675, 36.2832477852, 93.0760646936, -9.30924717831e+12
159.613269113, 60.3720602348, -130.025075977, -1.06596622372e+14
-184.336048132, 38.6778306293, 147.019875922, -5.81900105377e+14
82.4136978052, -3.36098617348, 166.664453874, -4.17476592111e+13
-21.833193718, 82.2388629889, -114.770653515, -2.28883328479e+12
54.6928773607, 45.8226205748, 130.501518271, -6.28188295039e+12
-126.418669526, -3.08318555196, -51.9481866932, -461134.998152
-134.712672968, -96.987680625, -50.2438560633, -3.19001054587e+13
155.770620003, 78.0511045098, 123.511937397, -2.43553502117e+14
-63.5963191233, 60.4708239935, 131.910245469, -2.81423988062e+13
-12.6474905552, -65.6965692486, 4.5011227586, -87425.821855
-24.0550890668, -57.0079354409, -50.5360482725, -162022.46206
-84.6183584393, 104.830779012, 149.663980828, -1.34951436324e+14
107.578608999, 137.527638516, -195.386777891, -2.00096321336e+14
-146.521009608, -37.5328540793, 4.19507019345, -8.05787136525e+12
182.44785936, 13.8051681053, -4.28153155984, -3.04948547118e+13
-60.448869125, -69.5308128667, 34.5480845792, -30465.3704775
-102.199035403, 42.5187280938, 24.2075362369, -1322.68435943
-67.1825756627, 75.4170174842, 24.8098033948, -1364.81825158
8.14999494138, 176.137232834, -103.275631283, -1.77409358946e+14
165.460561518, -52.5261106643, -81.4355090194, -6.47486554929e+13
9.45968829799, -2.26092993423, 7.31765395414, -2660.95526552
42.4005608573, -57.9072447705, 116.298825109, -1.07859205349e+12
-8.76224560425, -19.393165402, 46.2907478165, -41683.1011339
2.57381527416, 26.2501909867, -126.05631866, -392589.792487
105.071171304, 53.4697981703, -147.704807785, -4.58419414431e+13
-30.1763160168, -153.766020411, 8.99686906978, -1.96697677e+13
75.3242511037, -7.7925687378, 19.5133153854, -106912.37678
123.239571288, -144.250309496, 15.2528940786, -2.61382496983e+13
-56.9723134131, -21.2137418898, -38.7497304235, -125084.104396
83.5700243034, 32.1482840122, 16.234852181, -140986.69529
-11.6600233301, 0.971734310358, -66.4666073162, -100791.056931
-156.097908607, -86.5390519818, -135.839062645, -3.43589623237e+14
-63.8920089519, 70.9229002361, 180.472474519, -2.00294071153e+14
-175.147428387, 29.0314192475, -65.1633588553, -6.10955327282e+13
23.5828603672, 51.0836760927, -52.8181945565, -133588.531914
68.4625743811, -139.421743137, 40.2566807265, -1.84377258316e+13
2.97038279528, -10.9061297413, -37.6685248659, -33854.0162771
-130.003589931, 59.4494506785, 7.57361653544, -1.04788960028e+12
-43.1401754283, -35.0304834247, 70.3654233242, -129437.126682
174.407944555, -66.679062431, -113.672593363, -2.49532213383e+14
-106.158886454, 141.044120797, 55.6101055925, -1.61877708733e+13
154.402082021, -186.44226323, 50.4651762211, -2.80100863609e+14
156.275664742, 66.0647106058, -94.5096859428, -3.16150385516e+13
6.07942306474, 109.88660504, 169.539097543, -5.83592914826e+13
149.421307481, 80.655512849, -10.7793501602, -1.65397538659e+13
3.06345624354, 37.640914087, 74.7818618266, -108668.405199
-81.0042738161, 37.5268358236, 114.329507035, -1.57223834722e+13
44.9130721781, -38.2595397177, 12.6298403938, -69207.7839565
-152.905746592, 49.8415149692, -97.6062107503, -5.48297713656e+13
186.577037834, 116.456230062, -146.626546176, -2.64791721127e+14
61.0291103635, 36.0124657839, -28.5056761227, -142262.195685
-39.8441795842, 14.2262769787, 134.972992455, -1.12660776263e+13
-12.5010711927, 13.018900587, 19.1580394748, -4073.52635294
17.0756127833, -26.3993575385, -28.0320914264, -46119.8719684
-6.85275740724, 137.469385891, 48.3345550029, -4.30622388438e+12
-19.6949419921, 24.9841200229, 47.3018295825, -32531.6082166
-101.635625415, 59.2315110939, 139.621047719, -9.15653643724e+13
116.526472946, 61.028717907, -127.647624634, -2.80738990013e+13
-145.630140223, -28.8706866447, 5.97689604737, -6.46387375365e+12
-74.197416732, 67.9503319192, -177.068625001, -3.29724842401e+13
77.67674379, 105.275029035, -20.8696112497, -433089.066772
77.1698335659, 2.95508254883, 22.933858876, -112145.300915
-3.53396447391, -63.9928301042, -54.0732745521, -180830.960215
74.8928775612, 49.1502803461, -143.096682731, -1.63095652911e+13
101.347299207, -70.6886176597, 8.23373951334, -280868.293945
50.373468656, -7.33432201881, 35.2340056177, -63894.4052407
67.8073134704, 15.5834602009, 116.743593847, -307483.463821
107.072084921, 5.39668745212, -112.295686467, -1.98823021642e+13
19.7698583166, 107.108156272, -73.5556441487, -409407.491013
17.7295285335, -132.563333547, -23.426859119, -3.87266163223e+12
34.9624972798, 125.953621858, -46.5190279017, -7.81207402856e+12
-65.5831314341, -68.9081075195, -7.0747031175, -242008.181911
14.0248878886, 58.5303490246, 6.15341324187, -23429.0440079
-106.915774886, -8.80041324426, 51.8817667021, -1337.9079389
-41.1694318534, -25.7410878789, -50.493093201, -116746.423732
-2.35746647251, -50.3996619285, 68.483834493, -124831.560986
-43.1747499948, 80.5330125136, 63.5491553411, -5398.90703453
-31.4171320399, -114.567650347, -71.4192320349, -733114033724.0
26.6488899363, 34.0680694893, 83.6246262042, -140095.29698
-2.23188159109, -196.303412121, -90.90925655, -5.18570618879e+13
156.182629928, -98.3614081011, 68.8993783478, -2.79357756398e+13
-12.1897161904, -150.516729414, -1.14002344043, -1.46063253396e+13
-1.30943276179, -120.107761848, 51.9076515967, -312529.509386
131.097770439, 163.97171801, -180.82826356, -3.09765217702e+14
-73.820550448, 22.6285492734, -56.2940181351, -212582.56154
97.2256951671, -140.918499199, 67.4533076127, -3.61618354595e+13
104.547883015, 135.332023087, 77.4322689091, -2.46555532357e+13
17.5326026858, -28.708632848, -33.5571864, -57725.6620351
-64.3695258218, -138.620548651, -11.8326885422, -7.62536019016e+12
1.78246534246, 129.723291916, -13.7530869469, -318377.648679
-6.05682487025, 96.0232760632, -164.950736713, -1.24171926137e+13
-52.8309227436, 16.785741796, -2.64694642758, -39751.8981083
-34.9852346475, 65.3740941848, -192.12781669, -1.90470002546e+13
91.3707199023, 50.8837779573, -86.9332369532, -453738.980889
27.545280133, -100.445180488, 61.9136271487, -264767.619342
15.3958175796, 122.452662861, 122.366803885, -7.10904201244e+12
173.322185916, 34.9782860256, -105.236572202, -8.8102328787e+13
-16.6505958225, -26.5459981867, -20.5423618525, -35895.6868679
154.595654878, 53.6162161157, -57.9620251543, -1.29308040453e+13
-2.45270243238, 126.979757439, 2.83506476828, -1653.76823502
106.654624047, 38.3304645819, 53.4980200229, -265152.446763
-3.6144424165, 13.0070247714, 55.0195648951, -46823.4604985
-66.8075709349, -8.14195619452, 25.0305224642, -2040.85259295
22.3677955668, 180.13240198, -50.3544916631, -1.17690525695e+14
-76.0507839632, 202.617935333, 42.1084428607, -1.54474260484e+14
109.545562555, -74.091966068, -75.7659109867, -1.12879808328e+13
19.1458330729, 96.1018306665, -33.9537825406, -253274.22748
-59.1118434651, 0.619565288828, -105.705612094, -348331.071276
27.4588558818, 6.8316995239, -61.2293736272, -103881.016087
-30.456853951, -45.486657449, -158.734801011, -9.40170258183e+12
99.8112368375, 23.7531971871, -139.16980332, -3.81131914582e+13
110.685658108, 107.938412913, 108.147272489, -4.41681458444e+13
-22.2731110437, 134.636143398, 18.8796518676, -1859.56115793
-110.510702282, 108.172645691, 33.8561205906, -3.8545536769e+12
39.7362683989, 145.495905057, 8.84987816235, -1.1189329093e+13
-60.7146569653, 99.6489462837, -71.1558788546, -441593.170959
95.3509896396, -76.7641852989, 50.9576003983, -314540.071633
-31.3560235552, -106.913448554, -78.2486788919, -516793837969.0
73.6990117181, 11.6793908292, -48.6954729546, -197117.777415
-12.3206611223, -59.4508149346, -132.228631263, -2.91958664258e+12
46.5002891399, -123.147403907, 94.9592642263, -1.51290767285e+13
58.7524953889, 107.420111153, -122.345994604, -8.92087528606e+12
-56.6435389943, -25.9570916864, 3.16969395102, -24846.9865251
87.0614878861, -10.6198806902, 48.9908228144, -172737.109995
-139.564032476, 7.02243846706, -80.1902865616, -2.63594123469e+13
111.338051656, -191.36557672, 84.4519545051, -3.55381862952e+14
-99.015714219, 161.128855329, 195.549491149, -1.09723830296e+15
75.1269820544, 19.0870596722, -28.4923788323, -172006.136043
-115.846452204, -125.750482679, 35.7786774351, -1.22341689951e+13
136.741630956, 176.519619113, -94.264220494, -1.71674490489e+14
-68.2489828388, 42.489652942, -49.5470854631, -205463.51915
27.2649487652, 64.73148248, 94.1610906024, -221820.552394
79.6057880555, -108.382299061, 73.7225488786, -6.76568957266e+12
31.4241597678, -100.785107594, 89.5896676537, -3.48378226489e+12
138.701862696, -15.0897673691, 1.5539325558, -2.54909411723e+12
-9.69724277367, -127.210578212, 185.783496027, -6.16066880696e+13
1.513262635, 25.2073437201, -11.2277520607, -13234.8674687
14.6832135544, -16.911476438, -1.38937111889, -13888.7363352
54.0240983913, 168.911943375, 51.377425249, -2.41144198167e+13
-166.809242317, 81.0212219288, -36.8181447503, -1.69080840674e+13
-92.7324226122, -35.686836384, 14.9933530675, -2125.79497516
-103.741336963, -60.1435463969, 146.091353905, -4.15782658078e+13
128.123330832, 63.82694841, -168.184667974, -1.55031626697e+14
-157.111365725, 149.153440436, -46.2995485736, -9.71268991356e+13
-73.9956798989, 25.8209170611, 71.6181057856, -3163.81004259
-14.0175326746, -110.810185929, 98.4211272074, -6.12421049814e+12
68.3188479032, 12.7312965102, 88.8746619172, -210606.728154
80.4965731928, -5.77144815914, -68.1261804108, -278994.013887
-142.747232889, -27.8700494977, 104.817272122, -3.18741107927e+13
5.54426927531, 191.268551094, -59.1429658511, -2.07639673009e+14
23.7851160709, 81.866567042, 152.18954932, -1.76209722946e+13
-62.1850151659, 29.2137327123, 77.6806362036, -15167.7136192
-47.4046648077, 16.1441122001, -59.6605715942, -135956.457238
-79.5855363114, -8.89140129486, -2.80075435553, -135318.496089
3.03545757621, -77.0274986802, -33.3220497618, -189556.933829
-88.1241139691, -15.461498114, 125.07842201, -1.75982250564e+13
-48.1928109981, -86.0168440327, 56.1415572329, -223406.43005
146.452590069, -71.0818298719, 86.7009622579, -2.8790363872e+13
72.8453188189, 134.488656847, 129.767955791, -2.48468357814e+13
10.4652502226, 30.3066708788, -18.0737490233, -26534.3294914
-105.686353967, -8.42540067905, 6.45322253544, -3610.94744325
-16.824856998, 2.95986249787, -165.516064164, -7.60765417682e+12
-34.1037126353, 54.4837431502, 72.1707788368, -62093.6488986
-109.148098768, 174.462936164, -69.9186187304, -2.09731834367e+14
-72.8570086484, -21.0242865114, 18.2914857086, -1771.59936509
-118.298982848, -113.874654758, 56.2346479646, -8.38154941283e+12
134.957006677, 28.3438744833, -36.7134860003, -3.19831899585e+12
-147.345286312, -181.943500758, 46.6734270577, -1.71681476637e+14
154.696237847, -149.826080263, -80.2121775813, -1.18450812311e+14
-74.042656597, -50.4531266407, -48.8517796999, -261404.088151
8.35216941735, 3.51207964255, 24.8654944262, -9052.22191733
115.260987286, 52.9148601647, -6.53546190609, -279828.597954
-25.6423061429, -63.9541036352, -123.617000115, -1.79447322237e+12
-81.32721315, -22.7913470074, 81.8146708157, -26766.8046971
-51.9246552232, -87.8892151771, 129.070745962, -5.47863091369e+12
-50.3151592804, -27.2333131471, -32.6866679596, -106199.973122
-84.1247823968, 47.3154870838, 32.1334986231, -1835.04651584
92.4336660627, 31.7483154145, 15.8690784953, -167687.438436
-91.5926358397, -74.4446987201, -42.334027119, -403233.878449
-24.3437137233, 8.25688271077, -29.3457310182, -29595.7744488
72.3193178174, -100.716819222, -5.44953047863, -289002.315151
-34.0057324897, -14.7464345035, -35.4139249686, -60192.5696217
100.491205538, 53.2348480999, -5.33400933338, -223806.364307
45.096496314, -98.1444108557, -113.490572815, -9.38803083707e+12
-131.357715972, 168.192980814, 54.9184953469, -6.50595687083e+13
-51.2886302623, 54.5671466644, -31.5571510032, -149291.710473
26.4761199713, -92.8438788116, 103.701629887, -2.66685809152e+12
-44.2469826917, 89.3595713741, 39.9861856613, -2023.03325494
78.4033286915, 23.8027361604, -182.262871669, -1.05862934745e+14
-17.4216970632, 112.874830714, 52.8804913543, -14866.4286539
16.5683672303, 9.35719648062, 58.8700645173, -58123.4836845
-131.771154379, 78.7799329345, -61.5630951959, -8.85111991465e+12
-68.7469520947, 18.9652158363, 10.1576867102, -1324.34477755
132.035845093, 134.139377427, 36.5103090108, -3.85024082993e+13
162.123239244, 86.3051310649, 0.755933805028, -3.64341436669e+13
176.978774547, -42.6887889665, -91.7127867799, -1.14149236268e+14
58.9685136166, -93.9849545073, -17.8685668968, -344534.679954
-122.661850683, 167.13438219, -131.41435265, -3.60187436953e+14
38.4812038119, -40.4407839041, 32.914344372, -75186.9718841
-105.857857143, -13.0887468648, -23.538336877, -297322.652338
-58.552623995, -63.46244369, -63.2066380059, -288196.459506
-63.247096871, 43.8497289963, 107.51814541, -120910.615272
38.4259035658, -39.6811339457, 14.7982446918, -62021.7991777
12.3276695275, 108.581417501, 5.3379268831, -8092.47469285
58.0157379137, -2.35969701879, -161.761520919, -3.7896120955e+13
-117.022078938, 118.833992936, 53.4266231875, -1.01270097961e+13
19.903558683, -35.8525692582, 2.80013818771, -35445.6097585
-31.1943641824, -36.8225660721, 37.3221114701, -51349.6851783
-132.798289644, -113.582622964, -85.5332881194, -7.14080320507e+13
-1.53655693381, 150.554575477, 55.7746321733, -8.36935677787e+12
-30.9932004388, -118.716879369, -94.7795167634, -1.31291911518e+12
4.98366315042, 114.72402036, 27.5757963064, -20169.1029595
-102.336780778, 7.53602965578, 76.575453082, -1961.28543019
-177.396056249, -124.959551026, 25.2189591941, -9.45279496104e+13
50.7081949, 4.48396041138, -16.7660365968, -73960.0539197
-169.53373481, -94.3971685956, 137.115014009, -1.28579356207e+14
-33.1865729825, 88.2398951134, -65.6759880192, -305910.314119
-105.879360104, -8.52205225608, 102.144666086, -1.11627589614e+13
71.8619249974, -70.9786643189, -138.116526632, -4.34192477715e+13
96.7603253252, 177.898786491, 41.8365686219, -5.53249589136e+13
-65.1582176318, -9.95716733749, 136.82439719, -1.74924831327e+13
111.012567528, -186.887867787, -50.2440419939, -8.2773675039e+13
87.3166112625, 48.6802680289, 63.9316778259, -233552.286618
-40.2214631021, 24.5517023418, -60.5045873308, -129907.960763
-82.3113665923, 20.9445223187, 106.390837099, -38185.2834207
58.5453371522, 121.572259999, -1.18098514392, -268948.834638
36.3256390341, 172.307959062, -194.607787521, -3.55944753509e+14
-76.0657009608, 12.8704858664, -90.9584889165, -336962.578836
39.5855544372, 94.0544701163, -58.4135142781, -328290.800402
-132.813271185, 46.6735799333, 82.9048574771, -2.00064941253e+13
-73.4521984325, 1.76499780802, 62.2630156982, -3604.04695612
7.85917053441, 11.5717933878, 1.34223208332, -2329.21214109
45.6981013675, 17.7422697323, -8.2420056156, -52196.0997224
-8.50912095355, -113.355708999, -48.2016545778, -403129.707925
80.1764153656, 69.9518604375, 50.5400503034, -229085.288005
40.9298410259, 125.223352786, 49.7110051856, -1.95777309847e+12
-85.7698785948, -78.2527838568, 24.9683168183, -2283.43480285
144.372843976, -101.391726606, -80.4787574212, -5.37000412754e+13
113.819020639, -124.685570203, 87.9216513033, -3.04527279032e+13
-100.969772101, -67.3246101554, 87.635781264, -2.60863085104e+12
-123.916289217, -84.8353514314, -135.263439572, -1.18325281222e+14
6.59081726938, 55.1602617742, 177.839171727, -4.96930437644e+13
54.8022033009, -176.054154441, -34.8268922183, -3.98800273849e+13
92.4461441988, -66.6696437998, -29.8676196696, -371456.413783
-98.2854063722, 32.4347308756, 3.8638067366, -2786.48346805
-133.48963821, 98.5693712098, 103.450008825, -7.49904233357e+13
-29.7640011232, 139.167810799, -16.5058411017, -1.35495725382e+13
-93.186589063, -66.5414348896, 191.10792289, -1.66015434298e+14
61.3110897066, 86.4783278184, -78.6342810984, -419078.777128
105.340155843, 42.2924979535, 35.33633426, -240210.505736
-43.0286586111, -0.794893812517, -79.5620959465, -189082.615943
-43.1606618787, 46.1698803084, -15.1461560144, -94067.1396768
-57.3233221327, -3.8752509224, 28.3413275262, -1695.80281586
34.8940333806, -85.3678291087, 68.7390580848, -235344.020112
94.6273014876, 126.079154202, 97.4314033394, -2.15365189477e+13
99.8782851807, -134.71537782, -48.7313744133, -9.42001635075e+12
-2.49526192284, -63.8698208635, 1.7916618636, -91581.3016809
134.822618317, 114.014973384, 63.6137952698, -4.75715644272e+13
-34.0703998857, -33.141272191, -124.478726761, -431570.095817
-40.7336753086, 147.523858628, -130.755891067, -9.31762911788e+13
-7.12858888946, -137.532573592, 59.4370590899, -1.60374505315e+13
-52.3552578422, -98.5435157043, -6.36415629053, -336378.521576
60.9560533118, -68.7972874569, 50.9293321137, -197002.601666
-80.0455252993, -119.683648114, 115.550146458, -1.49178123101e+13
14.950749868, -201.257519515, 4.6527461243, -1.64845584801e+14
-64.0771153478, 5.74038557838, -127.588992529, -4.52216857229e+12
-100.054221231, -25.1183048497, 96.7434167401, -5.88142530024e+12
-119.090950511, -110.269829201, -79.9732099695, -3.56413191741e+13
191.179242551, -148.705542244, -81.8825108491, -2.90682260531e+14
98.2272840173, 157.255257741, -95.6111676173, -6.88439833868e+13
-78.1306377697, -42.3805220877, 89.7815899141, -147799.903331
8.94714528306, 52.3871016436, -101.855566367, -306829.434839
99.1896099431, 74.7996956499, 63.2332228433, -5.45394608847e+12
157.87217878, -89.4781064093, -58.2792300665, -3.26501787242e+13
-21.3741308372, 99.1896210982, 35.2192151784, -3736.1089257
-62.8533973934, -126.493647307, 44.5584814996, -7.2787479204e+12
147.615908984, 8.39738373658, 48.3719109555, -1.7315441141e+13
-142.635979469, 69.1112929706, -109.854301811, -5.0855191146e+13
152.82042198, 139.708718041, 41.6746170454, -9.65270646617e+13
75.2476660291, -24.3804292908, 28.9224885296, -125174.576091
-13.7529924774, 86.6012290616, -54.2579283361, -244301.473098
-50.6434857227, 62.0565466994, -12.112494567, -148594.398925
-62.8051025007, -137.566095615, -28.7308401373, -6.08447697424e+12
6.42968048669, -15.085357844, -74.6672932027, -136516.68605
81.6274405613, 70.978846019, 76.5089451939, -290051.622835
-87.9846009167, 54.5835890651, -58.382214833, -333890.500532
-175.886943856, -38.4426828698, -89.8164429844, -1.83610046718e+14
-174.845447698, -58.3168908307, 22.9771654981, -3.2067164631e+13
-98.3936660787, 164.512355933, 52.5370343167, -3.5526358132e+13
-66.8765702313, -70.6667701809, -142.39344974, -1.55541741079e+13
65.750350947, -18.3674925587, 24.8760258968, -92805.4262871
-10.043810365, -45.1887354685, 111.822515894, -248983.406632
86.9193930381, 93.283447873, 79.0242446461, -5.89504687639e+12
90.0307949589, 146.118834396, -109.205712153, -4.83431330849e+13
43.2777510702, -93.2045712576, 147.903369751, -9.43317536315e+12
-113.042730381, 62.1076779696, 171.017426489, -3.42278896951e+14
41.3710383495, 149.36843497, 28.429200212, -1.08499533511e+13
29.9927056996, 0.702517712302, -51.8589573909, -82848.512723
-53.2544548422, 128.08468478, 24.7491190169, -4.52713187828e+12
-91.3450540189, 63.1447985154, 120.401993824, -3.51303870583e+13
10.3557314675, 45.9086168857, -51.8324219904, -106591.817405
99.7870948106, 56.1653097241, -14.9801040921, -239145.108908
3.2449173433, -62.0112257348, -179.002761814, -3.93580284953e+13
96.950091777, 80.3854920679, -61.4102316923, -1.2135146045e+12
-33.8879982766, 62.9598176854, 25.6799792277, -1909.63472017
