-0.49969505671, -4.01259707709, -4.88089687816, 0.0
-0.49969505671, -4.01259707709, -4.88089687816, 0.0
-0.49969505671, -4.01259707709, -4.88089687816, 0.0
-0.49969505671, -4.01259707709, -4.88089687816, 0.0
-0.49969505671, -4.01259707709, -4.88089687816, 0.0
-0.49969505671, -4.01259707709, -4.88089687816, 0.0
-0.49969505671, -4.01259707709, -4.88089687816, 0.0
-0.49969505671, -4.01259707709, -4.88089687816, 0.0
-0.49969505671, -4.01259707709, -4.88089687816, 0.0
-0.49969505671, -4.01259707709, -4.88089687816, 0.0
-0.49969505671, -4.01259707709, -4.88089687816, 0.0
-0.49969505671, -4.01259707709, -4.88089687816, 0.0
-0.49969505671, -4.01259707709, -4.88089687816, 0.0
-0.499694638954, -4.01259709446, -4.88089688948, -4.59872996075e-11
-0.499696408731, -4.01259708049, -4.88089645004, -5.02664307129e-10
-0.49969685541, -4.0125971176, -4.88089553792, -1.26456874388e-09
-0.499696334148, -4.01259535762, -4.88089608854, -1.31897329914e-09
-0.499694959378, -4.01258826421, -4.88089661381, -1.96935891689e-08
-0.499747805208, -4.01262355671, -4.88108293509, -9.62930282361e-06
-0.499691970668, -4.01207872979, -4.88087212202, -6.80322879066e-05
-0.498392375528, -4.00979585665, -4.87679021588, -0.00669149646282
-0.499961743352, -4.01249866214, -4.8869945067, -0.0094045274087
-0.505474122678, -4.01237683954, -4.90339247046, -0.137101012609
-0.494649142938, -4.01458184434, -4.91244768153, -0.257427604436
-0.49803045352, -4.12023072388, -4.90214140404, -3.23149973538
-1.47574176987, 3.61554409739, -4.99984328177, -3.70882366031
-0.652927546376, -4.98863360327, -4.99925402429, -93.3127852206
-1.47574167997, 3.61564803326, -4.99983659522, -3.68785092021
-1.47574169483, 3.6156480589, -4.9998366301, -3.68799632554
-1.47677309262, 3.61568107797, -4.99999763571, -3.78718587113
-1.4757417594, 3.61555381104, -4.99983883015, -3.70371849302
-1.47574174579, 3.61556157942, -4.99984269533, -3.70531772724
-1.47574171897, 3.61564807813, -4.99983679091, -3.68814629926
-1.47574132047, 3.61564784112, -4.99983684258, -3.6889417447
-1.47574491966, 3.61574517459, -4.99979133915, -3.70872011664
-1.41137152025, 3.61656444619, -4.97864053597, -74.4496372474
-1.47574516142, 3.61573832489, -4.9998219655, -3.68936762785
-1.47574515877, 3.61573831849, -4.99982195735, -3.68943366102
-1.47574519645, 3.61573826043, -4.99982164703, -3.68990261537
-1.47574299231, 3.61573379163, -4.99981931377, -3.69039489778
-1.47574274218, 3.6157445015, -4.99981757526, -3.69292887908
-1.47622783576, 3.61576613039, -4.99999996871, -3.69928931039
-1.47595552654, 3.61566599148, -4.99965224332, -3.71235489641
-1.47622783084, 3.61576600241, -5.0, -3.69968014675
-1.476478595, 3.61573082355, -4.99974008774, -3.78240844929
-1.47622783884, 3.6157661305, -4.99999997327, -3.69929736255
-1.47622785477, 3.61576613533, -5.0, -3.69931029663
-1.47622785431, 3.61576613602, -5.0, -3.69932582481
-1.47622785584, 3.61576613639, -5.0, -3.69931933492
-1.47622785565, 3.61576613532, -5.0, -3.6993200807
-1.47646573229, 3.61576581641, -5.0, -3.74363849205
-1.47622785748, 3.61576613555, -5.0, -3.69932337026
-1.47623162517, 3.61576201395, -5.0, -3.70583088813
-1.47627239854, 3.61576718396, -5.0, -3.70630195618
-1.47622785827, 3.6157661406, -5.0, -3.69935835036
-1.47622720393, 3.61576614619, -5.0, -3.69986972113
-1.0088747364, 4.23505681494, -4.86099395756, -137.462565437
-1.58311699421, -1.86833693104, -4.93716033076, -512.442916807
-0.700410723483, 4.90068956012, -4.88469563594, -273.784778101
-2.312844232, -0.934488018973, -4.81872320271, -682.029020416
-1.59322626395, 4.97392670329, -4.94318374764, -190.305659473
-0.499695070423, -4.01259707945, -4.88089688831, 0.0
-0.499695053655, -4.0125970841, -4.8808968689, 0.0
-0.499695082005, -4.01259707535, -4.88089675761, -3.70597036264e-12
-1.63255736785, -1.10591905779, -4.99976737622, -636.673649702
-0.499695070335, -4.0125970734, -4.88089688366, 0.0
-0.499695070335, -4.0125970734, -4.88089688379, 0.0
-0.49969505491, -4.01259711497, -4.88089680056, -1.85299094633e-12
-0.499695076563, -4.012597074, -4.88089718114, -2.32464519794e-11
-0.49969509472, -4.01259715893, -4.88089684958, -1.85299686408e-12
-0.499695070335, -4.01259707341, -4.88089688384, 0.0
-0.499695070335, -4.01259707341, -4.88089688384, 0.0
-0.499695052371, -4.01259708724, -4.88089687688, 0.0
-0.499695062945, -4.01259707706, -4.88089683805, -3.3690798879e-13
-0.499695067064, -4.01259708401, -4.88089697804, -2.52681948864e-12
-0.499695070335, -4.01259707341, -4.88089688384, 0.0
-0.499880374115, -4.01260942915, -4.86260280515, -0.0844170222639
-0.49969485854, -4.01259708721, -4.88089687183, -1.07809512223e-11
-0.499695067446, -4.0125970808, -4.88089686636, 0.0
-0.499695075705, -4.01259710275, -4.88089639342, -5.94639409755e-11
-0.499695130761, -4.01259760228, -4.88089687229, -6.87301925986e-11
-0.499695056533, -4.01259708376, -4.88089687369, 0.0
-0.499695076582, -4.01259708716, -4.88089687406, 0.0
-0.499695061613, -4.0125970799, -4.88089683722, -5.05362235944e-13
-0.499695085777, -4.01259708726, -4.88089687534, -1.68454993577e-13
-0.49969507664, -4.01259708697, -4.88089687418, 0.0
-0.499695056362, -4.01259710866, -4.8808968996, -3.36909721295e-13
-0.499695076753, -4.01259708717, -4.88089687445, 0.0
-0.499695076751, -4.01259708717, -4.88089687445, 0.0
-0.499695076753, -4.01259708717, -4.88089687445, 0.0
-0.499695076753, -4.01259708716, -4.88089687445, 0.0
-0.499695057025, -4.0125970969, -4.88089687458, 0.0
-0.499695076753, -4.01259708717, -4.88089687445, 0.0
-0.499695076753, -4.01259708717, -4.88089687445, 0.0
-0.499695076753, -4.01259708717, -4.88089687445, 0.0
-0.499695076753, -4.01259708717, -4.88089687445, 0.0
-0.499695129928, -4.01259795986, -4.88089687445, -1.94735488515e-10
-0.499695076753, -4.01259708717, -4.88089687445, 0.0
-0.499695076753, -4.01259708717, -4.88089687445, 0.0
-0.499695076753, -4.01259708717, -4.88089687445, 0.0
-0.499695076753, -4.01259708717, -4.88089687445, 0.0
-0.499695076753, -4.01259708716, -4.88089687445, 0.0
-0.499695076753, -4.01259708717, -4.88089687445, 0.0
-0.499695076753, -4.01259708717, -4.88089687445, 0.0
-0.499695076753, -4.01259708717, -4.88089687445, 0.0
-0.499695076753, -4.01259708717, -4.88089687445, 0.0
-0.499695076753, -4.01259708717, -4.88089687445, 0.0
-0.499695076753, -4.01259708717, -4.88089687445, 0.0
-0.499695076753, -4.01259708717, -4.88089687445, 0.0
-0.499695076753, -4.01259708717, -4.88089687445, 0.0
-0.499695076753, -4.01259708717, -4.88089687445, 0.0
-0.499695076753, -4.01259708717, -4.88089687445, 0.0
-0.499695076753, -4.01259708717, -4.88089687445, 0.0
-0.499695076753, -4.01259708717, -4.88089687445, 0.0
-0.499695076753, -4.01259708717, -4.88089687445, 0.0
-0.499695076753, -4.01259708717, -4.88089687445, 0.0
-0.499695076753, -4.01259708717, -4.88089687445, 0.0
-0.499695076753, -4.01259708717, -4.88089687445, 0.0
-0.499695090316, -4.01259706721, -4.88089687033, -1.68454379659e-13
-0.499694976001, -4.01259708097, -4.88089687919, -2.02143409465e-12
-0.499694976499, -4.01259705235, -4.88089687364, -2.18988103015e-12
-0.499695173794, -4.01259711175, -4.88089688858, -3.20064122609e-12
-0.499695077766, -4.01259706467, -4.88089718941, -2.45940062593e-11
-0.499695386138, -4.01259809231, -4.88089687126, -2.82668552578e-10
-0.49969495691, -4.01259254826, -4.88089686987, -5.20697252971e-09
-0.499668181434, -4.01260596201, -4.88089687812, -2.02675411216e-07
-0.499695095523, -4.0126873201, -4.88089854295, -2.05974154574e-06
-0.49973895302, -4.01271589541, -4.88102378345, -8.12349567531e-06
-0.49984954652, -4.01259334054, -4.88089185376, -6.04048063259e-06
-0.499866514201, -4.01239221729, -4.8855277576, -0.00542611303653
-0.500004402642, -4.01264661553, -4.88090725033, -2.4814831671e-05
-0.50437685315, -4.02802442061, -4.87167721608, -0.0854833682094
-0.500128477953, -4.02385080565, -4.88116381511, -0.0317808492396
-0.492287226171, -4.0129915496, -4.86165709935, -0.107190447663
-0.499231169039, -4.00219677302, -4.88413306377, -0.0304020758036
-0.112415887018, 0.0663137472867, -4.94116433839, -1218.08318465
-0.500163996651, -4.01240358831, -4.88030322232, -0.000153971108634
-1.29961153688, -1.48598358332, -4.93262253183, -558.859678429
-0.500998296959, -4.01280468937, -4.88128707945, -0.00047785340166
-0.54124357253, -4.01251472635, -4.87929595523, -0.439044371169
1.99153938103, -0.723468126033, -4.94113294919, -1574.70225412
-2.00938560731, -4.44061912667, -4.91519760754, -183.379097621
-1.69901927996, -0.576631096159, -4.99865473255, -709.39177293
-0.499448801201, -4.01296445995, -4.88062950157, -6.75203918625e-05
-1.13100912934, -3.66549815474, -4.97553166267, -127.33559452
-1.3729410651, -1.37971651863, -4.96755926261, -556.472653008
-0.316913709358, -1.65265976225, -4.95536208952, -600.218846328
-0.955231871397, 2.21037275059, -4.99998556726, -386.509052014
-0.499695070621, -4.01259708075, -4.88089687687, 0.0
-1.32472425972, -3.87495234143, -4.98263643756, -119.548533355
-0.499672966562, -4.00899643418, -4.88070490508, -0.003301574067
-0.499695067927, -4.0125970663, -4.88089686757, -1.68453988246e-13
-0.499694994362, -4.01259697755, -4.88089697628, -6.56961872824e-12
-0.807219380155, -0.293199168554, -4.99911883419, -910.714450052
-0.499199332816, -4.01218414854, -4.88093610702, -0.000105715699434
-0.499695095776, -4.01259671009, -4.88089687633, -3.5711779195e-11
-0.499695073712, -4.01259709423, -4.88089687215, 0.0
-0.499695031456, -4.01259708102, -4.88089688505, -3.36908412595e-13
-0.499695074288, -4.01259711378, -4.88089687404, -1.68454507634e-13
-0.499695068087, -4.01259706819, -4.88089688397, 0.0
-0.49969506123, -4.01259708844, -4.88089718737, -2.42572151977e-11
-0.499695063734, -4.01259730844, -4.88089687755, -1.26341330465e-11
-0.499695061523, -4.01259708351, -4.8808968768, 0.0
-0.499695073144, -4.0125971247, -4.88089689034, -5.05363796601e-13
-0.499695068085, -4.01259706819, -4.88089688404, 0.0
-0.499695081763, -4.0125970734, -4.88089686851, -1.68454437915e-13
-0.499695056751, -4.01259707708, -4.88089687785, 0.0
-0.499695076029, -4.0125970838, -4.88089686748, 0.0
-0.499695059317, -4.01259714633, -4.88089687529, -1.01072787046e-12
-0.499695066997, -4.01259546407, -4.88089688051, -6.64202937667e-10
-0.499695071426, -4.01259709265, -4.88089687685, 0.0
-0.499695056679, -4.01259707709, -4.88089687809, 0.0
-0.499695034913, -4.01259708798, -4.88089680321, -1.68453285801e-12
-0.499695050852, -4.01259709112, -4.88089688341, 0.0
-0.499695056709, -4.01259707709, -4.88089687816, 0.0
-0.499695068905, -4.01259708214, -4.88089688183, 0.0
-0.49969505671, -4.01259707709, -4.88089687816, 0.0
-0.499695120514, -4.01259708782, -4.8808968772, -8.42273078836e-13
-0.499695079752, -4.01259707027, -4.88089687946, -1.68454559582e-13
-0.49969505671, -4.01259707709, -4.88089687816, 0.0
-0.499695060735, -4.01259726114, -4.88089684926, -8.08582592406e-12
-0.49969505671, -4.01259707709, -4.88089687816, 0.0
-0.499695044235, -4.01259708686, -4.88089687088, -1.68454041927e-13
-0.499695073774, -4.01259707982, -4.88089686878, 0.0
-0.49969505671, -4.01259707709, -4.88089687816, 0.0
-0.49969505671, -4.01259707709, -4.88089687816, 0.0
-0.49969505671, -4.01259707709, -4.88089687816, 0.0
-0.499695055636, -4.01259708407, -4.8808968773, 0.0
-0.499695082875, -4.01259713509, -4.88089687485, -6.73818137742e-13
-0.49969505671, -4.01259707709, -4.88089687816, 0.0
-0.49969505671, -4.01259707709, -4.88089687816, 0.0
-0.49969505671, -4.01259707709, -4.88089687816, 0.0
-0.499695056711, -4.01259707709, -4.88089687816, 0.0
-0.499695061632, -4.01259711028, -4.88089687219, -1.68454654784e-13
-0.49969505671, -4.01259707709, -4.88089687816, 0.0
-0.49969505671, -4.01259707709, -4.88089687816, 0.0
-0.49969505671, -4.01259707709, -4.88089687816, 0.0
-0.49969505671, -4.01259707709, -4.88089687816, 0.0
-0.499695050642, -4.01259678969, -4.88089687654, -2.20672593418e-11
-0.49969505671, -4.01259707709, -4.88089687816, 0.0
-2597.15836797, -2260.97183594, 2774.63904481, -1.28529651485e+24
-3588.14387126, 5146.05463693, 1408.13983227, -3.67526022842e+25
4747.58842309, -1063.27182342, -3505.3118653, -8.84092211708e+25
1773.21263253, -5347.96428004, -1017.59508132, -3.25871969256e+25
553.240423693, 131.009187436, 929.16075418, -7.47074490105e+19
-3406.09957814, -1748.18321124, -2146.7167998, -7.85507603673e+24
-528.07504566, -211.311431771, 6248.1381299, -6.79951736164e+25
-739.250673053, 6029.98826219, 156.221273585, -1.05332087203e+26
6021.88563143, 2244.84738986, -856.568657889, -6.8534564267e+25
2320.16394288, -3824.69556873, 3280.13801331, -2.27878820459e+25
-312.805990511, -1503.23707727, 3073.9137785, -1.45804727062e+23
963.833789008, -2132.99677916, 4583.22702862, -3.08050821978e+24
2143.31350645, -833.015509287, 3993.55026169, -4.65337933805e+24
4849.19030313, 1421.28811087, 308.313731155, -1.58313787686e+25
-3885.13779463, -3910.02985709, 1064.99974447, -1.35197422221e+25
2366.61120586, -3274.41847656, 4643.06865608, -2.58611259091e+25
6096.98730343, -882.568016096, 2667.86263985, -1.76413539802e+26
755.183820186, 3119.26905846, 3146.35656742, -9.5374932728e+23
-7364.18430856, 1925.28452285, -2058.4066398, -3.44917818894e+26
3881.00827884, -2076.4211321, 225.945769858, -8.37909992847e+23
-3257.45210834, -1882.33456067, 622.19271353, -7.84685209373e+23
79.2757088679, 1388.40097753, -2450.74559867, -2.70315060294e+22
-2844.93309797, -797.698471517, 2421.72590727, -1.36932152195e+24
-4196.01411384, 3129.03906844, 3836.44739502, -1.40889160276e+26
3399.28775282, -3353.3847571, 6004.29214452, -1.55089308786e+26
2640.86968952, -4438.2922999, 6099.53299885, -2.07870969927e+26
4665.71047341, -321.825354896, -3037.70646961, -3.96908427444e+25
2875.45315894, -207.251374597, -3938.64386933, -2.20624098261e+25
1953.18934699, -1071.64731129, 475.269927044, -6.69819356292e+21
-5203.95198739, -1534.76211481, -56.7095990887, -2.43659290446e+25
1518.23646993, -58.5194823931, -661.048611002, -1.47446655493e+21
-1248.78789625, 1906.74022059, 3433.00186834, -4.019136672e+24
-3202.51412313, -209.183617007, -445.560987325, -4.4166274232e+23
645.75619056, -2248.51066251, -658.312454112, -2.51442662077e+22
-42.1774265701, -2702.74206355, 463.97226208, -2.38044763758e+23
-1353.64178577, -2656.60363118, -1777.88310519, -1.72320256648e+23
-231.611340023, 6149.50116851, 324.857949845, -1.12930182375e+26
-1082.70336659, -1132.16807643, 2635.25363378, -1.27926344052e+23
-357.938940056, -2652.39390686, -4735.89779905, -1.31756450342e+25
-2876.44740539, 5782.81350461, 1829.08349625, -6.13714595477e+25
2970.55219124, 106.069956915, -2342.38849042, -1.92275362337e+24
-2975.06133215, 3977.99012518, 3028.94247545, -2.67497891654e+25
3192.59646618, -799.186305482, -2468.7626636, -4.56417768734e+24
547.794447825, -4984.11210033, 5545.37458763, -1.82719196997e+26
655.562374634, -2220.76726708, 244.565799836, -5.14830305061e+22
-2428.08811505, -6784.616671, -911.903076277, -2.15167004802e+26
-1673.49410222, 1327.8834198, -200.624054421, -3.77429434866e+21
381.212624488, -367.446917355, 2686.28195062, -4.045002784e+22
-5363.88326881, 3372.11069271, -3196.43692007, -1.07760973721e+26
352.157502049, 3680.09300777, 6163.50715583, -1.21848907454e+26
2192.37928225, -1126.34079857, -2471.09567909, -1.49950320378e+24
-2415.36129675, 7130.15927935, 4321.53465608, -3.16149257738e+26
3396.49952549, 2525.85027924, -6684.30284748, -3.4581721146e+26
-100.655642478, -6112.12385591, 3299.8755533, -3.21857574777e+26
2105.47986554, -2130.27657589, 6038.51202396, -4.13859147034e+25
1.89226650756, -151.406844651, 4665.87097725, -5.04201090207e+24
4963.78885769, -1740.44041088, -761.298961953, -6.12610618563e+24
-2789.85010225, 1684.88041892, 347.700101449, -8.53031483211e+22
5115.30716738, 6301.81668019, -1194.5144778, -3.43735940343e+26
3219.64221257, 1242.37597772, 2055.1144204, -4.37474845882e+24
-1597.83371255, -156.844981854, 2181.91684067, -1.67297870153e+23
56.8315806219, 2408.39571599, -3240.21581961, -7.86459757091e+23
5075.40222847, 7170.41747396, 5581.59852967, -1.96959612313e+27
2955.2928291, -1898.32520331, 1193.16093159, -4.38253685453e+23
-3146.51075262, 3656.4953267, 1918.14561766, -7.01106811837e+24
3779.91002043, -1882.92532003, 2068.32547581, -4.81676793909e+24
-2531.58382872, -922.367079339, -544.383257864, -1.58063565403e+23
3531.43760075, -1218.09111924, 94.0747481816, -3.29528765801e+23
5876.96240268, -418.881835492, 2974.09023189, -1.90814398773e+26
3298.70769444, 316.245620724, 6511.40996017, -2.44025356864e+26
1894.86400539, 227.407454837, 1321.82761988, -5.74872991868e+22
-1847.03454081, 2566.42942323, -2213.6124028, -1.1323059063e+24
-6459.84202753, 4334.88805533, -6788.1997767, -2.59243448536e+27
-6508.11852378, 2599.75566008, -952.913117747, -6.20973604634e+25
1469.31597049, 741.800997141, 693.95751342, -5.67023169222e+21
-1179.64261844, -3410.52288342, 4458.29367727, -1.18653374052e+25
-409.622921782, 6117.0459703, 2489.83828874, -5.43399421994e+25
-815.492372153, 2571.20378285, -2504.38764597, -8.55786936649e+23
2046.0701774, 1986.95708553, -5201.74747949, -2.88005602145e+25
-1120.01462477, -1296.48540721, -1351.1031504, -1.08114617279e+22
3824.75328132, 5216.14214385, 1451.61426246, -6.1231698195e+25
1479.57803649, 3076.56075597, -5893.30864244, -4.19394969708e+25
-3822.52700579, -4759.13397249, -5327.7224129, -3.42906597897e+26
-2560.12881609, -5639.65845488, 4393.10348563, -2.33993088707e+26
1344.7374285, 3084.6546025, 5665.845449, -4.97320362418e+25
-4904.37781053, 1599.6644161, -5956.69414435, -5.16651379238e+26
-645.824727602, 2973.95028128, -2331.64330613, -1.80240684675e+24
2993.30612825, 231.742039411, -517.745043694, -1.34878516613e+23
4751.72589575, -1578.77236071, 2464.30444976, -2.81340198786e+25
5373.04597734, 3317.15384109, 2686.37831684, -2.34428740947e+26
4779.51154955, -3056.50930822, -2618.84892163, -6.06797654033e+25
-4119.99476224, 5773.82300496, 461.687116557, -1.17400620602e+26
2380.05693954, -2603.42915747, -3585.76145531, -1.96320846153e+25
6927.5498381, -4487.89799869, -30.7336246233, -1.20658461972e+26
-3720.91077575, 1472.17609318, 3455.73914184, -3.86280803367e+25
5961.21321708, 2207.07559951, -4894.85916785, -3.94249413641e+26
-6897.04448024, 1350.62907834, 5469.13497901, -2.22003362476e+27
2979.82769213, -139.84756813, 6258.320178, -1.40333958399e+26
-744.781538365, 2999.12855423, -4304.13974298, -6.41613210784e+24
2059.18522416, 1728.04101369, 4914.58220956, -2.21729017388e+25
-4682.05996378, -218.932977553, -1823.9372004, -2.27857283732e+25
-5089.18075715, -3709.8303714, -1853.37666978, -1.27028082863e+26
5861.23874888, 2901.99200403, 4624.25314947, -9.75970386973e+26
-2486.3512319, 2296.87088765, 4877.55492383, -9.82351006696e+25
-522.778498467, -2387.10945051, 93.523300383, -6.64838086528e+22
-936.617877831, -2260.17674405, -1914.40555899, -5.18589228845e+22
-3227.23789461, 3899.28480155, 5639.501947, -5.21000642581e+26
4034.17402618, 5110.73100545, -7298.65394628, -7.68146922765e+26
-5451.96738354, -1356.06841608, 107.661364923, -2.93659870101e+25
6804.94170653, 669.433877693, -143.199356055, -1.21460472103e+26
-2156.00472879, -2491.98822339, 1194.09047031, -2.85627301649e+23
-3782.45108504, 1642.30171724, 867.952887549, -1.10967393117e+24
-2531.62278533, 2830.07587518, 903.965912149, -5.45926772035e+23
270.329616948, 6559.07876942, -3826.31241816, -6.07630833886e+26
6169.55525753, -1883.05867911, -3116.91357577, -2.29427427874e+26
290.073611207, -46.9599980316, 162.779659432, -7.57025730535e+15
1472.10058948, -2215.61302655, 4289.35822474, -3.44013878824e+24
-315.095533223, -625.822003506, 1603.26636152, -1.08909967867e+21
231.73352479, 886.048781646, -4723.83463199, -4.74214059174e+24
3984.49319996, 1926.85495846, -5466.37088841, -1.7428304357e+26
-1215.11507804, -5698.12307226, 171.642967291, -6.90257981404e+25
2830.56314139, -265.214338407, 880.386702265, -2.39584207751e+23
4633.94652175, -5356.29407056, 640.982788059, -1.15142021609e+26
-2164.97710543, -807.930576013, -1419.46896067, -1.91256604367e+23
3218.99424077, 1155.99906149, 635.53500583, -1.01078312524e+24
-502.736158128, 56.5960999201, -2365.04944931, -1.80598119286e+22
-5789.39846739, -3299.02896505, -5093.33224469, -1.26953004306e+27
-2375.30770842, 2739.6184844, 6722.33685118, -6.71817361662e+26
-6560.18103586, 1179.36564459, -2426.5217381, -2.27051040371e+26
805.25589031, 1898.01613431, -1926.1379243, -5.91300631258e+22
2435.41425061, -5220.56878288, 1482.85817384, -7.89924986449e+25
30.9111696404, -434.737510626, -1381.74099592, -5.70888726798e+20
-4791.46802675, 2156.34558623, 369.287519461, -3.93838915637e+24
-1565.52614662, -1163.15723135, 2537.71706428, -2.10273868685e+23
6507.5065612, -2377.45167594, -4288.02809228, -8.80474807589e+26
-3971.86762027, 5248.43882558, 2071.8393873, -5.70763233659e+25
5745.23069549, -6981.49723927, 1870.59020856, -1.20511885066e+27
5847.16098174, 2458.62221204, -3471.10288725, -1.0595154918e+26
179.396001764, 4148.20661608, 6337.52176677, -1.7923664246e+26
5541.04670856, 3064.24013207, -251.659434975, -6.6235637334e+25
15.8808545611, 1335.55143684, 2762.62434449, -1.88108145058e+23
-3053.44850297, 1541.39026709, 4266.31981076, -5.94358358465e+25
1753.57527905, -1505.59729446, 416.193587965, -1.03205426556e+22
-5719.05057256, 1871.15521292, -3645.57885654, -2.06697622073e+26
6967.40559816, 4330.77191718, -5479.80100096, -9.53217488282e+26
2287.54531904, 1407.96237425, -1059.57520644, -4.69181621515e+22
-1609.46883027, 366.688751982, 5041.01384267, -3.51824577969e+25
-545.248038595, 373.914668631, 763.025240481, -7.30981009255e+19
616.20772416, -1133.05846709, -1084.72075801, -1.51900021076e+21
-82.3992157895, 5135.32006667, 1698.50165412, -1.517395972e+25
-788.473107684, 856.513114888, 1751.4507279, -2.27229701521e+22
-3863.39692125, 2206.45376864, 5182.0904463, -3.38020927335e+26
4355.10785022, 2228.91574907, -4741.07954475, -1.00318461892e+26
-5402.81601679, -1135.79947688, 321.80857027, -2.27612203574e+25
-2705.84348782, 2522.38221694, -6644.3449965, -1.22660076552e+26
2791.68863798, 3967.54966667, -929.350089181, -7.02529066463e+24
2974.88406231, 16.4936187098, 902.935995619, -4.04753418737e+23
-267.546911509, -2348.54053112, -1938.50492157, -3.59449165261e+22
2841.48725547, 1782.04062991, -5344.75250576, -6.78413857618e+25
3860.29301259, -2701.1797424, 308.105281331, -1.60117131658e+24
1814.64239422, -390.268770784, 1213.19370207, -2.63337921593e+22
2491.71828471, 536.189834448, 4363.45347324, -1.51660524762e+25
4040.9889588, 55.920999761, -4142.5488004, -7.24292730596e+25
709.820195004, 4020.93168326, -2662.11173556, -1.3285901747e+25
681.503435932, -4916.81159234, -1007.57169872, -1.4304224997e+25
1255.40383798, 4653.30022152, -1753.12579697, -2.55741111576e+25
-2448.85287537, -2682.12710813, -209.729180385, -5.66425527585e+23
408.342798793, 2152.82852427, 121.068596747, -2.44750041072e+22
-4078.54286388, -479.600458438, 1888.25558724, -3.8984699303e+24
-1579.71907491, -1009.67219166, -1929.0048409, -1.14775125229e+23
-53.1581637959, -1855.170842, 2631.90735036, -1.13006796883e+23
-1628.81704002, 3107.73068148, 2461.15335973, -1.94101779018e+24
-1116.17479882, -4240.28484059, -2609.95665867, -2.58800933721e+24
947.668690237, 1223.54211459, 3052.10837262, -3.37262483394e+23
-169.649385184, -7339.12814216, -3448.36816293, -2.04642976876e+26
5823.70790041, -3721.82460244, 2674.64859875, -1.23380806319e+26
-526.487256142, -5627.77516558, 97.1222594845, -6.15515669462e+25
-162.259612724, -4519.96057306, 1933.85916581, -2.33290214064e+25
4924.98552044, 6166.81610887, -6780.65672216, -1.20863947455e+27
-2677.28504004, 891.077122459, -2093.46151205, -8.53073045394e+23
3561.96365981, -5235.17280324, 2424.99665925, -1.45405452092e+26
3908.85414251, 5007.93416807, 2831.43799696, -9.29823732065e+25
579.024101225, -1125.69749106, -1149.7854955, -1.80495015645e+21
-2491.41350352, -5183.43175267, -585.311578299, -2.88686400314e+25
152.098857299, 4899.40828564, -622.491682751, -2.55380645076e+25
-149.589194716, 3582.93564225, -6202.70457967, -4.75011167114e+25
-2039.12224759, 482.453240571, -190.647179934, -5.65560597203e+21
-1197.44370316, 2547.7968292, -7177.79647745, -8.31945918208e+25
3401.08534999, 2026.71268237, -3218.29408232, -6.56131276641e+24
954.683535909, -3841.44660446, 2274.53171406, -1.00412890239e+25
666.629894257, 4538.43898651, 4547.80156062, -1.87721813489e+25
6461.41386164, 1289.22187587, -4009.35342557, -3.23940386586e+26
-466.612557158, -924.181375826, -706.553596154, -4.75537842699e+19
5753.47286031, 2100.6328288, -2257.27511141, -4.67786472431e+25
-16.8564778826, 4786.64951048, 81.8516877864, -1.61770273152e+25
3961.14684927, 1476.15073965, 2010.79356986, -1.46076571164e+25
-8.915631477, 410.60068916, 2153.2166253, -1.59677258134e+22
-2565.70399483, -243.55218613, 1050.16299285, -7.47806521594e+22
947.674360339, 6754.99936851, -1943.2047173, -4.3795564688e+26
-2820.43429531, 7574.55298856, 1667.68688051, -5.19604199235e+26
4141.06312703, -2758.9719376, -2821.51195454, -3.93790956378e+25
605.04447878, 3545.02023175, -1353.08755206, -2.97202598448e+24
-2148.56746554, 109.874423015, -3977.08312439, -5.30980772307e+24
1074.7133874, 295.929506599, -2343.98429712, -9.49425318468e+22
-1161.55564908, -1832.82414248, -5914.48538671, -4.64465829277e+25
3817.54826934, 995.960758182, -5164.977596, -1.43299948808e+26
4151.32400493, 3946.18549407, 4055.3229819, -1.72576860189e+26
-843.88575023, 5047.76822906, 537.382492405, -2.20333210878e+25
-4047.62436331, 4088.78946743, 1263.78215608, -1.37713242138e+25
1567.65026769, 5454.80349288, 280.487735205, -4.23265124089e+25
-2243.9385973, 3632.44965264, -2579.43194575, -1.16779736001e+25
3624.15781413, -2811.70144827, 1857.98954287, -5.05203280601e+24
-1213.09169391, -4056.65644323, -2855.04751676, -2.23381004442e+24
2653.02227753, 589.787595215, -1881.50566145, -4.07270493911e+23
-511.336019612, -2117.50787901, -4972.54863769, -1.47886829969e+25
1828.97065695, -4634.3854525, 3587.70703159, -7.1056936054e+25
2265.10816069, 4078.29688868, -4543.18987942, -3.50536354522e+25
-2128.88994097, -914.796754858, 100.256035055, -2.31153121885e+22
3163.98354342, -376.686772254, 1962.51908099, -2.02624022101e+24
-5224.25031725, 233.978489884, -2992.21117126, -1.0026931297e+26
4165.94244656, -7161.20172891, 3200.60519422, -1.53436742565e+27
-3678.43627864, 6052.74670675, 7299.09901752, -3.92266024459e+27
2752.52360133, 668.479102278, -1175.14874403, -1.35763168727e+23
-4365.71792331, -4705.57143018, 1249.80746296, -4.76187821544e+25
5099.76578344, 6577.12139574, -3464.89603584, -6.21869005174e+26
-2449.08334196, 1672.62897296, -1895.31044053, -4.29048697823e+23
1150.53649774, 2366.2659979, 3454.11362837, -1.42549689795e+24
3041.78353374, -4109.69830717, 2836.02384031, -3.54021007496e+25
1136.31564237, -3848.68443929, 3355.94021126, -1.74620381948e+25
5222.99247428, -678.887349184, 220.147504154, -1.07071196676e+25
-268.294625149, -4776.76664062, 6937.66864155, -2.34696564519e+26
13.6930448544, 801.647713302, -544.533765083, -3.66999254269e+19
565.273058223, -772.752717191, -131.531008519, -1.06268535003e+19
2046.8572773, 6311.52667653, 1926.91926898, -8.93718097705e+25
-6203.48380824, 3101.66943399, -1283.31105888, -5.59620585428e+25
-3507.19494719, -1273.02337764, 399.237623395, -9.30313409785e+23
-3940.37163895, -2193.42104204, 5480.68797104, -1.60776350588e+26
4735.10079091, 2433.42797627, -6270.13225765, -5.52158326189e+26
-5886.127568, 5584.03493634, -1781.14759831, -3.29440759232e+26
-2763.24786285, 809.102363543, 2734.81929211, -4.17925949077e+24
-540.026148766, -4090.51340916, 3766.97651878, -2.39464552354e+25
2454.3987223, 506.431757028, 3421.09665554, -4.85108566196e+24
2942.67276163, -148.637624614, -2543.52398283, -2.90114447976e+24
-5309.09010046, -911.525537418, 3873.55574973, -1.23353398646e+26
144.852993967, 7141.98413373, -2170.23054988, -7.29019600641e+26
961.187382003, 3073.26984331, 5679.02066053, -4.92354442937e+25
-2207.78704597, 1217.74799586, 2857.46060847, -3.16652876574e+24
-1766.45651665, 740.816947491, -2121.19685162, -1.34215257109e+23
-3061.53663056, -462.232546583, -254.721297316, -3.07973805788e+23
236.363525719, -2970.5020182, -1188.12427102, -1.69886236443e+23
-3284.41270202, -529.33884057, 4633.93015505, -5.98262195925e+25
-1771.87523252, -3259.1655297, 2102.08024335, -2.34981631764e+24
5419.9357108, -2765.73426417, 3284.37761876, -1.10799559826e+26
2722.64868859, 4960.96886856, 4814.64542871, -8.70723620798e+25
235.309909169, 1003.98678248, -706.751867127, -2.13989507967e+20
-3895.70527976, -485.477302477, 209.261227314, -1.38180836242e+24
-575.78350528, -59.256949284, -6170.52469456, -4.07426120128e+25
-1419.20918829, 2037.62053445, 2696.50338228, -1.33113387614e+24
-4082.34732046, 6504.43262502, -2716.01380285, -7.13524195701e+26
-2604.4359506, -623.24446969, 766.606510366, -6.07481510357e+22
-4456.06728332, -4265.92398715, 2070.55440379, -3.32116345738e+25
4989.19805089, 1166.14238074, -1325.62315391, -1.0654015158e+25
-5547.20122141, -6816.35004198, 1869.08809191, -6.79981292723e+26
5755.78088245, -5548.2663565, -2945.06966102, -3.89628171635e+26
-2793.76060764, -1947.99137043, -1891.96243285, -2.34987627774e+24
303.747966995, -15.7330227777, 830.926333214, -7.6932730348e+18
4257.34443922, 1870.22624462, -369.198444175, -5.5680235525e+24
-1041.87330462, -2442.05801173, -4563.03630806, -8.47046197647e+24
-3074.09146604, -799.360269673, 3081.21068987, -5.46793992509e+24
-1929.6143125, -3282.29767938, 4783.48267367, -1.72425594101e+25
-1818.99715157, -930.830624432, -1289.90715578, -6.65685569781e+22
-3230.59985985, 1733.33234274, 1137.17663909, -7.53698391766e+23
3543.8893282, 1102.79734877, 587.740515627, -1.7993197374e+24
-3445.49991117, -2792.82029232, -1513.38123607, -7.8398596462e+24
-789.009268045, 279.777425877, -1033.67227657, -3.12094389056e+20
2661.9067098, -3778.57513586, -213.064875988, -4.0183218824e+24
-1138.27987847, -442.553715074, -1248.07759865, -4.74627594713e+21
3840.03498411, 2105.35407865, -25.8681129298, -3.77060279673e+24
1645.11333501, -3592.35135487, -4197.71365657, -3.3586608671e+25
-4973.86814015, 6289.07987498, 2108.89299633, -2.42359530234e+26
-1929.19943084, 1967.34687815, -1246.58993847, -1.33788022505e+23
888.351192628, -3405.21683383, 3883.18734816, -1.02175153762e+25
-1586.27827037, 3270.84433233, 1596.11752181, -6.8736979395e+23
2844.55317181, 967.286961692, -6834.62779388, -4.10902801158e+26
-656.030242322, 4147.12423189, 1891.73029372, -2.41856631033e+24
751.550375754, 245.341031396, 2287.39435072, -2.45519850974e+22
-4952.8122846, 2833.27371281, -2208.32082616, -2.85779187479e+25
-2453.52613721, 651.996088036, 396.363877839, -2.1232090301e+22
4941.49391414, 5012.66356829, 1277.33676447, -1.49474365772e+26
6024.53764997, 3261.51324974, -90.1323186234, -1.33770587865e+26
6600.46997164, -1559.22679545, -3462.80117659, -3.9863439233e+26
2145.99036733, -3416.10352925, -578.974286467, -1.32732762322e+24
-4642.03777125, 6216.82677636, -4925.10401322, -1.2118725355e+27
1446.62408808, -1612.92431241, 1248.77075736, -3.07709180085e+22
-3947.00546444, -512.933341512, -927.715115634, -3.74351551926e+24
-2137.41520201, -2279.1890268, -2295.78644433, -1.24185668722e+24
-2320.07624932, 1740.53811827, 4030.63197013, -2.54849362332e+25
1340.2578822, -1615.55734747, 711.917369786, -1.3952052747e+22
385.060761333, 4068.70186288, 312.778055165, -3.84210716379e+24
2274.29678643, -225.229368848, -6059.37721194, -1.78000667869e+26
-4366.92298798, 4388.58410841, 2084.7874257, -4.08653255613e+25
588.108200302, -1208.3602668, 55.9043570316, -4.07435349616e+20
-1187.21068123, -1462.86008107, 1259.52999705, -6.77772281715e+21
-4924.06116419, -4253.67493339, -3214.04942859, -2.56191062943e+26
-155.495192231, 5673.66997118, 2204.16641778, -3.02991566919e+25
-1304.9704571, -4448.95572437, -3463.49412986, -5.7095798698e+24
54.3686717958, 4361.98567052, 1142.49080263, -4.69110226521e+24
-3777.71463428, 280.717352046, 2854.45721878, -1.27288651247e+25
-6609.13913526, -4625.48434302, 1009.79838915, -3.36377401331e+26
1884.78276814, -10.1583476329, -738.552450519, -6.3770717715e+21
-6323.17906099, -3551.63991688, 5121.27416603, -4.98347983391e+26
-1279.2753328, 3229.56832932, -2478.19922263, -3.94756238632e+24
-3909.41284921, -404.688644224, 3813.1998558, -3.96566976413e+25
2786.07364774, -2574.55764136, -5202.63683182, -1.85429296418e+26
3526.42672184, 6642.42271148, 1447.33093281, -2.05633514648e+26
-2435.33845695, -458.892411672, 5163.11183956, -5.93198703768e+25
4114.28728048, -6976.30027183, -1766.18882763, -3.40179092697e+26
3201.39629907, 1857.72316492, 2476.37655614, -8.08132533846e+24
-1377.51300868, 822.680858845, -2323.9924382, -7.81237936124e+22
-3148.88152269, 901.341061988, 4037.70377374, -4.00730380973e+25
2191.64875932, 4499.46012764, 3.92451444976, -1.09579175295e+25
1463.90162214, 6469.18228766, -7285.57634818, -1.32545369348e+27
-2802.1809102, 577.145981176, -3488.52655939, -6.90862683974e+24
1599.46226498, 3508.85377665, -2237.62739298, -4.15149836329e+24
-5025.2689996, 1635.82641734, 3055.17711003, -8.0197156683e+25
-2737.53598372, -25.7511374387, 2310.37212408, -1.35924849174e+24
208.070674305, 300.948982643, -32.6290822365, -6.68730146503e+15
1749.04623229, 749.238698139, -412.110155527, -3.5306198968e+21
-438.882548093, -4291.44203794, -1701.13317468, -3.13958824211e+24
3102.38666193, 2536.58587157, 2013.17425404, -5.88468410903e+24
1488.37239742, 4684.20304743, 1794.34236369, -7.30399154888e+24
-3170.22325141, -2929.03202219, 891.000839743, -1.85696459211e+24
5401.86211085, -3777.07216758, -3076.97456167, -1.97021000724e+26
4313.74499878, -4638.11961866, 3256.68582764, -1.32299253316e+26
-3771.71614717, -2508.22140722, 3278.98422914, -1.01199679041e+25
-4558.18018557, -3074.48553611, -5022.29269688, -4.01069995598e+26
251.238487904, 2165.01756092, 6666.25940572, -1.50451082091e+26
2105.249114, -6577.45988976, -1209.42400388, -1.7130828209e+26
3388.93073116, -2512.62460656, -959.048652146, -1.19393617017e+24
-3671.14732693, 1163.02645834, 26.2570162322, -4.33985343227e+23
-4998.83663703, 3608.65431996, 3933.25197783, -3.13604611817e+26
-1016.86185808, 5239.06745519, -464.927962542, -4.47289336141e+25
-3553.50691072, -2422.10182459, 7144.15912378, -5.98931748043e+26
2270.59331817, 3263.82693861, -2995.65181185, -4.19545618093e+24
3961.35414519, 1596.65950176, 1377.40152656, -9.13743352531e+24
-1707.27272872, 127.232161337, -2992.54051412, -6.38293564276e+23
-1553.99541925, 1614.85371205, -665.84807734, -1.67347391832e+22
-2109.36104153, -111.548240264, 1198.63363949, -3.72579347783e+22
1307.43665714, -3240.98377835, 2595.04122916, -4.29464406847e+24
3634.12809292, 4672.08080933, 3560.65186814, -8.85654335693e+25
3647.7229932, -5067.54656791, -1760.08353054, -3.54824190434e+25
-229.609159413, -2384.87380798, 105.41221835, -6.7227314466e+22
4984.89262737, 4224.60765551, 2399.75051845, -1.77638793324e+26
-1243.50297002, -1271.38912317, -4716.68236808, -7.89875550366e+24
-1520.60995845, 5524.0862673, -4842.36887628, -3.1408952216e+26
-161.604979826, -5125.11408456, 2236.79468921, -6.48727113512e+25
-1914.13715251, -3745.96952879, -309.9366574, -2.32386848912e+24
2175.63688708, -2681.968467, 1981.55326991, -1.43575230202e+24
-2922.72431307, -4403.00582199, 4347.58821935, -5.22108188942e+25
611.963195137, -7520.2886288, 231.721071497, -6.75560751942e+26
-2285.89185444, 83.2312989998, -4769.19444288, -1.62660873407e+25
-3731.65583186, -916.61817083, 3629.88232259, -2.27803546371e+25
-4428.80137252, -4074.70536818, -3030.35096066, -1.29015358548e+26
7131.28416365, -5506.63745312, -3135.29941564, -1.05252261634e+27
3616.10266611, 5892.16683945, -3608.67881085, -2.60352943398e+26
-2869.41914404, -1619.71046386, 3455.15088024, -5.69761225982e+24
339.74642461, 1886.38611352, -3791.91636433, -7.56058311404e+23
3629.48799906, 2681.59070626, 2463.55346478, -2.01671092498e+25
5912.59755021, -3250.73769245, -2161.39479693, -1.05897669333e+26
-702.6579573, 3784.44971469, 1366.89429728, -1.34693272483e+24
-2224.88909958, -4790.32308533, 1672.8817264, -3.10661389078e+25
5548.52167411, 366.666620112, 1867.74573682, -7.43371694156e+25
-5359.90579207, 2518.71730095, -4186.67998981, -2.07095955567e+26
5674.18223752, 5169.8003927, 1527.46394921, -3.56932719651e+26
2772.76139921, -771.257681705, 1080.31529339, -2.23986627508e+23
-455.770766464, 3207.51195686, -2113.29117307, -2.50784257284e+24
-2001.13659077, 2350.30912597, -462.74786798, -1.82654822255e+23
-2222.73561604, -5178.86465638, -955.191448856, -2.44428564595e+25
244.783070595, -727.409062861, -2756.18694574, -1.64524768449e+23
3103.26982259, 2651.38769144, 2957.71970109, -1.42728496287e+25
-3349.62263086, 2106.11015475, -2250.68602886, -3.34833994322e+24
-6554.28755447, -1385.54911058, -3428.46185703, -6.95695004709e+26
-6513.94724862, -2215.61217285, 704.79546774, -1.25890276941e+26
-3662.5803174, 6146.00701953, 1979.72999823, -1.2063350613e+26
-2577.49945784, -2700.77209071, -5283.82478702, -6.59174396154e+25
2425.25603711, -567.525254582, 1086.02110072, -1.0408669208e+23
-296.917332415, -1682.53354034, 4118.96805892, -1.31438891077e+24
3272.01027126, 3466.40029237, 3007.49596017, -2.49395856927e+25
3389.70068276, 5440.74390999, -4085.06302517, -1.74015775636e+26
1745.31182976, -3434.44180932, 5570.29414081, -3.95461134254e+25
-4278.83912279, 2332.57257835, 6408.2635623, -1.30921809687e+27
1553.90756881, 5587.64779704, 1178.7012589, -3.8362529119e+25
1030.26986049, -12.2717539378, -1912.60284633, -3.12265258187e+22
-1902.32066533, 4806.47218153, 933.753776955, -1.4700977617e+25
-3341.66354125, 2247.87703387, 4528.75242844, -1.22338951292e+26
500.894303269, 1591.09972255, -1815.91516513, -1.82961550084e+22
3719.36907011, 2228.05526316, -389.618857009, -2.75047758799e+24
173.960793861, -2214.03962285, -6711.2882987, -1.88111581856e+26
3643.4327161, 2901.55437901, -2408.56251551, -4.32886165933e+24
-1233.47892594, 2386.50954937, 1026.36073684, -5.47665627363e+22
