-0.499682095502, -4.01259704057, -4.88086473636, -3.03725731573e-07
-0.499695139833, -4.01259708909, -4.88089689461, -1.516093526e-12
-0.499695080556, -4.01259709067, -4.88089690071, -1.68455260274e-13
-0.499693994244, -4.01259660632, -4.88089662776, -3.63852260122e-10
-0.499695027957, -4.01259724385, -4.88089687465, -6.7381916532e-12
-0.499695160314, -4.01259704677, -4.88089686404, -2.69527263658e-12
-0.499695069835, -4.01259707192, -4.88089686949, 0.0
-0.499695106922, -4.01261396668, -4.88089662693, -7.2098573223e-08
-0.499695048446, -4.01259707055, -4.88089691367, -5.05364240807e-13
-0.499695821893, -4.01259755449, -4.88089706559, -2.09391804854e-10
-0.499695060552, -4.01259704617, -4.88089550056, -4.80094692763e-10
-0.499694861482, -4.01259724562, -4.88089690153, -1.71822711513e-11
-0.499695100923, -4.01259711613, -4.88089658054, -2.29095832603e-11
-0.499694640243, -4.01259868746, -4.88089670707, -7.02646806883e-10
-0.499696408743, -4.01259708099, -4.88089645004, -5.02664431687e-10
-0.499699292511, -4.01259778262, -4.88089672293, -4.64793090556e-09
-0.499353333512, -4.01248750103, -4.8808853039, -3.25953859429e-05
-0.499693680347, -4.01258837238, -4.88090136335, -2.47674875787e-08
-0.499747805208, -4.01262355671, -4.88108293509, -9.62930282361e-06
-0.499691970668, -4.01207872979, -4.88087212202, -6.80322879066e-05
-0.498392375528, -4.00979585665, -4.87679021588, -0.00669149646282
-0.499961743352, -4.01249866214, -4.8869945067, -0.0094045274087
-0.505474122678, -4.01237683954, -4.90339247046, -0.137101012609
-0.494649142938, -4.01458184434, -4.91244768153, -0.257427604436
-0.49803045352, -4.12023072388, -4.90214140404, -3.23149973538
-1.47574129666, 3.61560330321, -4.99984603493, -3.68805136169
-0.596041522922, -4.99915994873, -4.99069651131, -99.3233750888
-1.47574170564, 3.61564810856, -4.99983562032, -3.6904834579
-1.47573926389, 3.61564139287, -4.99998544765, -3.7318917055
-1.47588808409, 3.61758453881, -4.99999062304, -4.03128585308
-1.47574171988, 3.61566417904, -4.99983745171, -3.69722371598
-1.47574219858, 3.61145240875, -4.99985639119, -4.05022689861
-1.47574162428, 3.61564807813, -4.99983679105, -3.68829949993
-1.47574132047, 3.61564784112, -4.99983684258, -3.6889417447
-1.47573587202, 3.61565891487, -4.9998586992, -3.71132199661
-1.36951229505, 3.77520459319, -4.86696128187, -71.4344530147
-1.47574025681, 3.61574404874, -4.99982129198, -3.69415080202
-1.47574516349, 3.61573826542, -4.9998218901, -3.68975841518
-1.47575193333, 3.61573769722, -4.99982164942, -3.69661311672
-1.47574299284, 3.6157337908, -4.99981929303, -3.69047830314
-1.47574274218, 3.6157445015, -4.99981757525, -3.69292903131
-1.476227352, 3.61577076564, -5.0, -3.70197156804
-1.47565662868, 3.6155248056, -4.99999745879, -3.75230089914
-1.47622786672, 3.61576626365, -5.0, -3.69934618417
-1.4755991173, 3.61584014868, -4.99999969109, -3.7623673376
-1.47622783868, 3.61576608887, -4.99999997327, -3.69946576291
-1.4762279183, 3.61576669563, -4.99999994986, -3.69955662961
-1.47622740447, 3.61578736944, -4.99999998456, -3.7075223856
-1.47622773041, 3.61576613919, -4.99999998046, -3.69968603363
-1.47622630313, 3.61576788414, -4.99999998074, -3.70057479176
-1.28441863509, 4.02407119869, -4.99953271376, -90.0047807881
-1.4762786424, 3.61574052165, -5.0, -3.709462605
-1.47627874601, 3.61576365588, -5.0, -3.70160816755
-1.47627508442, 3.61573427317, -5.0, -3.70491683516
-1.47621931829, 3.61468055001, -5.0, -3.79240692318
-1.47617026821, 3.61585138944, -5.0, -3.72589232926
-1.47619352387, 3.61578693531, -5.0, -3.71452720437
-1.47733022207, 3.61587310253, -5.0, -3.86815085131
0.154704225882, 2.9131011146, -4.83655596201, -807.129047192
-0.793445103039, 2.13782589639, -4.91920922438, -596.078840569
-1.97348157632, 4.93646270364, -4.8447601707, -206.024218443
-0.0198243595783, -0.573174557395, -4.99991930207, -1194.96980597
-2.08414982233, 2.92965056427, -4.88390285923, -186.171733703
-0.669931693805, -4.00864379668, -4.8757477849, -7.68499048401
-0.0829021718655, -4.59700441364, -4.97639146399, -69.3114688685
-0.49662024696, -4.03010400911, -4.8838886694, -0.0807132407327
-0.499707653962, -4.01259920246, -4.88089854144, -4.19104809695e-08
-0.384785510739, -1.89834631226, -4.88724320816, -531.625005956
-0.499695088489, -4.0125970742, -4.8808968608, -1.68454121752e-13
-0.499729777686, -4.01263821981, -4.88095182889, -1.49621326463e-06
-0.499695094232, -4.01259709731, -4.88089680349, -1.68453842987e-12
-0.499691122747, -4.01259707635, -4.88089613332, -4.07143372879e-09
-0.499600630567, -4.01259940307, -4.88089671709, -2.25587851793e-06
-0.499650685808, -4.01256112036, -4.88058559716, -2.53030646456e-05
-0.499761889231, -4.01260236929, -4.88089303448, -1.13984047045e-06
-0.499695158016, -4.01259701646, -4.88089787185, -2.53189299111e-10
-3.14983522812, -4.9109852617, -4.77822293761, -412.879882542
-0.499690063681, -4.01259720523, -4.88089669058, -6.33924286343e-09
-0.499681626161, -4.01259669725, -4.88089685514, -4.57104819232e-08
-0.499695118146, -4.01259685248, -4.88089686049, -1.44868599455e-11
-0.499695051073, -4.01259707102, -4.8808968383, -5.05360289111e-13
-0.499695141239, -4.01259709927, -4.88090993544, -4.31205558152e-08
-0.499694850944, -4.01259737245, -4.88089669799, -4.0766005621e-11
-0.499695957444, -4.01259706654, -4.88089687958, -2.01304865474e-10
-0.499694922235, -4.01259681142, -4.88089721656, -5.30619658406e-11
-0.499695049933, -4.01259706653, -4.88089685838, -1.68453661381e-13
-0.499695268934, -4.01262496065, -4.88088348099, -2.41925308202e-07
-0.499697348193, -4.01259699733, -4.88089699712, -1.3234176371e-09
-0.499695014854, -4.01259655223, -4.88089652039, -1.04776604453e-10
-0.499694858255, -4.01259704206, -4.88089695595, -1.28023708624e-11
-0.499695443509, -4.01259726968, -4.88089816433, -4.63262130791e-10
-0.49861256352, -4.01632439428, -4.88226604968, -0.00425851198521
-0.499698326024, -4.01266125789, -4.88090838012, -1.07774155463e-06
-0.49969582789, -4.01259699037, -4.88089683716, -1.49755500454e-10
-0.499694820281, -4.01259681169, -4.88089807808, -3.98224246708e-10
-0.49969290917, -4.01259707531, -4.8808969489, -1.17701980275e-09
-0.499695061892, -4.01259713631, -4.88089688475, -6.73818664153e-13
-0.499695066059, -4.0125970957, -4.88089688377, 0.0
-0.499695036383, -4.01259719196, -4.88089681299, -4.21135338613e-12
-0.499723474726, -4.01259181542, -4.88089674702, -2.11095130984e-07
-0.499695068153, -4.01259707731, -4.88089688585, 0.0
-0.499695068603, -4.01259710449, -4.88089687899, -1.68454444379e-13
-0.499695171012, -4.01259642694, -4.88089725386, -1.48066821774e-10
-0.499695002343, -4.01259707447, -4.88089689454, -1.17917584204e-12
-0.499689282657, -4.01259711027, -4.88089686007, -8.45686866099e-09
-0.499694940293, -4.01259709575, -4.88089694378, -5.05359629306e-12
-0.499695066536, -4.01259707793, -4.88089689065, 0.0
-0.499694559071, -4.0125939188, -4.88089762106, -2.73915179417e-09
-0.499695021859, -4.01259696667, -4.88089730657, -5.05356763073e-11
-0.49969770071, -4.01259650404, -4.88089780047, -2.05687828843e-09
-0.499685350938, -4.01260549464, -4.88089583808, -4.20282454173e-08
-0.499671400585, -4.01259982328, -4.88055054866, -3.04525783864e-05
-0.499695079267, -4.01259708443, -4.88089687799, 0.0
-0.499695066415, -4.01259708685, -4.88089692755, -6.73819914041e-13
-0.499695077865, -4.0125970844, -4.88089687784, 0.0
-0.499695055971, -4.01259706579, -4.88089686269, -1.68453708085e-13
-0.499699325067, -4.0125973376, -4.88089521481, -5.30408127488e-09
-0.499695500134, -4.01259689872, -4.8808969131, -5.69369188316e-11
-0.499693930871, -4.01260141231, -4.88089685493, -5.06169439363e-09
-0.499694792756, -4.01260418024, -4.88089704026, -1.27580232764e-08
-0.499694976499, -4.01259705235, -4.88089687369, -2.18988122385e-12
-0.499695173516, -4.01259711119, -4.88089692334, -3.70600238312e-12
-0.499695077766, -4.0125970647, -4.88089718941, -2.45940064631e-11
-0.499695386138, -4.01259809231, -4.88089687131, -2.82668564155e-10
-0.499694956908, -4.01259254826, -4.88089685657, -5.20697983501e-09
-0.499668181434, -4.01260596201, -4.8808967684, -2.02678827503e-07
-0.499695095523, -4.0126873201, -4.88089854295, -2.05974154574e-06
-0.499910378742, -4.01268981122, -4.88089606673, -1.38838165757e-05
-0.499538119081, -4.01259739595, -4.88113793023, -2.09304781121e-05
-0.497933845957, -4.01224873458, -4.88089571412, -0.000815689220723
-0.499378796755, -4.03167977609, -4.88202360314, -0.0909029970133
-0.485848415873, -3.999723656, -4.91119893819, -0.322485772658
-0.503747132443, -4.01236363724, -4.92992213306, -0.615587130813
-0.476546321741, -4.05232763821, -4.96899168887, -2.48629399877
-1.14115880098, 4.91907759427, -4.99999993646, -225.45057992
-1.47569369488, 3.61576158063, -4.99999999977, -3.7338491392
-1.38445240065, 3.12253590621, -4.99999999991, -110.632580942
-1.47625265831, 3.61576593558, -5.0, -3.71019278897
-1.47615425074, 3.61576397548, -5.0, -3.7123956978
-0.429366460581, -3.63760892924, -4.99999999998, -48.4835098156
-1.47622798626, 3.61576597552, -4.99999999977, -3.70004723531
-1.47622800139, 3.6157661332, -4.99999999999, -3.69936727353
-1.47622778121, 3.61576612965, -4.99999999985, -3.69942905382
-1.47628145851, 3.61575294111, -4.99999999982, -3.70663326053
-1.47622765607, 3.6157663403, -4.99999999984, -3.70010201965
-1.47622720446, 3.6157654658, -5.0, -3.70139732338
-1.47641395272, 3.61576701031, -5.0, -3.73478231068
-1.47622738746, 3.6157684268, -5.0, -3.70153813378
-1.47537496739, 3.61577981005, -5.0, -3.7070722654
-1.47549161238, 3.61559335601, -5.0, -3.72856139563
-0.329890868934, 1.3237910255, -4.90937618689, -1136.81479985
-2.54994188571, -4.71735879083, -4.89600471508, -240.856501475
1.24079000061, 1.23991688679, -4.99998621679, -1469.49005347
-1.89027711001, -3.58668396058, -4.99850084922, -225.685804552
-2.43173427349, -1.6728898245, -4.98137751264, -580.54735738
-0.499695055032, -4.0125970839, -4.88089687473, 0.0
-0.499696180908, -4.01260381903, -4.88089838159, -1.2355378352e-08
-0.499695332231, -4.01259708926, -4.88089784211, -2.53023603727e-10
-0.49969489282, -4.01259709294, -4.88089687491, -7.58035683493e-12
-0.499695056296, -4.01259708265, -4.88089686794, 0.0
-0.499695055768, -4.01259709548, -4.88090022305, -2.82997727826e-09
-0.499701785342, -4.0125531109, -4.88103854742, -5.57365155705e-06
-0.499695050219, -4.01259698964, -4.88089643732, -5.13783002638e-11
-0.499695056527, -4.01259707114, -4.88089684464, -3.36907251085e-13
-0.499695066601, -4.01259691421, -4.88089684571, -7.5803755193e-12
-0.499694987573, -4.01259713108, -4.88089684908, -2.35835337562e-12
-0.499695000815, -4.0125977895, -4.8808993763, -1.705212919e-09
-0.499695102317, -4.01260507754, -4.88090726902, -4.34683085474e-08
-0.498656935133, -4.01153366364, -4.88108372211, -0.000567374334383
-0.499694881515, -4.01259708229, -4.88089688078, -8.59107416692e-12
-0.499695158861, -4.01259708389, -4.88089688692, -2.18991270463e-12
-0.499695231414, -4.01259500885, -4.88090503808, -1.7937056483e-08
-0.499813022475, -4.012604388, -4.88107057103, -1.1154942703e-05
-0.499695053987, -4.01259708646, -4.88089687728, 0.0
-0.499695051382, -4.01259708518, -4.88089688015, 0.0
-0.499696491478, -4.01259711344, -4.88089739507, -5.82199841325e-10
-0.499694072873, -4.01259652687, -4.88149584344, -9.06476539902e-05
-0.49969505407, -4.01259708658, -4.88089687745, 0.0
-0.499695046885, -4.01259706347, -4.88089686573, -1.68453669112e-13
-0.499695090699, -4.01259708467, -4.88089686743, -1.68454549797e-13
-0.499694454354, -4.01259714459, -4.88089601222, -2.84854050334e-10
-0.499660180962, -4.01261709649, -4.88087689423, -5.09933740235e-07
-0.49969478891, -4.01259740768, -4.88090103209, -4.41009325307e-09
-0.499695089788, -4.01259712694, -4.88089694269, -1.68454556143e-12
-0.499696360007, -4.01259805367, -4.88091872413, -1.21351372634e-07
-0.49969615728, -4.0126011923, -4.88089708372, -4.57904490717e-09
-0.499695229969, -4.01259713531, -4.88089687351, -7.58049394751e-12
-0.499694939719, -4.01259730678, -4.88089685712, -1.65085494942e-11
-0.499614470502, -4.01259222659, -4.88089138379, -1.65536638767e-06
-0.499699040998, -4.01259591208, -4.88089511193, -5.13326368775e-09
-0.499960930041, -4.01259582672, -4.88089090586, -1.78621150886e-05
-0.49970990903, -4.01259949861, -4.88089613292, -5.73343412911e-08
-0.499722343421, -4.01259656804, -4.88089465915, -1.89465522335e-07
-0.49969506833, -4.01259708801, -4.88089686494, 0.0
-0.499695068937, -4.01259704678, -4.88089687349, -3.36907739236e-13
-0.499695076741, -4.01255795063, -4.88089695342, -3.87254185168e-07
-0.499695295773, -4.01259707404, -4.88089664916, -2.66157102413e-11
-0.499695707308, -4.01259708763, -4.88089688002, -1.04273172661e-10
-0.517540019524, -4.01267225718, -4.88064492898, -0.080983723718
-0.499695052149, -4.0125971033, -4.88089685428, -3.36908981501e-13
-1148.25257936, -999.966576995, 1225.18111801, -1.86565846205e+21
-1584.41985676, 2271.90596336, 621.662572721, -5.32592878327e+22
2095.67001853, -471.221186961, -1546.47133617, -1.27675771957e+23
781.880658036, -2361.36802136, -447.421582656, -4.69356730326e+22
245.337190651, 55.7928491553, 412.026307382, -1.11836310979e+17
-1504.53976444, -771.580306203, -947.040068786, -1.13646311374e+22
-235.513353873, -92.9190673053, 2757.93519008, -9.92620937868e+22
-326.996732675, 2661.01635663, 71.5827118938, -1.51674642019e+23
2658.3235251, 990.115791794, -377.962287255, -9.87536243809e+22
1025.45242546, -1688.05795448, 1446.31245838, -3.25908783472e+22
-138.450106636, -661.386961278, 1355.5620896, -2.11673439207e+20
427.426307486, -942.159223167, 2022.10863928, -4.4609002862e+21
944.10218201, -365.977642075, 1761.73092229, -6.65886763951e+21
2140.95716509, 629.634694704, 137.959177795, -2.29387598126e+22
-1713.93044664, -1726.92281236, 468.142068237, -1.95041979064e+22
1044.3938004, -1444.16819383, 2049.18717543, -3.69771522821e+22
2690.89727499, -391.567326617, 1176.82632323, -2.53354518139e+23
335.37538427, 1376.92427384, 1387.89377133, -1.38681742097e+21
-3250.72974955, 851.158590345, -910.115097733, -4.98266719927e+23
1713.08400173, -917.678627225, 97.253022527, -1.20390750248e+21
-1438.53093358, -831.003225043, 275.85253585, -1.13392613431e+21
36.8230099441, 611.67526872, -1083.3020309, -3.87974934863e+19
-1253.99166492, -350.22822154, 1068.51198584, -1.95603923258e+21
-1852.01373175, 1379.53325937, 1694.66164958, -2.03048229405e+23
1498.87474564, -1481.62876973, 2650.74130982, -2.22911217482e+23
1165.59790107, -1958.05638458, 2692.08832814, -2.9770656102e+23
2059.16096033, -140.779578273, -1342.44554142, -5.75524806552e+22
1270.52506252, -89.5327576272, -1738.63037833, -3.182429631e+22
862.171916428, -474.441408931, 208.792688154, -9.56157519596e+18
-2297.87895644, -679.609696333, -26.748818472, -3.53806138678e+22
669.736739662, -27.5912264919, -290.511828456, -2.13556647015e+18
-549.372905826, 839.667188929, 1516.54091215, -5.8188115956e+21
-1412.5868513, -93.3420170015, -196.364194262, -6.34424135902e+20
282.762943583, -992.80558182, -292.30174105, -3.58165684252e+19
-17.7010119085, -1191.32737049, 205.495946981, -3.3801375265e+20
-598.842775104, -1174.35360818, -783.20410955, -2.50696963743e+20
-103.096265994, 2714.86917585, 144.516708136, -1.63262991619e+23
-478.026789503, -499.123941583, 1161.45694474, -1.84696939799e+20
-155.428829463, -1171.11807738, -2091.30039332, -1.88815674159e+22
-1268.97719735, 2552.60517877, 806.830691241, -8.87618644632e+22
1311.17403872, 46.9138738877, -1035.88592462, -2.80239762085e+21
-1313.06396309, 1756.1049864, 1338.0249121, -3.86147887292e+22
1410.4351226, -351.970655396, -1090.71970618, -6.6424400693e+21
244.030504808, -2199.03858302, 2448.2147387, -2.62016885448e+23
287.62030541, -980.658365021, 109.986672762, -7.38867431571e+19
-1072.11003284, -2994.83522102, -403.975611535, -3.09687363251e+23
-738.437849693, 584.571908197, -90.9962666776, -5.50377881095e+18
167.399491513, -161.587127842, 1186.40911865, -6.02033044787e+19
-2366.94747773, 1488.96469756, -1410.67491494, -1.55410649725e+23
156.730331995, 1624.08499055, 2720.58408186, -1.76879476077e+23
969.66549006, -496.189668423, -1091.07172752, -2.17726067146e+21
-1067.26468205, 3147.20548635, 1907.4849936, -4.56898957131e+23
1500.46494956, 1116.02696422, -2950.72404089, -4.9787752977e+23
-47.0193733256, -2698.26340937, 1458.12717972, -4.63358628442e+23
927.95341749, -939.752566719, 2665.28326345, -5.96173980705e+22
-1.14442733787, -67.6676354983, 2058.46288265, -7.35920934677e+21
2190.96711079, -766.893443696, -334.169351242, -8.83863443497e+21
-1232.7342135, 744.915389729, 154.408089481, -1.23777242573e+20
2257.17119179, 2781.41963233, -525.614414066, -4.94578678772e+23
1422.68519378, 548.614540301, 906.640272104, -6.32728751094e+21
-706.180641358, -67.7447342525, 963.219281048, -2.43042604308e+20
26.662021308, 1064.03026132, -1430.41707371, -1.14289294033e+21
2239.31956756, 3165.12796493, 2463.16742987, -2.830208911e+24
1303.82444611, -838.237526245, 526.042319263, -6.25411466558e+20
-1389.7128605, 1613.80316109, 845.53983504, -1.00716337679e+22
1668.27732018, -831.905978669, 911.701691827, -6.90285085979e+21
-1119.07649686, -408.01016183, -238.18237725, -2.29589391584e+20
1558.76049018, -535.988983749, 44.1070030995, -4.7739217253e+20
2594.24790207, -185.995474308, 1311.47571493, -2.74235766542e+23
1456.94236828, 141.079668986, 2874.21591764, -3.52995317744e+23
836.306288355, 102.295469493, 583.885669665, -8.30418569397e+19
-814.213500818, 1134.07451884, -977.013164707, -1.65361891268e+21
-2851.06814037, 1912.4919801, -2996.50488776, -3.73742447989e+24
-2872.7153292, 1146.76592144, -418.653386262, -8.93143269162e+22
650.642708794, 328.84444117, 308.111004078, -8.39057364764e+18
-520.299199295, -1506.67835959, 1968.99797612, -1.7196395527e+22
-178.404977168, 2699.88927493, 1099.37532675, -7.84179181836e+22
-360.901540471, 1134.49300363, -1107.26030156, -1.24527255753e+21
903.953702042, 879.018852465, -2296.8443519, -4.13855723177e+22
-495.125891818, -574.324213907, -594.940193133, -1.56475477891e+19
1687.32636311, 2302.59474227, 642.939067349, -8.80784442553e+22
655.191689862, 1359.07510169, -2601.43893105, -6.02749463283e+22
-1688.54040108, -2100.63619861, -2352.3845447, -4.96033679242e+23
-1130.29102786, -2489.62858781, 1940.00700175, -3.37233578671e+23
595.34660301, 1359.89068988, 2501.38650481, -7.23410613601e+22
-2165.13648312, 708.223556371, -2628.95337256, -7.44178534096e+23
-286.546891267, 1312.30093714, -1030.08361774, -2.61577702005e+21
1319.87859641, 103.456202508, -226.256216479, -1.93596576269e+20
2098.23895827, -695.850078528, 1088.88121048, -4.07209882886e+22
2372.43712545, 1465.47323159, 1186.85851589, -3.38791071992e+23
2109.32028021, -1350.0828917, -1155.33910556, -8.76344681608e+22
-1818.67992069, 2548.86305441, 205.916042412, -1.69934347942e+23
1052.28376826, -1147.39784393, -1583.3149468, -2.83804777486e+22
3057.75146301, -1980.30781336, -11.1028807427, -1.73452841946e+23
-1641.2703721, 648.041259795, 1525.72898565, -5.54229871415e+22
2631.36822077, 974.968921537, -2160.06892009, -5.68450329997e+23
-3044.26614584, 597.630881848, 2414.49169013, -3.19780823821e+24
1316.84858675, -61.5107013919, 2761.99683372, -2.03085965749e+23
-329.843254166, 1324.97131652, -1899.63929045, -9.33075952795e+21
908.701069617, 762.526922879, 2168.74532065, -3.20112198695e+22
-2067.3365246, -95.0453678769, -806.899003398, -3.30058127045e+22
-2245.54953344, -1636.22890556, -818.463399078, -1.82791218989e+23
2586.56888695, 1281.18299298, 2041.03977055, -1.40398481696e+24
-1095.80407319, 1013.28263122, 2153.77849521, -1.4177042689e+23
-229.987337512, -1054.72784261, 42.4287651889, -9.63997978785e+19
-412.849837421, -995.661662146, -844.632286151, -7.37541289412e+19
-1423.5223624, 1721.44698888, 2488.59363788, -7.49800386926e+23
1780.49327954, 2256.34661226, -3221.71330055, -1.10583169971e+24
-2406.89115976, -599.291133438, 48.2765871234, -4.23902543425e+22
3003.94229294, 293.133891889, -63.4670706608, -1.74755479679e+23
-953.254408812, -1101.61181696, 528.567779021, -4.16631794743e+20
-1670.15982357, 724.101663917, 383.68281353, -1.59210552138e+21
-1117.15023044, 1249.03149154, 399.371731928, -7.87728566387e+20
119.85086793, 2895.5710943, -1689.46473354, -8.7868682145e+23
2723.48781748, -832.419240283, -1374.69219845, -3.31344632903e+23
129.014442103, -21.3048391825, 73.5517937227, -1.18867435684e+13
651.520141114, -977.19157981, 1894.21876566, -4.97491733617e+21
-139.274660683, -277.760425615, 709.635724597, -1.656830039e+18
100.20664963, 392.564904677, -2084.92652938, -6.69867259663e+21
1757.8877555, 851.620151149, -2413.70717591, -2.50956570478e+23
-535.016063451, -2515.92337693, 78.2917708645, -9.9731860691e+22
1249.18584638, -117.466372439, 386.28594291, -3.41511985056e+20
2045.01327859, -2364.8265454, 281.843313569, -1.6504291272e+23
-955.081684881, -356.392183653, -627.001182577, -2.75571939075e+20
1419.40848302, 510.961671536, 280.085899318, -1.44392956391e+21
-220.881596467, 24.6703351035, -1045.77120819, -2.57244120796e+19
-2556.14939013, -1455.21112882, -2247.96475735, -1.83143811078e+24
-1048.6640118, 1207.91296914, 2967.61495436, -9.71676759677e+23
-2895.47261063, 519.128003476, -1071.21329661, -3.27487305546e+23
356.612403883, 837.963931523, -850.940671036, -8.57714485153e+19
1076.89552021, -2304.22980784, 654.872892778, -1.1333855755e+23
14.8744745729, -191.478269111, -610.306730791, -7.99758993954e+17
-2116.00709017, 952.826011048, 161.680783292, -5.66994507666e+21
-691.748334619, -515.665635845, 1121.57348501, -3.06895789362e+20
2872.60637351, -1051.17708036, -1892.14473328, -1.271796784e+24
-1753.13296087, 2317.03492761, 914.618785169, -8.23935976486e+22
2536.35851354, -3081.45586886, 825.924205052, -1.72911933688e+24
2580.86096669, 1085.40694453, -1533.09749619, -1.53319912279e+23
79.9204523403, 1830.40121708, 2797.39035256, -2.60052532234e+23
2446.50778399, 1351.80314839, -113.405616662, -9.52842499507e+22
8.52427188801, 590.611954868, 1219.92941171, -2.76684499491e+20
-1347.40557825, 678.243520218, 1883.27301994, -8.55484356359e+22
772.883685186, -663.414564805, 184.567012952, -1.4476143041e+19
-2524.34572153, 825.806971358, -1609.20973982, -2.97972444829e+23
3075.52952001, 1911.9532931, -2418.81016533, -1.37594711277e+24
1009.62992964, 620.527773646, -467.789880466, -6.76854228687e+19
-708.578242149, 164.391899509, 2225.17756935, -5.09551129518e+22
-239.476382566, 166.777503334, 336.080518438, -1.04315659584e+17
272.334123586, -497.88828445, -478.231255003, -2.15925680488e+18
-39.0391084588, 2266.78927672, 751.383495794, -2.19065147624e+22
-347.230665726, 379.25465383, 773.349560478, -3.30675408874e+19
-1704.32319321, 974.04937082, 2287.95061478, -4.87164820901e+23
1922.36186339, 984.650744926, -2093.18700945, -1.44763334355e+23
-2385.43904444, -500.474510232, 140.536071387, -3.28902907016e+22
-1195.40264728, 1113.6539688, -2932.43310003, -1.76788360647e+23
1233.97369609, 1750.78601667, -407.925102829, -1.01096935899e+22
1311.73263652, 8.7231368949, 397.856235198, -5.78048932739e+20
-116.015920311, -1037.31779958, -856.92995139, -5.15683278702e+19
1253.59244564, 787.443223781, -2359.24716754, -9.73317833559e+22
1702.83529621, -1191.40178664, 135.9931464, -2.2806198562e+21
802.035164038, -170.482441224, 537.10034226, -3.85675063132e+19
1100.50760292, 237.38630682, 1926.04210922, -2.19349333124e+22
1783.106041, 26.9224252225, -1829.37342022, -1.04454678446e+23
313.763817206, 1774.58139977, -1176.40251294, -1.92091977871e+22
300.52849039, -2170.87852757, -442.718934106, -2.06233156275e+22
554.928016127, 2054.81660378, -773.613927552, -3.70338146057e+22
-1080.96834302, -1182.26253775, -93.4150595974, -8.14200351106e+20
182.022898359, 950.800055884, 55.1126962666, -3.54784642204e+19
-1799.01605953, -209.383416792, 834.263544955, -5.58394923015e+21
-696.664076899, -444.942101336, -850.82761398, -1.64294332821e+20
-24.0009572824, -819.317226212, 1160.62304184, -1.62369120337e+20
-718.733081675, 1370.26186231, 1085.04152252, -2.77970268835e+21
-493.575012324, -1872.31757891, -1152.95579273, -3.73581947589e+21
419.046723703, 540.840061218, 1348.33857837, -4.95806283279e+20
-73.5596269044, -3239.48332001, -1521.34495554, -2.94448235069e+23
2570.81545132, -1642.12746799, 1179.07133023, -1.76857019029e+23
-231.304702125, -2484.08691393, 40.7243392455, -8.83598734467e+22
-69.8817934657, -1994.65238233, 853.707674997, -3.34652309072e+22
2173.51984194, 2721.46628506, -2992.6661736, -1.73958172809e+24
-1183.01909935, 392.628563111, -924.223362727, -1.23784620589e+21
1573.36732801, -2311.31087612, 1071.87786384, -2.09090980241e+23
1725.36161006, 2211.29013591, 1250.76847896, -1.34043595217e+23
256.754438778, -496.077577019, -509.12304322, -2.64084676377e+18
-1098.40462365, -2287.94783518, -256.161718144, -4.16026285434e+22
65.8243312874, 2161.8338488, -273.104412777, -3.67602060423e+22
-67.2083777299, 1581.61224883, -2737.3183753, -6.8289980932e+22
-899.084622008, 215.182038722, -82.7439045509, -8.00356958811e+18
-530.247317764, 1123.0031521, -3168.35183381, -1.19128483228e+23
1501.46510746, 892.679993125, -1421.04050811, -9.50300087966e+21
422.549864237, -1694.28806466, 1004.59319166, -1.4330458762e+22
292.852220667, 2003.87091986, 2007.81053859, -2.73705181195e+22
2852.34553729, 569.345155782, -1768.57431536, -4.67229505124e+23
-208.355593748, -408.980966016, -312.815472802, -7.1908277263e+16
2539.98116583, 925.741749398, -994.973032455, -6.75280521993e+22
-8.5893894861, 2112.21863783, 36.4998694704, -2.332551716e+22
1748.84993728, 650.909652454, 887.398152838, -2.10340413523e+22
-5.87299875052, 182.400660581, 948.95038055, -2.35890309887e+19
-1131.45519656, -108.437806776, 461.785259521, -1.05419368089e+20
416.591992992, 2981.33554021, -856.797879678, -6.31437549944e+23
-1245.2874763, 3343.40963667, 734.681455235, -7.51811820876e+23
1827.16201182, -1217.97734661, -1245.58310624, -5.68864669873e+22
268.766263934, 1565.50358401, -595.966926491, -4.30461109713e+21
-949.318394494, 47.1672828148, -1755.09485326, -7.65716242012e+21
473.638633379, 130.000987748, -1033.7905354, -1.3476904932e+20
-512.358238524, -806.976646163, -2610.9557639, -6.6277010361e+22
1683.74239401, 437.959428998, -2280.40074117, -2.06421009773e+23
1832.18799042, 1743.2125293, 1789.83011727, -2.48477276723e+23
-372.318810069, 2227.86192073, 239.786294008, -3.17690263704e+22
-1787.90664032, 1804.10298009, 557.862566338, -1.98722168972e+22
690.699628045, 2407.51111427, 124.580404952, -6.09840681004e+22
-990.870929976, 1604.78851424, -1139.79967437, -1.7066238361e+22
1598.78897573, -1241.97633071, 820.838355995, -7.24644318162e+21
-534.831103007, -1789.69007783, -1261.29582775, -3.20244437649e+21
1172.61226175, 257.980726598, -829.558976038, -5.92724826506e+20
-224.924717652, -936.28010074, -2194.43303191, -2.10695336151e+22
805.916656578, -2045.14738404, 1583.03439286, -1.01614628822e+23
998.76397321, 1799.20072776, -2005.83380155, -5.04129940193e+22
-939.518151356, -404.644670695, 44.5330500102, -3.33809527544e+19
1397.9752694, -166.581625722, 864.244027051, -2.91683374055e+21
-2305.87998234, 103.716410635, -1320.84839909, -1.44507796664e+23
1838.79057854, -3160.84419915, 1412.08006907, -2.20121040106e+24
-1624.01753846, 2671.23567554, 3221.99631161, -5.66264167924e+24
1215.82410191, 295.758669447, -517.022021335, -1.96849436583e+20
-1926.49195462, -2076.97000939, 553.012145613, -6.85714780138e+22
2251.22377969, 2903.47757499, -1530.31219941, -8.97605784708e+23
-1082.59660574, 737.005816119, -835.929247863, -6.22385303347e+20
505.831557654, 1045.29363532, 1525.65919406, -2.0746678279e+21
1341.63308677, -1813.1314622, 1250.59305982, -5.0447580939e+22
502.159994305, -1697.56682548, 1481.20891104, -2.49140812369e+22
2304.84923713, -297.898815642, 94.6850942774, -1.53709417085e+22
-119.871912883, -2108.14054983, 3062.40471968, -3.37772949908e+23
6.70242377689, 356.007527358, -238.441243211, -5.57173205747e+16
249.260431407, -338.935460555, -56.8358409796, -1.4256445247e+16
903.064935742, 2785.95526228, 850.446626998, -1.28877609815e+23
-2738.71705803, 1367.95969448, -567.882861438, -8.10356959968e+22
-1547.45434898, -562.850506775, 178.699517978, -1.33535040257e+21
-1738.32662924, -969.020280469, 2418.88088123, -2.31277936293e+23
2090.91281153, 1073.38864287, -2767.9018675, -7.96961080836e+23
-2597.94222154, 2464.66905159, -785.426564528, -4.76598969791e+23
-1219.74382852, 359.535721812, 1206.26730231, -6.00622745471e+21
-238.121988876, -1806.35128431, 1661.39858788, -3.44545004689e+22
1084.90130748, 223.070956063, 1508.5582469, -7.00028127857e+21
1299.91849641, -66.6391712429, -1122.76228602, -4.2110501573e+21
-2343.85273472, -404.348925568, 1710.47744812, -1.7753280894e+23
64.8963502793, 3152.60090993, -958.565751977, -1.0533354875e+24
423.162652146, 1356.34531891, 2506.88002929, -7.16612077723e+22
-976.312581956, 535.585333044, 1261.99788879, -4.59029913854e+21
-779.801756136, 324.888886921, -937.972167337, -1.95099943375e+20
-1350.03721325, -202.036090812, -110.130776258, -4.37450035443e+20
102.444209122, -1309.78398573, -525.322210783, -2.40872239188e+20
-1449.89366293, -234.397460116, 2046.06171927, -8.64296944554e+22
-782.562743204, -1437.92770422, 927.807843005, -3.36976491015e+21
2393.20488823, -1219.13074004, 1449.06189379, -1.59571619968e+23
1201.78641419, 2190.79665281, 2125.74651264, -1.25790726403e+23
106.259669708, 445.140278633, -311.483078137, -3.20750340398e+17
-1720.41300364, -211.671989731, 92.8589889691, -1.99085450841e+21
-254.967579532, -23.5474310035, -2723.93269924, -5.79626361457e+22
-624.223912013, 899.393462481, 1190.26012756, -1.91346021579e+21
-1801.91818602, 2871.32829444, -1197.27985228, -1.03212855803e+24
-1151.42892698, -277.598461413, 337.10894713, -8.82470306031e+19
-1966.39267631, -1882.84331666, 914.429779537, -4.77928413858e+22
2203.09242538, 513.099651689, -585.849738494, -1.54184292015e+22
-2447.93835814, -3008.51330333, 823.107947226, -9.78510179812e+23
2541.0222219, -2449.81601471, -1300.77645881, -5.64140904608e+23
-1232.77065799, -858.89383129, -834.103766089, -3.37500373349e+21
134.204698359, -4.68724082575, 368.285393674, -1.18682050956e+16
1879.98371452, 827.175142416, -161.046981184, -8.07456791216e+21
-458.604596726, -1077.13842573, -2015.0188126, -1.21022960841e+22
-1356.38580519, -353.646300316, 1359.69870773, -7.84219036158e+21
-851.908926747, -1448.85774279, 2112.06954501, -2.49597796079e+22
-803.857029032, -412.208345638, -568.321836526, -9.65070941809e+19
-1424.67142861, 765.638113412, 502.933946558, -1.07759099459e+21
1562.91641217, 488.065671904, 259.513257535, -2.57795002022e+21
-1520.51517264, -1232.60079259, -669.069454493, -1.13229950235e+22
-350.127271225, 123.937428261, -457.236163709, -4.62839840832e+17
1175.60556924, -1667.65776433, -93.9034505877, -5.7451391713e+21
-504.478552536, -197.012494485, -552.065791175, -7.03228994152e+18
1693.71306408, 927.534337032, -14.082505041, -5.36664670401e+21
726.779063061, -1586.8412175, -1853.5620568, -4.84273320531e+22
-2194.49533779, 2775.97921648, 930.008416903, -3.49233094458e+23
-851.367119253, 869.501443258, -549.218371316, -1.9580645223e+20
393.675512838, -1504.07083805, 1713.94063682, -1.4709859748e+22
-701.224972401, 1444.82199243, 702.97146042, -9.97907322679e+20
1256.913504, 425.771473609, -3016.48379075, -5.91071836196e+23
-289.499028845, 1831.65517114, 836.317154536, -3.51606150387e+21
329.705335522, 109.897429812, 1008.32641944, -3.53831475366e+19
-2185.76184533, 1252.32407606, -976.183044709, -4.13986579846e+22
-1084.77525675, 288.666196073, 174.699722329, -3.06437686731e+19
2181.09160618, 2212.62056084, 565.160847297, -2.15278189733e+23
2659.78801764, 1439.09340676, -37.966744422, -1.930427927e+23
2913.68870211, -688.805439634, -1527.95528794, -5.7604070586e+23
948.138164644, -1509.36400697, -256.92604297, -1.91097878455e+21
-2048.12894773, 2744.58840615, -2173.75202872, -1.75371001407e+24
638.416424794, -710.392863131, 550.92646797, -4.32216530461e+19
-1742.36773434, -226.046097071, -408.760249816, -5.39442203573e+21
-944.246039106, -1007.46637406, -1014.39083559, -1.80605830105e+21
-1024.76265855, 766.718931494, 1778.94949351, -3.67894504916e+22
593.067669333, -711.078656854, 311.803840527, -1.93569316438e+19
171.129529976, 1795.77932977, 136.321908239, -5.55933446548e+21
1002.25589667, -97.3126789304, -2674.42370342, -2.54419428617e+23
-1927.6801233, 1937.94873454, 918.88204363, -5.8689363172e+22
261.985510054, -535.396097465, 25.4250377082, -5.95145068397e+17
-523.711787217, -644.381742945, 558.040261676, -9.70700268918e+18
-2174.10204051, -1877.45703009, -1418.42858095, -3.69979421999e+23
-67.1301901658, 2503.66198556, 971.090765961, -4.37191738298e+22
-573.767542117, -1963.60267001, -1530.01067719, -8.18502214706e+21
26.0240038757, 1924.25761607, 502.582124262, -6.75827500953e+21
-1668.22093171, 123.924145412, 1260.08398022, -1.83242000985e+22
-2917.62167434, -2042.39517903, 444.696190151, -4.85918239494e+23
832.110385461, -1.75435276719, -324.281059806, -9.19703758557e+18
-2791.27660611, -1567.34548609, 2260.60166844, -7.17366411627e+23
-564.079100889, 1426.5938288, -1093.52456507, -5.7518381889e+21
-1726.36385056, -177.30768797, 1683.22904338, -5.7219373142e+22
1228.24401368, -1137.62127823, -2295.84081896, -2.65916024235e+23
1557.95981756, 2932.09058961, 640.643395248, -2.96553936461e+23
-1074.96668347, -201.224735441, 2278.25968841, -8.57060075018e+22
1816.59623123, -3079.49747186, -781.317376714, -4.88632349014e+23
1414.06129501, 819.417784964, 1091.7468714, -1.16323237167e+22
-609.970675256, 364.592331192, -1024.8570683, -1.13171445167e+20
-1388.81475116, 396.034932871, 1781.31539322, -5.74112623452e+22
967.347907724, 1986.75877953, 0.994198256269, -1.58519330001e+22
644.540275817, 2855.0731344, -3215.69452377, -1.91077186616e+24
-1237.51923579, 253.278435766, -1538.48258177, -9.94470325834e+21
704.166535173, 1548.91988147, -986.861312077, -5.99178497587e+21
-2217.22994605, 723.727570218, 1349.23289178, -1.15275978172e+23
-1208.47742371, -9.9581723789, 1020.06342771, -1.95806278914e+21
93.1587051907, 134.860111585, -13.1311485595, -1.07978288514e+13
771.404667619, 329.394216652, -180.308867914, -5.05303333048e+18
-191.868480291, -1893.41735831, -752.428368969, -4.48890999747e+21
1367.78038821, 1120.85417801, 886.714701242, -8.39265845338e+21
657.608574148, 2067.56352374, 793.006171668, -1.05287012838e+22
-1399.89235615, -1292.8190693, 393.938979399, -2.68070939638e+21
2384.31100676, -1667.40479406, -1357.12716617, -2.84168316553e+23
1903.1853896, -2047.62114975, 1437.96450392, -1.8974455627e+23
-1664.88069499, -1107.26166179, 1447.30059773, -1.45528452384e+22
-2013.12165343, -1358.56720368, -2217.36818205, -5.80314828498e+23
110.82225286, 954.058888569, 2942.21192849, -2.18406300599e+23
928.389205178, -2903.35463461, -535.260609295, -2.45737781982e+23
1496.90390998, -1108.76171236, -425.742522904, -1.74639283646e+21
-1620.49293928, 514.120080731, 13.4043691591, -6.23024209989e+20
-2206.3567169, 1594.03095605, 1735.12610949, -4.50213598143e+23
-450.314200651, 2311.96536872, -207.554794674, -6.47408747041e+22
-1567.44609783, -1070.1211559, 3153.43536515, -8.6384625353e+23
1002.56942134, 1440.17855401, -1321.42120029, -6.03481668128e+21
1748.1838123, 704.526083998, 607.119344852, -1.31071629432e+22
-752.075052355, 53.7506643697, -1320.62816285, -9.12574404972e+20
-686.847459686, 714.50310967, -292.375835846, -2.48068426639e+19
-931.588083471, -49.7490179785, 526.940997088, -5.26612552564e+19
577.057153842, -1429.80891743, 1145.06282338, -6.12109818805e+21
1602.6214214, 2062.89006879, 1572.92650974, -1.27277600058e+23
1611.42730673, -2236.33390187, -777.848032552, -5.10713558444e+22
-99.2564839555, -1052.72688605, 45.9389015709, -9.63509611846e+19
2201.1809795, 1865.32114882, 1058.91811909, -2.56185321195e+23
-549.345663732, -560.693203464, -2080.97386452, -1.1240405576e+22
-671.230704319, 2438.19279059, -2138.12503594, -4.54432693096e+23
-72.9428104206, -2262.4773142, 987.094007525, -9.32422837069e+22
-845.562072913, -1652.51886552, -135.700346227, -3.33770175704e+21
961.909733143, -1182.13134366, 873.466101425, -2.03543365546e+21
-1291.1606371, -1944.58072612, 1918.59778091, -7.54110142604e+22
269.306183029, -3319.50964788, 101.394552288, -9.70802868164e+23
-1010.67488704, 38.7551661002, -2105.13162877, -2.34686898474e+22
-1647.28762995, -404.939255604, 1602.02707362, -3.27615147956e+22
-1955.23066565, -1799.30617467, -1336.9731548, -1.86257026158e+23
3147.99095959, -2431.43700427, -1382.78199057, -1.5190710699e+24
1597.00796055, 2600.59782299, -1592.34352086, -3.75200374863e+23
-1267.35106812, -714.39740173, 1523.5874852, -8.18842152805e+21
149.883225677, 833.757099506, -1673.99534351, -1.080037841e+21
1603.26307285, 1185.41549925, 1085.88275, -2.9094931669e+22
2609.65635208, -1436.32364994, -954.305561236, -1.53429851052e+23
-311.63314329, 1669.28407197, 602.575549242, -1.94189202833e+21
-983.982482552, -2113.5047495, 738.300911102, -4.45729182235e+22
2448.65625787, 161.036960229, 823.510890429, -1.06690658884e+23
-2365.43875958, 1112.75887883, -1846.77414663, -2.97704961167e+23
2505.18072428, 2282.76479147, 674.690883563, -5.1493393104e+23
1224.51562434, -342.585331988, 476.865365471, -3.22824558822e+20
-202.073392258, 1416.25625773, -931.503113103, -3.63932703308e+21
-881.645456527, 1036.95996889, -204.104397768, -2.65189132327e+20
-983.037278098, -2285.3968306, -423.446714663, -3.51368459873e+22
107.979455985, -318.568821173, -1217.12101951, -2.32782145976e+20
1368.98947636, 1170.35460411, 1304.04049106, -2.04301547643e+22
-1477.59609142, 928.630574839, -992.406941883, -4.80862459383e+21
-2893.38615689, -612.373497293, -1512.23670774, -1.00273769607e+24
-2875.60151602, -977.42633363, 313.463889817, -1.81252758883e+23
-1616.90512551, 2712.91093316, 873.612047084, -1.74434557732e+23
-1136.52022196, -1191.21556839, -2332.88546582, -9.46215634145e+22
1071.01095415, -252.334575724, 476.973829372, -1.48506760399e+20
-132.265448359, -742.774774717, 1819.0553356, -1.93478162642e+21
1443.91818998, 1530.39016631, 1326.69118627, -3.58108433642e+22
1495.84564899, 2401.87860155, -1803.10827156, -2.51181728767e+23
768.424469152, -1516.72907517, 2458.09734355, -5.67329779474e+22
-1887.86828762, 1029.43271079, 2828.37818199, -1.88510337187e+24
685.78287168, 2466.33169722, 518.499298514, -5.54046783722e+22
456.15790712, -4.82513336374, -844.623533111, -4.50995422821e+19
-841.043789286, 2121.29820597, 412.027935979, -2.12878066668e+22
-1476.13388595, 993.943676276, 1998.56700229, -1.76687893046e+23
219.348277438, 704.23283795, -803.414794886, -2.70318046568e+19
1641.89957251, 981.492770251, -174.59386597, -3.93807717104e+21
75.9779249436, -978.876727385, -2962.06420456, -2.68728217029e+23
1607.91880148, 1282.33637257, -1061.4077034, -6.24866791744e+21
-544.970258688, 1052.90149002, 452.017134468, -7.91702577841e+19
