-0.499695905191, -4.01259710957, -4.88088785466, -2.07675744097e-08
-0.499695335993, -4.01259708632, -4.88089697124, -2.0719877254e-11
-0.49971376214, -4.01259739108, -4.8808982548, -8.89004312832e-08
-0.499690301433, -4.01259728174, -4.88089522693, -6.43864476871e-09
-0.499695211323, -4.01259705902, -4.88089690482, -5.72742505434e-12
-0.499694304495, -4.01243835593, -4.88089644299, -6.36707239467e-06
-0.499695495859, -4.01259436893, -4.88090791952, -3.2744213882e-08
-0.499695863218, -4.01259684563, -4.8808854744, -3.3059358388e-08
-0.499694897983, -4.01259527375, -4.88089584171, -1.1080993769e-09
-0.499684599018, -4.01222221482, -4.88089687798, -3.55419186036e-05
-0.499695055373, -4.01259685902, -4.88089684159, -1.33077031569e-11
-0.499697724984, -4.0125967347, -4.88089694688, -1.82100816452e-09
-0.499691634617, -4.01259311628, -4.88089686377, -6.95935454008e-09
-0.499691233678, -4.01259732242, -4.88090281738, -1.26494365738e-08
-0.499692836369, -4.0125920207, -4.88090271896, -1.63691938625e-08
-0.499696845125, -4.01255653853, -4.8808914462, -4.2395403172e-07
-0.499644637251, -4.01265460355, -4.88091100464, -1.53044420629e-06
-0.496063734173, -4.0132716734, -4.88101848909, -0.00345569488509
-0.499747805208, -4.01262355671, -4.88108293509, -9.62930282361e-06
-0.499691970668, -4.01207872979, -4.88087212202, -6.80322879066e-05
-0.498392375528, -4.00979585665, -4.87679021588, -0.00669149646282
-0.499961743352, -4.01249866697, -4.8869945067, -0.0094045323503
-0.505474122678, -4.01237683954, -4.90339247046, -0.137101012609
-0.494649142934, -4.01458184433, -4.91244768153, -0.25742760773
-0.49803045352, -4.12023072388, -4.90214140404, -3.23149973538
-1.47575012532, 3.61559331817, -4.99986196526, -3.69925080345
-0.633814632199, -0.5824161258, -4.99999708325, -1065.91914881
-1.47552605614, 3.61560399411, -4.99989955508, -3.75439508444
-1.47578585686, 3.61563123739, -4.99983772375, -3.71436578599
-1.47571138333, 3.61587573163, -4.99997416471, -3.75565482254
-1.4757539652, 3.61563150323, -4.99980714828, -3.71028991461
-1.47574166404, 3.61568624057, -4.99984008451, -3.70452861066
-1.4757413798, 3.61564806771, -4.99983646252, -3.68893543261
-1.47574132047, 3.61564784112, -4.99983684258, -3.68894175793
-1.47574133909, 3.61564302424, -4.99983708708, -3.68965730833
-1.48961959221, 3.78250931922, -4.97371634925, -61.0647203984
-1.47741342763, 3.61574264229, -4.99980467334, -3.85726771474
-1.47574628284, 3.61573683309, -4.99981664711, -3.69142862248
-1.47574512481, 3.61573648134, -4.99981178878, -3.69335638214
-1.47574158281, 3.61572689152, -4.99984683838, -3.7073871731
-1.47574274472, 3.61574450181, -4.99981758094, -3.69296390408
-1.46527468673, 3.67724721439, -4.99999999998, -71.5751956886
-1.47555138043, 3.61548452659, -4.99982871138, -3.75147186147
-1.476227853, 3.61576642675, -5.0, -3.69976885331
-1.47531629447, 3.615794784, -4.9999468667, -3.73647083377
-1.4762278144, 3.61576605684, -5.0, -3.69968663013
-1.47622788327, 3.61577304369, -4.99999994997, -3.70444163407
-1.476245592, 3.61565976011, -4.99999998236, -3.72446785615
-1.47622387185, 3.61576802054, -4.99999998146, -3.70339389925
-1.47622630322, 3.61576780415, -4.99999998074, -3.70082322074
-1.46494527847, 4.03390656178, -4.99998080953, -80.4392045816
-1.47627705047, 3.61575423279, -5.0, -3.70447416673
-1.47627827971, 3.61576368066, -5.0, -3.70142877744
-1.47627508442, 3.61573427384, -5.0, -3.70492530971
-1.36953400971, 3.85557306272, -4.99403256408, -125.04832697
-1.47619767437, 3.61585213037, -5.0, -3.72244899095
-1.48247243715, 3.61694905772, -5.0, -5.99874244943
-1.74417160576, 3.8600337678, -4.99999899728, -77.7052527201
-1.59030442177, 3.6158806648, -5.0, -82.9292577283
-1.4764844613, 3.61583639024, -5.0, -3.75496660507
-1.47828423123, 3.61321413353, -5.0, -3.95536004473
-1.74605340479, -1.94499700987, -4.8945076303, -463.536227167
-1.44997455347, 0.894283373261, -4.88288224691, -824.17483176
-2.81008111156, -1.27305882416, -4.99848611679, -679.78118573
-0.433260762647, 4.51658986607, -4.99974977669, -229.301196499
-0.883563091532, 4.00254231844, -4.88313670579, -130.990221721
-0.499230304561, -4.24426249956, -4.88189723995, -17.6132550047
-1.71436115984, -4.93276510851, -4.88935344894, -166.607211128
-0.49969537819, -4.01258482808, -4.88089884824, -3.89938028638e-08
-0.50126433059, -3.99999644731, -4.89118929668, -0.0688263435867
-0.499695442208, -4.01258358259, -4.88089668971, -4.61440561512e-08
-0.49968081023, -4.0125982716, -4.88089674004, -5.17497411705e-08
-0.49969723204, -4.01261255108, -4.88089541833, -6.2223509271e-08
-0.501093222361, -4.01502281893, -4.88098484513, -0.00197715088621
-0.499094200665, -4.01260184801, -4.88090411713, -9.13392780022e-05
-0.499695592617, -4.0125970774, -4.88089665801, -8.25424543591e-11
-1.3567251212, 1.15694561077, -4.82021497023, -723.582175693
-0.499692737121, -4.01259717959, -4.88089626529, -1.46811398339e-09
-0.499706874571, -4.01239698224, -4.88089850188, -1.01538561269e-05
-0.499692798869, -4.0125921923, -4.88089675528, -7.35588534194e-09
-0.499696715521, -4.01259709623, -4.8808968948, -6.88653682432e-10
-0.499693480267, -4.01259770152, -4.88090559582, -1.99535279923e-08
-0.49969711254, -4.01252497545, -4.88089630909, -1.31580098081e-06
-0.499694931395, -4.01259702898, -4.88089647876, -4.56505958091e-11
-0.499500264206, -4.01259232249, -4.88053821197, -4.21234919526e-05
-0.499694930905, -4.01259706596, -4.88089686724, -4.71666527011e-12
-0.49985855892, -4.01258782247, -4.88082308022, -8.15532334667e-06
-0.499693316029, -4.01260174539, -4.88089640219, -6.3241433924e-09
-0.499695243256, -4.01260087284, -4.88089592237, -3.86776347088e-09
-0.499695170073, -4.01259705253, -4.88089667122, -1.38131512171e-11
-0.499695172756, -4.01345745213, -4.88089639291, -0.000186912167765
-0.499679864384, -4.00717045053, -4.88090286966, -0.00748747046702
-0.499761349776, -4.01256956503, -4.88099001621, -3.49535114758e-06
-0.499695429914, -4.01259652174, -4.88089639629, -1.72493563466e-10
-0.499359976741, -4.01259494239, -4.8806220315, -4.74771059674e-05
-0.500089528193, -4.01248726561, -4.88098570222, -4.43449348998e-05
-0.499663106066, -4.01258524966, -4.8808906016, -3.03636014922e-07
-0.499695287976, -4.01259569527, -4.88089686838, -5.00804642868e-10
-0.499675711046, -4.01259380132, -4.8808950576, -9.8281857903e-08
-0.499132855873, -4.0125657767, -4.88084733124, -8.08176383813e-05
-0.499694908236, -4.01254891591, -4.88089735116, -5.86747586896e-07
-0.499695107864, -4.01259702353, -4.8808968363, -1.85298285726e-12
-0.499695109473, -4.01259728174, -4.88089689528, -1.04442643831e-11
-0.499695015276, -4.01259701157, -4.88089673802, -6.9065280563e-12
-0.499694493776, -4.01259713502, -4.88089786002, -3.27139858539e-10
-0.499687437541, -4.01259718558, -4.88089654382, -1.47448398057e-08
-0.499694898879, -4.01259733084, -4.88089891743, -1.07428995827e-09
-0.499693924847, -4.01259488213, -4.88090206581, -8.36219588104e-09
-0.499695212872, -4.01259711237, -4.88089680998, -6.90666444411e-12
-0.499704469893, -4.01259941657, -4.88089711832, -2.37571496195e-08
-0.499696244398, -4.01267830003, -4.88089784905, -1.66870106584e-06
-0.499818128192, -4.01546821185, -4.88094706618, -0.0020787045764
-0.499694212072, -4.01259910213, -4.88089802118, -1.54379394086e-09
-0.499677275845, -4.01261251914, -4.88090273149, -1.48949726215e-07
-0.499695386508, -4.01259732934, -4.88089698999, -4.43040863511e-11
-0.499640331338, -4.01259655238, -4.88089331818, -7.60781863618e-07
-0.501442367054, -4.01270895127, -4.88102370611, -0.000778578530808
-0.499645123074, -4.01259470169, -4.88089772622, -6.32306313378e-07
-0.499691527674, -4.01259659983, -4.88089459332, -4.54438897717e-09
-0.499691410149, -4.01260293841, -4.88089736763, -1.21057397305e-08
-0.499694938298, -4.01259715796, -4.88089743188, -8.30483228842e-11
-0.499697780241, -4.01260676651, -4.88089709467, -2.55806563572e-08
-0.49969507767, -4.01259706442, -4.88089718941, -2.45940108705e-11
-0.49969539497, -4.01259809258, -4.88089573589, -6.1420067079e-10
-0.499696846054, -4.01259180225, -4.88092105211, -1.55627641827e-07
-0.499668181434, -4.01260596196, -4.88090457119, -2.1763181892e-07
-0.499694909447, -4.01268732002, -4.88089862226, -2.05983910203e-06
-0.499910378742, -4.01268981122, -4.88089606673, -1.38838165757e-05
-0.499538119081, -4.01259740809, -4.88113793026, -2.09304984287e-05
-0.49793384595, -4.01224873458, -4.88089567703, -0.000815691485386
-0.499378796755, -4.03167977609, -4.88202360314, -0.0909029970133
-0.485848415873, -3.999723656, -4.91119893819, -0.322485772658
-0.503747132443, -4.01236363724, -4.92992213306, -0.615587130822
-0.476546321742, -4.05232763821, -4.96899168887, -2.48629399917
-0.748078543069, 1.58915686825, -4.99999986351, -511.636531253
-1.47623040318, 3.61576577421, -4.99999999993, -3.70211215521
-0.451531985386, 4.99930694358, -4.99999882775, -295.135648931
-1.47627668616, 3.61576888844, -4.99999999972, -3.70495604721
-1.47625226715, 3.61576681079, -4.99999999973, -3.71013529847
-2.84239094741, -0.911929410224, -4.99999999979, -701.987597669
-1.47622788268, 3.61576631041, -4.99999999982, -3.69941654729
-1.47622781413, 3.61578886382, -4.99999999974, -3.70819991558
-1.47622779077, 3.61576597033, -4.9999999998, -3.69990308867
-1.47593143492, 3.61579405836, -4.99999999998, -3.73282916131
-1.47622781987, 3.61576554981, -4.99999999993, -3.70065307994
-1.4758050143, 3.61577392748, -4.99999999999, -3.72828363118
-1.47538620745, 3.61578001107, -4.99999999999, -3.71119171457
-1.47774598478, 3.61577656527, -5.0, -3.87650371208
-1.47537499139, 3.61577981005, -5.0, -3.70716591623
-1.47549161238, 3.61559335601, -5.0, -3.72856139563
-0.0306260478999, 4.90000999908, -4.97448920615, -396.0615622
-0.204250138582, -4.91704418061, -4.99864043726, -101.077104109
-1.93082037324, -4.99971231789, -4.93949338875, -180.196673943
-2.01323781866, -0.0153260482601, -4.99941253941, -769.538726661
-0.121589086066, -1.57621189423, -4.99965549925, -718.410685591
-0.499695356634, -4.01259538277, -4.88089708917, -7.6527961191e-10
-0.499784977524, -4.01256165408, -4.88087310419, -2.50360677256e-06
-0.499752933433, -4.01257085681, -4.88069639516, -1.11755133337e-05
-0.499692758114, -4.01259792858, -4.88089579575, -1.8224021651e-09
-0.499695306718, -4.01259707628, -4.88089773663, -2.01137436776e-10
-0.499696125581, -4.01259708159, -4.88089726126, -3.21417610952e-10
-0.49969588763, -4.01261175534, -4.88151213642, -9.56975059823e-05
-0.499696550183, -4.01227059734, -4.88133617478, -7.57556872725e-05
-0.499690182842, -4.0125831058, -4.88089706982, -5.54499465598e-08
-0.499696429253, -4.01259698541, -4.88089566475, -8.45134626233e-10
-0.499695246495, -4.01260862029, -4.88088034939, -1.02744542293e-07
-0.499701317151, -4.01260272704, -4.88089771636, -1.81138829944e-08
-0.499688309734, -4.01355544986, -4.88085300852, -0.000232374958414
-0.0616264473775, -0.340548310171, -4.83455097299, -1108.85249368
-0.499694909, -4.0125970279, -4.88011537856, -0.00015441116491
-0.49969577309, -4.01259743931, -4.88089694443, -1.59528265399e-10
-0.49969357314, -4.01259564095, -4.88091661485, -9.95962182659e-08
-0.499603916062, -4.01240326108, -4.87798377576, -0.00216361538423
-0.499695043113, -4.01259845111, -4.88089750694, -5.72252189358e-10
-0.499695064136, -4.01259709734, -4.88088508505, -3.51666786037e-08
-0.499676388971, -4.01259959495, -4.88088870437, -1.06689396421e-07
-0.499691691878, -4.01259675229, -4.8809215592, -1.56939590208e-07
-0.499695037793, -4.01259705042, -4.88089687182, -5.05361825041e-13
-0.499695046887, -4.01259710161, -4.88089697526, -2.52681491317e-12
-0.49969525521, -4.01259676664, -4.88089722932, -6.58648614263e-11
-0.49969534614, -4.01259710429, -4.88089704623, -2.71210991918e-11
-0.499678231985, -4.01277200929, -4.88080308695, -1.00272987317e-05
-0.499685526437, -4.0125964534, -4.88089447638, -2.4570434233e-08
-0.49967340834, -4.01259883644, -4.88089602717, -1.19560865129e-07
-0.499692097582, -4.01259083551, -4.88088710091, -3.62748546196e-08
-0.499696011545, -4.01337510668, -4.88092818109, -0.000153053110347
-0.499695050475, -4.01259769065, -4.88089665, -1.05958542055e-10
-0.499694258401, -4.01257232505, -4.88089404818, -1.57206597163e-07
-0.499644675204, -4.01255899111, -4.88089731354, -1.00914135542e-06
-0.499693933258, -4.01260004848, -4.88099836611, -2.60665936798e-06
-0.500616410165, -4.01260031936, -4.8808944562, -0.000214212438955
-0.500251000746, -4.01260299704, -4.88083498336, -7.90652443012e-05
-0.499699367563, -4.00040712396, -4.8808906828, -0.0380556630175
-0.499694965733, -4.01259737125, -4.88089736073, -8.22065009441e-11
-0.499696032164, -4.01250602711, -4.88087885969, -2.17803778499e-06
-0.499692165761, -4.01270170348, -4.8808978154, -2.77002855895e-06
-0.499695149534, -4.01259710743, -4.8808969967, -5.55899950122e-12
-0.499697030366, -4.01260661339, -4.88091055758, -7.12735752214e-08
-0.497796219276, -4.01872244174, -4.88045074302, -0.0103989587149
-0.499690225232, -4.01260023198, -4.88089473209, -9.59407030891e-09
-882.261892969, -768.470742685, 940.731031105, -2.25944664078e+20
-1216.57542536, 1744.2686356, 477.280772506, -6.44396283999e+21
1608.82980971, -362.532301589, -1186.86663242, -1.54189807692e+22
599.891549833, -1813.08752233, -342.748910722, -5.66008050423e+21
188.812195759, 41.9846046133, 317.090565154, -1.37732855298e+16
-1155.45067664, -592.295166283, -726.80294941, -1.37379442544e+21
-181.804765073, -71.1845511377, 2117.20238129, -1.20579193046e+22
-251.314994476, 2042.5391881, 56.0447319255, -1.82883203999e+22
2040.83948962, 759.771678581, -290.099544186, -1.19114715341e+22
787.76878315, -1295.81319291, 1109.65805205, -3.91518314189e+21
-106.441785879, -506.839790611, 1040.10642037, -2.56439789443e+19
328.952414071, -723.544802969, 1551.93753246, -5.39547016812e+20
723.950502153, -280.238649349, 1352.01266272, -8.00189912263e+20
1643.77867567, 484.302653652, 106.685422846, -2.77513405158e+21
-1315.33935995, -1326.14717473, 358.570704641, -2.35408483461e+21
801.660616506, -1108.17013737, 1573.0014076, -4.44157473611e+21
2065.60594708, -301.429229689, 903.101298171, -3.05040649848e+22
258.306788851, 1057.06394279, 1065.07448949, -1.68108591591e+20
-2495.58016688, 653.970135234, -699.311291264, -6.01828487438e+22
1315.09562246, -704.956228953, 73.6275580796, -1.4499949808e+20
-1104.61267915, -637.999410863, 212.27127176, -1.3698288858e+20
29.0295270174, 469.083661972, -832.266210588, -4.67087359399e+18
-961.926019855, -268.081459571, 820.088449523, -2.34844388858e+20
-1421.70123288, 1058.35830469, 1301.47179209, -2.44943830185e+22
1149.99618902, -1138.01107991, 2035.09514746, -2.68507377848e+22
894.76693421, -1502.7337137, 2066.54831447, -3.57908601894e+22
1580.6495902, -107.543124412, -1031.22888299, -6.96567401062e+21
975.891740377, -67.9219282861, -1334.75104874, -3.84102217982e+21
661.882513554, -364.806117849, 159.87269333, -1.14748180872e+18
-1764.38094278, -522.620483819, -21.2486067511, -4.28535118772e+21
513.96883023, -21.9134052831, -222.488542265, -2.58345087349e+17
-420.974030731, 643.773508088, 1164.71626683, -7.03738385989e+20
-1083.99130881, -72.0757711624, -150.616550382, -7.63932621147e+19
216.124502576, -762.282756289, -225.10935245, -4.29386874538e+18
-13.2076222158, -913.861275191, 158.044764847, -4.0449400908e+19
-460.276480103, -902.241574306, -600.600553907, -3.03976859066e+19
-79.50341888, 2084.33810308, 111.409593067, -1.97280036458e+22
-367.020029058, -382.909453886, 890.896777193, -2.2306503142e+19
-118.25194485, -899.184886333, -1605.8041763, -2.27084688033e+21
-973.87719336, 1959.602282, 619.165124985, -1.07281522514e+22
1006.54475417, 36.0539772316, -796.037677074, -3.40132962682e+20
-1007.95384174, 1348.21045123, 1027.60561028, -4.66244045603e+21
1083.26525223, -269.870632975, -837.738045814, -8.05562564906e+20
188.265402385, -1687.75370698, 1879.63693291, -3.15217867786e+22
220.073357696, -752.998692009, 85.2805844394, -8.89359082339e+18
-823.179050811, -2299.10567319, -310.730090642, -3.73311471899e+22
-566.779860346, 448.114492726, -70.8707549026, -6.68269868551e+17
128.147593669, -123.795307874, 911.061882684, -7.39130393746e+18
-1816.76884333, 1143.25602571, -1082.84403373, -1.8754336189e+22
120.853736352, 1246.64224167, 2088.53092917, -2.14211314226e+22
745.199218061, -380.506279651, -837.726395471, -2.63731587971e+20
-819.780582889, 2416.01328489, 1464.31282067, -5.51998620445e+22
1152.39018705, 857.211053477, -2265.31219612, -6.00277381344e+22
-37.1728062407, -2071.5455851, 1120.01829928, -5.586305486e+22
711.782655648, -721.195707567, 2046.02461985, -7.19015677625e+21
-1.7019047713, -52.2947590175, 1579.79389379, -8.93902537139e+20
1681.93141951, -588.16931403, -255.756731716, -1.0668503832e+21
-946.878274979, 572.35624526, 118.923466988, -1.49874159982e+19
1732.47348133, 2135.14377748, -402.817481043, -5.96082166662e+22
1092.79912761, 421.253546658, 695.802942713, -7.64728403971e+20
-542.490624868, -51.3876762549, 739.490310581, -2.94501299788e+19
21.1234819129, 817.231129957, -1098.17351831, -1.38501255416e+20
1718.67041317, 2429.83536408, 1890.6846396, -3.40863744369e+23
1000.64724011, -643.626219508, 403.57242578, -7.50420371152e+19
-1067.19922238, 1238.8049414, 648.630449633, -1.21287032062e+21
1280.62297042, -638.959440518, 699.368249158, -8.30150814829e+20
-859.767853271, -313.584319505, -181.969900877, -2.78126765831e+19
1196.61566144, -410.768409274, 34.9339050856, -5.77511448777e+19
1991.60590138, -143.242105835, 1006.25229733, -3.30312051662e+22
1118.83037568, 108.922635657, 2206.49842522, -4.26678150969e+22
641.975852274, 79.3273627195, 448.414000355, -1.00298074983e+19
-624.607813887, 871.122250188, -749.997797166, -2.00917324474e+20
-2188.5680311, 1467.78756948, -2300.42407007, -4.50926962342e+23
-2205.32660135, 880.025501919, -320.573777631, -1.0762261644e+22
500.350354025, 253.033716528, 237.277152306, -1.02667943082e+18
-399.25667879, -1157.16984382, 1512.01210624, -2.08081641498e+21
-135.957897256, 2072.56632401, 844.113597121, -9.46646455766e+21
-277.447579353, 870.741081793, -850.775122032, -1.510082434e+20
694.283516714, 675.623122107, -1763.56110955, -4.98474520084e+21
-380.408575963, -441.749582069, -456.123504285, -1.89202267247e+18
1294.93670081, 1767.72458075, 494.482161519, -1.06139297566e+22
503.850524745, 1043.77841943, -1997.11621322, -7.26054146653e+21
-1296.78231287, -1612.58814662, -1806.17086536, -5.99573618442e+22
-867.800852369, -1911.34488359, 1489.66659821, -4.06812490189e+22
457.773144738, 1043.25786213, 1920.45390502, -8.77060130699e+21
-1662.26549827, 544.572497743, -2018.04543155, -8.97434463392e+22
-220.590526786, 1007.25470634, -791.142785552, -3.16747114142e+20
1012.67012135, 79.9054388352, -172.744584573, -2.33018538706e+19
1611.11079757, -533.76286367, 836.380478982, -4.92362290432e+21
1821.58418913, 1125.54098743, 911.576089486, -4.09295173396e+22
1619.12553179, -1036.8164686, -886.667406143, -1.05835383927e+22
-1396.20364989, 1956.82365642, 158.961489462, -2.05477302317e+22
808.530654713, -880.099050913, -1215.70504045, -3.4294257188e+21
2347.33237704, -1519.96343498, -7.49906117055, -2.08951910107e+22
-1259.48918055, 496.746267578, 1171.41697294, -6.669810237e+21
2020.07398541, 748.778299925, -1658.01506617, -6.85904438613e+22
-2336.97160555, 459.395181009, 1853.71909092, -3.8564612451e+23
1011.55823787, -47.1295890261, 2120.1404387, -2.4553312058e+22
-253.668723088, 1017.62888178, -1458.22016519, -1.13115941963e+21
697.4947425, 585.277471772, 1664.66352006, -3.86526108511e+21
-1587.32458195, -72.3020324632, -620.190736901, -3.99245061636e+21
-1723.51461096, -1255.55634455, -628.473619623, -2.20317528571e+22
1985.40372416, 983.63424637, 1566.81245698, -1.69194716629e+23
-840.526886704, 777.641001476, 1653.74656248, -1.71153426582e+22
-176.236622674, -810.128710489, 33.0488106094, -1.16675885533e+19
-316.696297505, -763.521493176, -648.242893988, -8.83384893427e+18
-1092.39556572, 1321.63867891, 1910.14866893, -9.03815189363e+22
1366.76169435, 1732.33761875, -2473.26695624, -1.33320382665e+23
-1847.87488606, -460.3616665, 37.3747065923, -5.1179834391e+21
2306.153347, 224.052594609, -48.8297867971, -2.10617121412e+22
-732.453038782, -846.365977237, 406.390865342, -5.05876467204e+19
-1282.38457488, 555.538142154, 294.780325597, -1.91593782586e+20
-857.480810438, 958.782750645, 306.7381367, -9.50926361921e+19
92.2259208468, 2223.02293501, -1297.18140718, -1.06191724061e+23
2090.85742084, -639.542444786, -1054.85452257, -4.00161529494e+22
99.4471373985, -16.5950551749, 57.1713075434, -232000.049836
500.877664277, -749.841690499, 1454.5181352, -6.01289545619e+20
-106.997396739, -213.863146208, 545.582665824, -2.05919465109e+17
76.0608948965, 301.970943227, -1600.47475684, -7.99363587672e+20
1349.12666479, 654.228128369, -1853.29798809, -3.02594681046e+22
-410.163222688, -1931.73392316, 61.1543220335, -1.20472906292e+22
958.87598948, -90.3427435664, 295.578733953, -4.09515068225e+19
1569.73591011, -1815.65177738, 215.912349609, -1.98508126777e+22
-732.968614518, -273.498590529, -481.519640646, -3.32377244528e+19
1089.03983194, 392.545457418, 214.832414542, -1.73347819109e+20
-169.138626767, 18.8093908213, -803.577597224, -3.08394681571e+18
-1962.58827105, -1116.72233562, -1725.61109092, -2.21044448863e+23
-805.118247657, 926.721876834, 2278.3216529, -1.17443031496e+23
-2222.70401717, 397.921321355, -822.405247489, -3.95220197001e+22
274.250258713, 643.359137169, -653.555542444, -1.03840560989e+19
827.498125005, -1768.84716818, 502.871033884, -1.36392782282e+22
11.9304518752, -146.820643245, -468.686529326, -9.50733133028e+16
-1624.8449342, 731.883420849, 123.568258181, -6.83600607168e+20
-531.339865141, -396.79887772, 861.597297714, -3.72819676362e+19
2205.30998785, -807.699075925, -1452.30753739, -1.53606186532e+23
-1345.81679193, 1778.88666356, 702.175778392, -9.9483148921e+21
1947.27251435, -2365.48476209, 634.144015126, -2.08083880859e+23
1981.23234362, 833.311553342, -1177.31771516, -1.85360629627e+22
61.6586924119, 1404.89760335, 2147.49165508, -3.14851156267e+22
1878.41112851, 1037.43330304, -88.0249270968, -1.14827931331e+22
7.17374758884, 453.855675965, 936.720877864, -3.37517214666e+19
-1034.20955673, 519.786705798, 1445.79236621, -1.03129687625e+22
592.847942184, -508.806332794, 142.044916513, -1.72087063631e+18
-1937.86056644, 633.901535907, -1235.3723079, -3.59497920551e+22
2361.05740077, 1467.90563235, -1856.87228102, -1.66124867188e+23
775.029727022, 475.97022439, -359.149700897, -8.16955459462e+18
-543.192398719, 127.254164905, 1708.24525463, -6.1635334967e+21
-183.34270341, 128.751182224, 257.701840845, -1.25326620094e+16
209.205674678, -381.283496074, -366.891676914, -2.58686614682e+17
-31.079043145, 1740.18328222, 577.511177104, -2.64513456157e+21
-266.227207168, 291.639360523, 593.789368966, -4.01131731378e+18
-1307.95960117, 747.804093683, 1756.6433025, -5.87692009793e+22
1475.75741199, 756.228093083, -1607.08587127, -1.74754401231e+22
-1831.50781006, -383.841306549, 107.257995765, -3.97325975452e+21
-918.115332198, 855.03909086, -2250.99887502, -2.13272478906e+22
948.007783157, 1343.83168639, -312.201701686, -1.21856138303e+21
1006.41065299, 7.29662883082, 305.133496968, -6.93866159697e+19
-88.197802201, -796.603022184, -658.373999054, -6.20651486967e+18
962.086100843, 604.854646372, -1811.16694012, -1.17129404994e+22
1306.76837222, -914.236164207, 104.396733944, -2.73371514319e+20
616.140336148, -130.133981636, 412.982861155, -4.69306589827e+18
845.108606604, 182.531839377, 1478.58118606, -2.65112945547e+21
1368.60301961, 21.5988556664, -1404.71978714, -1.26053076483e+22
241.055633825, 1362.19554385, -903.655437859, -2.32129209783e+21
230.588962189, -1666.77907099, -339.023044593, -2.48837536716e+21
426.334393186, 1577.78597384, -593.794758821, -4.47903290032e+21
-829.851570261, -906.916818449, -72.0620682099, -9.80789977438e+19
140.475003296, 730.13120365, 43.0044864863, -4.2934887622e+18
-1380.53964505, -159.776867528, 640.771277215, -6.71364726612e+20
-534.552498017, -341.268732417, -652.895420669, -1.974620853e+19
-18.6482660069, -629.154817841, 890.52409809, -1.95574783159e+19
-551.659515776, 1051.2966629, 832.414377952, -3.34193789123e+20
-379.277902146, -1437.60523099, -885.479008902, -4.51060107015e+20
322.002098148, 415.509353586, 1035.55985902, -6.04593830108e+19
-55.9194318269, -2486.86893419, -1167.58128805, -3.54882586793e+22
1973.64819442, -1260.33586178, 904.512675466, -2.1272026238e+22
-177.114974421, -1906.96740593, 30.3707871834, -1.06363164482e+22
-52.9230375927, -1531.05532565, 655.413045554, -4.0267826958e+21
1668.40470598, 2088.96762869, -2297.26540015, -2.09698484124e+23
-908.701178656, 301.123183345, -709.574169978, -1.49873417183e+20
1208.30004247, -1774.54717, 823.471790796, -2.51924540958e+22
1324.51520445, 1697.88114026, 960.588556046, -1.6172177138e+22
197.592049207, -380.491709106, -391.509981856, -3.21355239437e+17
-842.675513433, -1756.39377507, -195.73625921, -5.01839100169e+21
49.9860203548, 1659.26887236, -208.963762303, -4.4315272854e+21
-52.0848754098, 1214.20852438, -2101.14143243, -8.22744119822e+21
-689.796072727, 166.116287869, -62.9349794237, -9.55952413443e+17
-407.763146671, 861.438976486, -2432.29643172, -1.43210281486e+22
1152.73208688, 684.493832384, -1091.10000019, -1.14948300073e+21
324.860558491, -1300.1118675, 771.457385385, -1.71956253301e+21
224.233970441, 1538.57393157, 1541.51800205, -3.32268356165e+21
2189.79137512, 437.189908423, -1357.21121759, -5.63868079704e+22
-160.944680282, -314.400275047, -240.53287547, -8.90543615598e+15
1950.04711473, 710.054789554, -763.239127423, -8.15320893591e+21
-7.07171419324, 1621.24558139, 28.1741650817, -2.81455748543e+21
1342.7156125, 499.411573733, 681.164786658, -2.53613114864e+21
-5.31443105501, 140.507610865, 727.870716464, -2.88444616902e+18
-868.155246137, -83.633456632, 353.77064713, -1.25660918992e+19
319.095686102, 2288.56487161, -657.354891244, -7.61880712923e+22
-956.121412602, 2566.65469978, 563.399957551, -9.08862095057e+22
1402.37514802, -935.080962174, -956.273477309, -6.871120557e+21
207.032178882, 1202.10315039, -456.974428525, -5.2067659996e+20
-729.1597851, 35.6554817062, -1347.18138501, -9.24012115066e+20
363.293097009, 99.539765929, -793.264656686, -1.61276004426e+19
-393.17832621, -618.651165083, -2004.49251501, -7.95227541945e+21
1292.01748417, 335.521328658, -1750.84900385, -2.48946412157e+22
1406.44010179, 1338.78989836, 1373.93005888, -2.99582239652e+22
-285.748368375, 1710.18242741, 185.153468532, -3.8333290982e+21
-1373.06678468, 1384.679349, 428.269574379, -2.39889279648e+21
529.708689638, 1848.08799801, 95.9588768214, -7.35552314901e+21
-760.832281812, 1232.54969636, -875.511423866, -2.07430487405e+21
1226.97097917, -953.805585073, 630.437739019, -8.7189907744e+20
-410.315760777, -1373.5195136, -968.714274804, -3.85220425922e+20
900.838017116, 197.067493021, -636.442195705, -7.18860114698e+19
-172.3452198, -719.429847261, -1684.42549196, -2.52592341228e+21
618.104006566, -1569.81405562, 1215.01581266, -1.22064667179e+22
766.288016329, 1380.80337096, -1540.02498908, -6.07458210828e+21
-721.172817116, -310.990753306, 34.3034028128, -4.03104404133e+18
1073.7707858, -128.010441467, 662.622266863, -3.51636899084e+20
-1770.12442485, 79.8028476258, -1014.01897341, -1.74320081783e+22
1411.57113641, -2426.45701296, 1083.74193321, -2.64875169671e+23
-1246.86654967, 2050.45656946, 2473.52021623, -6.8370593968e+23
933.716212056, 227.33450789, -396.202862437, -2.38247380787e+19
-1478.69790564, -1594.4103415, 425.094191118, -8.26810636169e+21
1728.2873343, 2229.06861816, -1175.16054871, -1.08368584037e+23
-831.736440934, 565.243754258, -641.447637807, -7.5344429e+19
387.47637481, 802.789016874, 1171.63278138, -2.51633885973e+20
1029.5188086, -1391.52683046, 959.539062492, -6.04836169345e+21
385.741454581, -1302.66381998, 1137.04501214, -2.98907762583e+21
1769.13537034, -227.956792951, 71.6526564323, -1.85030500769e+21
-92.6244138235, -1618.23313749, 2350.98226652, -4.07164286386e+22
5.41908284932, 274.196729254, -182.248659378, -6.91525016899e+15
191.246710863, -259.295120397, -43.1232731646, -1.65513815888e+15
693.087094247, 2138.72949524, 652.827362049, -1.5551594752e+22
-2102.65383479, 1049.68458836, -436.54427559, -9.80053498404e+21
-1187.6844102, -432.476695818, 138.213047086, -1.60728819117e+20
-1334.07435265, -744.244313978, 1856.79314867, -2.7871918301e+22
1605.49175717, 823.712094778, -2124.96105472, -9.62180807544e+22
-1994.29588085, 1892.01465313, -602.63171112, -5.76112125055e+22
-936.386759509, 277.004103433, 925.65513543, -7.2347107164e+20
-182.698306159, -1387.02391589, 1274.85577503, -4.15261809166e+21
833.488441131, 171.051470367, 1157.45370438, -8.45029641599e+20
998.341031527, -51.5858633835, -861.938302914, -5.09976882169e+20
-1799.49330953, -311.24124654, 1313.37869492, -2.14003573596e+22
50.2178786332, 2420.22839107, -736.127858634, -1.27240184727e+23
324.391863654, 1041.15164909, 1924.53722242, -8.69108066813e+21
-750.238022428, 410.35364694, 969.102224169, -5.55520921994e+20
-598.671292689, 248.532652313, -720.755321078, -2.36447260713e+19
-1035.83948669, -154.269124587, -83.5867923469, -5.23546159068e+19
77.8592490619, -1004.90872549, -403.644751606, -2.88022621685e+19
-1113.11194652, -180.252007148, 1570.97982855, -1.0440131894e+22
-600.944372873, -1103.58415815, 712.234460502, -4.05413365814e+20
1837.55647041, -935.204665479, 1112.13392148, -1.92420116011e+22
922.585928236, 1682.24736348, 1632.11740719, -1.51941457866e+22
82.5685767171, 342.547020802, -238.919480614, -3.95300106771e+16
-1321.07200425, -161.406704266, 71.4898209264, -2.40115140065e+20
-196.072067507, -16.9918637934, -2091.20600454, -6.94334100239e+21
-478.28020679, 690.437295335, 913.743406906, -2.30528572209e+20
-1383.27612143, 2204.36159293, -918.470084843, -1.24755701243e+23
-884.685334276, -214.144633211, 258.261617961, -1.06923379326e+19
-1509.33724674, -1445.35644329, 702.187972804, -5.76059648232e+21
1691.61807452, 393.213814316, -450.041848092, -1.86414335054e+21
-1878.97448016, -2309.46915861, 631.086506754, -1.17941906275e+23
1950.85558068, -1881.00129974, -998.916475279, -6.82245855138e+22
-946.203517862, -658.956882828, -639.901661929, -4.06368027296e+20
103.079879373, -2.65945189273, 283.353590634, -1.48718836879e+15
1443.54691101, 635.691416698, -122.834454911, -9.77305766631e+20
-351.527901205, -826.565958979, -1547.25277295, -1.45310879937e+21
-1041.04873404, -271.821957025, 1043.66287064, -9.43576121839e+20
-654.06335422, -1112.27412844, 1621.65048718, -3.01830810593e+21
-617.497211782, -316.999466635, -435.852923869, -1.16790437461e+19
-1093.13838708, 587.988431632, 386.499427176, -1.29434200837e+20
1199.24863625, 375.212992342, 199.257170246, -3.09984924861e+20
-1167.12572806, -946.175091955, -514.070370303, -1.36747500139e+21
-269.557144101, 95.328261082, -351.413798635, -5.67051051646e+16
902.749829643, -1280.1347349, -72.0277499155, -6.90061646588e+20
-388.125059406, -151.935942016, -424.291673726, -8.61105583721e+17
1299.6904539, 711.309732242, -11.9188985757, -6.43003966524e+20
558.190901393, -1218.66888897, -1423.22179732, -5.84357082329e+21
-1684.25700121, 2131.04283562, 713.588328776, -4.21256297303e+22
-653.498245631, 667.958552702, -421.194628658, -2.38191482826e+19
302.862759763, -1155.0577191, 1315.70948457, -1.77347706173e+21
-538.746544838, 1109.60010335, 539.007360211, -1.20869939985e+20
965.453998277, 326.359850369, -2315.54743442, -7.12306336079e+22
-222.211086577, 1406.58046329, 642.564001276, -4.26162098545e+20
252.262859493, 85.0326409235, 773.514632738, -4.26951110387e+18
-1677.78565294, 962.092728836, -749.986713109, -5.007937905e+21
-833.499439468, 221.965953649, 134.006530724, -3.69960977814e+18
1674.33588032, 1698.58757999, 434.419316323, -2.59596292653e+22
2042.08597567, 1104.53286546, -28.3901680863, -2.33032920404e+22
2236.86796733, -529.013149684, -1172.75552959, -6.95888697295e+22
728.235992884, -1159.32402625, -197.804301576, -2.30405231037e+20
-1571.93816029, 2107.15354001, -1668.65776475, -2.12021229839e+23
490.045348637, -544.705789774, 422.815942779, -5.14199210796e+18
-1337.63948514, -173.379225515, -313.490314358, -6.50680000156e+20
-725.203581606, -774.00303644, -779.151732965, -2.18937497003e+20
-786.968487381, 587.94482765, 1365.5847515, -4.44210979836e+21
455.89820038, -545.034108177, 238.350843707, -2.2873810484e+18
131.855951586, 1378.51532996, 103.928020377, -6.7208701485e+20
768.734136979, -73.8296834039, -2053.01262602, -3.05541806667e+22
-1479.88297255, 1488.06014253, 704.844681585, -7.06658972991e+21
202.115780145, -411.85307436, 19.8296324505, -7.23311126653e+16
-401.906403025, -494.12517232, 429.260504098, -1.16724328254e+18
-1669.26347847, -1441.23002618, -1088.7878096, -4.46802818572e+22
-50.9081088288, 1921.71069059, 744.722259755, -5.27734769455e+21
-439.533027508, -1507.34059275, -1175.06103536, -9.84539553528e+20
20.8204787501, 1476.73855477, 385.107441005, -8.1510330534e+20
-1280.95925998, 95.1399877522, 967.388322972, -2.20918489152e+21
-2239.93146771, -1568.19066888, 340.954509377, -5.86905361289e+22
638.860381344, -0.211544131626, -248.228957292, -1.10997372819e+18
-2142.88858417, -1203.06794521, 1735.43830229, -8.64817687813e+22
-432.783099363, 1095.603071, -839.325454617, -6.97984393719e+20
-1325.59886905, -135.565003869, 1292.20817588, -6.90695574252e+21
942.257045511, -873.827943606, -1762.21008, -3.19922214055e+22
1196.58790013, 2250.94638024, 492.551384362, -3.57863083007e+22
-825.229105896, -153.922003544, 1748.65741209, -1.03532486577e+22
1394.78521762, -2364.12090311, -600.514293934, -5.88384812608e+22
1085.94164204, 628.805280776, 837.556017075, -1.40226352915e+21
-469.064956121, 280.496261692, -786.361293435, -1.36909198928e+19
-1065.70101089, 303.270637788, 1367.08673955, -6.90359426969e+21
742.590282744, 1525.4760919, 0.456249673428, -1.91614056281e+21
494.121602204, 2191.59357491, -2468.54404061, -2.30534953647e+23
-950.278039004, 193.822706221, -1180.49275235, -1.19885635242e+21
539.807798002, 1189.11445716, -757.245190041, -7.23377619952e+20
-1701.72904797, 556.284110255, 1036.05499082, -1.3886240003e+22
-927.772260468, -7.05889373052, 783.188057, -2.36161110427e+20
72.063121351, 104.369452246, -9.55171033601, -273343.584106
591.928850159, 252.319003973, -137.754697668, -6.07227321187e+17
-146.52154196, -1453.18705794, -578.264772937, -5.39178901128e+20
1049.340696, 860.953604847, 679.918819827, -1.00667342848e+21
505.096629397, 1587.19982554, 609.180485334, -1.27024000669e+21
-1074.89432407, -992.442461072, 302.688170374, -3.23664973019e+20
1830.34780521, -1280.11123975, -1041.39691454, -3.42943728695e+22
1460.65392201, -1572.05643653, 1104.08293822, -2.28288779542e+22
-1278.10702589, -850.072928587, 1111.03940656, -1.75349334001e+21
-1545.89882142, -1043.55825097, -1702.43905219, -7.01540163157e+22
85.0445859937, 731.750626028, 2258.54984886, -2.64506537121e+22
712.340806864, -2228.86096747, -411.497431954, -2.95688301232e+22
1149.56489264, -851.040017983, -327.837976943, -2.12384831722e+20
-1244.03301179, 394.993596358, 11.0448752267, -7.49968402036e+19
-1693.71217055, 1224.18561787, 1331.5933104, -5.41960577234e+22
-346.307162058, 1774.60683289, -160.306128737, -7.82806617159e+21
-1202.84428383, -821.924020593, 2420.8167504, -1.04252982073e+23
769.785102761, 1105.39247657, -1014.06529554, -7.27245896471e+20
1341.88914457, 540.747885299, 465.710643308, -1.57709640955e+21
-576.719492612, 40.2609026687, -1013.69784523, -1.09608740096e+20
-527.656101088, 549.216397032, -223.813656963, -3.03856545901e+18
-715.372067226, -38.4038927926, 403.63140139, -6.28638847204e+18
442.97380147, -1097.3127343, 878.87522551, -7.33975358132e+20
1229.67663906, 1583.89382109, 1208.01911784, -1.53299254764e+22
1237.60335516, -1716.57878302, -597.528859034, -6.15675322496e+21
-75.3262892593, -808.170837674, 35.0207670196, -1.15884705846e+19
1690.14611598, 1432.20241726, 812.767587389, -3.09149662545e+22
-421.911996329, -430.223370998, -1597.10947561, -1.3467277514e+21
-515.301331553, 1871.68326978, -1641.67890334, -5.4934731016e+22
-56.6661749881, -1736.95334609, 757.67347189, -1.12315932419e+22
-649.39264553, -1268.20238116, -103.713976673, -4.01887341772e+20
739.093231679, -906.790663095, 670.043029445, -2.43360758091e+20
-991.637544936, -1493.26209393, 1472.68277454, -9.10784272451e+21
206.401075903, -2548.32901399, 77.4691593655, -1.16925806325e+23
-776.570061783, 30.5902203798, -1616.06194454, -2.83282334526e+21
-1264.63850736, -311.005041977, 1229.75262084, -3.94765574895e+21
-1501.13159631, -1381.58750858, -1026.1022007, -2.24892073079e+22
2416.73644892, -1866.89051366, -1061.05416225, -1.83390133708e+23
1226.34177173, 1996.33030685, -1222.18390661, -4.52595754418e+22
-973.242789649, -548.199678808, 1168.9903283, -9.86331735621e+20
115.02806601, 640.515057024, -1285.18658142, -1.29689658871e+20
1231.28791535, 910.747074706, 832.969426081, -3.5116951045e+21
2003.30112642, -1103.23281659, -732.707651377, -1.85616239944e+22
-239.848656339, 1280.98114326, 462.261617162, -2.34307818875e+20
-756.176364717, -1622.09340165, 566.730202706, -5.36392792675e+21
1879.58176298, 123.287387548, 631.809852494, -1.2841183538e+22
-1815.71334084, 854.652486628, -1417.2133248, -3.58627572498e+22
1923.4141979, 1752.76167654, 518.138473564, -6.21507796445e+22
940.288064758, -263.889495837, 366.083793754, -3.89433259621e+19
-155.499529947, 1087.41684204, -714.550002892, -4.40671269967e+20
-676.128840091, 795.854821466, -156.622529235, -3.21189394316e+19
-755.452976606, -1754.21288539, -325.828810211, -4.23277614129e+21
82.8649953775, -243.513771102, -934.578700101, -2.78055460312e+19
1050.60961804, 898.465975767, 1000.45742058, -2.4553971246e+21
-1133.92873355, 712.468417067, -761.411579279, -5.78963413135e+20
-2221.31645904, -470.433618457, -1160.45535194, -1.20967421055e+23
-2207.6725959, -750.119697238, 241.623087029, -2.18527433299e+22
-1241.3592807, 2082.66182266, 670.550484786, -2.10803630998e+22
-871.984695186, -914.090596792, -1791.1508812, -1.13896467288e+22
822.398116798, -194.471748705, 365.16469518, -1.78167461525e+19
-102.038591651, -570.253496193, 1396.83646621, -2.36107534044e+20
1108.31633697, 1174.9766768, 1018.12839426, -4.31126362111e+21
1148.17100767, 1844.0025301, -1384.18613321, -3.03260098638e+22
589.087108766, -1164.67462797, 1886.75904895, -6.82694517459e+21
-1448.93293475, 790.201788695, 2171.18143601, -2.27291800366e+23
526.412203222, 1893.31927752, 397.299166676, -6.69120190525e+21
350.762212145, -3.45807987181, -648.56347675, -5.44843669288e+18
-646.214168939, 1628.35292654, 316.249303827, -2.57462607678e+21
-1133.65922859, 763.746104357, 1534.07458084, -2.1338944209e+22
167.661948865, 541.42147145, -617.539584385, -3.30577285484e+18
1260.51691673, 752.648344529, -135.119494753, -4.73368355535e+20
57.9901918811, -752.125044181, -2273.78019184, -3.22631630764e+22
1234.2383679, 985.079703196, -814.096500718, -7.5444652927e+20
-418.57357063, 808.077205464, 346.57891328, -9.56764957657e+18
