-0.50879553273, -3.5104116288, -4.91844274071, -76.5653007436
-0.50119410551, -3.9633613652, -4.82714590775, -1.35185064348
-0.515487144336, -4.00055401568, -4.8905293631, -0.125672908617
-1.5694172229, 0.483356950431, -4.88902788115, -789.610475969
-0.304524402512, -4.02950455321, -4.9064471165, -9.63122986948
-0.498966482809, -4.01406312208, -4.88067556643, -0.000689889321051
-0.890482947968, -3.96621228476, -4.90276933002, -45.0704371886
-0.493907540945, -4.01023655369, -4.88204112725, -0.01024198968
-0.494594272669, -4.01957839487, -4.88121308953, -0.018684445546
-0.505002769333, -4.01333670623, -4.87649792854, -0.0121409858031
-0.502233045333, -4.01573330401, -4.88853003508, -0.0188527147653
-0.612432339171, -4.04609950729, -4.88117801266, -3.6192690877
-0.499781502979, -4.01341326205, -4.8807789983, -0.000173481060754
-0.497273740942, -4.01372824214, -4.8337197823, -0.565066782525
-0.505436617298, -4.00555719885, -4.87790332658, -0.0232587400511
-0.496731279089, -3.92818598922, -4.88071592176, -2.00163774069
-0.499379710733, -4.01320994186, -4.88073517677, -0.000126586364651
-0.498362034921, -3.98923282433, -4.88050633901, -0.142520442064
-0.499805675059, -4.01385091746, -4.88067846285, -0.000412267669716
-0.490504665706, -4.01040931589, -4.77176169722, -3.49840594378
-0.498392375528, -4.00979585664, -4.87679021339, -0.00669150219501
-0.499961220329, -4.01274142708, -4.88699450906, -0.00940818287927
-0.505475882401, -4.00591528253, -4.9031898903, -0.147856752704
-0.438929373434, -3.98165234352, -4.91244767234, -1.39435026637
-0.498030453598, -4.12023069783, -4.90214140417, -3.23150753383
-1.6667090955, 3.6750257434, -4.99993828491, -74.0011298485
-1.61974786884, 4.99905240347, -4.98822723182, -225.322753171
-1.47617613051, 3.61580782987, -4.99999996117, -3.71508100622
-1.72879407217, 3.55103837819, -4.99999994128, -82.2126558768
-1.47624869593, 3.61577934806, -4.99999996073, -3.71178253031
-1.52919899296, 3.60445592924, -4.9999998498, -76.1222863103
-1.47622561931, 3.61577633732, -4.99999995563, -3.70421803365
-1.47688060631, 3.61580105828, -4.99999304559, -3.7952718436
-1.4773432858, 3.61580446267, -4.99987101691, -3.85929718635
-1.47543406093, 3.61559542188, -4.9999538928, -3.74969312307
-1.48234771335, 3.78620026011, -4.92213665986, -108.159458685
-1.71825699574, 3.6639187996, -4.95777431709, -82.589953114
-1.47551703404, 3.61564500042, -4.99984230044, -3.75369313182
-1.4757955863, 3.61291471241, -4.9997612493, -3.86422478933
-1.47569033212, 3.61564367245, -4.99963056875, -3.74131403041
-1.47570686912, 3.61677775985, -4.99964946109, -3.89084504161
-1.27837811498, 3.60468742395, -4.92364804858, -119.092809032
-1.47489245498, 3.61565365725, -4.99968959779, -3.80813930421
-1.43648909585, 3.60108509054, -4.99908570532, -65.5979299439
-1.47570261499, 3.61532829841, -4.99967463927, -3.75695261472
-1.47274127534, 3.6191370131, -4.99974991745, -4.66081613108
-1.44022606611, 3.61089508218, -4.99962157561, -51.0754017024
-1.57374430753, 3.69025995585, -4.99913505514, -70.9174354131
-1.47505110486, 3.70353441551, -4.99936424085, -80.4778234004
-1.47914731474, 3.6188176231, -4.99999956914, -4.74647093895
-1.3094912592, 3.64064684549, -4.98572535277, -75.2604916006
-1.47480342663, 3.61296463533, -4.99213519202, -6.07248391892
-1.60030098585, 3.48682055915, -4.99984209581, -89.4840302855
-1.47289480176, 3.61559950746, -4.98984718498, -6.96158196656
-1.37249060635, 3.73958295615, -4.99994218725, -75.9290600153
-1.49561073992, 3.49420145271, -4.99888297625, -101.430879317
-1.44549208591, 3.39639887653, -4.99999665549, -102.157795189
-1.7566591903, 3.73516355124, -4.99999481864, -77.4232821801
-1.49610960948, 3.61176870662, -4.99999999997, -19.8903053177
-1.47558348828, 3.61814421867, -5.0, -4.04955752359
-1.48252893536, 3.48779984107, -5.0, -80.9043157593
-1.6169213997, 2.02844543847, -4.98845644737, -412.670186624
-0.317894453599, -1.10350711187, -4.90746174395, -810.593987511
0.848981710265, 3.03884119845, -4.8970674756, -884.620959697
-1.57896288185, 3.68923129021, -4.93439329209, -37.291473507
-0.431808152741, 2.80345970271, -4.97551563953, -362.800644672
-0.489717510761, -3.96345265722, -4.91258217869, -0.934471676158
-1.47945379602, 0.216553633295, -4.3536440381, -749.803847583
-0.597224282578, -3.99766298338, -4.88861415074, -2.46996856988
-2.76895703115, 4.99203644756, -4.91168533118, -223.82857696
-0.457365205114, -3.95153421712, -4.86274299908, -1.57514021132
-0.407522143404, -3.9486907532, -4.8809282253, -3.38398566308
-0.509349795026, -4.01468135287, -4.87862310354, -0.0258697797775
0.603950609906, -3.97192174728, -4.88003992151, -155.714975205
-0.785373137508, -4.02048963355, -4.88059500641, -23.3612209294
-0.498908982168, -4.01267048475, -4.86973164877, -0.0316286450287
-0.32388590809, -0.704252994963, -4.7901409237, -837.471278937
-0.501009985191, -4.01227934816, -4.87939990288, -0.00103068993355
-0.566687192312, -4.20147287961, -4.88107955844, -13.5348201389
-0.49729559722, -4.0141955524, -4.88851358437, -0.0166812706836
-0.527165786327, -3.48048639888, -4.87719427202, -88.4373258984
-0.500116302924, -4.0127267244, -4.8799843111, -0.000259481145681
-0.476510894776, -3.48934583913, -4.8665854228, -86.9173793918
-0.500813435193, -4.01173372968, -4.88074015976, -0.000510888385399
-0.496517277809, -3.97551360586, -4.86882381991, -0.397426055304
-0.497058426685, -4.00997071421, -4.87628504457, -0.0088927060848
-0.509925943802, -3.97270838992, -4.87717580818, -0.449970837014
0.397425005618, -4.01238020123, -4.89263614261, -125.813324414
-0.504239394144, -4.01209728843, -4.88431551173, -0.00826162804669
-0.499007359446, -4.01251437776, -4.87480622562, -0.00953232782733
-0.49829075132, -4.02473129426, -4.88427366991, -0.0400651197575
-0.376264913267, -4.00480474102, -4.88355082189, -3.83347789842
-0.483540060103, -4.0214445649, -4.88932632668, -0.101684178206
-0.519399370647, -4.0120784778, -4.88193118412, -0.0990761389408
-0.499873779529, -4.01192674628, -4.88064807136, -0.000137319115432
-0.491981879219, -4.01646728625, -4.88396076807, -0.021102124825
-0.509214382012, -4.01359971669, -4.88105584676, -0.0231758743007
-0.499003665123, -4.07398351053, -4.88539917772, -0.963723518967
-0.498969270717, -4.82300415844, -4.86038187451, -98.3204248208
-1.1188435003, -4.03777162519, -4.88241099613, -73.7650255741
-0.473968399152, -4.20136611623, -4.88186416726, -10.7360447048
-0.504785144948, -4.00404809831, -4.86480612203, -0.0905050617645
-0.500455873597, -4.01093165568, -4.88181209926, -0.00106339199822
-0.501866775303, -4.01712909861, -4.86435788567, -0.0751871021074
-0.603827179557, -4.04142453774, -4.88940596698, -3.09302561742
-0.509902390914, -4.00878182963, -4.88235556, -0.0307023921736
-0.50007000968, -4.01882154649, -4.88185691519, -0.0100369246397
-0.471082244627, -4.02066210169, -4.88110300255, -0.218252574623
-0.495376733615, -4.02704792738, -4.87865461945, -0.0576348127074
0.0157254185108, -4.01170299844, -4.88179974424, -65.7359590865
-0.499619145011, -4.01230052277, -4.88450672387, -0.0033145204876
-0.530766512718, -4.00877206284, -4.87532544003, -0.257916855825
-0.517631254279, -4.02211552395, -4.88103334765, -0.104279170296
-0.405734736032, -3.72347062941, -4.89388737229, -38.5442310553
-0.496819305983, -4.01222000943, -4.88099707518, -0.00212886390721
-0.500484823128, -4.02285839845, -4.85986355516, -0.13727300902
-0.496528343777, -4.01405183105, -4.88030500962, -0.00316038165493
-0.348482227683, -4.01347304603, -4.88124306096, -5.74884020776
-0.499434893918, -4.01225056522, -4.88232345236, -0.000561926373345
-0.499577634542, -4.01191765367, -4.8809367983, -0.000120565841562
-0.499373668891, -3.96974709434, -4.88199363474, -0.488555695866
-0.498744852723, -4.01255827194, -4.88068134355, -0.00024083959584
-0.499332888748, -4.01258646136, -4.88116906175, -5.19494691616e-05
-0.500128944474, -4.01438243007, -4.88118612628, -0.000872934150746
-0.498051932102, -3.99913546229, -4.87726996431, -0.0505552194516
-0.512525803545, -4.01465754211, -4.87049067647, -0.0697507548083
-0.501810270344, -4.01724884877, -4.9976841946, -3.93294330605
-0.500889085762, -4.01935683052, -4.88716722443, -0.0217668969382
-0.487207115625, -4.00292378737, -4.87746770916, -0.0659218895329
-0.476835331714, -3.81003603542, -4.8615779318, -16.1402566902
-0.499458785872, -4.03167886494, -4.88202376138, -0.0909413777252
-0.527352179078, -3.99962689667, -4.91958879735, -0.633476618422
-0.503747121505, -4.01235745378, -4.92992212976, -0.615613204084
-0.476546325412, -4.05232763822, -4.96899168887, -2.48629616505
-1.7199055838, 1.70612732523, -4.99999978849, -479.633540481
-1.47572851427, 3.61796169569, -4.99999747498, -4.04712594068
-1.76095181355, -4.99902681069, -4.9999638536, -163.28698983
-1.47706070636, 3.61761910332, -4.99999989861, -4.13016459564
-1.47580699781, 3.61661545933, -4.9999998291, -3.84350822157
-0.60325026377, -2.47228996462, -4.99999988264, -344.27824182
-1.47461839976, 3.61555859105, -4.99999986336, -3.85000200591
-1.47548193402, 3.61563722225, -4.99999982449, -3.72684476825
-1.44643919528, 3.6168676146, -5.0, -36.0261653995
-1.47558755781, 3.61558416155, -4.99999999949, -3.76036780633
-1.44982481702, 4.43826729, -4.99996853034, -111.398847751
-1.47632995812, 3.61564409231, -4.99999999949, -3.72607129315
-1.47538346703, 3.61565456075, -5.0, -3.72603247787
-1.46590749648, 3.79026800206, -4.99999999999, -67.4542777375
-1.56468535914, 4.09844082835, -4.99855666743, -68.2344756997
-1.47337776108, 3.61559393462, -5.0, -4.2022448829
-0.709410805085, 0.40841299998, -4.94546487028, -1010.21188569
-1.30148145875, -1.62136044563, -4.89668659363, -564.82848145
-1.05441398045, 2.91282817952, -4.98271114596, -186.996396089
-0.861730215643, 4.90020353583, -4.97279574467, -259.792819466
-0.649208279178, 4.90025642837, -4.93993958829, -270.149085218
-0.489152061011, -4.01178706749, -4.88324345993, -0.0295801568794
-0.642507512141, 0.298065506916, -4.99998899176, -958.981085538
-0.534031794208, -4.00898079009, -4.87771790741, -0.306253123428
-0.666584049319, -3.91248375333, -4.87882412727, -9.95294443043
-0.497618390086, -4.01200655332, -4.88172000935, -0.00134839694899
-0.499373656546, -4.00781362759, -4.88202369851, -0.00616585899882
-0.500456638993, -4.02848306449, -4.86289942986, -0.14363703005
-0.509484873205, -4.14754069348, -4.90119561405, -5.30259902155
-0.512366033485, -4.01394395423, -4.87690216703, -0.0450733595175
-0.622519901549, -4.09481428025, -4.92965062381, -7.37791967885
-0.503129923452, -2.44238622444, -4.8793214873, -345.186338014
-0.499171864563, -4.01340602262, -4.87621920609, -0.00577165259535
-0.514353766854, -4.01543593146, -4.78718890086, -2.50696027528
-1.8358063493, 1.82163438411, -4.99963130972, -415.141176584
-0.499746692404, -4.0142338451, -4.88060286016, -0.00069870542181
-0.498835127513, -4.00718501398, -4.88202791911, -0.00795084050838
-0.499823284754, -4.01257921435, -4.8832832649, -0.00144250143864
-0.500449818461, -3.91272277203, -4.88125289511, -2.89519286758
-0.506392103449, -4.00583292657, -4.89609156325, -0.0820979415488
-0.501136660228, -4.00880936877, -4.8891347141, -0.021411114198
-0.493939477215, -4.01040561874, -4.87931196931, -0.0102526722867
-0.543672693151, -4.01075448181, -4.67732703663, -15.5737360455
-0.499668400822, -4.01251744799, -4.85614708907, -0.153935101291
-0.50033253248, -4.01227926995, -4.87928064783, -0.000790056231022
-0.500570975588, -4.01227216632, -4.87732983452, -0.00345511055265
-0.49522974343, -4.01423158595, -4.88050137734, -0.00575465171595
4.97978262026, -3.94667856829, -4.88070451587, -1899.71220188
-0.56654251727, -4.013056679, -4.88019249193, -1.13725567458
-0.49969519871, -4.00883224882, -4.88087395904, -0.00360031193412
-0.501101988371, -4.00751556773, -4.87994079528, -0.00729488422929
-0.500522642417, -4.01331062477, -4.88093460022, -0.000301776879283
-0.499588332414, -4.012930299, -4.88272454465, -0.000874213160993
-0.493605159715, -4.04576789631, -4.85705524512, -0.420726257409
-0.498626552141, -3.83591999442, -4.88304548367, -11.0801648749
-0.500633958919, -4.01091446659, -4.88087741984, -0.000941895178427
0.364811144465, -3.99239550026, -4.89532440391, -122.468289324
-0.500390400949, -4.0298094642, -4.83986472936, -0.501399628296
-0.517939419493, -4.03766041892, -4.88111667164, -0.237775770752
-0.517908469742, -3.99524940121, -4.85755354543, -0.299928414201
-0.483558857426, -4.01476916578, -4.88697759356, -0.075266729283
-0.480418583172, -4.02025929753, -4.88060141436, -0.106764561025
-0.501608752881, -4.01366899945, -4.88009898102, -0.00137656533166
-0.501572672567, -4.01130378403, -4.88175409398, -0.00150223173902
-0.495588735212, -4.016415877, -4.86863425771, -0.0459413721199
-0.501414933301, -4.00963075199, -4.8798940642, -0.00324342122078
-254.457788442, -222.083059218, 269.358155182, -1.05096903961e+16
-348.371177343, 498.913452069, 136.503852745, -2.96029314955e+17
459.765962802, -105.999528663, -338.110188782, -6.94246528675e+17
170.35203979, -519.009325863, -95.6953993269, -2.50873434438e+17
55.3991643385, 9.39371687464, 93.0186269742, -194071.880358
-331.513699207, -169.137693178, -206.988630384, -6.24335907311e+16
-55.0391517564, -19.8856931025, 604.913764263, -5.78105330486e+17
-72.6872894092, 582.779411458, 19.3712388324, -8.09219573438e+17
583.423753693, 216.102343047, -82.7216412884, -5.28703959944e+17
226.776335463, -370.018103497, 315.070012286, -1.66467319241e+17
-30.8941965147, -142.070071026, 295.552666915, -1.21018310881e+15
96.529560048, -207.560457158, 442.216907657, -2.47319492844e+16
204.337841621, -77.8733249017, 384.975776771, -3.41643688026e+16
470.313918024, 141.282929431, 32.8715912871, -1.27178749982e+17
-374.565366526, -380.217098335, 99.9550638564, -1.05240133799e+17
228.749996126, -315.131246335, 449.084688505, -1.8870357398e+17
589.76306133, -88.6809263796, 257.042232816, -1.32799024185e+18
76.405756185, 302.114093127, 303.140780809, -7.88868806323e+15
-713.23953698, 188.556390251, -201.761934382, -2.71146516504e+18
375.7441683, -202.878518745, 17.8655923032, -6.35989948753e+15
-316.482637628, -182.462458141, 62.2036919213, -6.17814523172e+15
10.6349710413, 132.53204356, -239.759305511, -2.0549972472e+14
-272.578534609, -74.1946921917, 233.747183681, -9.95390256903e+15
-406.056825588, 300.305616612, 373.446041496, -1.09011942473e+18
326.556117497, -326.987961097, 582.017248727, -1.17508956844e+18
255.538565214, -428.059086763, 590.118468554, -1.53439884173e+18
451.243871879, -29.0968357956, -296.680248197, -3.21016887573e+17
280.483899286, -16.9150018911, -381.495488221, -1.7208687189e+17
189.149761428, -106.039592313, 44.4093515073, -4.82921614586e+13
-505.193084445, -152.086938756, -8.26674057735, -1.98921089334e+17
146.317863866, -8.5123365916, -61.9366866573, -1.18999325936e+13
-117.920785167, 181.415752064, 334.322694023, -3.23126368567e+16
-308.424189885, -21.8821474429, -42.6407449497, -3.32830952677e+15
58.8412256646, -218.191615284, -66.5186215905, -1.79599624675e+14
-2.6021061709, -258.972354599, 46.0481858992, -1.65148680192e+15
-133.225597489, -259.989568899, -169.610795247, -1.43022462648e+15
-23.8184381149, 596.128117669, 33.2685761355, -8.93347789904e+17
-105.016495087, -108.614389757, 252.307561873, -1.01365947613e+15
-30.5052606706, -257.354994425, -459.912483964, -9.79552520687e+16
-277.367867182, 559.968115731, 176.227763637, -4.87259409003e+17
287.543958321, 10.4219230124, -229.936223247, -1.6171977802e+16
-287.818151616, 385.478007968, 294.938935163, -2.09675617977e+17
311.063073716, -76.0941825386, -240.638474757, -3.79732234754e+16
56.6459059805, -480.994372223, 537.652049685, -1.36132145505e+18
60.6457792401, -215.665302291, 26.9680778396, -3.87672610317e+14
-235.640087023, -657.011088252, -90.6474947452, -1.64681689084e+18
-161.62435754, 126.041089751, -23.3695469866, -3.20578029695e+13
35.5033627331, -34.5972234784, 261.173996542, -3.9946795946e+14
-518.210575818, 327.297669772, -309.081705399, -8.3716826466e+17
36.1760571952, 355.783579704, 596.728456987, -9.94193752716e+17
215.403048125, -107.464740934, -239.768468905, -1.23004268373e+16
-235.656622132, 690.218026804, 418.316387667, -2.49573220641e+18
330.847269317, 246.341202042, -647.56995381, -2.65671276834e+18
-13.9324615681, -592.335813508, 321.997339236, -2.46856058107e+18
201.565950679, -205.347220128, 584.420367858, -3.19426215046e+17
-3.0176900179, -16.0109511748, 450.016156108, -4.28758824093e+16
480.480719596, -166.335964507, -70.6834682379, -4.77319854739e+16
-272.187239948, 165.073792476, 35.1709418478, -6.95660910518e+14
494.056524974, 609.772194604, -112.986210556, -2.62382258546e+18
314.186052197, 120.649959178, 198.174463406, -3.46857937261e+16
-156.141517624, -12.7809555153, 211.434355441, -1.38331756263e+15
8.05115290571, 234.723863394, -313.996182568, -6.48993851641e+15
489.809054961, 694.362144659, 539.483022811, -1.48897070429e+19
285.073710426, -184.295184976, 114.513049856, -3.14953170488e+15
-305.986908805, 353.715975683, 183.875378487, -5.30305594368e+16
365.66239334, -183.557673452, 198.208570808, -3.56951053215e+16
-247.735029891, -90.7158717809, -49.2944908049, -1.29263415221e+15
341.863891755, -115.216742813, 13.2831147422, -2.64694761005e+15
569.22105505, -42.3335342837, 285.849199904, -1.44411550581e+18
320.80207016, 33.0240476749, 630.519250578, -1.93811699386e+18
183.307742269, 25.1169243722, 128.667203225, -4.51537496696e+14
-177.091285728, 250.489566417, -214.185128435, -9.65787857214e+15
-624.903176919, 418.174674849, -657.500400978, -2.00783314568e+19
-630.123392751, 250.451840936, -89.081533658, -4.72678729968e+17
145.623057054, 74.1015714095, 70.0916636516, -5.3047403539e+13
-113.566257722, -332.242912169, 433.411916456, -9.57970578401e+16
-35.7722428057, 591.928303212, 241.632496142, -4.2422786303e+17
-80.4754972101, 248.221017821, -245.406375312, -7.11290751417e+15
199.409787368, 195.558665361, -504.880164863, -2.18544551839e+17
-109.647209348, -128.840513133, -128.481629983, -8.64535286503e+13
368.799609684, 505.298112564, 144.086980059, -4.66426886716e+17
146.647774779, 299.599914725, -570.76445686, -3.18710467837e+17
-372.1358935, -460.673489755, -516.970876853, -2.72319421117e+18
-248.258823262, -546.451668675, 426.751360041, -1.80896334161e+18
133.065603476, 295.925722112, 549.308638437, -4.11752158778e+17
-475.365037135, 158.315340734, -576.15091242, -3.97561616734e+18
-64.9171199361, 287.269813783, -227.183057403, -1.46898979035e+16
287.581795128, 24.3197854452, -46.4438384595, -1.01041436316e+15
461.367312683, -151.196766488, 240.416019547, -2.24353742455e+17
521.434401532, 323.216435996, 261.84117003, -1.84814680376e+18
462.144138, -297.429879922, -252.535444791, -4.76529988664e+17
-399.054687762, 559.463586626, 48.1370787727, -9.36966011592e+17
233.212746972, -249.207489746, -348.054329814, -1.55620735829e+17
670.566832531, -433.436330731, 1.00684837862, -9.15428867293e+17
-358.39071603, 139.652497126, 335.152595116, -2.89403500967e+17
577.267715629, 214.912236492, -473.043237041, -3.05891466326e+18
-667.580765103, 133.124582755, 530.15643439, -1.70953833976e+19
290.997165983, -13.1865908955, 605.19987904, -1.11796462569e+18
-73.8779043928, 292.224377411, -416.361360217, -5.31514354931e+16
198.995336882, 166.924730027, 474.905232958, -1.73750071208e+17
-454.377139662, -18.6221103688, -179.512840821, -1.82710453929e+17
-491.382495782, -357.074523548, -180.050537679, -9.7019172623e+17
566.504582161, 281.345279213, 447.518176486, -7.43864754037e+18
-238.009303682, 221.468210775, 473.546969696, -7.68717338879e+17
-49.371581439, -232.813988711, 10.9097873782, -5.38475621834e+14
-89.7500542265, -215.61301983, -184.715136086, -3.64606309213e+14
-310.854058033, 377.991736132, 544.874829178, -3.98903710411e+18
390.252362853, 495.546205507, -706.747634254, -5.89425722431e+18
-528.457594118, -132.453607888, 11.6435599973, -2.29521890588e+17
659.19807087, 61.0035699736, -14.2821602866, -9.26914573341e+17
-211.306948028, -243.922380378, 118.022994546, -2.41218969445e+15
-367.138646307, 157.686351658, 84.9483665015, -8.30321007967e+15
-244.596465102, 273.723610643, 88.099837402, -4.27312416991e+15
27.0241823895, 635.642186384, -371.29529526, -4.81500410226e+18
597.69250953, -184.305287712, -299.958144715, -1.80129085106e+18
29.6609523818, -5.47879478417, 18.5092904742, -21440.4998851
145.323992237, -213.239467281, 416.715404926, -2.73834368763e+16
-30.8150346344, -63.0496917053, 158.376688594, -1.28649340643e+13
19.0709147812, 88.1466863876, -457.048212944, -3.16794936436e+16
384.348935147, 188.333913113, -530.593072752, -1.33986687478e+18
-115.479499147, -552.90167205, 20.7056850412, -5.43556190508e+17
273.672600535, -26.3242406381, 81.4871848597, -1.70566330936e+15
447.963239188, -519.462883918, 60.2988942997, -8.55030025885e+17
-208.72658509, -77.849116074, -138.147057208, -1.47429755071e+15
309.287736222, 113.053771919, 60.8179784253, -7.31082568594e+15
-47.0123628771, 4.97610618017, -231.94050301, -1.29089722138e+14
-561.636561399, -317.804687085, -492.726660829, -9.87929654891e+18
-230.289736008, 263.04103784, 651.41820844, -5.33570300422e+18
-634.802989134, 111.843438088, -235.156435895, -1.76446614736e+18
79.8551334652, 184.043473477, -187.677599184, -4.8187650498e+14
238.858310235, -505.21112427, 144.108882456, -5.90868326508e+17
4.98182687445, -41.4175511401, -134.427668724, -3.74373842307e+12
-465.580218236, 210.404015411, 33.613229966, -3.02599749333e+16
-152.736024139, -116.24379643, 247.98890533, -1.80173381195e+15
630.324729785, -233.030494032, -414.182478756, -6.92039508946e+18
-384.449436664, 508.723058969, 200.757501527, -4.47065543141e+17
556.883199482, -675.615069096, 181.495119649, -9.01251285079e+18
565.959817144, 238.303797751, -337.58903944, -8.43976731188e+17
18.5564018978, 400.603359762, 613.569263522, -1.45681821721e+18
537.561879549, 295.442363709, -28.1201939623, -5.04871563827e+17
3.98617470881, 131.076881039, 268.278375631, -1.70059368351e+15
-294.989133245, 145.789255614, 413.229332565, -4.559377972e+17
167.918859322, -143.892493266, 41.6822044205, -6.54492735e+13
-553.609889822, 180.957029874, -353.023089701, -1.60011360164e+18
674.725690737, 419.842830575, -530.559262162, -7.45484618922e+18
221.314963083, 134.778493226, -102.731885766, -3.65756609379e+14
-152.840718574, 39.5998844723, 488.156561516, -2.82831334283e+17
-50.8532743434, 38.9996168729, 72.7086887619, -21377.414192
60.2068511677, -106.067225373, -104.102610618, -1.09428034119e+13
-12.2913113484, 497.262301392, 167.129306903, -1.1890674354e+17
-75.0389198887, 84.8455005433, 169.982705771, -1.9210811619e+14
-372.443048544, 213.809029634, 502.62604369, -2.61611948123e+18
421.659949059, 217.093883763, -459.766414695, -7.83617188257e+17
-524.092474269, -108.557968664, 28.7134694535, -1.79316095023e+17
-263.648377347, 244.643726783, -642.644803578, -9.49267974278e+17
273.057181199, 383.318360278, -86.2706927762, -5.37140980525e+16
285.774915478, 3.92971538764, 86.2847980395, -2.92203272692e+15
-22.5401321269, -228.456342612, -189.732620869, -2.71450001962e+14
274.058703196, 173.900240066, -517.561434389, -5.08153706418e+17
371.952029882, -260.056434231, 29.821350508, -1.13599191021e+16
177.382357277, -34.9015925451, 120.034769106, -2.28886493684e+14
242.303522133, 53.061667771, 422.462236997, -1.20329338665e+17
390.272906993, 9.03390888797, -402.431709067, -5.63167732061e+17
69.4462569001, 388.862467769, -259.904577431, -1.05216433128e+17
65.514299354, -476.979111339, -94.2749823887, -1.10949641166e+17
122.82149432, 451.875170263, -169.376845047, -2.04802245121e+17
-237.153597293, -257.032512014, -21.6637034444, -4.29406395644e+15
42.4116484903, 209.297887818, 14.4261031539, -1.97984426283e+14
-392.831337575, -42.6930866548, 184.081452736, -2.88227128366e+16
-151.928895686, -96.5738244078, -185.726268755, -8.43611472306e+14
-6.01458473532, -180.324288766, 253.023485504, -8.61628427912e+14
-157.324391293, 298.459546274, 236.151552254, -1.43787201948e+16
-109.508325329, -411.576086817, -254.167345209, -2.02691583612e+16
92.9526713716, 119.697745511, 297.324372347, -3.0255069417e+15
-14.2841887869, -710.511998708, -332.611141171, -1.5629509673e+18
564.185103589, -359.212816071, 256.486036885, -9.16243551647e+17
-49.2137537523, -544.821983326, 5.93383200574, -4.62222299248e+17
-12.8961603769, -436.851092498, 187.388454322, -1.74264133558e+17
476.207490661, 596.113657143, -655.946804428, -9.25352844187e+18
-261.242732291, 85.1477528404, -202.9487461, -6.92920668992e+15
346.650548642, -507.651466113, 237.171742613, -1.10554207418e+18
378.41809803, 486.108355514, 275.691843573, -7.19824994928e+17
57.9541110885, -107.680343845, -113.9139364, -1.60364703194e+13
-239.091278143, -501.794130093, -53.1171635901, -2.23002850171e+17
12.6036715697, 473.090667118, -57.5758916186, -1.95724793368e+17
-16.3896525424, 347.044454257, -599.605790853, -3.61813444896e+17
-195.823099271, 50.3089256083, -16.1809946512, -3.81359310016e+13
-118.67007204, 244.08253715, -695.022811901, -6.14523871927e+17
329.635516571, 193.122769767, -312.358428701, -5.27181549015e+16
94.2895262949, -369.758110224, 221.19896063, -7.22243575366e+16
62.2778518954, 440.357437469, 440.951766739, -1.58316806881e+17
625.998942676, 125.270691053, -386.292104839, -2.51898603543e+18
-49.0431453951, -91.1663460534, -69.9279873585, -399694.739987
557.656186682, 200.9799775, -216.289537909, -3.65862939627e+17
-3.48962343992, 462.427187305, 8.5234342264, -1.25570803907e+17
384.137703088, 141.838468677, 194.40280437, -1.12112034931e+17
-3.99607251903, 41.6296053229, 206.067782594, -1.49333974508e+14
-246.701947001, -25.0890277213, 98.8293259606, -4.92325473338e+14
88.9801791564, 653.453976796, -186.619887487, -3.39555342532e+18
-273.61765978, 733.320066128, 159.133068608, -4.13497950959e+18
399.772612354, -267.375210092, -273.430874855, -3.09915822357e+17
61.3244004995, 344.387841216, -128.917601027, -2.38439954573e+16
-209.530769138, 8.48477101519, -384.404254995, -4.12550399617e+16
102.850216135, 27.6437144312, -225.563824926, -6.64031995387e+14
-111.884123234, -174.156240795, -573.088573542, -3.33908960279e+17
367.449373994, 93.7419613948, -500.975338133, -1.10477388428e+18
401.569308729, 384.252011687, 392.302591884, -1.32382644338e+18
-81.4206177915, 488.330207156, 56.2064270372, -1.70959400113e+17
-393.941659555, 394.735375005, 122.397916339, -1.07547074399e+17
149.730077248, 527.710456536, 28.404959494, -3.26570699781e+17
-217.883919686, 353.973604464, -251.725491, -9.99996241752e+16
349.388130146, -273.651030146, 181.044978456, -3.77031181438e+16
-116.428617625, -391.253585605, -278.149118791, -1.66233637031e+16
259.383278236, 53.297128056, -180.638614797, -3.39538442576e+15
-48.2445416418, -207.609373212, -480.680987747, -1.05194004911e+17
174.819491011, -447.909305311, 346.400530201, -5.18749409567e+17
217.58700009, 393.281659274, -440.600462752, -2.6707799585e+17
-205.823581022, -89.9442402132, 10.1588938996, -1.8097133711e+14
308.567656805, -36.9728637216, 186.744820458, -1.55182206254e+16
-505.608202192, 23.360897666, -289.825297895, -7.74617549337e+17
403.227111499, -693.1207971, 308.782357888, -1.14630066592e+19
-356.696514014, 585.263648298, 706.93067433, -3.07006931718e+19
267.871503075, 65.8364868232, -111.039630254, -1.09831560186e+15
-421.792696852, -455.449634658, 123.17603765, -3.65660756836e+17
494.027401095, 637.295925022, -336.914416625, -4.8599496579e+18
-239.644126493, 159.842614462, -182.422719663, -3.47880429037e+15
108.128738285, 230.417867752, 336.042490572, -1.1925278012e+16
292.851568177, -396.435153048, 272.579317241, -2.51697743388e+17
110.964776971, -370.594614456, 324.73270417, -1.25340806837e+17
504.717548084, -62.8762424998, 17.290380773, -8.04259729463e+16
-28.3135464787, -461.929928254, 671.848526137, -1.79848605334e+18
2.3900794178, 81.1029200644, -49.6202006421, -206818.283738
54.3199170319, -71.3241312043, -10.758206272, -212882.909753
197.48721991, 611.115883589, 186.396798816, -6.93764367411e+17
-601.386599811, 298.476263373, -126.552582286, -4.47793121204e+17
-338.537970847, -124.762110951, 42.6549170308, -6.97073047154e+15
-379.938544566, -213.717188099, 530.126450688, -1.22765012736e+18
459.777467356, 234.41340984, -607.460999692, -4.3191101544e+18
-569.540542591, 540.407998388, -171.190442206, -2.61828678401e+18
-267.593677362, 82.2089793078, 263.340704277, -3.17281734415e+16
-51.8846450896, -397.307145717, 362.518701208, -1.82969544577e+17
240.09161373, 48.2725600292, 328.759753081, -3.78329049155e+16
286.543288329, -16.056316883, -246.328901789, -2.36971816232e+16
-514.669821523, -91.4839916909, 376.12697928, -9.44492579632e+17
15.573038723, 691.647290681, -211.119166272, -5.74086964207e+18
91.2682634875, 297.216279339, 550.06351675, -4.09719085734e+17
-216.645894347, 114.775754274, 277.795686563, -2.56391412565e+16
-171.158397597, 68.3129681438, -208.069596988, -1.10452351455e+15
-294.254790479, -41.5272167279, -20.9363955373, -2.13426149283e+15
19.8326352567, -285.327365923, -116.455717523, -1.16766902073e+15
-318.223423318, -52.4552858562, 449.668533682, -4.7164533898e+17
-172.279896317, -314.450322713, 203.427719191, -1.7525722678e+16
526.088155044, -265.068588886, 316.900198001, -8.51999200797e+17
263.60341481, 481.944693031, 467.030077533, -6.85188288933e+17
26.6517112724, 100.40144331, -67.6513622376, -363552.661156
-378.528030562, -42.7681423007, 21.0532752355, -1.06445216993e+16
-57.0640267042, -1.51909646548, -597.813805881, -2.86527457119e+17
-133.81680316, 197.248826294, 261.095246362, -1.0167196006e+16
-395.176838549, 630.154471357, -260.409764184, -5.66608916003e+18
-255.104183789, -64.3778337298, 72.1623317246, -5.00715403863e+14
-430.572878825, -412.778729734, 201.244578031, -2.53785884241e+17
484.411532111, 110.253452813, -129.501485654, -8.49302333098e+16
-536.078370645, -659.5513015, 177.868200051, -5.19599134239e+18
557.915682157, -538.457251982, -286.451917881, -3.11708918439e+18
-269.83387035, -187.056010683, -181.536447139, -1.76955774754e+16
29.6175736932, 2.12663378769, 82.8934343912, -124927.384858
413.447623223, 183.742250407, -32.6433991113, -4.49994318636e+16
-98.8002968712, -235.152683406, -443.208704221, -6.14936617082e+16
-296.774901513, -78.6961778276, 297.7397769, -4.09001699886e+16
-187.098648876, -317.853175296, 464.13966746, -1.38122498351e+17
-177.641742495, -92.2828578077, -123.19337847, -5.37234860154e+14
-310.63804059, 168.691046064, 111.685033604, -5.50304907883e+15
340.90233284, 108.852630643, 57.0378337863, -1.33018226708e+16
-333.038840215, -270.139276793, -148.234022528, -6.15150055558e+16
-79.3916266653, 27.8035186717, -101.646725789, -413344.16193
258.742493942, -365.484106414, -20.3956613726, -2.93064468994e+16
-113.50190792, -45.5440790472, -122.713011424, -4.49074457464e+13
369.699200069, 200.96594454, -6.81224977553, -2.65534571608e+16
160.280954597, -349.69072227, -407.511868112, -2.61117315804e+17
-479.967759597, 608.832744137, 202.783151831, -1.87298779716e+18
-186.478543917, 192.267258224, -119.026788844, -1.16073991512e+15
88.5221003327, -331.300047039, 375.785025837, -7.84239079063e+16
-155.25708848, 318.393160186, 152.011347295, -5.64098232363e+15
277.537152476, 91.7237209827, -661.163487797, -3.13678498244e+18
-63.3948253213, 403.29854415, 185.258422153, -1.99646073224e+16
69.4793756973, 26.3455615596, 219.300477791, -1.93000492324e+14
-478.835633648, 277.074642218, -216.107172687, -2.29513392668e+17
-240.426081913, 64.5368100391, 37.9604884276, -1.66186511501e+14
478.266465246, 485.342035146, 125.836820856, -1.14898694024e+18
584.155690278, 314.886867357, -5.78706866037, -1.04332123271e+18
639.40287905, -151.863645454, -334.395851492, -3.14241382945e+18
209.212233452, -333.142705307, -58.2623032533, -1.02059267448e+16
-448.009593656, 602.648887006, -476.509812508, -9.65190314969e+18
139.852746528, -153.643132161, 120.443274627, -1.97267856201e+14
-382.380263427, -49.0723237045, -88.6295971278, -2.88832920555e+16
-208.208961418, -222.971556348, -223.929006262, -1.02556899602e+16
-225.715164128, 165.993526653, 389.941261063, -1.9985242203e+17
132.144174279, -153.127719998, 64.9835220218, -8.1422645363e+13
39.1605491732, 393.668622339, 27.470396851, -3.06032760495e+16
217.564766275, -18.4039796767, -586.328095534, -1.29570983357e+18
-422.970442809, 426.211291825, 199.663330175, -3.08365781267e+17
60.8083430927, -120.260845914, 6.62308587935, -3.51186916484e+12
-114.415434127, -139.482334822, 125.308281244, -5.06857991651e+13
-477.719046319, -411.625917562, -310.753690902, -2.00926264804e+18
-12.6199665429, 548.161050298, 210.436344488, -2.36351003324e+17
-122.706222842, -430.448733394, -337.291694408, -4.24559164722e+16
8.53886665238, 420.482385227, 107.838002259, -3.61813693718e+16
-366.925500598, 27.2022243305, 276.553852445, -9.77225725155e+16
-640.414209843, -448.950210135, 96.0983684188, -2.6436601456e+18
182.742359204, 3.42986755479, -68.7271004263, -4.9762860043e+13
-612.531762218, -343.282444978, 495.922282806, -3.81962492768e+18
-122.891915639, 314.382648885, -239.352398888, -3.3089232186e+16
-379.693943744, -37.0418985365, 369.301780529, -3.09593355238e+17
267.25674797, -251.210135179, -502.70895698, -1.3832256589e+18
343.660393137, 643.276817739, 143.017445625, -1.59672030381e+18
-235.786376222, -42.275804037, 498.664461758, -4.6800998535e+17
399.206427754, -675.654467555, -173.774098552, -2.56684807702e+18
311.49774062, 178.912413748, 237.602447861, -6.18561401881e+16
-136.492451331, 82.0086442367, -223.45201115, -6.29206892399e+14
-303.072307149, 84.3238543629, 389.404202956, -2.97067184275e+17
212.106447387, 436.734344712, -0.813442633899, -8.70924520017e+16
139.096161378, 625.616974864, -705.083272909, -1.02689047561e+19
-272.317450317, 53.4924128848, -335.547813362, -5.29169535878e+16
151.880343809, 339.884263126, -215.294094551, -3.24683193457e+16
-485.018853728, 161.075943883, 296.877336391, -6.08389451778e+17
-265.238334808, -0.215875802675, 224.103331092, -1.05103673365e+16
22.2723023504, 32.4039208866, -1.10334682714, -20462.3119299
168.321330688, 70.4023529291, -37.3162834234, -2.58435164724e+13
-39.4915011796, -414.134175088, -167.195415842, -2.28957562171e+16
297.743906937, 247.523680611, 191.829161829, -4.2064270459e+16
145.130548619, 453.422152793, 175.306194607, -5.65539772887e+16
-307.818223497, -283.479037925, 87.3135900654, -1.45193033693e+16
522.857018947, -366.002229556, -296.195078408, -1.53220827531e+18
416.169712783, -449.605560603, 316.039491223, -9.86462481416e+17
-365.225073971, -243.043620416, 317.37945225, -7.71009716108e+16
-443.136857672, -300.058859491, -487.078373017, -3.19052130111e+18
24.2028877993, 207.047894566, 644.937487002, -1.22765890571e+18
202.412910223, -636.888336958, -119.385584812, -1.27954860692e+18
329.758516297, -242.752789025, -96.7589243636, -1.03355867817e+16
-355.494052486, 113.825496596, 5.47588333641, -3.2575082144e+15
-483.743676083, 351.258732704, 379.155647955, -2.35648697395e+18
-100.824710721, 506.307183105, -48.7875383258, -3.57060223908e+17
-342.293418502, -236.117117395, 691.654802535, -4.66184264857e+18
220.356276311, 315.21415713, -288.628998626, -3.20158680415e+16
382.932785966, 154.190646133, 131.950975067, -6.81708220399e+16
-162.836805019, 8.42171356082, -289.266039663, -4.65067067455e+15
-151.92494415, 159.098690185, -61.9898807172, -1.59391414821e+14
-205.048550623, -11.6265786892, 112.590119618, -2.50518165492e+14
126.503777237, -312.539134355, 250.606360976, -3.06029014854e+16
349.434295635, 453.34367126, 346.747012716, -6.70120786362e+17
355.285953952, -489.827570823, -171.930809736, -2.72272370349e+17
-18.8450843861, -230.957804229, 9.25125689863, -4.99860537641e+14
483.976872895, 409.934603641, 231.791177174, -1.37909366492e+18
-121.13688072, -122.282151515, -455.069303034, -5.57387643515e+16
-147.269271608, 534.58005297, -469.94268974, -2.49852294926e+18
-18.249271483, -496.586216397, 216.184008902, -4.91766014277e+17
-186.38405916, -361.119995704, -28.2181976008, -1.75191876688e+16
213.190930088, -256.918249335, 189.914039678, -9.83656800813e+15
-284.688631748, -428.037993092, 420.212573171, -4.10407824663e+17
57.9293944881, -728.151120315, 20.9992878723, -5.11144232413e+18
-224.024511486, 11.3189199216, -461.735981756, -1.2690181299e+17
-361.491509954, -89.2969601232, 351.092421743, -1.736627587e+17
-429.344973038, -395.667675593, -292.369514011, -1.00943732692e+18
690.794125614, -534.420535828, -301.696555042, -8.22179028547e+18
351.477475136, 570.108840194, -348.515251882, -2.01140505005e+18
-279.074182069, -155.931761351, 332.052939349, -4.32624642469e+16
32.7612295278, 184.415826321, -367.501304441, -5.53808127851e+15
353.334127484, 262.461352173, 236.031146019, -1.56979676994e+17
572.152146618, -317.055694409, -209.681528728, -8.51074792315e+17
-70.4194324805, 364.489758726, 131.085876848, -1.04619342826e+16
-218.497328833, -462.240530934, 161.780704628, -2.32416894276e+17
536.424570086, 34.1890172453, 179.347775383, -5.56920345293e+17
-518.224774879, 245.45727522, -403.343062073, -1.57051340685e+18
550.300657391, 501.822647499, 148.635890958, -2.77802875029e+18
269.440408601, -78.1477707604, 104.611761131, -1.73075595661e+15
-45.5736437461, 311.27412177, -202.4867614, -2.0420637994e+16
-191.058565275, 226.786771647, -44.5535227577, -1.49268656963e+15
-218.297482402, -500.486803523, -95.4263028068, -1.85513563519e+17
23.5886287275, -66.3652057183, -267.708629445, -1.1190957022e+15
299.154051833, 256.741262901, 283.925949872, -1.04840184315e+17
-322.788385795, 202.272019841, -216.205133382, -2.52166239352e+16
-635.064998285, -135.420239838, -330.163953158, -5.37893364477e+18
-631.194399336, -213.619561657, 72.0609438009, -9.65287958278e+17
-354.977783647, 595.11733826, 191.274747687, -9.56069894478e+17
-247.615128894, -260.006812889, -512.522669047, -4.94670410455e+17
235.610053485, -57.9011010813, 101.267359817, -7.46086377398e+14
-30.6957000414, -163.060416447, 400.295035352, -1.19325505708e+16
316.212584533, 336.112540081, 289.843543539, -1.87502965178e+17
327.572475364, 527.276398738, -395.425806676, -1.36069101114e+18
165.80638239, -333.738665621, 538.258726306, -2.95892051362e+17
-412.93644973, 225.557376296, 620.033836789, -1.00578256169e+19
150.257830464, 540.867603706, 111.236743704, -3.01218740249e+17
102.002186738, -0.231493990254, -185.813033165, -2.49457109373e+14
-186.367860048, 464.879596196, 90.187936015, -1.17770228522e+17
-325.333950351, 220.422642684, 437.757064379, -9.61498815551e+17
45.6693721076, 157.146196482, -178.827907426, -1.71699301827e+14
360.35909565, 212.518644068, -41.9501713832, -2.02500780718e+16
15.5346728518, -216.934735998, -649.258919574, -1.36369197807e+18
352.259704784, 283.480110893, -230.380618616, -3.38809229575e+16
-120.245983907, 230.231068003, 97.7185154435, -4.3662255542e+14
