-0.49969505671, -4.01259707709, -4.88089687816, 0.0
-0.49969505671, -4.01259707709, -4.88089687816, 0.0
-0.499695056731, -4.01259707709, -4.88089687817, 0.0
-0.49969505671, -4.01259707709, -4.88089687816, 0.0
-0.49969505671, -4.01259707709, -4.88089687816, 0.0
-0.49969505671, -4.01259707709, -4.88089687816, 0.0
-0.49969505671, -4.01259707709, -4.88089687816, 0.0
-0.49969505671, -4.01259707709, -4.88089687816, 0.0
-0.49969505671, -4.01259707709, -4.88089687816, 0.0
-0.49969505671, -4.01259707709, -4.88089687816, 0.0
-0.49969505671, -4.01259707709, -4.88089687816, 0.0
-0.49969505671, -4.01259707709, -4.88089687816, 0.0
-0.49969505671, -4.01259707709, -4.88089687816, 0.0
-0.499694638954, -4.01259709446, -4.88089688948, -4.59872996075e-11
-0.499696408731, -4.01259708049, -4.88089645004, -5.02664307129e-10
-0.49969685541, -4.0125971176, -4.88089553792, -1.26456874388e-09
-0.499696334148, -4.01259535762, -4.88089608854, -1.31897329914e-09
-0.499694959378, -4.01258826421, -4.88089661381, -1.96935891689e-08
-0.499747805208, -4.01262355671, -4.88108293509, -9.62930282361e-06
-0.499691970668, -4.01207872979, -4.88087212202, -6.80322879066e-05
-0.498392375528, -4.00979585665, -4.87679021588, -0.00669149646282
-0.499961743352, -4.01249866214, -4.8869945067, -0.0094045274087
-0.505474122678, -4.01237683954, -4.90339247046, -0.137101012609
-0.494649142938, -4.01458184434, -4.91244768153, -0.257427604436
-0.49803045352, -4.12023072388, -4.90214140404, -3.23149973538
-1.47574339535, 3.61557682957, -4.99978244975, -3.71670641725
-0.121580566873, -4.99905404211, -4.99921221728, -94.0064490731
-1.47574167997, 3.61564803326, -4.99983659522, -3.68785092021
-1.47574169483, 3.6156480589, -4.99983663, -3.68799821802
-1.47593150323, 3.61571534659, -4.9999998264, -3.73625995218
-1.4757434337, 3.61618762264, -4.99984540712, -3.80979321612
-1.47574222121, 3.61566020727, -4.9998237706, -3.70022218414
-1.47574171897, 3.61564807813, -4.99983679091, -3.68814629926
-1.47574132047, 3.61564784112, -4.99983684258, -3.6889417447
-1.47574254892, 3.61606229524, -4.99983440543, -3.78415149999
-1.4527230475, 3.65934232359, -4.89639471703, -75.2593696331
-1.47574516142, 3.61573832489, -4.99982196554, -3.68936890426
-1.47574515877, 3.61573831849, -4.99982195735, -3.68943366103
-1.47574519645, 3.61573826043, -4.99982164703, -3.689902616
-1.47574299231, 3.61573379163, -4.99981931377, -3.69039489778
-1.47574274218, 3.6157445015, -4.99981757526, -3.69292887908
-1.47622783575, 3.61576613039, -4.99999996873, -3.69929048005
-1.47599570449, 3.61566467217, -4.999999954, -3.72944413261
-1.47622787035, 3.61576621102, -4.99999999748, -3.69942783845
-1.476025705, 3.61574991046, -4.9999976619, -3.73322070196
-1.47622783884, 3.6157661305, -4.99999997327, -3.69929736255
-1.47622785477, 3.61576613532, -5.0, -3.69931066614
-1.47622785616, 3.61576615076, -5.0, -3.6993716489
-1.47622785584, 3.61576613639, -5.0, -3.69931933492
-1.47622785565, 3.61576613532, -5.0, -3.6993200807
-1.47640045687, 3.61576636491, -5.0, -3.73196323369
-1.47622785748, 3.61576613559, -5.0, -3.69932462761
-1.4757475689, 3.6157651325, -5.0, -3.73471491307
-1.47589392278, 3.61576697756, -5.0, -3.71690541003
-1.47622785827, 3.6157661406, -5.0, -3.69935835036
-1.47622720393, 3.61576614619, -5.0, -3.69986972113
-0.910575864999, -4.90011085806, -4.96382570925, -102.283670802
-0.235901419105, 1.19467586151, -4.98630964331, -915.800322007
0.373908478905, 1.08462806032, -4.97560613585, -872.289228354
-0.520330508525, 4.90039276973, -4.85085637749, -319.273278788
-0.349376339061, -2.92308873955, -4.99997626803, -231.885006473
-0.499673479033, -4.01251714558, -4.88097742164, -3.37307294836e-06
-0.499693662344, -4.01300237709, -4.88088179223, -4.15507860909e-05
-0.499695063433, -4.01259708454, -4.88089682654, -6.73814208168e-13
1.28803881628, -1.18654067498, -4.99995766434, -1267.25270852
-0.499691152921, -4.01259884514, -4.88089735788, -4.71321680787e-09
-0.499695108996, -4.01259707189, -4.88089685393, -6.73815448663e-13
-0.499681641909, -4.01259710351, -4.88089687371, -4.5565944789e-08
-0.499695068455, -4.01259714099, -4.88089688336, -8.42272854216e-13
-0.499695056252, -4.01259708645, -4.88089687098, 0.0
-0.499695070356, -4.01259706912, -4.88089688382, 0.0
-0.499695083833, -4.01259707375, -4.88089688477, -1.68454673058e-13
-0.499695010003, -4.01259574909, -4.88089059986, -1.04190386573e-08
-0.499695068812, -4.01259709662, -4.88089687909, 0.0
-0.499695056261, -4.01259708604, -4.88089687091, 0.0
-0.499695070337, -4.01259707341, -4.88089688384, 0.0
-0.580054573042, -3.84665630004, -4.79720970233, -12.0251170111
-0.499695061537, -4.01259709284, -4.88089684277, -3.36908708039e-13
-0.499695068788, -4.01259709131, -4.88089687587, 0.0
-0.499695056261, -4.01259708604, -4.88089687091, 0.0
-0.499695055844, -4.01248575605, -4.88089689211, -3.13261706615e-06
-0.499695056806, -4.01259708693, -4.8808968729, 0.0
-0.499695107573, -4.01259698245, -4.88089684386, -3.36905582465e-12
-0.499695098365, -4.01259690401, -4.88089693224, -9.26490194453e-12
-0.499695053572, -4.01260379266, -4.88089687613, -1.13795466585e-08
-0.499695068171, -4.01259697966, -4.88089688563, -2.8637050664e-12
-0.499695057774, -4.01259710831, -4.8808968735, -1.68454721178e-13
-0.499695086022, -4.01259708558, -4.88089510301, -7.96786035949e-10
-0.499691056648, -4.01259708987, -4.88089683524, -4.06462326152e-09
-0.499695076846, -4.01259708718, -4.88089687427, 0.0
-0.499695053742, -4.01259734062, -4.88089670326, -2.42575571229e-11
-0.499694967608, -4.01259707752, -4.88089687516, -2.35833847201e-12
-0.499695076824, -4.01259708717, -4.88089687444, 0.0
-0.499695076753, -4.01259708699, -4.88089689981, -1.68455170226e-13
-0.499695076752, -4.01259708717, -4.88089687443, 0.0
-0.499695053626, -4.01259708932, -4.8808968704, 0.0
-0.499695073132, -4.01259704413, -4.88089687104, -5.05361586312e-13
-0.499695076752, -4.01259708717, -4.88089687445, 0.0
-0.499695076754, -4.01259708732, -4.88089685667, -1.68454449149e-13
-0.499695076753, -4.01259708717, -4.88089687445, 0.0
-0.499695111565, -4.01259701563, -4.88089687416, -1.68453499951e-12
-0.499695110323, -4.01259707786, -4.88089687818, -5.05364151073e-13
-0.499695076753, -4.01259708717, -4.88089687445, 0.0
-0.499695076752, -4.01259708712, -4.88089687351, 0.0
-0.499695076753, -4.01259708717, -4.88089687445, 0.0
-0.499695076754, -4.01259708736, -4.88089687446, 0.0
-0.499695064996, -4.01259708323, -4.88089687483, 0.0
-0.499695076753, -4.01259708717, -4.88089687445, 0.0
-0.499695076753, -4.01259708717, -4.88089687445, 0.0
-0.499695076753, -4.01259708717, -4.88089687445, 0.0
-0.499695076753, -4.01259708717, -4.88089687445, 0.0
-0.499694814637, -4.01259710902, -4.88089687416, -1.60029457001e-11
-0.499695076753, -4.01259708717, -4.88089687445, 0.0
-0.499695076753, -4.01259708717, -4.88089687445, 0.0
-0.499695076753, -4.01259708717, -4.88089687445, 0.0
-0.499695076753, -4.01259708717, -4.88089687445, 0.0
-0.499695074352, -4.01259708728, -4.88089687443, 0.0
-0.499695076753, -4.01259708717, -4.88089687445, 0.0
-0.499695090316, -4.01259706721, -4.88089687033, -1.68454379659e-13
-0.499694976001, -4.01259708097, -4.88089687919, -2.02143409465e-12
-0.499694976499, -4.01259705235, -4.88089687364, -2.18988103015e-12
-0.499695173794, -4.01259711175, -4.88089688858, -3.20064122609e-12
-0.499695077766, -4.01259706467, -4.88089718941, -2.45940062593e-11
-0.499695386138, -4.01259809231, -4.88089687126, -2.82668552578e-10
-0.49969495691, -4.01259254826, -4.88089686987, -5.20697252971e-09
-0.499668181434, -4.01260596201, -4.88089687812, -2.02675411216e-07
-0.499695095523, -4.0126873201, -4.88089854295, -2.05974154574e-06
-0.499910378742, -4.01268981122, -4.88089606673, -1.38838165757e-05
-0.499538119081, -4.01259738388, -4.88113793023, -2.09304486364e-05
-0.497933845957, -4.01224873458, -4.88089571196, -0.00081568847746
-0.499378796755, -4.03167977609, -4.88202360314, -0.0909029970133
-0.485848415873, -3.999723656, -4.91119893819, -0.322485772658
-0.503747132443, -4.01236363724, -4.92992213306, -0.615587130813
-0.476546321741, -4.05232763821, -4.96899168887, -2.48629399877
1.03566457844, 4.93384949832, -4.99999999983, -545.068072918
-1.47616144722, 3.61576525581, -4.99999999994, -3.71418397102
-1.20600014872, 4.58700819553, -5.0, -160.994861422
-1.47633703549, 3.615765312, -4.99999999991, -3.70565325886
-1.47630013948, 3.61576941377, -4.99999999989, -3.70717436146
0.213142342718, 4.64714800698, -4.99999999978, -476.830380631
-1.47622787116, 3.61576624782, -5.0, -3.6993539942
-1.47622800139, 3.6157661332, -4.99999999999, -3.69936727106
-1.47622778121, 3.61576612965, -4.99999999985, -3.69942904578
-0.129560554228, -4.06127796263, -4.95255168704, -34.4944684199
-2.07049998419, 1.16399729698, -4.9999855783, -457.762645063
-0.767256149464, 3.98113000515, -4.94241664531, -176.788786212
-1.00648739778, 2.36614406909, -4.99905266641, -435.456164733
-1.9297280597, -4.16179752024, -4.91375973762, -194.725800694
-0.499694688962, -4.01258366111, -4.88086326737, -3.31268563902e-07
-2.09681920559, -4.90049682243, -4.91614930948, -193.82141425
-0.544957256556, -4.01260421236, -4.87500658284, -0.522586260922
-0.499705752075, -4.01259705138, -4.88089922435, -3.02742374313e-08
-0.499942408856, -4.0243855612, -4.88106265461, -0.0348339858125
-0.846414612688, 4.99936742638, -4.94666118204, -247.181605613
-1.37748536227, 4.90000991651, -4.96116038181, -197.51496134
-0.499694970218, -4.01259697545, -4.88089684263, -5.55891120267e-12
-0.499695079915, -4.01259707858, -4.88089687417, 0.0
-0.499695407996, -4.0125983013, -4.88090272834, -9.0607066453e-09
-0.499695091913, -4.01259708118, -4.8808968722, -1.6845464766e-13
-0.499695077429, -4.01259718391, -4.88089682424, -3.2006239356e-12
-0.499695061058, -4.01259709316, -4.88089688159, 0.0
-0.499695077351, -4.01259707456, -4.88089687436, 0.0
-0.499695074677, -4.01259706076, -4.8808968776, -1.68454035787e-13
-0.499695086972, -4.01259706256, -4.8808968718, -1.68454117547e-13
-0.499695062566, -4.01259709551, -4.88089689056, 0.0
-0.49969505784, -4.0125970955, -4.88089687143, 0.0
-0.49969507767, -4.01259707667, -4.88089687435, 0.0
-0.499695066316, -4.01259707563, -4.8808967982, -1.6845268524e-12
-0.499695055673, -4.0125987523, -4.88089684431, -7.03501049765e-10
-0.49969506283, -4.01259700115, -4.8808968833, -1.85298532968e-12
-0.499695057813, -4.0125970884, -4.8808968709, 0.0
-0.49969508589, -4.01259719572, -4.88089667542, -1.36448066505e-11
-0.499695056066, -4.01259707893, -4.88089687343, 0.0
-0.499695066248, -4.01259707706, -4.88089688491, 0.0
-0.499695063803, -4.01259707504, -4.8808969267, -6.7382003685e-13
-0.499695050604, -4.0125970818, -4.88089686612, -1.68454040191e-13
-0.499695057448, -4.01259707534, -4.88089684913, -1.68453758473e-13
-0.499695057871, -4.01259707888, -4.88089687758, 0.0
-0.499695066304, -4.01259707706, -4.88089688497, 0.0
-0.499695058268, -4.01259707794, -4.88089690973, -3.3691012178e-13
-0.49969507087, -4.01259709081, -4.88089686353, 0.0
-0.499695056709, -4.01259708483, -4.8808968834, 0.0
-0.499695200778, -4.01259707345, -4.88089689001, -4.71672401542e-12
-0.499695059625, -4.01259648182, -4.88089686568, -9.19738277643e-11
-0.49969505671, -4.01259707709, -4.88089687816, 0.0
-0.499695025697, -4.01259707585, -4.88089697419, -2.69526573762e-12
-0.49969505671, -4.01259707709, -4.88089687816, 0.0
-0.499695067914, -4.0125970795, -4.88089688555, 0.0
-0.499695055416, -4.01259706253, -4.88089686917, -1.6845383906e-13
-0.49969505671, -4.01259707709, -4.88089687816, 0.0
-0.49969505671, -4.01259707709, -4.88089687815, 0.0
-0.49969505671, -4.01259707709, -4.88089687816, 0.0
-0.499695075677, -4.01259704383, -4.88089692433, -1.0107257901e-12
-0.499695057058, -4.01259708696, -4.88089673718, -5.05358551146e-12
-0.49969505671, -4.01259707709, -4.88089687816, 0.0
-0.49969505671, -4.01259707709, -4.88089687816, 0.0
-0.49969505671, -4.01259707709, -4.88089687816, 0.0
-0.499695056395, -4.0125970868, -4.88089700477, -4.04289186419e-12
-0.499695054125, -4.01259708702, -4.88089687412, 0.0
-0.49969505671, -4.01259707709, -4.88089687816, 0.0
-2184.12935183, -1901.50625471, 2332.94636328, -3.21266792142e+23
-3016.95686599, 4326.74201618, 1183.94449033, -9.18429565667e+24
3991.62536592, -894.500262289, -2946.91946817, -2.20816415469e+25
1490.62084961, -4496.59704552, -855.059876458, -8.13594984523e+24
465.468692495, 109.567813924, 781.745005378, -1.87597062734e+19
-2864.0357772, -1469.79013683, -1804.73369518, -1.96247753088e+24
-444.676615846, -177.562183063, 5253.21140817, -1.70104053172e+25
-621.732446036, 5069.61998809, 132.093975497, -2.62970361535e+25
5063.05948937, 1887.17019542, -720.135827035, -1.71119804383e+25
1951.08996414, -3215.61985201, 2757.38272399, -5.68338698055e+24
-263.103629087, -1263.25699859, 2584.0757828, -3.64440383704e+22
810.924016624, -1793.53339375, 3853.1476702, -7.69718276915e+23
1801.46307189, -699.880427413, 3357.34178409, -1.16066424648e+24
4077.1740152, 1195.61723967, 259.751999867, -3.95612619311e+24
-3266.20753579, -3287.70743841, 894.857875533, -3.37626091728e+24
1989.69632403, -2752.68236404, 3903.64976194, -6.44961915691e+24
5126.03803649, -742.602027077, 2242.82378107, -4.4025668965e+25
635.512088169, 2622.59152579, 2645.08439065, -2.38457642796e+23
-6191.59178888, 1619.09126957, -1731.07153659, -8.61531480765e+25
3263.0139011, -1746.10684907, 189.260266058, -2.0912005736e+23
-2738.94550208, -1582.63919703, 523.464042584, -1.96007835701e+23
67.1740273047, 1166.9854391, -2060.93842427, -6.74510221008e+21
-2391.41501557, -670.141387715, 2035.97507448, -3.4144961948e+23
-3527.82700378, 2630.3201947, 3225.90413805, -3.51785558191e+25
2857.55086366, -2819.81691578, 5048.31984272, -3.87086665334e+25
2220.32470992, -3731.26951902, 5128.1975739, -5.18545742048e+25
3922.68039556, -270.21595449, -2554.45078883, -9.91946849008e+24
2417.94800032, -173.694186179, -3311.50205319, -5.50945882768e+24
1642.18095744, -901.406176066, 399.307202161, -1.67008086528e+21
-4375.5389227, -1290.99004569, -48.1688976586, -6.09078604374e+24
1276.36083416, -49.7029898329, -555.422390208, -3.68425693789e+20
-1049.41076101, 1602.55748637, 2886.69030728, -1.00420840707e+24
-2692.27259753, -176.161496139, -374.524273225, -1.10224760844e+23
542.280350487, -1890.55596448, -553.976446968, -6.26718268183e+21
-35.2001133826, -2271.89408947, 390.290302246, -5.9305364171e+22
-1138.47673142, -2234.0694171, -1494.33721134, -4.30871499851e+22
-194.976484256, 5170.41565179, 273.449386074, -2.82107351326e+25
-910.332620555, -951.710797395, 2215.12915001, -3.19495095733e+22
-300.210858359, -2230.13739903, -3982.02168567, -3.28702423526e+24
-2418.21758554, 4862.00155312, 1537.67733747, -1.53319511481e+25
2497.52535187, 89.2067633494, -1969.95332343, -4.80899360137e+23
-2501.2878518, 3344.61351777, 2546.92492603, -6.68076610753e+24
2684.56871715, -671.701798616, -2075.93399843, -1.14129307396e+24
461.202673875, -4190.19148536, 4662.48979603, -4.5588979209e+25
550.675809861, -1867.25845805, 206.202308652, -1.28465899365e+22
-2041.54932309, -5704.29128617, -767.111894766, -5.37144978406e+25
-1406.94442932, 1115.99302311, -169.373259739, -9.4404079303e+20
320.262472557, -308.763967095, 2258.72413079, -1.01485053512e+22
-4509.56861913, 2835.29598486, -2687.38275669, -2.69096242319e+25
296.448502604, 3094.0017828, 5182.05816097, -3.04572823853e+25
1843.82917045, -946.708207305, -2077.70230635, -3.74824989422e+23
-2031.0692173, 5994.76766219, 3633.37910805, -7.89720828239e+25
2856.01076382, 2123.96221908, -5619.9987407, -8.6333582816e+25
-85.3659420354, -5138.95953249, 2774.86176379, -8.03516964643e+25
1769.81098069, -1790.90257099, 5076.93027923, -1.03328901635e+25
1.02661831901, -127.535918439, 3922.59614983, -1.26132436991e+24
4173.36076564, -1462.91847041, -639.540235981, -1.52988191046e+24
-2345.97442131, 1416.93143682, 292.599755962, -2.13208660576e+22
4300.55916978, 5298.28274408, -1003.83601037, -8.58065902468e+25
2707.39676822, 1044.61045964, 1727.72726296, -1.09291519832e+24
-1343.65666831, -131.445823473, 1834.51160703, -4.18216817366e+22
48.2313641699, 2025.16725114, -2724.30967768, -1.96613213377e+23
4266.9408086, 6028.65877697, 4692.65009757, -4.91572658176e+26
2484.52077009, -1596.13373322, 1002.99028954, -1.09266398839e+23
-2645.7131779, 3074.19995452, 1612.38570243, -1.74973740824e+24
3177.96227235, -1583.31889433, 1738.6151611, -1.20168734967e+24
-2128.93065544, -775.743100573, -457.096803869, -3.9513313469e+22
2969.10091017, -1023.64923341, 79.8308071662, -8.23441992927e+22
4941.18289851, -352.494617367, 2500.14082569, -4.76247298156e+25
2773.68907238, 266.312339157, 5474.5815558, -6.09646528566e+25
1593.10866986, 191.742692766, 1111.46788493, -1.43590220815e+22
-1552.61577228, 2158.11844706, -1861.10406811, -2.83285792337e+23
-5431.11514978, 3644.35325623, -5707.32894177, -6.47338274346e+26
-5471.80062338, 2185.56246206, -800.615588817, -1.55004595511e+25
1235.9427488, 624.082480616, 583.967060358, -1.42142344014e+21
-991.688394056, -2867.80779681, 3748.68828925, -2.96512901465e+24
-343.711307012, 5142.94200925, 2093.46914336, -1.35708325362e+25
-685.905476006, 2161.65110919, -2106.11873365, -2.13988432325e+23
1720.49535546, 1671.12520609, -4373.66791062, -7.18800234502e+24
-941.882146733, -1090.62417765, -1135.54928573, -2.70120622779e+21
3215.45256347, 4385.59841478, 1221.09111676, -1.52846179512e+25
1244.57622731, 2586.96963446, -4954.91932905, -1.04674261416e+25
-3214.20699305, -4001.29538245, -4479.56452573, -8.56681351717e+25
-2152.53537589, -4741.70239243, 3693.81714473, -5.84259066808e+25
1131.11404609, 2592.98872091, 4763.77619467, -1.24348345085e+25
-4123.52224399, 1345.54786544, -5008.07932913, -1.28992181491e+26
-543.408012569, 2500.27600986, -1960.61716919, -4.50510962317e+23
2516.27433468, 195.172530602, -434.652447567, -3.36574658064e+22
3995.31570832, -1327.08413888, 2072.22256855, -7.02931496886e+24
4517.68427498, 2789.30874146, 2258.92113299, -5.85588695374e+25
4018.33957995, -2570.07076303, -2201.65684179, -1.51558754034e+25
-3463.97570821, 4854.50716957, 388.77632005, -2.93328842895e+25
2001.55831603, -2188.36891986, -3014.93861936, -4.90415443662e+24
5824.41461145, -3773.07753537, -25.1376314988, -3.01158429772e+25
-3128.08283857, 1237.24598104, 2905.56520906, -9.63858580005e+24
5011.99856591, 1855.8479262, -4115.27243816, -9.84469027407e+25
-5798.76103258, 1135.97736897, 4598.3700734, -5.54276893246e+26
2505.77435537, -117.516648307, 5261.64875717, -3.5061735674e+25
-626.498105013, 2521.88874873, -3618.70631866, -1.60419957736e+24
1731.22508889, 1452.80894676, 4131.84649436, -5.53779171075e+24
-3936.69980438, -183.617239333, -1534.01753193, -5.69371182971e+24
-4278.56752348, -3118.72391022, -1558.36148429, -3.17104513193e+25
4927.75247125, 2439.95978879, 3887.87533336, -2.43623815834e+26
-2089.95808518, 1930.96773588, 4101.10782331, -2.45332527407e+25
-439.31465555, -2007.29713355, 78.9581535204, -1.6615366425e+22
-787.311138831, -1899.71064317, -1609.45308669, -1.29228872961e+22
-2713.06585008, 3278.46444446, 4741.29547347, -1.30060925684e+26
3391.73367651, 4297.05244411, -6136.47018182, -1.91766859835e+26
-4583.92969147, -1140.33943015, 90.7329790052, -7.33418426786e+24
5721.41849855, 562.164782538, -120.470654403, -3.03199494354e+25
-1813.14545856, -2095.64375178, 1004.37476583, -7.14470672135e+22
-3180.31560572, 1380.55711823, 729.905546038, -2.76888745212e+23
-2128.40940024, 2379.37907254, 760.124925769, -1.36335681497e+23
227.433736384, 5514.74932954, -3217.17681821, -1.51796559838e+26
5187.20992114, -1583.56054945, -2620.27122192, -5.73037940088e+25
244.161647381, -39.6466688272, 137.344121887, -1.91476980877e+15
1238.18369998, -1862.58524812, 3606.59327061, -8.59400158905e+23
-264.975558155, -526.602625544, 1348.52558703, -2.74124192346e+20
194.24011682, 745.374928463, -3971.5803268, -1.18051339782e+24
3349.77100941, 1620.34560632, -4596.17028621, -4.35109836736e+25
-1021.24420729, -4790.99659126, 145.032021902, -1.72416117404e+25
2379.77143814, -223.09690227, 739.536998914, -5.9723706576e+22
3895.93818561, -4503.5382196, 538.605514829, -2.87264869204e+25
-1820.08103344, -679.213816503, -1193.56594525, -4.77533387154e+22
2705.99944096, 972.122952608, 534.209718911, -2.52050411965e+23
-422.389931885, 47.4952547615, -1988.97241365, -4.5013655692e+21
-4867.71971105, -2773.42524891, -4282.224067, -3.17036430056e+26
-1997.13105602, 2302.98635348, 5652.00563772, -1.67835417241e+26
-5515.50930689, 991.156510866, -2040.17383574, -5.66993408327e+25
677.364360542, 1595.83477661, -1619.63927742, -1.47783053564e+22
2048.15121458, -4389.2292803, 1246.83044263, -1.97105477134e+25
26.3397058241, -365.393371084, -1161.83385078, -1.41926695496e+20
-4028.79387151, 1813.26703002, 310.106579847, -9.83216251013e+23
-1316.44467227, -978.581519974, 2134.02733245, -5.26012246588e+22
5471.33204932, -1999.38024048, -3605.05108002, -2.19920098915e+26
-3339.38909707, 4412.80487519, 1741.958942, -1.42548745354e+25
4830.50088307, -5869.7408623, 1572.79488259, -3.00706982888e+26
4916.06063538, 2067.16974125, -2918.64981112, -2.6471200833e+25
151.039231689, 3487.48671899, 5328.36229864, -4.47984796132e+25
4658.90904477, 2576.0881983, -212.248426333, -1.65339017936e+25
13.7837671401, 1123.1969665, 2322.85954039, -4.71114129914e+22
-2567.119277, 1295.33931302, 3587.00202547, -1.48376218413e+25
1474.01667191, -1265.52240003, 350.165487904, -2.56649557413e+21
-4808.35933795, 1573.16540631, -3065.08594984, -5.1612566737e+25
5857.97684156, 3641.25691602, -4607.22664645, -2.38065516444e+26
1923.25929014, 1183.49413007, -890.879275433, -1.17167155671e+22
-1352.65851439, 309.021462223, 4238.32391299, -8.79112609901e+24
-458.083940526, 314.867586163, 641.319219374, -1.82215252757e+19
518.182182377, -951.995131107, -911.833214393, -3.78466420492e+20
-70.0388659233, 4317.60889508, 1428.51358162, -3.78976341549e+24
-662.691339737, 720.464522796, 1472.63055475, -5.68166820291e+21
-3247.92550504, 1855.1412265, 4357.07909182, -8.4400592719e+25
3661.62267723, 1874.2221903, -3986.26411279, -2.50532658468e+25
-4542.6743485, -954.692017742, 270.134539802, -5.685515939e+24
-2275.27312278, 2120.80631952, -5586.21731792, -3.0627265335e+25
2347.64218932, 3335.63300476, -780.71126753, -1.75375447381e+24
2500.78160342, 14.2785440761, 758.95658843, -1.00925946432e+23
-224.351075934, -1974.75982088, -1630.1882254, -8.968750489e+21
2388.83765175, 1498.51799419, -4493.69625199, -1.6927800279e+25
3245.28226106, -2270.7983411, 259.04252907, -3.9909295105e+23
1525.98582918, -327.615883224, 1020.46469414, -6.59116279947e+21
2095.1359923, 451.01208997, 3668.63837517, -3.78882906915e+24
3397.35072682, 47.6545874068, -3483.14874904, -1.80866552423e+25
596.919289132, 3380.58097531, -2238.59143264, -3.31895200931e+24
572.901684067, -4134.04846099, -846.553236744, -3.57183246231e+24
1055.72429926, 3912.56942969, -1473.90348528, -6.39017374153e+24
-2058.91999841, -2254.57164337, -176.57236146, -1.41375760874e+23
343.827433789, 1810.17502701, 102.267028765, -6.11643646509e+21
-3428.73476686, -402.571655232, 1587.80175535, -9.72511183361e+23
-1327.99302075, -848.688699551, -1621.65671464, -2.86291619806e+22
-44.8465313805, -1559.88759919, 2212.49905261, -2.8203183242e+22
-1369.38603707, 2612.44310475, 2068.87518492, -4.84188324528e+23
-938.694814073, -3565.26566679, -2194.62003782, -6.46353834389e+23
796.978277884, 1028.92921454, 2566.42713139, -8.44611201451e+22
-142.25777792, -6170.47226356, -2899.04569788, -5.10848554439e+25
4896.42955118, -3128.98049342, 2248.31528389, -3.07820963707e+25
-442.341716228, -4731.62686123, 81.0453152887, -1.53597922391e+25
-135.926140872, -3800.08936704, 1625.94825053, -5.82096422423e+24
4140.64524721, 5184.67533812, -5700.84185655, -3.01725685471e+26
-2251.32553586, 748.988023443, -1760.15531213, -2.13221668814e+23
2995.08899282, -4401.68878753, 2039.27294334, -3.62942344134e+25
3286.42183565, 4210.71523074, 2380.84805454, -2.32178176852e+25
487.157036674, -946.216329701, -967.156518223, -4.51660841117e+20
-2094.31861188, -4358.03724939, -491.483225918, -7.20815342183e+24
127.505206783, 4119.02788745, -522.894399406, -6.37542888445e+24
-126.105495461, 3012.43296454, -5214.8521839, -1.18560870057e+25
-1714.14002821, 406.264186452, -159.887979426, -1.40831122402e+21
-1007.2508909, 2141.641277, -6034.85330652, -2.0752717085e+25
2859.57444847, 1703.44224644, -2705.96410107, -1.63949858949e+24
802.99206736, -3229.37176415, 1912.51959251, -2.50354072861e+24
560.079816267, 3815.92813513, 3823.74482686, -4.69536889227e+24
5432.60305082, 1084.01186444, -3370.59085139, -8.08942886708e+25
-392.993126311, -777.316948856, -594.313538186, -1.1958921757e+19
4837.42619712, 1765.71518929, -1897.43985515, -1.16830607513e+25
-14.4998392291, 4024.26898806, 68.9235753816, -4.03953266794e+24
3330.50348781, 1240.9052758, 1690.55542361, -3.64691913016e+24
-8.0482903349, 345.549369725, 1809.92522143, -4.0016734171e+21
-2156.85314014, -205.036114478, 882.438439451, -1.86102913456e+22
796.282579453, 5679.26851666, -1633.51063588, -1.0935998181e+26
-2371.41866845, 6368.41178221, 1401.72182199, -1.29816787791e+26
3481.45619567, -2319.69183754, -2372.27340029, -9.83601914287e+24
509.184098265, 2980.73384414, -1137.26069186, -7.42637244879e+23
-1806.70627083, 91.9989554551, -3343.67711779, -1.3259269076e+24
903.369386822, 248.629472719, -1970.49690781, -2.36516755781e+22
-976.493673435, -1540.39327124, -4972.77226732, -1.15800162456e+25
3209.2797758, 836.895384982, -4342.69228961, -3.57778618192e+25
3490.22479897, 3318.20004231, 3409.51543782, -4.30846216279e+25
-709.459598531, 4243.91808415, 452.548912474, -5.50188334034e+24
-3403.46309678, 3437.51053717, 1062.5508021, -3.4392069852e+24
1317.66433849, 4586.1340577, 236.044368542, -1.05680839742e+25
-1886.73572748, 3054.43906587, -2169.0464636, -2.92196214922e+24
3046.80067661, -2364.23134634, 1562.33641092, -1.26054724226e+24
-1019.74488921, -3410.42885902, -2400.72833517, -5.5732001677e+23
2231.0125809, 495.201828791, -1581.63488454, -1.01839370216e+23
-429.690836613, -1780.78388292, -4180.61146387, -3.68622210275e+24
1537.33610724, -3896.29022204, 3016.24960892, -1.77216153225e+25
1904.12065, 3428.61155205, -3819.88427, -8.74977408817e+24
-1789.84439091, -769.371417297, 84.3714897171, -5.77344595782e+21
2660.56043224, -316.793629001, 1649.44181362, -5.05846086662e+23
-4392.33174972, 196.845628069, -2515.76796369, -2.50363221573e+25
3502.55821965, -6020.84895532, 2690.76336835, -3.82854313267e+26
-3092.79809729, 5088.80399546, 6136.86905575, -9.79691173346e+26
2314.46787173, 562.230404208, -987.541354437, -3.39293674847e+22
-3670.38554911, -3956.25517568, 1051.17709884, -1.18885021554e+25
4287.75266949, 5529.90251867, -2913.41831736, -1.55310340808e+26
-2059.54892456, 1405.91769678, -1593.3203628, -1.07233903332e+23
966.755157919, 1989.70603137, 2904.38317389, -3.56449067142e+23
2557.13403347, -3455.03272993, 2384.07663949, -8.82462084607e+24
955.541512361, -3235.4810146, 2821.52421918, -4.35353554987e+24
4391.13864385, -570.281723887, 184.382849115, -2.67190260348e+24
-225.984844002, -4016.04084507, 5832.9753913, -5.85890102524e+25
11.7002794389, 674.61231252, -457.278200125, -9.23489650925e+18
475.189641229, -649.087592722, -110.238201352, -2.62492860916e+18
1720.8047284, 5306.5177215, 1620.05705633, -2.2317236778e+25
-5215.80799575, 2607.45343071, -1079.36915539, -1.39831221125e+25
-2948.54597392, -1070.57957181, 336.370432569, -2.32150504816e+23
-3312.65071258, -1844.39003817, 4607.8809329, -4.01329262316e+25
3981.34138972, 2045.73147302, -5271.77695829, -1.37899193932e+26
-4948.78852967, 4694.82003191, -1497.30465823, -8.23051018846e+25
-2323.25241407, 680.947676619, 2299.08611372, -1.0430746668e+24
-453.964529641, -3439.3839551, 3166.75475969, -5.97770940289e+24
2064.00607269, 425.656158121, 2875.90326653, -1.21150206981e+24
2474.38477269, -125.262922969, -2138.51779788, -7.25156111746e+23
-4463.81148993, -766.94839607, 3256.94277892, -3.07937862475e+25
122.060336131, 6004.75972557, -1824.83009437, -1.82098545446e+26
807.81659242, 2583.838679, 4774.76164364, -1.23117370416e+25
-1856.73959329, 1023.28885594, 2402.65367584, -7.9133542558e+23
-1485.19803304, 622.251365801, -1783.90361208, -3.35554475501e+22
-2573.651962, -388.060238781, -213.503930994, -7.6731544241e+22
198.1881219, -2497.09322901, -999.18411702, -4.23150386168e+22
-2761.45972622, -445.262050247, 3896.22535579, -1.49433522325e+25
-1489.85912952, -2739.9985327, 1767.33896617, -5.86289075863e+23
4557.12760859, -2324.85526641, 2761.19753752, -2.76626726648e+25
2289.10756134, 4171.29605905, 4048.14060657, -2.17489557436e+25
198.522497692, 844.680481494, -594.075473458, -5.37448272057e+19
-3275.61056023, -407.425616974, 176.079289359, -3.45009747285e+23
-484.330846857, -49.0774970946, -5188.02982702, -1.01533185553e+25
-1192.588528, 1713.1544364, 2267.12959245, -3.3223610851e+23
-3432.28200278, 5468.77004504, -2283.07938137, -1.7825861364e+26
-2190.23782528, -524.713680557, 644.172769421, -1.51859918805e+22
-3746.35388338, -3586.59654402, 1740.98638091, -8.29077679904e+24
4194.98322036, 979.984248168, -1114.74133652, -2.66185763043e+24
-4663.71693883, -5730.87776756, 1570.91815329, -1.6974665819e+26
4839.37305447, -4665.01369351, -2476.34297852, -9.73538939527e+25
-2348.78057639, -1637.53027033, -1590.40637049, -5.8644073029e+23
255.417502731, -12.5842821984, 699.044651475, -1.9402493948e+18
3579.64753936, 1572.8912668, -309.862223254, -1.39157830952e+24
-875.605143878, -2052.97033043, -3836.691526, -2.11224641394e+24
-2584.43762886, -672.303835991, 2590.47181241, -1.36428948265e+24
-1622.40069057, -2759.65231547, 4021.96239754, -4.30810771375e+24
-1529.61855336, -782.990750204, -1084.21008643, -1.6636255495e+22
-2715.79700031, 1457.4787996, 956.377695952, -1.87965724099e+23
2979.1878128, 927.560268706, 494.175162693, -4.488785608e+23
-2896.75853758, -2348.05988761, -1272.69942832, -1.95816914611e+24
-663.900374995, 235.353253238, -869.351833905, -7.82611796492e+19
2238.21767315, -3176.83130133, -179.096396683, -1.00213634888e+24
-957.606752489, -372.559068384, -1049.67058397, -1.19002407151e+21
3228.1986329, 1769.60158674, -22.5084755613, -9.39725391812e+23
1383.33047527, -3020.65519256, -3529.48343999, -8.38678086592e+24
-4181.57258646, 5287.62586742, 1772.83695886, -6.05132731146e+25
-1621.94962708, 1654.39207915, -1047.79530701, -3.34824522791e+22
747.337600898, -2863.27099695, 3264.81599373, -2.5508058835e+24
-1333.98257539, 2750.31344866, 1341.51488173, -1.71814785386e+23
2391.97629957, 812.921087096, -5746.21730268, -1.02569009214e+26
-551.545859917, 3487.07033772, 1590.87136009, -6.04676245536e+23
631.298083784, 206.731110762, 1922.7797751, -6.13009235904e+21
-4164.02937717, 2382.60391898, -1857.08428641, -7.14111643905e+24
-2063.34629671, 548.424283029, 333.175692118, -5.30256722239e+21
4154.60614106, 4214.47570983, 1074.32196482, -3.73186492345e+25
5065.37298853, 2742.00930362, -75.2618584748, -3.34078525214e+25
5549.50609777, -1311.10212161, -2911.2487568, -9.95747963662e+25
1804.52736771, -2872.56318653, -487.170340202, -3.3136807091e+23
-3902.61108267, 5227.0210836, -4140.79614991, -3.02778549537e+26
1216.23421827, -1355.64624819, 1049.84137042, -7.6536610493e+21
-3318.54545016, -431.152485058, -779.780433246, -9.3470333318e+23
-1797.28716242, -1916.66831621, -1930.50833466, -3.10501203672e+23
-1950.83064192, 1462.93857814, 3388.76125273, -6.36487646677e+24
1127.2618124, -1357.72419735, 597.859921308, -3.46391965051e+21
324.076943957, 3420.77639734, 262.476987056, -9.59907713923e+23
1911.68535833, -188.76509008, -5094.45317873, -4.43899229737e+25
-3671.58579737, 3689.99933821, 1752.43127346, -1.01982945327e+25
495.142781189, -1016.5232744, 47.2158395506, -1.0193488273e+20
-998.0718859, -1229.54242482, 1059.56142939, -1.69069346026e+21
-4140.15035356, -3576.3038093, -2702.18487681, -6.39881777303e+25
-130.305624938, 4770.01889204, 1852.66252615, -7.56675252502e+24
-1096.53176982, -3740.47423795, -2912.33008976, -1.42449259931e+24
46.2886638368, 3667.08029582, 960.076698193, -1.17125593227e+24
-3176.37663469, 236.021455058, 2399.96085659, -3.17772899012e+24
-5556.82514982, -3889.14193595, 848.708822732, -8.40196664785e+25
1584.70512199, -7.76268204977, -620.459123634, -1.59243683984e+21
-5316.36536233, -2985.99156147, 4305.80310058, -1.2441054016e+26
-1075.39955403, 2715.60752529, -2083.48010702, -9.87283639726e+23
-3287.10697731, -339.870811769, 3206.0245957, -9.90357794981e+24
2341.99450462, -2164.94066213, -4374.01767194, -4.62653797602e+25
2965.29020409, 5584.74536773, 1217.37439416, -5.13498287284e+25
-2047.54718743, -385.440964628, 4340.74805645, -1.48170742743e+25
3459.30123451, -5865.46709054, -1485.43869909, -8.48969534806e+25
2691.89373235, 1561.74101556, 2081.6702606, -2.01745791445e+24
-1158.71530816, 692.096899993, -1953.65738407, -1.95215701495e+22
-2647.15211233, 757.297125524, 3394.49157861, -9.99691535477e+24
1842.64623606, 3783.18266239, 3.08919056336, -2.73762393384e+24
1230.33225318, 5438.93452447, -6125.40479048, -3.30966636078e+26
-2356.15420712, 484.823419771, -2932.64173111, -1.72470782444e+24
1344.24683459, 2950.14970163, -1881.08061964, -1.03681071598e+24
-4224.80176654, 1375.82104473, 2568.87602159, -2.00165377157e+25
-2301.65840105, -21.2491519598, 1942.55322546, -3.39365223325e+23
175.313556542, 253.603238328, -27.0709483491, -1.69830040647e+15
1470.35707475, 629.556690873, -346.032251418, -8.80651682398e+20
-368.46804758, -3607.85461501, -1430.69280818, -7.82991310352e+23
2607.91509017, 2133.013553, 1692.06263694, -1.46705280291e+24
1251.55260743, 3938.29668378, 1508.89875137, -1.82379325099e+24
-2665.56792209, -2462.60871749, 749.307036908, -4.63782727998e+23
4541.67080409, -3175.68466088, -2586.71019579, -4.91999679011e+25
3626.58433482, -3899.66509503, 2738.23619146, -3.30098434329e+25
-3171.13591565, -2108.86002027, 2756.83952235, -2.52601653497e+24
-3832.67889362, -2585.34119961, -4222.71330269, -1.00202832963e+26
211.211054881, 1819.81839548, 5604.67232555, -3.76068650836e+25
1769.77023463, -5530.10947495, -1017.24515708, -4.27441054632e+25
2849.58443094, -2112.43564014, -807.02295966, -2.9877289541e+23
-3086.58222213, 978.047445339, 22.593205778, -1.08298947874e+23
-4202.80473277, 3034.36031657, 3306.64825253, -7.82584777167e+25
-855.360245358, 4404.65979086, -391.560468851, -1.11755557884e+25
-2987.35502563, -2036.70254617, 6006.55257913, -1.49564310896e+26
1909.12698498, 2743.97278109, -2518.3910902, -1.04725848153e+24
3330.461804, 1342.34552862, 1157.82279745, -2.27993211816e+24
-1434.98148688, 106.285326398, -2515.94064204, -1.591850482e+23
-1306.80386863, 1358.19732597, -559.385066652, -4.19613281747e+21
-1773.62188587, -93.9315862491, 1007.15911201, -9.27580774584e+21
1099.23269383, -2724.68535734, 2181.70644986, -1.0705500119e+24
3055.02128804, 3928.29781601, 2994.02548319, -2.21045484267e+25
3067.25101872, -4260.47340199, -1480.08481389, -8.85786040057e+24
-192.450471996, -2005.12839124, 88.4585932706, -1.67719630189e+22
4191.3602306, 3552.06304129, 2017.52919594, -4.4359255919e+25
-1045.62460449, -1068.79621561, -3965.34014927, -1.96849724937e+24
-1278.48360323, 4644.41309834, -4071.48978838, -7.84709050049e+25
-136.330701204, -4309.08307819, 1880.55162146, -1.61915320186e+25
-1609.52624042, -3149.20480152, -260.268381695, -5.79949893928e+23
1829.64853077, -2254.42082637, 1665.67893454, -3.57611318162e+23
-2457.62634386, -3702.2004925, 3655.17361318, -1.30407899891e+25
514.284457364, -6322.80317244, 194.569840251, -1.68608023607e+26
-1922.37504503, 70.5528118563, -4009.76946736, -4.06214843161e+24
-3137.48017567, -770.757590663, 3051.81640213, -5.68620723928e+24
-3723.67859405, -3426.0738991, -2547.63208784, -3.22222480777e+25
5995.79579305, -4630.0124677, -2635.72204247, -2.62861279792e+26
3040.53404993, 4953.86324297, -3033.89680116, -6.50071502211e+25
-2412.72927063, -1361.63946553, 2904.53417698, -1.42203260705e+24
285.623505872, 1586.32083017, -3188.17605053, -1.88525227638e+23
3051.88682283, 2255.08694143, 2070.8309121, -5.03632405822e+24
4971.05216876, -2733.51590154, -1817.29866361, -2.64626029376e+25
-591.191362657, 3181.49485645, 1149.01552076, -3.36332263491e+23
-1871.15289176, -4027.26198618, 1406.46758293, -7.75172808906e+24
4664.86562615, 308.049271229, 1570.07331766, -1.8549782155e+25
-4506.29489341, 2117.93097765, -3519.66008013, -5.16901559116e+25
4770.81806613, 4346.81418938, 1284.37014486, -8.91363943286e+25
2331.414257, -649.059178365, 908.2942193, -5.59278265124e+22
-383.45110449, 2696.89174616, -1776.40746156, -6.26829328923e+23
-1682.01140997, 1975.92225109, -389.018258456, -4.56573235511e+22
-1869.34384353, -4354.04486568, -803.61085188, -6.10079712446e+24
205.785460957, -610.863954056, -2317.45663609, -4.0966270167e+22
2608.89116061, 2229.20038034, 2486.31741773, -3.56016426153e+24
-2815.97766522, 1770.45463026, -1891.99757761, -8.35607171717e+23
-5510.70106713, -1165.14557201, -2882.21751573, -1.73711302511e+26
-5476.79054036, -1862.65155734, 593.241426143, -3.14289898195e+25
-3079.43459565, 5167.35933242, 1664.4170133, -3.01359472051e+25
-2166.73000634, -2270.45381183, -4442.62201586, -1.64491295529e+25
2039.21125862, -477.676144303, 912.40443272, -2.59504061065e+22
-249.981219514, -1414.6433563, 3463.34869651, -3.29225811225e+23
2750.8893815, 2914.51599189, 2528.36118996, -6.22375727564e+24
2849.8332273, 4574.4767183, -3434.56281034, -4.34601865436e+25
1466.83766767, -2887.77341304, 4683.12287591, -9.86747883999e+24
-3597.26248791, 1961.09599125, 5387.77172071, -3.26853559774e+26
1306.43758673, 4697.87695901, 990.502296419, -9.58177565945e+24
866.611949041, -10.1490000683, -1608.16176503, -7.79906948189e+21
-1599.79019896, 4041.02920104, 785.029192869, -3.67329371319e+24
-2809.87059504, 1890.42738804, 3807.49090446, -3.05564496785e+25
420.636029087, 1338.28704165, -1527.28906187, -4.58524625091e+21
3127.15997729, 1872.70677601, -328.323249529, -6.86095087215e+23
146.029531342, -1861.94073589, -5642.52430379, -4.69076834721e+25
3063.18359563, 2439.97569987, -2024.53890887, -1.08112987908e+24
-1037.21077678, 2006.34761683, 862.636790898, -1.36806058833e+22
