-0.499719505155, -4.01259732784, -4.8809034839, -1.62089050394e-07
-0.499695058323, -4.012597071, -4.88089688055, 0.0
-0.499695070787, -4.01259706198, -4.88089667681, -1.04440755391e-11
-0.49969434822, -4.01259890424, -4.88089705414, -9.7506470876e-10
-0.49969509028, -4.0125969055, -4.88089686308, -8.42264937021e-12
-0.499695057028, -4.01259707896, -4.8808968693, 0.0
-0.49969505492, -4.01259707095, -4.88089687055, -1.68454030736e-13
-0.49969613108, -4.01260975458, -4.88089696934, -4.08872318546e-08
-0.499695121287, -4.01259707051, -4.88089682316, -1.68454072777e-12
-0.499695468915, -4.0125969434, -4.88089687854, -4.61560556654e-11
-0.499694806765, -4.01259729645, -4.88089785219, -2.6834827747e-10
-0.499695066932, -4.01259688881, -4.88089700748, -1.39814634266e-11
-0.499695045921, -4.01259701548, -4.8808968445, -1.51607722481e-12
-0.49969463916, -4.01259716731, -4.88089694403, -4.86828353579e-11
-0.499696408731, -4.01259708092, -4.88089645004, -5.02664454285e-10
-0.499699292511, -4.01259778261, -4.88089672295, -4.64793088497e-09
-0.500055753105, -4.01259231037, -4.88090066237, -3.28743511983e-05
-0.499693948376, -4.01258823648, -4.8808989359, -2.11846071453e-08
-0.499747805208, -4.01262355671, -4.88108293509, -9.62930282361e-06
-0.499691970668, -4.01207872979, -4.88087212202, -6.80322879066e-05
-0.498392375528, -4.00979585665, -4.87679021588, -0.00669149646282
-0.499961743352, -4.01249866214, -4.8869945067, -0.0094045274087
-0.505474122678, -4.01237683954, -4.90339247046, -0.137101012609
-0.494649142938, -4.01458184434, -4.91244768153, -0.257427604436
-0.49803045352, -4.12023072388, -4.90214140404, -3.23149973538
-1.47574129666, 3.61560328641, -4.9998460202, -3.68793810158
-4.94499207951, 2.75568275684, -4.99452715899, -519.215581266
-1.47574171406, 3.61564811609, -4.99983658025, -3.6882680847
-1.47574081049, 3.61564267128, -4.99979278279, -3.71080765948
-1.47576404532, 3.61592724087, -4.999744156, -3.76559563348
-1.4757414813, 3.61599056703, -4.99983484609, -3.77483833053
-1.47574125927, 3.69650941029, -4.99983141267, -79.5961634519
-1.47574183312, 3.61564807813, -4.99983679092, -3.68838629723
-1.47574132047, 3.61564784112, -4.99983684258, -3.6889417447
-1.47573512767, 3.61643058933, -4.99982670952, -3.85583614253
-1.41880176503, 3.31632133362, -4.99901852651, -74.9380539458
-1.4757457614, 3.6157412982, -4.99982188121, -3.6922930909
-1.47574516134, 3.61573845677, -4.99982195728, -3.68971569305
-1.4757432681, 3.61573847709, -4.99982164996, -3.69107432311
-1.47574299234, 3.61573379146, -4.99981931673, -3.690415138
-1.47574274218, 3.6157445015, -4.99981757526, -3.69292887941
-1.47622773942, 3.61576235885, -4.99999999537, -3.70533399004
-1.4758237774, 3.61561931838, -4.9997508373, -3.7196892978
-1.47622790889, 3.6157661566, -4.99999999954, -3.69940712804
-1.47623126682, 3.6155021845, -4.99990560493, -3.74424921451
-1.47622783886, 3.61576612114, -4.99999997327, -3.69939377872
-1.4762279183, 3.61576670041, -4.99999994985, -3.69954175681
-1.47623248076, 3.61576129211, -4.99999997812, -3.70637862821
-1.47622773025, 3.61576613924, -4.99999998046, -3.69967922352
-1.47622630313, 3.61576788414, -4.99999998074, -3.70057479014
-1.2871884552, 3.73594585498, -4.99997397372, -65.8496164158
-1.47627864239, 3.61576332872, -5.0, -3.70185176831
-1.47627862387, 3.61576365588, -5.0, -3.7013081008
-1.47627421223, 3.61577031089, -5.0, -3.70609201488
-1.47597470993, 3.61587365866, -5.0, -3.7403004282
-1.47627053014, 3.61575860513, -5.0, -3.70665436367
-1.47623086906, 3.61578052099, -5.0, -3.7044937319
-1.48302222709, 3.61735919707, -5.0, -6.5121608404
-1.99138768533, 1.1072745959, -4.99879337629, -598.526701919
0.158257978579, -3.74737444748, -4.98204496803, -115.161596225
-0.89249186307, -1.26497919842, -4.99783917674, -721.787411862
-1.71559672427, -4.90000969895, -4.93056865737, -164.99172451
-0.293586380591, 4.99929659169, -4.88163201961, -397.153590991
-0.498528278643, -3.95131975182, -4.88151166271, -1.02638749466
-1.98828205876, 4.7868500643, -4.97648155748, -200.75001466
-0.483820626239, -4.0161748016, -4.99952158864, -4.06224918217
-0.499695250879, -4.01259723884, -4.88089647518, -5.57583976199e-11
-0.253593224138, -4.90053722153, -4.87778277984, -93.2827952025
-0.499695088448, -4.01259707205, -4.88089686937, -1.6845450321e-13
-0.499694107785, -4.01246989366, -4.88090623782, -4.11086000852e-06
-0.499695094226, -4.01259709802, -4.88089701144, -4.71670607721e-12
-0.499695033803, -4.01259709717, -4.88089707362, -9.93874857191e-12
-0.499669303496, -4.0123004616, -4.88089690381, -2.24046830138e-05
-0.499704172152, -4.01260219848, -4.88089370319, -3.01341423355e-08
-0.499754983414, -4.01261134048, -4.88089331123, -9.62500073524e-07
-0.499694969778, -4.0125970289, -4.88089719657, -2.88055061161e-11
-1.58218873963, -1.28031505503, -4.96304806465, -603.635754917
-0.49969439721, -4.01259689396, -4.8808968849, -1.22127017978e-10
-0.499646905129, -4.01259734275, -4.88089686469, -5.86480091867e-07
-0.499695108705, -4.01259707804, -4.88089688484, -5.05364725628e-13
-0.49969505716, -4.01259707461, -4.88089686986, 0.0
-0.499695189104, -4.01259674396, -4.88089361497, -2.72577501036e-09
-0.499695040327, -4.01259718019, -4.88089768389, -1.66772014723e-10
-0.499695247414, -4.01259706819, -4.88089701889, -1.34763682524e-11
-0.499695132486, -4.01259686527, -4.88089669764, -2.1561895603e-11
-0.499695049933, -4.01259706653, -4.88089685838, -1.68453661276e-13
-0.499694101058, -4.01257641182, -4.88089551843, -1.08768308724e-07
-0.499695041067, -4.01259651096, -4.88089693257, -8.42249639681e-11
-0.499695002379, -4.01259711694, -4.8808966177, -1.83613172173e-11
-0.499695060282, -4.01259708263, -4.88089693947, -1.01073058194e-12
-0.499694927241, -4.01259546644, -4.88089692825, -6.67738208291e-10
-0.501487272562, -4.0120654638, -4.8810069047, -0.000885933612341
-0.49965769261, -4.01258599536, -4.88086153521, -7.00006231846e-07
-0.49969490332, -4.01259729288, -4.88089683013, -1.81931108119e-11
-0.499694827933, -4.01259915056, -4.88089732405, -1.14386134681e-09
-0.49969477569, -4.01259698018, -4.88089721028, -5.18833682235e-11
-0.499695076254, -4.01259705822, -4.8808968406, -5.05360692193e-13
-0.499695071016, -4.01259707172, -4.8808968432, -3.36907486467e-13
-0.499695057534, -4.01259711924, -4.88089686663, -3.36909027904e-13
-0.499651759109, -4.01260308695, -4.88089410128, -4.85279671949e-07
-0.499695074323, -4.01259707705, -4.88089688637, 0.0
-0.499695060896, -4.01259708466, -4.88089687634, 0.0
-0.499694953129, -4.01259725655, -4.8808968522, -1.07810603052e-11
-0.499695066264, -4.01259706593, -4.8808968921, -1.68454454708e-13
-0.49969160985, -4.01259717171, -4.88089712724, -3.03742282684e-09
-0.499695192257, -4.01259708837, -4.88089697928, -6.73817013973e-12
-0.499695067414, -4.01259708621, -4.88089689351, 0.0
-0.499695251585, -4.01259716837, -4.88089781579, -2.32974962665e-10
-0.499695076321, -4.01259709741, -4.88089705191, -7.74886642096e-12
-0.499695203594, -4.01259730601, -4.88091834465, -1.16546168363e-07
-0.499692282008, -4.01259028361, -4.88089640905, -1.3711508074e-08
-0.499832746579, -4.01259016186, -4.88086311708, -5.09059595431e-06
-0.499695077868, -4.0125970844, -4.88089687784, 0.0
-0.499695010781, -4.01259710667, -4.88089682868, -1.51608531882e-12
-0.499695077865, -4.0125970844, -4.88089687784, 0.0
-0.499695055977, -4.01259706584, -4.88089686269, -1.68453716399e-13
-0.499700463861, -4.01259465606, -4.88089661279, -8.87907618843e-09
-0.499694736834, -4.01259703956, -4.88089688654, -2.77944196693e-11
-0.499695138663, -4.01259695367, -4.88089687269, -5.72738365562e-12
-0.499695227009, -4.01260755486, -4.88089687729, -2.7730780481e-08
-0.499694976499, -4.01259705235, -4.88089687686, -2.18988252298e-12
-0.499695173734, -4.01259711187, -4.88089677485, -5.89592156187e-12
-0.499695077766, -4.01259706468, -4.88089718941, -2.45940062811e-11
-0.499695386138, -4.01259809231, -4.88089687126, -2.82668552588e-10
-0.49969495691, -4.01259254826, -4.88089685661, -5.20697972813e-09
-0.499668181434, -4.01260596201, -4.88089707191, -2.02683633892e-07
-0.499695095523, -4.0126873201, -4.88089854295, -2.05974154574e-06
-0.499910378742, -4.01268981122, -4.88089606673, -1.38838165757e-05
-0.499538119081, -4.01259737466, -4.88113793023, -2.09304864741e-05
-0.497933845957, -4.01224873458, -4.88089571193, -0.000815688482952
-0.499378796755, -4.03167977609, -4.88202360314, -0.0909029970133
-0.485848415873, -3.999723656, -4.91119893819, -0.322485772658
-0.503747132443, -4.01236363724, -4.92992213306, -0.615587130813
-0.476546321741, -4.05232763821, -4.96899168887, -2.48629399877
-1.0476771695, 3.31930212869, -4.99999999998, -144.81742243
-1.47623941166, 3.61576380947, -4.9999999999, -3.70428934747
-1.34226059142, 0.0930462001959, -4.99999999996, -835.445000346
-1.47642916142, 3.6157642704, -4.9999999994, -3.73481128576
-1.47586484566, 3.61576556517, -4.99999999941, -3.7219588485
-0.349160499363, -1.59067290238, -4.99999999988, -693.335720376
-1.47622949373, 3.61576634055, -4.99999999973, -3.70186482038
-1.47622800139, 3.6157661332, -4.99999999999, -3.69936727109
-1.47622778118, 3.61576612965, -4.99999999985, -3.69942978254
-1.47636773159, 3.61576237111, -4.99999999998, -3.71933083856
-1.47622770121, 3.61576620368, -4.99999999985, -3.69983900045
-1.47622718092, 3.61576639283, -5.0, -3.70040953402
-1.47628670756, 3.61576639151, -5.0, -3.70509167702
-1.4762273844, 3.61576730203, -5.0, -3.70026711382
-1.47537496664, 3.61577981005, -5.0, -3.70705981542
-1.47549161238, 3.61559335601, -5.0, -3.72856139563
-0.105164451883, 4.90283692401, -4.98565008471, -410.511018096
-1.37482835843, 3.21839503411, -4.89767927816, -109.189899223
-0.867644260795, -1.11806533414, -4.89064391632, -638.777045693
-0.908839675137, 1.65436286867, -4.89502334303, -660.184212302
-2.23430399403, -3.47655400051, -4.94654573995, -263.226310049
-0.499695055972, -4.01259708364, -4.88089687402, 0.0
-0.499696703833, -4.01261512464, -4.88089778131, -8.31950741655e-08
-0.499695789026, -4.01259646996, -4.88089611892, -3.73622868401e-10
-0.499695027651, -4.0125970813, -4.88089690124, -5.05363134057e-13
-0.49969506929, -4.01259707954, -4.88089692909, -6.73820300608e-13
-0.49969507925, -4.01259708508, -4.88089697097, -2.18991007272e-12
-0.49970241773, -4.01259685037, -4.88103751027, -5.01389282216e-06
-0.49969507552, -4.01259709117, -4.88089716106, -2.03828106691e-11
-0.49969506727, -4.01259718921, -4.88089686584, -2.86372684255e-12
-0.49969506966, -4.01259706162, -4.88089686276, -1.6845384959e-13
-0.499694895879, -4.01259707875, -4.88089684887, -7.4118872599e-12
-0.499695054567, -4.01259736755, -4.88087764354, -9.35673043546e-08
-0.499694257165, -4.01260343112, -4.88089095228, -1.92313117418e-08
-0.499673578288, -4.01181037025, -4.88089510003, -0.000156693988267
-0.499695010388, -4.01259707469, -4.88089687496, -8.42269427219e-13
-0.499694746595, -4.01259712384, -4.88089687818, -2.61100995218e-11
-0.499694883757, -4.01260048776, -4.88089384588, -5.2618496245e-09
-0.499335128022, -4.01259859839, -4.88021809732, -0.000149389218222
-0.499695054053, -4.01259708671, -4.88089687783, 0.0
-0.499695053878, -4.01259709527, -4.88089687745, 0.0
-0.499695049937, -4.01259709453, -4.88089678078, -2.52679865828e-12
-0.499693083647, -4.01259369166, -4.88127438442, -3.60286991563e-05
-0.49969505407, -4.01259708658, -4.88089687745, 0.0
-0.499695046885, -4.01259706347, -4.88089686573, -1.68453669107e-13
-0.49969509002, -4.01259719953, -4.88089686625, -3.53754976218e-12
-0.499695109952, -4.01259674594, -4.88089947871, -1.74005448436e-09
-0.499698388364, -4.0125987954, -4.88089670981, -3.53972905365e-09
-0.49969392986, -4.01259724681, -4.88089780213, -5.48660887998e-10
-0.499695089903, -4.01259712695, -4.88089694269, -1.68454547086e-12
-0.499695787804, -4.012595536, -4.88089530236, -1.36632505776e-09
-0.499695050774, -4.01259700103, -4.8808968905, -1.85298813594e-12
-0.499695218928, -4.01259713531, -4.88089687351, -6.56976493273e-12
-0.499694953065, -4.0125973068, -4.88089680175, -1.71824535372e-11
-0.499706904986, -4.0125942646, -4.88089589422, -3.77017448258e-08
-0.499694947108, -4.0125983718, -4.88089646816, -4.64950222495e-10
-0.499696372374, -4.01259834006, -4.88089652777, -8.615033263e-10
-0.499695060019, -4.01259701276, -4.88089741523, -7.4288061475e-11
-0.499694296193, -4.01259608071, -4.88089936562, -1.96961121167e-09
-0.499695068262, -4.01259708824, -4.88089686547, 0.0
-0.499695078908, -4.01259708635, -4.88089686531, -1.68454392089e-13
-0.499695083187, -4.01255010061, -4.88089686884, -5.58188606832e-07
-0.499694646533, -4.01259710611, -4.88089647406, -8.57425160751e-11
-0.499695077066, -4.01259708783, -4.88089696309, -1.85300308962e-12
-0.493294645307, -4.0131817535, -4.87906256138, -0.0112743103524
-0.499695087179, -4.01259708715, -4.88089688414, -1.68455071333e-13
-1196.16394523, -1041.66458442, 1276.41746907, -2.58841652856e+21
-1650.67754937, 2366.94622736, 647.669232387, -7.39011103616e+22
2183.36173316, -490.798688053, -1611.24485424, -1.77203249045e+23
814.661304855, -2460.12662056, -466.27566642, -6.51552532027e+22
255.51871147, 58.2800484827, 429.126534243, -1.5481736742e+17
-1567.41916535, -803.873902835, -986.710108922, -1.57711119533e+22
-245.187571732, -96.8339801553, 2873.3466898, -1.37660450674e+23
-340.628847009, 2772.41907642, 74.381478472, -2.10555711652e+23
2769.54735758, 1031.60634635, -393.788495634, -1.37083963859e+23
1068.26500699, -1758.71073762, 1506.95207194, -4.5265055138e+22
-144.215580561, -689.224650404, 1412.3832971, -2.9366658876e+20
445.163841083, -981.536975874, 2106.79784486, -6.19011856172e+21
983.756832419, -381.421311573, 1835.53110569, -9.2480377162e+21
2230.51105449, 655.812515763, 143.592338625, -3.18295600134e+22
-1785.72635667, -1799.11221293, 487.878525034, -2.70722546192e+22
1088.1159267, -1504.68958289, 2134.95976715, -5.13579502856e+22
2803.52738996, -407.803381343, 1226.13083085, -3.517760355e+23
349.257305184, 1434.53886763, 1446.04134383, -1.92383420449e+21
-3386.75048183, 886.677007726, -948.085969705, -6.91538096547e+23
1784.77134955, -955.995084056, 101.508540968, -1.67152740907e+21
-1498.6776999, -865.767887224, 287.305061679, -1.57372647912e+21
38.2268050054, 637.359471178, -1128.51966313, -5.38705726863e+19
-1306.59976248, -365.024843261, 1113.25908244, -2.71693777335e+21
-1929.52343652, 1437.38464873, 1765.48466739, -2.81855290599e+23
1561.71622479, -1543.52263932, 2761.63409683, -3.09487997318e+23
1214.38111871, -2040.07102716, 2804.76323743, -4.13439502738e+23
2145.35244936, -146.76626872, -1398.50320039, -7.98547454048e+22
1323.59566092, -93.4253914836, -1811.378829, -4.41730266827e+22
898.248889617, -494.189380617, 217.604364241, -1.32817422658e+19
-2393.97487195, -707.887256351, -27.7395398379, -4.90861425748e+22
697.794313411, -28.6139396289, -302.764470068, -2.96333547803e+18
-572.500653513, 874.952386099, 1579.91305323, -8.07450587491e+21
-1471.77486827, -97.1725830222, -204.604453098, -8.80868247603e+20
294.766141032, -1034.32832679, -304.404717879, -4.97590606299e+19
-18.5103802383, -1241.30573549, 214.043054322, -4.69704411119e+20
-623.801921409, -1223.36757701, -816.095433237, -3.47761299943e+20
-107.345909263, 2828.44309579, 150.480101533, -2.26578005626e+23
-498.021796043, -520.056985951, 1210.19138485, -2.56344557752e+20
-162.12528694, -1220.09983229, -2178.75002247, -2.62204760277e+22
-1322.13185645, 2659.41936514, 840.633805659, -1.23180782806e+23
1366.04515209, 48.8700043412, -1079.08840399, -3.88691530349e+21
-1368.02168681, 1829.57667285, 1393.93894783, -5.35955748983e+22
1469.36634149, -366.758858193, -1136.28783134, -9.21401815666e+21
254.075150587, -2291.13337435, 2550.62937453, -3.63842387324e+23
299.787146923, -1021.66538687, 114.436837739, -1.02594010653e+20
-1116.94853271, -3120.15296566, -420.771388591, -4.29924714688e+23
-769.35761175, 609.151194214, -94.6213588607, -7.63336853366e+18
174.469709137, -168.394350072, 1236.00582575, -8.33752714676e+19
-2466.04797709, 1551.23520368, -1469.7251979, -2.15718288798e+23
163.192575931, 1692.07157265, 2834.43216527, -2.45402558162e+23
1010.09730303, -517.027049009, -1136.70535875, -3.02066148469e+21
-1111.84256327, 3278.91091394, 1987.31103717, -6.34104227059e+23
1563.16164592, 1162.64597919, -3074.18331727, -6.91164250974e+23
-48.792978577, -2811.15047089, 1519.0287793, -6.43247929533e+23
966.891008132, -979.119951287, 2776.82674584, -8.27587470606e+22
-1.044012148, -70.4366629389, 2144.68276263, -1.0206140197e+22
2282.65676946, -799.085988791, -348.293363455, -1.22681304367e+22
-1284.22379249, 775.997471652, 160.799729558, -1.7173306528e+20
2351.68195951, 2897.82956892, -547.733116287, -6.86616776068e+23
1482.10566532, 571.555340398, 944.617182367, -8.78081227336e+21
-735.66517849, -70.6910366247, 1003.51828815, -3.3717493237e+20
27.6596464165, 1108.48476324, -1490.26218618, -1.58551738953e+21
2333.10109227, 3297.57197378, 2566.285448, -3.92951041884e+24
1358.43400496, -873.291736775, 548.102113742, -8.68763157987e+20
-1447.80537917, 1681.34942426, 881.007985206, -1.39838674433e+22
1738.10325896, -866.660324051, 949.948088333, -9.5858918169e+21
-1165.78426496, -425.018543366, -248.307605913, -3.18519357691e+20
1623.99154629, -558.544242505, 45.7593002573, -6.62430419655e+20
2702.79832455, -193.69639161, 1366.45384605, -3.8074916489e+23
1517.84452844, 146.871929648, 2994.48801255, -4.89869881373e+23
871.309907276, 106.432581893, 608.28739892, -1.1525323121e+20
-848.366077967, 1181.43859207, -1017.90413153, -2.29323728679e+21
-2970.40045819, 1992.59401679, -3121.88590462, -5.18788097989e+24
-2992.92820565, 1194.81233241, -436.319899618, -1.23997193562e+23
677.71400251, 342.499789087, 320.869896633, -1.16251071357e+19
-542.101889323, -1569.63330964, 2051.31220113, -2.38609929921e+22
-186.050724482, 2812.88533441, 1145.35414761, -1.08843240684e+23
-375.933620424, 1182.00111378, -1153.45949539, -1.72739065889e+21
941.720381387, 915.655350479, -2392.90158189, -5.74600756391e+22
-515.78925927, -598.204116537, -619.944441435, -2.17139915411e+19
1758.00524638, 2398.93781484, 669.67975225, -1.22280479721e+23
682.451899728, 1415.86767179, -2710.2920914, -8.36852914863e+22
-1759.10552256, -2188.54547506, -2450.77085961, -6.88371574455e+23
-1177.57186692, -2593.79149105, 2021.12421729, -4.68120784e+23
620.12691537, 1416.92393214, 2606.02653831, -1.00351219316e+23
-2255.71572884, 737.701076248, -2738.99269112, -1.03305244578e+24
-298.427230211, 1367.24715262, -1073.12264963, -3.62918985145e+21
1375.21428447, 107.69826553, -235.89495763, -2.68814736341e+20
2185.98254001, -725.04591226, 1134.3627087, -5.65082799856e+22
2471.65908292, 1526.70326315, 1236.44354921, -4.70190323796e+23
2197.61622868, -1406.50976295, -1203.73338682, -1.21628924824e+23
-1894.77813096, 2655.50369131, 214.373694807, -2.35815831774e+23
1096.18960858, -1195.5448315, -1649.53039577, -3.93867269845e+22
3185.7151493, -2063.2269871, -11.7520159451, -2.40817450445e+23
-1710.03841282, 675.293152804, 1589.54916185, -7.69583383855e+22
2741.4771203, 1015.71133164, -2250.50098074, -7.89051758483e+23
-3171.66702577, 622.530480136, 2515.50041918, -4.43911497197e+24
1371.83877382, -64.1010880914, 2877.61071854, -2.8182439139e+23
-343.564132435, 1380.33113396, -1979.14956768, -1.29437697229e+22
946.744445309, 794.453842644, 2259.54266361, -4.44298461961e+22
-2153.79830309, -99.1419935104, -840.529684941, -4.57994073034e+22
-2339.58066855, -1704.79725505, -852.685160595, -2.53764706781e+23
2694.85329516, 1334.77872995, 2126.45959722, -1.94916030444e+24
-1141.78567821, 1055.72739683, 2243.84635887, -1.9677456329e+23
-239.669143291, -1098.78607138, 44.118322225, -1.33755828812e+20
-430.169419145, -1037.47572985, -880.006772939, -1.02476928907e+20
-1483.16631956, 1793.4621503, 2592.78558881, -1.04091880343e+24
1855.0163601, 2350.73332537, -3356.52661723, -1.53514860138e+24
-2507.58353204, -624.315695806, 50.2402798899, -5.88360854788e+22
3129.63098506, 305.577106927, -66.1036000524, -2.42611213207e+23
-993.026084159, -1147.58777567, 550.57480074, -5.77835192231e+20
-1740.00753917, 754.464037402, 399.696305145, -2.21074684628e+21
-1163.92298311, 1301.31232065, 416.057286348, -1.0933632508e+21
124.826790075, 3016.71330933, -1760.12446314, -1.219427229e+24
2837.4398765, -867.161023322, -1432.3027115, -4.59877111723e+23
134.340229907, -22.1531853702, 76.502316078, -1.63994685857e+13
678.654500296, -1018.14280211, 1973.41950034, -6.90404962119e+21
-145.088577791, -289.269873459, 739.185654439, -2.29085468586e+18
104.555884954, 408.883071647, -2172.18802878, -9.3119663115e+21
1831.51552961, 887.175235997, -2514.65044576, -3.48379603998e+23
-557.505084458, -2621.15004872, 81.3786405297, -1.38414760289e+23
1301.47768395, -122.351995031, 402.624508499, -4.74435915764e+20
2130.62224558, -2463.74622411, 293.719077263, -2.29189175999e+23
-995.089629232, -371.323327756, -653.205932365, -3.82534489508e+20
1478.9158798, 532.291300167, 291.839632601, -2.00562661722e+21
-230.201758711, 25.7260331419, -1089.39614433, -3.57383354648e+19
-2663.06412587, -1516.18115989, -2342.05330596, -2.54208113774e+24
-1092.53250348, 1258.56229633, 3091.77337513, -1.34845824172e+24
-3016.65453119, 540.960262988, -1116.02965329, -4.54566350409e+23
371.447821337, 873.016969015, -886.494514074, -1.1900489364e+20
1121.81803239, -2400.66519014, 682.252109598, -1.5737801834e+23
15.4047643756, -199.522189297, -635.815959627, -1.11236575504e+18
-2204.47729218, 992.623123568, 168.545772288, -7.87115588843e+21
-720.641785643, -537.076418365, 1168.40149391, -4.25616081283e+20
2992.80261688, -1095.03336687, -1971.3700667, -1.76512245497e+24
-1826.50046957, 2413.96846586, 952.884916825, -1.14358618754e+23
2642.46717178, -3210.41960859, 860.468462864, -2.40099515955e+24
2688.86860686, 1130.81543114, -1597.18205302, -2.12764351888e+23
83.209837669, 1907.04472514, 2914.45285087, -3.60810126499e+23
2548.83575299, 1408.42877271, -117.977293664, -1.32283598455e+23
8.76753402885, 615.245073428, 1270.94212898, -3.83505258617e+20
-1403.81976847, 706.78543089, 1962.07388304, -1.18762313158e+23
805.312483615, -691.263252559, 192.226272559, -2.01338046063e+19
-2629.98590475, 860.373788924, -1676.54691699, -4.13614207512e+23
3204.22325578, 1991.93703323, -2520.02879045, -1.90976451052e+24
1051.88710899, 646.566089972, -487.358608463, -9.39487265537e+19
-738.368238791, 171.081305121, 2318.28960119, -7.07065503162e+22
-249.587417943, 173.6269649, 350.198416886, -1.44890844438e+17
283.705086433, -518.891631425, -498.286210063, -3.00014154713e+18
-40.4729090433, 2361.64377263, 782.702112204, -3.0405083252e+22
-361.821350808, 395.036290513, 805.692700564, -4.58685549926e+19
-1775.71787749, 1014.80162571, 2383.6519319, -6.76241893667e+23
2002.80614346, 1025.79519774, -2180.74559955, -2.00930328593e+23
-2485.21547796, -521.482975492, 146.530258921, -4.56470665528e+22
-1245.34880962, 1160.2367729, -3055.17591075, -2.45402350549e+23
1285.48308414, 1824.08834945, -425.167206141, -1.40349901686e+22
1366.72852175, 8.98008555241, 414.557846432, -8.02928431108e+20
-121.026637238, -1080.67636197, -892.694688147, -7.16055556071e+19
1306.09979967, 820.331849525, -2457.96969298, -1.35151907503e+23
1774.17654338, -1241.32602919, 141.684425662, -3.16845178894e+21
835.519325583, -177.750176181, 559.45690718, -5.34746010804e+19
1146.51114884, 247.26692518, 2006.64066059, -3.04405900368e+22
1857.76807591, 27.8813290556, -1905.86382618, -1.44988605212e+23
326.860322287, 1848.86208189, -1225.53086807, -2.66585214254e+22
313.126293606, -2261.67905081, -461.397075696, -2.86268348947e+22
578.090842619, 2140.74137563, -806.003715708, -5.13897664082e+22
-1126.20055674, -1231.85897167, -97.2612505926, -1.13042157168e+21
189.506680699, 990.547861566, 57.2936781525, -4.92277005502e+19
-1874.39379878, -218.318757964, 869.116189455, -7.7546260357e+21
-725.864299182, -463.616186421, -886.479996627, -2.28171935463e+20
-24.9651066426, -853.570082378, 1209.27440438, -2.25434745268e+20
-748.827078017, 1427.71522121, 1130.5457908, -3.86030261413e+21
-514.162690555, -1950.61980307, -1201.13484075, -5.18516299235e+21
436.526811536, 563.415157623, 1404.67760236, -6.87255089697e+20
-76.7370533469, -3375.04740193, -1585.06636148, -4.0877801317e+23
2678.37973983, -1710.89738464, 1228.52599476, -2.45594580115e+23
-241.065584755, -2588.04011724, 42.5892647723, -1.22688901308e+23
-72.9364762006, -2078.15744223, 889.42534117, -4.64693785384e+22
2264.50331363, 2835.39461447, -3117.92469802, -2.41498006227e+24
-1232.43040184, 409.110898597, -962.886881918, -1.71744131204e+21
1639.12478938, -2407.99502194, 1116.62181489, -2.90290265023e+23
1797.56375766, 2303.76753264, 1303.03691228, -1.8606517796e+23
267.411018266, -516.897391737, -530.308004584, -3.66168378048e+18
-1144.46763108, -2383.69359756, -267.04580702, -5.77497907165e+22
68.6771947473, 2252.35797498, -284.657697645, -5.10321012611e+22
-69.9324868435, 1647.79055945, -2851.90925321, -9.48111148545e+22
-936.782559456, 224.019968999, -86.3119718099, -1.11245392911e+19
-552.309683986, 1170.11719615, -3300.93324164, -1.65441060288e+23
1564.28037203, 930.179363693, -1480.47078594, -1.31865875052e+22
440.146074588, -1765.28874613, 1046.58659776, -1.99064241886e+22
305.212029714, 2087.68217862, 2091.80111971, -3.79617961369e+22
2971.68759134, 593.149517107, -1842.67077396, -6.48534422025e+23
-216.895447726, -426.017239544, -325.835319526, -9.94710199599e+16
2646.24257876, 964.592195581, -1036.71392218, -9.37261155505e+22
-8.8627595699, 2200.65477843, 37.9995305094, -3.23775002804e+22
1822.00456721, 678.198126261, 924.545777802, -2.91996744064e+22
-5.97361032301, 189.946613636, 988.772183398, -3.26858127375e+19
-1178.88189571, -112.905671087, 481.241307715, -1.46567049496e+20
434.153439575, 3106.12031902, -892.722393123, -8.76486319162e+23
-1297.37328901, 3483.32201661, 765.533402023, -1.04331013143e+24
1903.67641585, -1268.93383822, -1297.69477854, -7.89519128925e+22
279.886068073, 1630.96080497, -621.002842274, -5.97318364532e+21
-988.974293081, 49.2408370518, -1828.56995002, -1.06285935213e+22
493.514537446, 135.487791678, -1077.11507257, -1.87277015987e+20
-533.825427698, -840.898627227, -2720.19448575, -9.2066191716e+22
1754.30153926, 456.411012289, -2375.78583671, -2.86547227959e+23
1908.87549832, 1816.0588417, 1864.74379238, -3.44940841763e+23
-387.912243666, 2321.10853754, 249.62698928, -4.40977789807e+22
-1862.62934724, 1879.651336, 581.205403398, -2.75825137037e+22
719.697995832, 2508.27676875, 129.735835485, -8.46549479033e+22
-1032.30646288, 1671.83774231, -1187.4043903, -2.3666313627e+22
1665.76240368, -1293.88286254, 855.134119301, -1.00623837344e+22
-557.259332353, -1864.6524776, -1313.99685281, -4.44706060806e+21
1221.56538656, 268.952675504, -864.34398616, -8.22191169375e+20
-234.395558879, -975.340084286, -2286.29774407, -2.9271217396e+22
839.746264344, -2130.76643077, 1649.32345389, -1.41132233928e+23
1040.63852445, 1874.56422681, -2089.73725225, -6.99898398736e+22
-978.847435164, -421.514009852, 46.3756572694, -4.63302374619e+19
1456.3723503, -173.529230339, 900.560990066, -4.04926058192e+21
-2402.38253617, 108.023822606, -1376.11581117, -2.00594539651e+23
1915.74314887, -3293.12512089, 1471.22172087, -3.05655610765e+24
-1691.9515675, 2783.05303005, 3356.81498718, -7.85950060951e+24
1266.63856655, 308.083518424, -538.784478528, -2.73131549266e+20
-2007.15051003, -2163.89069492, 576.053267852, -9.5191254901e+22
2345.41730091, 3024.95496473, -1594.28361476, -1.24584952203e+24
-1127.78259815, 767.944324156, -870.96009688, -8.63542030383e+20
527.150193073, 1088.97459143, 1589.42792678, -2.87783305823e+21
1397.85242881, -1889.07266916, 1303.01893512, -7.00843704092e+22
523.129793385, -1768.69842275, 1543.20116612, -3.46088149987e+22
2401.34428146, -310.497068177, 98.8337942619, -2.13427214366e+22
-124.779847496, -2196.38474211, 3190.54913671, -4.68915824203e+23
6.93358456508, 370.743633848, -248.562888746, -7.70519178108e+16
259.710107779, -353.280614993, -59.3058066109, -1.98911043437e+16
940.887031415, 2902.53630106, 886.042643665, -1.78890282666e+23
-2853.28745228, 1425.28875086, -591.540122243, -1.12449100651e+23
-1612.25762988, -586.333988252, 185.992112114, -1.85417138014e+21
-1811.14225669, -1009.50787692, 2520.12649766, -3.21084310489e+23
2178.34890207, 1118.36143725, -2883.71108223, -1.10615832595e+24
-2706.67354998, 2567.8179805, -818.352345576, -6.61396515583e+23
-1270.78330058, 374.401665495, 1256.81235101, -8.33902779823e+21
-248.105136694, -1881.88230098, 1731.02431194, -4.78326804467e+22
1130.18685483, 232.440925536, 1571.80068002, -9.71635758273e+21
1354.23990313, -69.3506366338, -1169.74300348, -5.84242887633e+21
-2441.90505354, -421.119873965, 1782.00455273, -2.4646120688e+23
67.5402985883, 3284.51894127, -998.632204815, -1.46189064636e+24
440.953663737, 1413.11933397, 2611.77407525, -9.94037867279e+22
-1017.03408647, 558.142593274, 1314.75549297, -6.36918948295e+21
-812.427740235, 338.642494398, -977.098183122, -2.70655395523e+20
-1406.6318348, -210.640078517, -114.911990752, -6.0787019005e+20
106.872555965, -1364.69940527, -547.239268647, -3.34751502832e+20
-1510.55620813, -244.150367793, 2131.63547598, -1.1995377495e+23
-815.276611151, -1498.15107588, 966.637831157, -4.67930845506e+21
2493.29062809, -1270.27270378, 1509.75078321, -2.21516008397e+23
1252.07718495, 2282.39869871, 2214.66107201, -1.74582569685e+23
110.527009439, 463.619809547, -324.553539802, -4.43980174881e+17
-1792.3439911, -220.725985249, 96.7080937719, -2.76361281007e+21
-265.576087909, -24.7282474574, -2837.90210387, -8.05340363575e+22
-650.511908605, 937.031529856, 1240.06748718, -2.65658363665e+21
-1877.32576287, 2991.46515372, -1247.50024517, -1.4323403632e+24
-1199.47590952, -289.028032952, 351.31126108, -1.2242672647e+20
-2048.7194307, -1961.64530006, 952.659670191, -6.63494590757e+22
2295.22134572, 534.693995067, -610.312029311, -2.13962567066e+22
-2550.42253491, -3134.42808716, 857.695660106, -1.35843902284e+24
2647.32552995, -2552.27332362, -1355.14875398, -7.82834787489e+23
-1284.38834162, -894.907318901, -869.084269323, -4.68607923628e+21
139.811032214, -5.05249473294, 383.583668756, -1.63925616329e+16
1958.5965549, 861.665999843, -167.929982811, -1.12035005019e+22
-477.891703373, -1122.27259677, -2099.27480732, -1.68099004915e+22
-1413.1856503, -368.384846623, 1416.62441752, -1.08896720995e+22
-887.545706892, -1509.48460501, 2200.40589704, -3.4636063034e+22
-837.424946425, -429.357771049, -592.182696569, -1.33906726385e+20
-1484.38856032, 797.637124416, 523.906623962, -1.49668258243e+21
1628.42178796, 508.393173191, 270.366838476, -3.58002916924e+21
-1584.16917198, -1284.19299954, -696.988544191, -1.57152911239e+22
-364.639902819, 129.090632287, -476.297335058, -6.41157748492e+17
1224.75349749, -1737.46004914, -97.843794187, -7.97952299869e+21
-525.43663515, -205.131873501, -575.081004877, -9.74228773509e+18
1764.68608082, 966.481626093, -14.4722229758, -7.45626961616e+21
757.145874791, -1653.15797233, -1931.07676192, -6.72205555215e+22
-2286.40162202, 2892.14788136, 968.990917248, -4.84782765787e+23
-887.008096489, 905.804199941, -572.278548565, -2.71501592983e+20
410.033089478, -1566.93655513, 1785.67171394, -2.04206061377e+22
-730.491273018, 1505.20357494, 732.505366669, -1.38447636923e+21
1309.41242118, 443.677915062, -3142.73940773, -8.20589480404e+23
-301.619217204, 1908.22142286, 871.216790838, -4.87765951589e+21
343.65460139, 114.376180605, 1050.62171021, -4.91150598862e+19
-2277.26066259, 1304.60177214, -1016.92648332, -5.74451017401e+22
-1130.03611825, 300.680525454, 182.029551872, -4.25327551139e+19
2272.37058786, 2305.21035242, 588.710564056, -2.98846901277e+23
2771.05111836, 1499.35586451, -39.6917177993, -2.67941844469e+23
3035.60051147, -717.587901799, -1591.93536863, -7.99461525041e+23
987.7478726, -1572.41468672, -267.575300737, -2.65285796125e+21
-2133.9024436, 2859.40586651, -2264.73174086, -2.43364709304e+24
665.141649692, -740.23711858, 574.002276855, -6.01077043617e+19
-1815.26909599, -235.53267642, -425.920672973, -7.4881940775e+21
-983.7008917, -1049.51877649, -1056.76309632, -2.50539701621e+21
-1067.59514901, 798.920478149, 1853.40649672, -5.10620066886e+22
617.775213431, -740.987302267, 325.03450455, -2.69434186129e+19
178.203652792, 1870.93868377, 142.156832139, -7.71481453545e+21
1044.31882233, -101.542535268, -2786.35489127, -3.53374852508e+23
-2008.33923741, 2018.98456788, 957.435357291, -8.14882639503e+22
272.769498671, -557.649188583, 26.432905736, -8.25323349906e+17
-545.651887475, -671.446591069, 581.236615526, -1.34803513757e+19
-2265.03569454, -1956.03208048, -1477.80486896, -5.13501113782e+23
-70.0521799718, 2608.48551074, 1011.86521739, -6.06822903957e+22
-597.946429841, -2045.78652243, -1593.94570584, -1.13661406962e+22
26.9612847989, 2004.86663954, 523.742160377, -9.38155162417e+21
-1737.97613967, 129.108869463, 1312.80555823, -2.54382202517e+22
-3039.69009665, -2127.81089825, 463.382579856, -6.7440097681e+23
866.919392414, -2.03224997483, -337.979885724, -1.27658689337e+19
-2908.06699515, -1632.96069532, 2355.19631203, -9.95876271939e+23
-587.728691225, 1486.21328206, -1139.31198248, -7.97796359148e+21
-1798.5513317, -184.826556535, 1753.66137355, -7.94206717359e+22
1279.75719428, -1185.13684782, -2391.96064151, -3.69255057765e+23
1623.05165362, 3054.78116148, 667.318353731, -4.11633556202e+23
-1119.95047073, -209.745103298, 2373.65388725, -1.18948585684e+23
1892.57461256, -3208.35412089, -813.884391624, -6.78443327681e+23
1473.16359275, 853.75171429, 1137.53280168, -1.61485358462e+22
-635.351208517, 379.740070419, -1067.81593458, -1.57036930783e+20
-1447.01536276, 412.744029501, 1855.92800785, -7.97276231755e+22
1007.83220042, 2069.8469655, 1.09109582709, -2.19984636619e+22
671.634322616, 2974.58187493, -3350.27442446, -2.6523294329e+24
-1289.25833335, 263.987852889, -1602.96522185, -1.38056565305e+22
733.771525098, 1613.72955417, -1028.22073779, -8.3164482994e+21
-2310.08414509, 753.888193441, 1405.64381804, -1.60047218239e+23
-1259.0392233, -10.4804026944, 1062.73041995, -2.71810349577e+21
96.9585308512, 140.352217926, -13.7758920904, -1.48661571975e+13
803.732609895, 343.277329494, -187.973904791, -7.01776569229e+18
-200.036562351, -1972.71349937, -783.799451484, -6.23471415839e+21
1425.13909054, 1167.66856696, 923.963648826, -1.16588205691e+22
685.079669786, 2154.08866192, 826.117630697, -1.46148929448e+22
-1458.43237435, -1346.92417264, 410.375460528, -3.72070921146e+21
2484.09319834, -1737.16574484, -1413.99783261, -3.94437763207e+23
1982.89602662, -2133.28187449, 1498.10466171, -2.63480653653e+23
-1734.54800184, -1153.58758267, 1507.86938372, -2.02042625189e+22
-2097.2798033, -1415.30794671, -2310.11939178, -8.05318619315e+23
115.465435091, 994.101991759, 3065.35602979, -3.03016237828e+23
967.304755184, -3024.84728272, -557.553355524, -3.41228464741e+23
1559.46808081, -1155.18363246, -443.377503233, -2.42160796383e+21
-1688.30249144, 535.57764624, 13.8293711718, -8.65076609914e+20
-2298.69641779, 1660.64906045, 1807.81214163, -6.25125466028e+23
-469.048387727, 2408.75665778, -216.065423942, -8.98403605745e+22
-1633.1197165, -1114.82747219, 3285.39772433, -1.19905476242e+24
1044.49951599, 1500.48163629, -1376.783444, -8.37820479019e+21
1821.36732388, 734.026504882, 632.590477428, -1.82004987268e+22
-783.660836408, 56.1804972226, -1375.91374801, -1.26749344182e+21
-715.521679557, 744.275250456, -304.725545086, -3.43651872597e+19
-970.533825528, -51.7925498443, 549.152042276, -7.32022014497e+19
601.208813586, -1489.69953427, 1193.00965778, -8.50360746985e+21
1669.79781077, 2149.16889601, 1638.6551704, -1.76713017657e+23
1678.76205576, -2329.95438911, -810.327883682, -7.08995910839e+22
-103.566891696, -1096.7773544, 47.9055220801, -1.33799868635e+20
2293.23073753, 1943.33632407, 1103.2557925, -3.55599403512e+23
-572.299554134, -584.19398074, -2168.1295619, -1.56172146222e+22
-699.317361525, 2540.23487819, -2227.54701014, -6.30631031918e+23
-75.8746267407, -2357.13691094, 1028.41820338, -1.29456670144e+23
-880.896938715, -1721.74357388, -141.461866208, -4.63427479973e+21
1002.04438247, -1231.72686998, 910.107524329, -2.82877169705e+21
-1345.11200153, -2025.87414434, 1998.91787523, -1.04663071924e+23
280.636916611, -3458.41796082, 105.704095112, -1.34787282541e+24
-1052.84283693, 40.2258706089, -2193.22492593, -3.25747377276e+22
-1716.21200607, -421.859082904, 1669.08272039, -4.54837795836e+22
-2037.02490795, -1874.54742508, -1392.96854405, -2.58515566266e+23
3279.70761058, -2533.12550258, -1440.73296586, -2.10843770767e+24
1663.77392003, 2709.44104018, -1659.01823398, -5.20825749994e+23
-1320.32709344, -744.333637536, 1587.45902278, -1.13687685404e+22
156.161484251, 868.564672375, -1744.02921991, -1.50015343687e+21
1670.26480929, 1234.88993597, 1131.43856611, -4.03843258234e+22
2718.87561633, -1496.32137768, -994.220712701, -2.12898200306e+23
-324.563268268, 1739.22683553, 627.849487319, -2.69550419342e+21
-1025.01588266, -2202.019837, 769.204951745, -6.18924730678e+22
2551.16035943, 167.8365727, 858.04089105, -1.4814395e+23
-2464.45762382, 1159.25009233, -1924.14845616, -4.13326694051e+23
2609.97096816, 2378.23119106, 702.889764867, -7.14739198765e+23
1275.71189284, -356.760358376, 496.819810066, -4.48118590398e+20
-210.462473047, 1475.48820217, -970.581623638, -5.04931294942e+21
-918.663977499, 1080.38884637, -212.657032473, -3.67918951976e+20
-1024.03072371, -2381.07592632, -441.030063913, -4.87831530674e+22
112.503178703, -332.088053794, -1268.01373543, -3.23555013964e+20
1426.33740115, 1219.3283322, 1358.72315593, -2.83734785124e+22
-1539.49890743, 967.56661568, -1034.01480223, -6.67664877256e+21
-3014.44218942, -637.940307766, -1575.60105133, -1.39191233267e+24
-2995.91169418, -1018.36976503, 326.404158642, -2.51619064243e+23
-1684.55002923, 2826.43406486, 910.188353336, -2.42078396058e+23
-1184.16947833, -1241.13248874, -2430.46498727, -1.31383958249e+23
1115.79214845, -262.757072517, 497.113362861, -2.06295073276e+20
-137.710037455, -773.850036066, 1895.10718164, -2.68161030248e+21
1504.36821319, 1594.40874516, 1382.27081962, -4.97229982754e+22
1558.47027383, 2502.36559579, -1878.56629648, -3.4863169883e+23
800.727471954, -1580.14260914, 2561.00921027, -7.87781035613e+22
-1966.93117727, 1072.52399489, 2946.75523562, -2.61692352021e+24
714.489389601, 2569.54511443, 540.330378162, -7.68967489727e+22
475.142224848, -5.07137281259, -879.938698542, -6.25924604406e+19
-876.137323385, 2210.08959171, 429.279987733, -2.95399457994e+22
-1537.82186771, 1035.40783519, 2082.23333907, -2.45226600528e+23
228.658237243, 733.559108934, -836.895422864, -3.74558113283e+19
1710.59582727, 1022.71319476, -181.704156437, -5.46911011939e+21
79.2179513958, -1019.72019827, -3086.04082797, -3.7326336765e+23
1675.22769946, 1335.87949935, -1105.95444177, -8.67290830418e+21
-567.737363991, 1097.00027419, 471.009112198, -1.09872530637e+20
