-0.49969505671, -4.01259707709, -4.88089687816, 0.0
-0.49969505671, -4.01259707709, -4.88089687816, 0.0
-0.49969505671, -4.01259707709, -4.88089687816, 0.0
-0.49969505671, -4.01259707709, -4.88089687816, 0.0
-0.49969505671, -4.01259707709, -4.88089687816, 0.0
-0.49969505671, -4.01259707709, -4.88089687816, 0.0
-0.49969505671, -4.01259707709, -4.88089687816, 0.0
-0.49969505671, -4.01259707709, -4.88089687816, 0.0
-0.49969505671, -4.01259707709, -4.88089687816, 0.0
-0.49969505671, -4.01259707709, -4.88089687816, 0.0
-0.49969505671, -4.01259707709, -4.88089687816, 0.0
-0.49969505671, -4.01259707709, -4.88089687816, 0.0
-0.49969505671, -4.01259707709, -4.88089687816, 0.0
-0.499694638954, -4.01259709446, -4.88089688948, -4.59872996075e-11
-0.499696408731, -4.01259708049, -4.88089645004, -5.02664307129e-10
-0.49969685541, -4.0125971176, -4.88089553792, -1.26456874388e-09
-0.499696334148, -4.01259535762, -4.88089608854, -1.31897329914e-09
-0.499694959378, -4.01258826421, -4.88089661381, -1.96935891689e-08
-0.499747805208, -4.01262355671, -4.88108293509, -9.62930282361e-06
-0.499691970668, -4.01207872979, -4.88087212202, -6.80322879066e-05
-0.498392375528, -4.00979585665, -4.87679021588, -0.00669149646282
-0.499961743352, -4.01249866214, -4.8869945067, -0.0094045274087
-0.505474122678, -4.01237683954, -4.90339247046, -0.137101012609
-0.494649142938, -4.01458184434, -4.91244768153, -0.257427604436
-0.49803045352, -4.12023072388, -4.90214140404, -3.23149973538
-1.47574080543, 3.61544897081, -4.99975389932, -3.73122006071
0.903018458712, -4.00284114714, -4.99999963878, -194.24188872
-1.47574167997, 3.61564803326, -4.99983659522, -3.68785092021
-1.47574169483, 3.6156480589, -4.9998366301, -3.6879963256
-1.47570058823, 3.61562531182, -4.99985049307, -3.7128922308
-1.47574176979, 3.61563314704, -4.99985109441, -3.70043678019
-1.4757603406, 3.60592504856, -4.9999229935, -5.99856954022
-1.47574171897, 3.61564807813, -4.99983679091, -3.68814629926
-1.47574132047, 3.61564784112, -4.99983684258, -3.6889417447
-1.47584197797, 3.6156327398, -4.99979777718, -3.71669327886
-1.62982368809, 3.76970046349, -4.89893669093, -61.4548279072
-1.47574516142, 3.61573832489, -4.9998219655, -3.68936762785
-1.47574515877, 3.61573831849, -4.99982195735, -3.68943366102
-1.47574519645, 3.61573826043, -4.99982164703, -3.68990261537
-1.47574299231, 3.61573379163, -4.99981931377, -3.69039489778
-1.47574274218, 3.6157445015, -4.99981757526, -3.69292887908
-1.47622783576, 3.61576613039, -4.99999996871, -3.69928931039
-1.47320482435, 3.61576386747, -4.99995869919, -4.25485254917
-1.47622785467, 3.61576613094, -4.99999998305, -3.69938611626
-1.4770872294, 3.61573922449, -4.9996441183, -3.83401428205
-1.47622783884, 3.6157661305, -4.99999997327, -3.69929736255
-1.47622785477, 3.61576613533, -5.0, -3.69931029666
-1.47622785895, 3.61576610171, -5.0, -3.69958833289
-1.47622785584, 3.61576613639, -5.0, -3.69931933492
-1.47622785565, 3.61576613532, -5.0, -3.6993200807
-1.47624943311, 3.61576657042, -5.0, -3.70758734973
-1.47622785748, 3.61576613551, -5.0, -3.69932490856
-1.47635297927, 3.61576841322, -5.0, -3.71592206599
-1.47609976862, 3.6157662049, -5.0, -3.73528557127
-1.47622785827, 3.6157661406, -5.0, -3.69935835036
-1.47622720393, 3.61576614619, -5.0, -3.69986972113
1.45009807556, 2.12857306719, -4.98025673045, -963.631162885
-0.54415592948, 1.19552792414, -4.99896090099, -654.821220521
-0.727783110501, 1.52643813839, -4.99998618934, -799.558481815
0.773657496303, 4.96418568131, -4.9382761108, -606.572551175
-0.184976450327, 2.61561418294, -4.86200918908, -679.50505814
-0.499694804758, -4.01259457785, -4.88089632653, -1.68334231537e-09
-0.499691807939, -4.01249369368, -4.88090480023, -2.72059610723e-06
-0.499695058037, -4.01259707613, -4.88089690152, -1.68454770176e-13
-0.718513777861, 2.19672131892, -4.97163154859, -472.087795603
-0.499694957665, -4.0125970901, -4.88089689127, -3.03215449106e-12
-0.499695063177, -4.01259709206, -4.88089688401, 0.0
-0.4997054596, -4.01259720577, -4.88089684874, -2.73252055867e-08
-0.499695059412, -4.01259708262, -4.88089671979, -6.40121974537e-12
-0.499695050311, -4.01259707742, -4.8808968779, 0.0
-0.499695070335, -4.01259707338, -4.88089688384, 0.0
-0.499695069522, -4.0125970734, -4.88089688384, 0.0
-0.499695078453, -4.0125979619, -4.88089685182, -1.94736187089e-10
-0.499695022466, -4.01259709306, -4.88089657843, -2.32463833405e-11
-0.499694940155, -4.01259708679, -4.8808968696, -4.04286331887e-12
-0.499695070335, -4.01259707341, -4.88089688384, 0.0
-0.642998986064, -3.76840853276, -4.89161830367, -27.3421741576
-0.499695070407, -4.0125970856, -4.88089687489, 0.0
-0.499695075484, -4.01259707602, -4.88089689578, -1.6845491477e-13
-0.499695053315, -4.01259708296, -4.88089686817, 0.0
-0.499695069641, -4.01259791171, -4.88089681155, -1.74015687494e-10
-0.499695055545, -4.01259709024, -4.88089687231, 0.0
-0.499695013775, -4.01259709107, -4.88089688817, -6.73817443936e-13
-0.499695093776, -4.01259706455, -4.88089688021, -3.36909064679e-13
-0.499695021694, -4.0125990047, -4.88089686522, -9.32793651998e-10
-0.499695078984, -4.01259708177, -4.88089687416, 0.0
-0.499695055521, -4.01259708985, -4.88089687225, 0.0
-0.49969507572, -4.01259708717, -4.88089687423, 0.0
-0.499695061918, -4.01259708408, -4.88089687563, 0.0
-0.499695076753, -4.01259708717, -4.88089687442, 0.0
-0.499695080422, -4.0125970369, -4.88089687501, -6.73816435565e-13
-0.499695058662, -4.01259699514, -4.88089686332, -2.02143571301e-12
-0.499695076753, -4.01259708717, -4.88089687445, 0.0
-0.499695076753, -4.0125970873, -4.88089687446, 0.0
-0.499695076753, -4.01259708717, -4.88089687445, 0.0
-0.499695076538, -4.01259708727, -4.88089687451, 0.0
-0.499695028446, -4.01259746203, -4.88089686609, -3.63864870875e-11
-0.499695076753, -4.01259708717, -4.88089687445, 0.0
-0.499695076753, -4.01259708721, -4.88089687431, 0.0
-0.499695076753, -4.01259708717, -4.88089687445, 0.0
-0.49969507676, -4.01259708717, -4.88089687445, 0.0
-0.499695071558, -4.01259708454, -4.88089687231, 0.0
-0.499695076753, -4.01259708717, -4.88089687445, 0.0
-0.499695076753, -4.01259708717, -4.88089687445, 0.0
-0.499695076753, -4.01259708717, -4.88089687445, 0.0
-0.499695076753, -4.01259708717, -4.88089687445, 0.0
-0.499695077703, -4.01259708737, -4.88089687444, 0.0
-0.499695076753, -4.01259708717, -4.88089687445, 0.0
-0.499695076753, -4.01259708717, -4.88089687445, 0.0
-0.499695076753, -4.01259708717, -4.88089687445, 0.0
-0.499695076753, -4.01259708717, -4.88089687445, 0.0
-0.499695076356, -4.01259708718, -4.88089687444, 0.0
-0.499695076753, -4.01259708717, -4.88089687445, 0.0
-0.499695076753, -4.01259708717, -4.88089687445, 0.0
-0.499695076753, -4.01259708717, -4.88089687445, 0.0
-0.499695076753, -4.01259708717, -4.88089687445, 0.0
-0.499695076754, -4.01259708717, -4.88089687445, 0.0
-0.499695076753, -4.01259708717, -4.88089687445, 0.0
-0.499695090316, -4.01259706721, -4.88089687033, -1.68454379659e-13
-0.499694976001, -4.01259708097, -4.88089687919, -2.02143409465e-12
-0.499694976499, -4.01259705235, -4.88089687364, -2.18988103015e-12
-0.499695173794, -4.01259711175, -4.88089688858, -3.20064122609e-12
-0.499695077766, -4.01259706467, -4.88089718941, -2.45940062593e-11
-0.499695386138, -4.01259809231, -4.88089687126, -2.82668552578e-10
-0.49969495691, -4.01259254826, -4.88089686987, -5.20697252971e-09
-0.499668181434, -4.01260596201, -4.88089687812, -2.02675411216e-07
-0.499695095523, -4.0126873201, -4.88089854295, -2.05974154574e-06
-0.499910378742, -4.01268981122, -4.88089606673, -1.38838165757e-05
-0.499538119081, -4.01259738388, -4.88113793023, -2.09304486364e-05
-0.497933845957, -4.01224873458, -4.88089571196, -0.00081568847746
-0.499400216287, -4.01261036972, -4.88317258598, -0.00132985087176
-0.481449923353, -4.00205436644, -4.86872755415, -0.14984450782
-0.511464716756, -4.01929099473, -4.88199818364, -0.046582033924
-0.485027036255, -4.01858259331, -4.88006511118, -0.062784468091
-0.487848122234, -3.9820364605, -4.84703633261, -0.56572280895
-0.274691387626, 1.27744475192, -4.94645380424, -936.115435666
-0.494771859205, -4.00493237726, -4.88754822432, -0.032356136948
-1.27102950645, -0.718959070479, -4.95868602561, -859.866197794
-0.545921287983, -4.05748813487, -4.80387651628, -2.68537607427
-0.514489547578, -3.92655119886, -4.88098972628, -2.10665896218
-0.352549418444, -0.0505665481874, -4.94821715221, -1051.97220997
1.18629916184, 2.67989633279, -4.96182575228, -1528.71945021
-1.97083464539, -4.02259692971, -4.98512629678, -188.998551448
-0.428086307653, -4.01075036217, -4.92368194733, -1.67269259455
-2.45194283529, 3.17358719055, -4.99947167069, -130.117510722
0.626346251877, 1.54584059157, -4.95079696004, -1549.79049264
0.031176493369, -2.95049158946, -4.92649920159, -256.583816545
-1.39179230003, -2.63674427115, -4.85168524891, -304.103304335
-0.499694844055, -4.01260213921, -4.88089692532, -6.47373429224e-09
-2.2855075373, 0.281840512877, -4.99798302538, -693.382846489
-0.470140087095, -4.01167105043, -4.87957234954, -0.215928696137
-0.499695039853, -4.01259707379, -4.88089706521, -9.09647293589e-12
-0.499538133243, -4.01259696361, -4.88089697484, -6.22429034787e-06
-1.43383983557, -1.58930311077, -4.96371933354, -538.390795171
-0.50037727888, -3.92995456508, -4.88368850115, -1.90695218719
-0.499695022619, -4.0125970817, -4.88089687398, -5.05361998111e-13
-0.499695043705, -4.01259706676, -4.88089687525, -1.68453960104e-13
-0.499695003528, -4.01259708028, -4.88089686358, -1.01072322749e-12
-0.499695065138, -4.01259708099, -4.88089689173, 0.0
-0.499695183787, -4.01259710534, -4.88089687696, -3.706010391e-12
-0.499695061738, -4.01259648824, -4.88089689289, -9.0120871236e-11
-0.499695072466, -4.01259709343, -4.88089687423, 0.0
-0.499695110582, -4.01259707867, -4.88089687522, -5.05363989161e-13
-0.499695063822, -4.01259710036, -4.88089644488, -4.75036705024e-11
-0.499695067953, -4.01259709392, -4.88089688404, 0.0
-0.499695059372, -4.01259708635, -4.88089687787, 0.0
-0.499695153653, -4.0125970969, -4.88089687154, -2.02146424752e-12
-0.499695061087, -4.01259711322, -4.88089690491, -3.36909366613e-13
-0.499695106358, -4.01259708798, -4.88089642998, -5.12096364024e-11
-0.499695098431, -4.01259673995, -4.88089685846, -3.04897181512e-11
-0.499695059325, -4.01259708647, -4.88089687788, 0.0
-0.49969507307, -4.01259708905, -4.88089685754, -1.68454473847e-13
-0.499694916622, -4.01259708277, -4.88089687646, -5.55893260264e-12
-0.499695075305, -4.01259707613, -4.88089687865, 0.0
-0.49969505713, -4.01259707712, -4.88089687813, 0.0
-0.499695057131, -4.0125970948, -4.88089626765, -9.41657199611e-11
-0.499695076381, -4.01259708939, -4.88089699199, -3.36908655794e-12
-0.499695081613, -4.0125970843, -4.88089687743, 0.0
-0.49969507013, -4.01259706929, -4.88089686197, -1.68454029499e-13
-0.499695056696, -4.01259707709, -4.88089687816, 0.0
-0.499695055528, -4.01259708756, -4.88089687574, 0.0
-0.49969505671, -4.01259707708, -4.88089687816, 0.0
-0.499695081965, -4.01259708355, -4.88089687759, 0.0
-0.499695065411, -4.01259706105, -4.88089665033, -1.3307707922e-11
-0.49969505671, -4.01259707709, -4.88089687816, 0.0
-0.499695063237, -4.01259707043, -4.88089687875, 0.0
-0.49969505671, -4.01259707709, -4.88089687816, 0.0
-0.499695090591, -4.01259707324, -4.88089741556, -7.32778255537e-11
-0.49969505121, -4.01259708554, -4.88089689374, -1.68454800646e-13
-0.49969505671, -4.01259707709, -4.88089687816, 0.0
-0.49969505671, -4.01259707709, -4.88089687816, 0.0
-0.49969505671, -4.01259707709, -4.88089687816, 0.0
-0.49969506054, -4.01259707709, -4.88089691469, -3.36910323176e-13
-0.499695057511, -4.01259708869, -4.8808968737, 0.0
-0.49969505671, -4.01259707709, -4.88089687816, 0.0
-0.49969505671, -4.01259707709, -4.88089687816, 0.0
-0.49969505671, -4.01259707709, -4.88089687816, 0.0
-0.499695056696, -4.01259707709, -4.88089687818, 0.0
-0.499695062391, -4.01259712481, -4.88089688305, -3.36908699741e-13
-0.49969505671, -4.01259707709, -4.88089687816, 0.0
-2365.86211893, -2059.67111046, 2527.29114315, -6.09166859798e+23
-3268.27914831, 4687.23956931, 1282.59044078, -1.74167464683e+25
4324.24911107, -968.759749189, -3192.61212291, -4.1885212477e+25
1614.96123409, -4871.19862871, -926.575366599, -1.54355102473e+25
504.088254222, 119.00201827, 846.607934851, -3.54919871116e+19
-3102.54384962, -1592.28308957, -1955.20626121, -3.72199614718e+24
-481.371924964, -192.411852495, 5690.97916573, -3.22407057745e+25
-673.440465923, 5492.18202869, 142.709986656, -4.98915347625e+25
5484.94299188, 2044.54816097, -780.166272611, -3.24637643467e+25
2113.48251479, -3483.61316737, 2987.39505129, -1.07880071506e+25
-284.972668114, -1368.84823321, 2799.60450091, -6.91034661325e+22
878.204316473, -1942.89728333, 4174.38258791, -1.45974238219e+24
1951.87726309, -758.459863438, 3637.27351424, -2.20304672688e+24
4416.86118189, 1294.912423, 281.119161634, -7.50230081907e+24
-3538.53684968, -3561.52930263, 969.720297865, -6.40467958209e+24
2155.53887204, -2982.24625355, 4228.99407536, -1.22426678187e+25
5553.25571394, -804.187062245, 2429.84087893, -8.3542829974e+25
688.167650256, 2841.12964017, 2865.64414843, -4.52091586376e+23
-6707.53249754, 1753.81630101, -1875.098982, -1.63414310906e+26
3534.9314273, -1891.4451336, 205.40188773, -3.96813960641e+23
-2967.08840884, -1714.50515703, 566.9046578, -3.71776188892e+23
72.4987671925, 1264.40827601, -2232.45358101, -1.28002359037e+22
-2590.96297183, -726.266504588, 2205.70544091, -6.48186662128e+23
-3821.82933221, 2849.75649914, 3494.54317112, -6.67377848911e+25
3095.91509489, -3054.58676596, 5468.94765552, -7.34490425771e+25
2405.36450094, -4042.35954261, 5555.58516088, -9.84186948614e+25
4249.61362981, -292.924090668, -2767.08328837, -1.88100572513e+25
2619.25027011, -188.459349083, -3587.44445229, -1.04514318649e+25
1779.02464884, -976.312275563, 432.73080111, -3.17052446576e+21
-4740.04067117, -1398.2497561, -51.9268062879, -1.15486316707e+25
1382.7861139, -53.5822465594, -601.897927357, -6.98701001196e+20
-1137.13670051, 1736.39788943, 3127.06739415, -1.90448246252e+24
-2916.77886879, -190.691229321, -405.780427429, -2.09158479361e+23
587.809720119, -2048.05603161, -599.884290111, -1.18997093509e+22
-38.2701311851, -2461.46719806, 422.710364573, -1.12629964995e+23
-1233.14935533, -2419.98447129, -1619.09740464, -8.16857549666e+22
-211.095820793, 5601.21327915, 296.069154133, -5.35068895933e+25
-986.17574881, -1031.11200017, 2399.98392287, -6.06048367326e+22
-325.611214306, -2415.93026247, -4313.72717556, -6.23842638916e+24
-2619.83870627, 5267.15881177, 1665.89604733, -2.90790255532e+25
2705.65716119, 96.6265685181, -2133.82479691, -9.11580926754e+23
-2709.74818315, 3623.29922503, 2759.01264778, -1.2672696952e+25
2908.10092672, -727.794981637, -2248.7786111, -2.16363775298e+24
499.303054413, -4539.51655595, 5050.95910433, -8.65188155781e+25
596.825898361, -2022.80233403, 223.082244773, -2.43789558473e+22
-2211.62639155, -6179.6344555, -830.820014631, -1.0191220935e+26
-1524.2262854, 1209.22479765, -183.123609399, -1.78945018935e+21
347.080539406, -334.584465209, 2446.84957151, -1.92083153505e+22
-4885.46706499, 3071.49445631, -2911.36658858, -5.10480771962e+25
320.96046236, 3351.88192178, 5613.89571871, -5.77508429861e+25
1997.19121965, -1025.74654746, -2250.79539036, -7.10705869486e+23
-2200.15773226, 6494.33997374, 3936.16754918, -1.49789012124e+26
3093.82581895, 2300.79296555, -6088.29254768, -1.6379702717e+26
-92.0934102301, -5567.1518348, 3005.86783118, -1.52448185114e+26
1917.50529002, -1940.22713315, 5500.02624692, -1.96033640751e+25
1.40750352197, -138.039125972, 4249.63707389, -2.39068928774e+24
4521.14912614, -1585.02812422, -693.114075409, -2.90212757248e+24
-2541.27972092, 1534.82898895, 316.843907977, -4.04283726582e+22
4659.04828872, 5739.83767597, -1087.73453604, -1.62804007416e+26
2932.78476373, 1131.6272876, 1871.77761223, -2.07284965019e+24
-1455.49456778, -142.621453161, 1987.36990983, -7.92954387279e+22
52.0154594088, 2193.78777568, -2951.30838013, -3.72775602997e+23
4622.66383335, 6531.03260365, 5083.7874077, -9.32767285814e+26
2691.66047606, -1729.09798006, 1086.66537204, -2.07438487632e+23
-2866.06411078, 3330.40991828, 1746.92006513, -3.32023546715e+24
3442.81928151, -1715.14572164, 1883.68769957, -2.28066506282e+24
-2306.09805168, -840.25765123, -495.502843627, -7.49187243755e+22
3216.52905403, -1109.20366318, 86.098141213, -1.56157536447e+23
5352.92588035, -381.704993342, 2708.67856442, -9.03676272043e+25
3004.69726609, 288.282983047, 5930.78605373, -1.15625785185e+26
1725.8810175, 207.435188077, 1204.02616831, -2.72361089671e+22
-1682.16003043, 2337.77527657, -2016.20773538, -5.36911669529e+23
-5883.75497599, 3948.18856784, -6182.91210914, -1.22804419221e+27
-5927.78049956, 2367.80746919, -867.626501546, -2.94103874141e+25
1338.62696634, 675.878627887, 632.362859705, -2.69144515145e+21
-1074.38825279, -3106.60243492, 4060.91465998, -5.62292017714e+24
-372.712417511, 5571.54775211, 2267.87156733, -2.57429513766e+25
-742.923710311, 2341.8542856, -2281.35705507, -4.05678966914e+23
1863.74827712, 1810.09123305, -4738.02292093, -1.36393974954e+25
-1020.26043707, -1181.20311866, -1230.39298619, -5.12294364159e+21
3483.54487933, 4751.03765557, 1322.52130087, -2.90006313682e+25
1347.97702335, 2802.38972792, -5367.81062694, -1.9861969759e+25
-3481.86779866, -4334.74436207, -4852.75399608, -1.62478444335e+26
-2331.87648958, -5136.80305991, 4001.50313472, -1.1084046038e+26
1225.10833435, 2809.32170881, 5160.68666657, -2.35744928721e+25
-4467.09869327, 1457.35914773, -5425.46984782, -2.44722538243e+26
-588.471367183, 2708.69268928, -2123.86866944, -8.54241577788e+23
2726.16832385, 211.263114478, -471.213189863, -6.38707145682e+22
4328.13619079, -1437.82695648, 2244.73859628, -1.33312605622e+25
4894.04342402, 3021.5605853, 2447.00229389, -1.11070548542e+26
4353.25524657, -2784.10372291, -2385.22135692, -2.87480766041e+25
-3752.62409198, 5259.00613714, 420.857070513, -5.56303040958e+25
2168.09771037, -2370.99542441, -3266.10066718, -9.30170414889e+24
6309.79411118, -4087.59853923, -27.5998684736, -5.71436118127e+25
-3388.92713093, 1340.61523038, 3147.64173948, -1.82914138166e+25
5429.65301242, 2010.38810246, -4458.29059922, -1.8675880968e+26
-6282.00574955, 1230.42412109, 4981.50663186, -1.0515662542e+27
2714.35782354, -127.342253029, 5700.18418233, -6.64961844246e+25
-678.542815688, 2731.87426315, -3920.29702536, -3.04137263203e+24
1875.52754841, 1573.91105621, 4476.25020905, -1.05045028055e+25
-4264.65827451, -199.15616415, -1661.58218606, -1.07976414655e+25
-4635.2373463, -3378.81075314, -1688.1681659, -6.01649428009e+25
5338.48643341, 2643.25396349, 4211.88157245, -4.62242930252e+26
-2264.37106974, 2091.96512266, 4442.74454754, -4.653785226e+25
-476.038746433, -2174.41455301, 85.3668181399, -3.15074680834e+22
-853.006103991, -2058.31572756, -1743.6321745, -2.45397864728e+22
-2939.30154967, 3551.62540158, 5136.50632182, -2.46765813491e+26
3674.40743036, 4655.0710111, -6647.83103819, -3.63832696014e+26
-4965.86627598, -1235.26018396, 98.1814688091, -1.39121451923e+25
6198.16871006, 609.363184406, -130.47128313, -5.75272982772e+25
-1964.00353746, -2270.03531929, 1087.8496758, -1.35425169808e+23
-3445.25521662, 1495.7247418, 790.646376303, -5.25459741764e+23
-2305.82328968, 2577.6856657, 823.414959776, -2.58622961929e+23
246.307923833, 5974.25428309, -3485.19648219, -2.87904643526e+26
5619.44186915, -1715.3397265, -2838.79385761, -1.08695289205e+26
264.362911464, -42.8645336771, 148.535758407, -3.60997345253e+15
1341.10713136, -2017.91747063, 3907.00985043, -1.62998360212e+24
-287.028347185, -570.259151847, 1460.6115278, -5.1803457953e+20
210.737216327, 807.271423863, -4302.57222108, -2.24282075396e+24
3629.04877325, 1755.20972126, -4979.05855118, -8.25505651812e+25
-1106.54739042, -5190.1322429, 156.740837873, -3.27032946275e+25
2578.11978757, -241.628574171, 801.510868388, -1.13392552456e+23
4220.66185351, -4878.75079403, 583.65151505, -5.45187988547e+25
-1971.83530511, -735.849190688, -1292.96327203, -9.05949446284e+22
2931.71715288, 1053.02844052, 578.792845155, -4.7847268317e+23
-457.742271432, 51.4996266313, -2154.44630934, -8.54691517747e+21
-5273.25836384, -3004.69088401, -4639.11166518, -6.01410851747e+26
-2163.52878308, 2495.10449109, 6122.95137164, -3.18321039103e+26
-5975.16486764, 1073.96852971, -2210.16691278, -1.07558748851e+26
733.63663364, 1728.794574, -1754.49868204, -2.80231722624e+22
2218.54695043, -4755.01866143, 1350.68264436, -3.74051545076e+25
28.3511499033, -395.904792482, -1258.59299464, -2.69816118736e+20
-4364.37049981, 1964.22159475, 336.146193277, -1.8654198995e+24
-1426.04052098, -1059.79483298, 2311.65081445, -9.97006106765e+22
5927.24883455, -2165.73167208, -3905.56096542, -4.17145405221e+26
-3617.67964728, 4780.48381336, 1887.10633793, -2.703992561e+25
5232.98200053, -6358.91366817, 1703.82482602, -5.70657992582e+26
5325.74478778, 2239.4088284, -3161.72916462, -5.02040805604e+25
163.516210522, 3778.20347371, 5772.39246462, -8.49466813768e+25
5047.04961684, 2790.87504916, -229.589270136, -3.13708027496e+25
14.7064856053, 1216.63293345, 2516.35605419, -8.92447842412e+22
-2781.10413642, 1403.60173281, 3885.90185099, -2.81513260322e+25
1597.02245905, -1371.15535358, 379.217851931, -4.87849273103e+21
-5209.06348118, 1704.28092122, -3320.50282879, -9.79128902116e+25
6346.12549446, 3944.64351653, -4991.15936244, -4.5158556359e+26
2083.54514286, 1282.26015751, -965.105485077, -2.22263686203e+22
-1465.65505338, 334.395069717, 4591.50748205, -1.6671881419e+25
-496.436143676, 340.848302449, 694.869868661, -3.45958217784e+19
561.313420761, -1031.66299894, -987.903733585, -7.18735700319e+20
-75.4774198644, 4677.40181058, 1547.30833352, -7.18871753425e+24
-718.035317634, 780.325903317, 1595.31143094, -1.07714434214e+22
-3518.73292817, 2009.71874504, 4720.08408779, -1.60117410058e+26
3966.75615335, 2030.28735616, -4318.38290285, -4.75245483018e+25
-4921.13668255, -1034.37929976, 292.871113208, -1.07839961771e+25
-2464.7240834, 2297.49971439, -6051.7934965, -5.8103167451e+25
2543.02262673, 3613.676336, -846.112349057, -3.3274302524e+24
2709.38668533, 15.253176915, 822.307527593, -1.91593528738e+23
-243.357243587, -2139.22333338, -1765.84757171, -1.70205300784e+22
2588.00347739, 1623.26795391, -4868.16100365, -3.21245151272e+25
3515.88699173, -2460.16615767, 280.630140065, -7.57769278831e+23
1652.9947178, -355.18315375, 1105.26545763, -1.24896298912e+22
2269.63220096, 488.49029754, 3974.35701832, -7.18599248764e+24
3680.55154889, 51.2918088427, -3773.28477164, -3.4310806473e+25
646.595687716, 3662.33528681, -2424.94036592, -6.29496857306e+24
620.686454887, -4478.46423878, -917.401360014, -6.77598081533e+24
1143.5832963, 4238.4909781, -1596.76130242, -1.21186967595e+25
-2230.49046427, -2442.69604787, -191.161361787, -2.68256398279e+23
372.214194391, 1960.9425658, 110.539718677, -1.15987418226e+22
-3714.65032955, -436.464328643, 1720.00144138, -1.84578720838e+24
-1438.75248458, -919.52143608, -1756.88989019, -5.43393981499e+22
-48.5036496433, -1689.81222602, 2397.03870362, -5.35169618894e+22
-1483.53567837, 2830.36963851, 2241.47758184, -9.18985618605e+23
-1016.78600736, -3862.27410326, -2377.368151, -1.22606591391e+24
863.282059319, 1114.55889056, 2780.12687753, -1.60003006224e+23
-154.310085116, -6684.68085014, -3140.7475825, -9.69252142465e+25
5304.43202484, -3389.83190139, 2435.90194243, -5.84199302399e+25
-479.36575379, -5125.93211514, 88.1191707349, -2.91475439911e+25
-147.512868487, -4116.83269769, 1761.42905326, -1.10467531662e+25
4485.75496743, 5616.81727725, -6175.96039742, -5.72462609394e+26
-2438.7477177, 811.50722701, -1906.81004009, -4.04306181138e+23
3244.51384629, -4768.42175444, 2208.99137834, -6.88653542892e+25
3560.29205067, 4561.49156317, 2579.10762921, -4.40458940372e+25
527.578545076, -1025.1880407, -1047.51326822, -8.55947874718e+20
-2269.0403642, -4721.21083083, -532.767700965, -1.36747432226e+25
138.32641301, 4462.39526265, -566.717204078, -1.20959887669e+25
-136.438323133, 3263.45414273, -5649.50723804, -2.24964352483e+25
-1857.13220474, 439.787370264, -173.422027649, -2.67524200449e+21
-1090.9357283, 2320.34971997, -6537.74830173, -3.93887182218e+25
3097.83924514, 1845.68123825, -2931.38929282, -3.10921123328e+24
869.736313521, -3498.68469389, 2071.80492599, -4.75286359877e+24
606.961850583, 4133.83290974, 4142.32978972, -8.90018350031e+24
5885.27980758, 1174.30426947, -3651.64638403, -1.53456892156e+26
-425.385675884, -841.937296723, -643.699163692, -2.26091539838e+19
5240.48672892, 1913.07895067, -2055.76736791, -2.21614435507e+25
-15.5367602366, 4359.71641793, 74.6119448398, -7.66318791064e+24
3607.98656686, 1344.41327989, 1831.46020796, -6.91905049545e+24
-8.42992043742, 374.171950277, 1960.97343913, -7.57814562079e+21
-2336.7475162, -221.983186005, 956.237242947, -3.5362327568e+22
862.894963043, 6152.59009147, -1769.7760317, -2.07462112373e+26
-2568.98554427, 6899.113913, 1518.74644774, -2.46206867025e+26
3771.68324546, -2512.97508157, -2569.93836416, -1.86568857365e+25
551.362665691, 3229.01985469, -1232.22451035, -1.40836154244e+24
-1957.1251965, 99.8641611814, -3622.37576069, -2.51532368893e+24
978.760747075, 269.441487627, -2134.83135911, -4.49198073455e+22
-1057.92094272, -1669.06285458, -5387.12603985, -2.19843972713e+25
3476.91791296, 906.88414919, -4704.49782442, -6.78771588985e+25
3781.10844959, 3594.51364108, 3693.67075721, -8.17420392703e+25
-768.607105279, 4597.61214791, 489.875687644, -1.04373493525e+25
-3686.89405405, 3724.07326649, 1151.09259785, -6.52397659783e+24
1427.65814734, 4968.34860918, 255.599449874, -2.00492497086e+25
-2043.90499021, 3308.76372405, -2349.61607574, -5.53771292434e+24
3300.83781712, -2561.11819119, 1692.42378898, -2.39222205995e+24
-1104.81748328, -3694.76899607, -2600.62877507, -1.05770279557e+24
2416.69684742, 536.819566018, -1713.57802638, -1.93065140098e+23
-465.614717132, -1928.9424412, -4529.06382035, -6.99901295462e+24
1665.65530912, -4221.05212344, 3267.69087489, -3.36387932787e+25
2062.95515471, 3714.47310017, -4138.13873814, -1.6601855461e+25
-1939.02443294, -833.358565824, 91.3606896656, -1.09512544576e+22
2882.06660116, -343.146612032, 1787.19581126, -9.59726551997e+23
-4758.37591943, 213.184087268, -2725.40297502, -4.74966953905e+25
3794.44727949, -6522.6041757, 2915.09377173, -7.26558357624e+26
-3350.47889708, 5512.93878843, 6648.25023893, -1.85836408239e+27
2507.21239275, 608.979831359, -1070.08860586, -6.43397693268e+22
-3976.33179376, -4285.95432766, 1138.57445905, -2.25551599649e+25
4645.03843963, 5990.67882458, -3156.06851349, -2.94608594201e+26
-2230.94406822, 1523.2706583, -1726.195997, -2.03338961367e+23
1047.61894744, 2155.39241664, 3146.26457386, -6.75750298966e+23
2770.37981359, -3743.08558392, 2582.93340785, -1.67549907017e+25
1035.08212956, -3505.29052146, 3056.6672557, -8.26516441113e+24
4757.15432924, -618.068199018, 200.119297332, -5.07033211181e+24
-244.601147707, -4350.76019511, 6319.04042141, -1.11161365105e+26
12.5770962217, 730.507888864, -495.670648707, -1.74541554784e+19
514.826344706, -703.500247489, -119.607036506, -5.00581089022e+18
1864.26784992, 5748.72166171, 1755.0764299, -4.23365244757e+25
-5650.38535324, 2824.90847215, -1169.10359293, -2.65184555274e+25
-3194.35152216, -1159.65484637, 364.031996532, -4.40543874441e+23
-3588.84792018, -1997.96367987, 4991.91602968, -7.61471062233e+25
4312.99552625, 2216.31793445, -5711.05329001, -2.61582284666e+26
-5361.21770654, 5086.07458986, -1622.19555187, -1.56099069717e+26
-2516.85041153, 737.335738865, 2490.80871221, -1.97923862947e+24
-491.831642056, -3725.88091488, 3430.85233369, -1.13417539384e+25
2235.77883852, 461.19742164, 3115.7883577, -2.29814304642e+24
2680.43148782, -135.547791693, -2316.72051926, -1.37499825723e+24
-4835.73407857, -830.562338263, 3528.25248608, -5.84251213112e+25
132.089105579, 6505.13846516, -1976.80629479, -3.45397919619e+26
875.299739837, 2799.18839129, 5172.63561107, -2.33401385677e+25
-2011.20047247, 1108.85087751, 2602.7687262, -1.50062532309e+24
-1608.95176583, 674.420221744, -1932.31263748, -6.36188816714e+22
-2788.32121617, -420.696054214, -231.639572176, -1.45720985513e+23
214.985299581, -2705.39309625, -1082.31778478, -8.03715521087e+22
-2991.55903557, -482.255837989, 4220.81546746, -2.83443423814e+25
-1613.94621484, -2968.43201138, 1914.62512813, -1.11265724294e+24
4936.76317356, -2518.84202543, 2991.39677326, -5.24818797492e+25
2479.86565733, 4518.75209524, 4385.40272831, -4.1253051082e+25
214.708958742, 914.775253926, -643.653086673, -1.01671971694e+20
-3548.45223682, -441.768358595, 190.679342059, -6.54535809985e+23
-524.570016563, -53.5564560579, -5620.32756874, -1.92800521492e+25
-1292.30161853, 1855.91951954, 2456.05405998, -6.30412764732e+23
-3718.31074256, 5924.46158023, -2473.57052682, -3.38086443028e+26
-2372.48500043, -568.067227776, 698.043615437, -2.87932354932e+22
-4058.62777935, -3885.500619, 1885.99631098, -1.57302342295e+25
4544.43774579, 1061.8938265, -1207.52933617, -5.04832945458e+24
-5052.45002317, -6208.4855683, 1702.11292628, -3.22063520687e+26
5242.59249878, -5053.64486523, -2682.58271882, -1.84629456915e+26
-2544.57179014, -1774.13315437, -1723.09103793, -1.11281994363e+24
276.682907007, -13.9697280533, 757.07259144, -3.66309786581e+18
3877.8341753, 1703.71865704, -335.970160459, -2.63879309366e+24
-948.763134606, -2224.1689102, -4156.28323011, -4.00968543892e+24
-2799.88531722, -728.208666811, 2806.39691849, -2.5891288138e+24
-1757.57468422, -2989.61627559, 4357.03131904, -8.17039092953e+24
-1656.94513657, -848.040294864, -1174.71679695, -3.15473554839e+22
-2942.31025851, 1578.85435858, 1035.92923093, -3.56798729078e+23
3227.65647957, 1004.66458393, 535.343917984, -8.51934645579e+23
-3138.20474196, -2543.75446568, -1378.59942373, -3.71428929118e+24
-718.948287937, 254.899889199, -941.652828676, -1.48163652343e+20
2424.64084928, -3441.59858852, -194.042527577, -1.90226495239e+24
-1037.10292792, -403.356712928, -1136.96967043, -2.25309236669e+21
3497.40662744, 1917.33268318, -23.9867160034, -1.78437552206e+24
1498.51493356, -3272.20150398, -3823.50473529, -1.591018147e+25
-4530.18263009, 5728.26563075, 1920.70161535, -1.14801933302e+26
-1757.13954074, 1792.09219071, -1135.26494485, -6.34494843943e+22
809.383581259, -3101.72716518, 3536.89938968, -4.83954135744e+24
-1444.99268118, 2979.34703747, 1453.54004336, -3.25782062092e+23
2591.11012335, 880.842071918, -6225.11791881, -1.94611953437e+26
-597.518988175, 3777.49405115, 1723.24929089, -1.14642056307e+24
684.209092251, 223.719475841, 2083.21018837, -1.1629731073e+22
-4511.09385644, 2580.89862826, -2011.6283639, -1.35424753454e+25
-2235.02542653, 593.995877232, 360.978493835, -1.00585410935e+22
4500.83676121, 4565.67836755, 1163.64847666, -7.08010499656e+25
5487.40543957, 2970.59103991, -81.8048609402, -6.33724007792e+25
6011.93020228, -1420.2769781, -3153.93182151, -1.88868307009e+26
1954.77108754, -3111.72093733, -527.564076559, -6.28690903966e+23
-4227.95882565, 5662.53558841, -4485.89160977, -5.74234938281e+26
1317.60576099, -1468.84859645, 1137.37030068, -1.45469010624e+22
-3595.06785645, -467.136061898, -844.871693497, -1.77325297607e+24
-1946.94349984, -2076.17742887, -2091.23070291, -5.88669413282e+23
-2113.29870917, 1585.0823758, 3671.18436839, -1.20734805976e+25
1220.98008311, -1471.1707834, 648.045198638, -6.58954207318e+21
350.909823603, 3705.86360218, 284.609457024, -1.82053018173e+24
2071.2343867, -204.809372738, -5519.01975334, -8.42631924624e+25
-3977.53416124, 3997.37663709, 1898.66798045, -1.93522453441e+25
536.047565599, -1100.93155106, 51.0387872422, -1.93196345219e+20
-1081.29295584, -1332.20219357, 1147.54759916, -3.20893343004e+21
-4485.07111023, -3874.3471039, -2927.40527959, -1.2137471544e+26
-141.389034547, 5167.62536686, 2007.32423847, -1.43537505105e+25
-1188.24479222, -4052.20609198, -3154.8422674, -2.7034626427e+24
49.8438673388, 3972.83866069, 1040.33890415, -2.22206608588e+24
-3440.96535451, 255.687649733, 2599.93925595, -6.02900999933e+24
-6019.84330342, -4213.13259506, 919.588231957, -1.59367793153e+26
1716.7392863, -8.81677490636, -672.420187463, -3.02089899794e+21
-5759.36338974, -3234.87683785, 4664.61036938, -2.36041131109e+26
-1165.10489669, 2941.75027906, -2257.15651789, -1.87150742855e+24
-3560.92156095, -368.390658049, 3473.18171015, -1.87866603234e+25
2537.3893276, -2345.17213299, -4738.61010229, -8.78022756458e+25
3212.1902719, 6050.12339898, 1318.55527117, -9.74117323983e+25
-2218.17534602, -417.759601328, 4702.58812102, -2.81046386268e+25
3747.49509474, -6354.2336903, -1608.96875565, -1.61098029859e+26
2916.07486171, 1691.97316128, 2255.34103064, -3.82768585989e+24
-1254.98629639, 749.553841888, -2116.60480789, -3.7021029774e+22
-2867.91305289, 820.676457568, 3677.50494446, -1.89734604776e+25
1996.2073463, 4098.3447471, 3.45673307337, -5.19217233192e+24
1333.10277552, 5892.24354027, -6635.88027587, -6.27868572882e+26
-2552.40595648, 525.445346789, -3177.23105555, -3.27224938102e+24
1456.54162396, 3195.97949464, -2037.96119991, -1.96674366214e+24
-4577.00734909, 1490.22340868, 2782.8485005, -3.798088625e+25
-2493.44453742, -23.2300255705, 2104.39354085, -6.43837729694e+23
189.726688358, 274.435365827, -29.5165272596, -3.19558565602e+15
1592.98030407, 682.21677407, -375.106529226, -1.67153010573e+21
-399.450427806, -3908.6330811, -1549.68656944, -1.48627819232e+24
2825.48258175, 2310.58537317, 1833.35174846, -2.78526856908e+24
1355.75331502, 4266.49548378, 1634.49394079, -3.45988946319e+24
-2887.61626699, -2667.83497156, 811.652310155, -8.79741447029e+23
4920.15497906, -3440.29516383, -2802.42651678, -9.33326453393e+25
3928.93502696, -4224.58508543, 2966.35403138, -6.26453966695e+25
-3435.39121752, -2284.57903053, 2986.58319334, -4.79290914516e+24
-4151.89946208, -2800.56470767, -4574.52823613, -1.90041542033e+26
228.823125411, 1971.70602827, 6071.77064082, -7.13071707363e+25
1917.38094156, -5990.94365747, -1101.80384967, -8.11178091218e+25
3086.89680304, -2288.51878536, -873.914264354, -5.66201750427e+23
-3343.79086824, 1059.43821106, 24.2052823779, -2.05513084403e+23
-4553.05877065, 3287.04967806, 3582.35389166, -1.48506919875e+26
-926.420954956, 4771.79916316, -423.842166075, -2.11947157525e+25
-3236.46185507, -2206.27822868, 6507.09945877, -2.83724922059e+26
2068.17217158, 2972.7086104, -2728.38580772, -1.98704810764e+24
3608.05443412, 1454.2436768, 1254.43743826, -4.32675234984e+24
-1554.78963329, 115.501933771, -2725.64458575, -3.02166728249e+23
-1415.56815091, 1471.12613584, -606.228791355, -7.9443618931e+21
-1921.34711436, -101.682914016, 1091.4079041, -1.76221005714e+22
1190.84243768, -2951.85666258, 2363.57375275, -2.03258583547e+24
3309.82828219, 4255.56233307, 3243.34109257, -4.19434276451e+25
3322.65868749, -4615.58559499, -1603.28424922, -1.6805967676e+25
-208.80029446, -2172.2163746, 95.9181883056, -3.18311720313e+22
4540.51448518, 3847.98267154, 2185.70657784, -8.4150342789e+25
-1132.69108532, -1157.93709494, -4295.93072555, -3.73789178714e+24
-1385.01919953, 5031.46929268, -4410.67658706, -1.48826206936e+26
-147.451383798, -4668.13672099, 2037.29857127, -3.07231730234e+25
-1743.55504174, -3411.78128152, -282.122423005, -1.10050315606e+24
1981.88340754, -2442.54178824, 1804.66364211, -6.7923697471e+23
-2662.26945031, -4010.55483748, 3959.83603989, -2.4735952254e+25
557.263101984, -6849.69677324, 210.916382, -3.19935339284e+26
-2082.32244117, 76.1313461994, -4343.91645659, -7.70574533914e+24
-3398.91746439, -834.936245936, 3306.16540714, -1.07890499009e+25
-4033.93261658, -3711.4717455, -2760.02839188, -6.11215878474e+25
6495.41067611, -5015.72746129, -2855.53608667, -4.98625722018e+26
3293.78424105, 5366.71682542, -3286.80088543, -1.2332633692e+26
-2613.67281493, -1475.1907048, 3146.80552642, -2.69831109119e+24
309.437590117, 1718.34955484, -3453.8217886, -3.57887011246e+23
3306.03134037, 2442.74859796, 2243.62883528, -9.55375094458e+24
5385.3321366, -2961.09348954, -1968.70096227, -5.01833189453e+25
-640.2366643, 3446.79499408, 1244.88218243, -6.3804531876e+23
-2026.7968232, -4363.0088698, 1523.68980606, -1.47106560736e+25
5053.67428725, 333.840904737, 1701.04918209, -3.52015646033e+25
-4881.88368882, 2294.2769599, -3813.14884039, -9.80801250314e+25
5168.29830154, 4708.92811884, 1391.33141878, -1.69089229293e+26
2525.60699957, -702.826519835, 983.983491901, -1.06100929946e+23
-415.271755759, 2921.56463887, -1924.63629463, -1.18857438038e+24
-1822.42648953, 2140.65247604, -421.459286646, -8.65710875087e+22
-2024.83622344, -4716.96557358, -870.306314549, -1.15760522342e+25
222.944409198, -662.14380193, -2510.49797234, -7.78219531028e+22
2826.41777188, 2414.96279722, 2693.73442241, -6.75735882309e+24
-3050.7814501, 1918.14306104, -2049.82049616, -1.58564529488e+24
-5969.87912156, -1262.12312898, -3122.5650259, -3.2954725647e+26
-5933.13949199, -2017.95422817, 642.325204445, -5.96285620955e+25
-3336.01871322, 5597.96431475, 1803.15472667, -5.71576123385e+25
-2347.468565, -2459.79385454, -4812.75123517, -3.12148545378e+25
2209.07096115, -517.209752826, 988.795766641, -4.92666198865e+22
-270.633109191, -1532.51503728, 3751.82121597, -6.23628304097e+23
2980.18257299, 3157.3450841, 2739.18048885, -1.18103020998e+25
3087.3749077, 4955.63428264, -3720.78290487, -8.2439601065e+25
1589.36629899, -3128.3075074, 5073.47823247, -1.87259537487e+25
-3897.15620726, 2124.54568958, 5836.78813101, -6.20119831497e+26
1415.32437884, 5089.37612774, 1073.30983991, -1.81749403732e+25
938.62143008, -11.0830117709, -1742.1158408, -1.47937524773e+22
-1732.90360416, 4377.82411246, 850.468009867, -6.96626787847e+24
-3043.85949137, 2047.70523221, 4124.84597501, -5.79602361316e+25
455.949669727, 1449.52462124, -1654.2845473, -8.68323955617e+21
3387.73197813, 2029.06011036, -355.29331682, -1.30221620812e+24
158.31928685, -2016.86424615, -6112.78046155, -8.904593298e+25
3318.49320863, 2643.07031869, -2193.50929579, -2.05079166783e+24
-1123.56876241, 2173.61886715, 934.675327114, -2.59481988718e+22
