-0.474808637469, -3.65004680009, -4.86300127989, -46.3902056452
-0.594882424691, -4.00442915133, -4.95902028905, -4.32087293467
-0.420055519522, -3.88776934752, -4.89061148761, -6.95346169459
-4.9994042941, 3.81327464839, -4.89395238358, -444.42566549
-0.820891289337, -3.98644258475, -4.91740247399, -32.133484304
-0.498655317715, -4.01288106446, -4.89554525176, -0.0546317445609
-0.511794147767, -3.36143849433, -4.8825848063, -118.145476794
-0.38416355176, -4.35833213697, -4.88817713408, -38.3940594606
-0.505998198865, -4.10171161659, -4.88297132825, -2.1238058715
-0.531631315431, -4.02477382878, -4.89455737249, -0.342299311851
-0.507059300288, -3.90949693682, -4.88104442507, -3.11093663161
-0.508483063022, -4.00269393881, -4.84042823842, -0.461884023055
1.34435643718, -4.02318218382, -4.89172185223, -221.985156886
-0.452303308645, -2.96432714435, -4.86056350009, -222.030427069
-0.507733094263, -4.00937470981, -4.8845525659, -0.0224788760557
-0.49499272844, -3.70943602741, -4.88256264582, -37.6133832829
-0.504980551875, -4.01447766115, -4.88011531649, -0.00810525334715
-0.497761444913, -3.88067016216, -4.87874372902, -5.47476147808
-0.50114293516, -4.0142961697, -4.87938970481, -0.00183638309466
-2.37325155447, -4.05218793291, -4.98904010166, -242.349524054
-0.498394429629, -4.00844653462, -4.87634412305, -0.0100610011993
-0.498545079394, -3.95844483135, -4.88327681703, -0.793266488145
-0.573442249654, -3.98670492275, -4.92306935731, -2.06094937143
-1.48822522094, -4.56183064525, -4.91244714883, -144.770249009
-0.498030442349, -4.12023061178, -4.90214140589, -3.23152608078
-2.3914479026, 3.49860488104, -4.99942402257, -128.287977041
0.0191938228975, 4.90046871673, -4.91907538822, -444.977628897
-1.47608346885, 3.61476248212, -4.99999999998, -3.78816936921
-2.04363598972, 2.88397166869, -4.99999997411, -217.901783086
-1.49149880757, 3.59337200347, -4.99999999983, -20.4871418836
-1.45809798872, 3.58824691244, -4.99999979093, -38.4631656206
-1.47621706539, 3.61576171024, -4.99999995538, -3.71001254416
-1.48616905758, 3.62789171381, -4.99999990626, -15.1220561989
-1.47688216764, 3.60145330741, -4.99999995297, -8.56340207842
-1.47761897867, 3.61229212897, -4.99999994008, -3.9445775727
-1.39228029721, 3.59835912649, -4.99978051748, -109.805292514
-2.13606975314, 3.3319538482, -4.88817061782, -153.879836453
-1.47206274083, 3.61749802981, -4.99999994183, -4.65879910066
-1.50318519171, 3.52753105434, -4.99798125069, -107.987431327
-1.47808984453, 3.59013548478, -4.99999467365, -19.2695181358
-1.46086136482, 3.23169060644, -4.99999208928, -80.0400464704
-1.53651275529, 3.3249768165, -4.9693270702, -83.4829183777
-1.12291470671, 3.72924509313, -4.99999634876, -83.0575866079
-1.48194784374, 3.6804321941, -4.99999144784, -69.3674366599
-1.47556601134, 3.61228500959, -4.99999990038, -3.91245020113
-1.62442151737, 3.801049553, -4.99998706791, -80.5830018991
-1.51674200315, 3.90562723968, -4.98568384372, -76.2237012893
-1.44686254054, 3.61256668701, -4.99999420181, -37.4096752655
-1.45272644668, 3.30343197656, -4.99978683003, -88.6514939844
-1.47914731475, 3.61881762308, -4.99999953009, -4.74659361582
-1.53610027969, 3.48572243311, -4.99170295546, -91.8099494521
-1.51151080509, 3.82328704973, -4.99984008728, -80.3904692812
-0.88312032682, 3.62424984956, -4.98668324666, -145.607936084
-1.46757803094, 3.6136489134, -4.98985802886, -8.67654555141
-1.30077124524, 3.8267466549, -4.99323635161, -9.96376713889
-1.55168028711, 3.95361123159, -4.98873659755, -80.2151182802
-1.50724959614, 3.56067212685, -4.99982642071, -70.3761645208
-0.396267401668, 3.54928212336, -4.91786644785, -329.049042617
-1.33952598638, 3.52948334141, -4.71574742586, -75.7497642361
-1.57103494191, 3.61569476182, -4.99998920162, -101.685642672
-1.49886320237, 3.31145077053, -5.0, -91.8783033522
-1.3718710126, 3.54433237412, -4.99999548632, -73.9736558118
-1.59104387965, 3.38364704973, -4.84999809523, -61.3027763637
-1.68017324995, 4.90615151999, -4.97529893754, -145.906334283
-0.215895458465, -0.72418550915, -4.99861424065, -918.948246225
-0.207561684656, 0.711033344239, -4.78086988583, -1330.04165096
-1.35967493238, 4.90954180819, -4.97362512017, -174.420364716
-0.767958707757, 3.6556083302, -4.45668781263, -277.412607244
-0.858575828382, -3.39843359026, -4.99996812498, -116.604712999
0.051320671856, -4.91848158028, -4.80231155668, -110.942871794
-0.260314238991, 4.90000680066, -4.87797661612, -395.342223155
0.571654961904, -4.90000992145, -4.85775829117, -135.660890492
-0.615520749805, -3.88955895719, -4.86976253938, -7.68866580894
-1.11514391244, -4.92182131091, -4.87060436097, -122.407346593
-2.12109823823, -1.13503669696, -4.92144891639, -674.966356623
-0.527798016655, -3.91222559129, -4.74520843405, -8.75694066175
-0.490710555596, -4.90099991576, -4.92679208508, -83.7659243168
-0.543431568868, -2.93081816861, -4.8884137929, -228.039924826
-2.06809429901, 4.93437160736, -4.87280367511, -226.215888139
-0.495290516642, -4.02878404139, -4.88121847715, -0.0697545591122
-0.525020834398, -3.80057248009, -4.8816817948, -16.9485780132
-0.484598143482, -4.04906217336, -4.85909090809, -0.504137191884
-0.497838557681, -4.98569981092, -4.87705106369, -100.174553916
-0.409151231196, -4.03924435145, -4.88288776221, -2.14030819033
-0.503067726349, -4.18308452223, -4.84317007956, -9.28837359239
-0.464971206622, -4.02341613749, -4.86416098977, -0.397309005104
-1.27353834693, -3.9571869858, -4.94735193379, -108.004550044
-0.414148485996, -4.00527675136, -4.88797875472, -1.80515190382
-0.430887766161, -4.01015619533, -4.85327618798, -1.41248605263
-0.640765299348, -4.01126790551, -4.88107736705, -5.16008802001
-0.474468048696, -3.99567729441, -4.9227398002, -0.67207151377
0.258922088225, -4.02530094342, -4.87284784355, -93.5349789647
-0.246744700667, -4.03390159199, -4.89030474304, -16.9667193524
-0.442209637833, -3.99866557811, -4.87068754592, -0.90640062365
-0.500648702253, -4.00696228752, -4.88209703274, -0.00867633500548
-0.415669718108, -4.008664452, -4.88267438076, -1.73365379089
-0.495414483811, -4.023915066, -4.83445182653, -0.582602970629
-0.484557297153, -4.01206859404, -4.8805242183, -0.0574268144058
-0.481643890066, -3.75224370355, -4.92914151431, -29.3714669355
-0.478048942078, -3.68520961442, -4.87293462376, -42.8420137219
-0.557652116682, -4.63461067638, -4.89800177228, -77.7537490336
-0.489364250523, -4.5629876705, -4.94752444764, -62.5102250215
-0.501217536414, -4.01013298255, -4.88525587849, -0.0069566228648
-0.486552935986, -4.35195950216, -4.82129508, -36.5543994522
-0.636617329137, -4.45105038639, -4.8776069882, -48.7817722772
-0.475279480853, -4.00003925927, -4.84039985732, -0.612572858847
-0.497720677887, -4.01110474604, -4.88739412212, -0.0122086490765
-0.519762114638, -3.98846993003, -4.8670979212, -0.304962759633
-0.550969775918, -4.00518830261, -4.96709208051, -2.78479986031
0.00629336357817, -3.93225380703, -4.88135666519, -67.089104591
-0.497535443733, -4.01323382494, -4.87203613032, -0.0211190525086
-0.494592810743, -4.08426573027, -4.8542350632, -1.51539045401
-0.530229566006, -4.05258683794, -4.87942439718, -0.634316957829
-0.394285188153, -3.95974571413, -4.7495702523, -10.7734014568
-0.498934480969, -4.01709734792, -4.88147484366, -0.00532967039498
-0.502346038802, -3.87973816715, -4.8972675061, -5.62532906949
-0.510686093496, -4.01327447869, -4.88543315722, -0.0360432610039
-0.497484628005, -4.01556992588, -4.88491696923, -0.00751366124019
-0.490244445946, -4.02559690493, -4.87720649559, -0.0674845099068
-0.547286716139, -3.79852093093, -4.96967876789, -21.1656418054
-0.49285291917, -4.00883724847, -4.83932308057, -0.453222970822
-0.490757254777, -4.0141565725, -4.88298177766, -0.0218227327974
-0.503496700618, -4.01385688833, -4.87527981143, -0.0120344944317
-0.522888793854, -4.0068638135, -4.88218698069, -0.146383592325
-0.78241666277, -3.95426402335, -4.8825153607, -23.0390521432
-0.433690994869, -3.99786918599, -4.89247892803, -1.15110400941
-0.496335464864, -3.97232247035, -4.96709019547, -2.53934322262
-0.478475982217, -3.98731141175, -4.87297336526, -0.296161639916
-0.573279293924, -4.03589782561, -4.89696113982, -1.61142231755
-0.586295450392, -4.69819366168, -4.8599722735, -75.5052467559
-0.501836948255, -4.03176867723, -4.88201756788, -0.0930048589639
-0.557296509939, -4.02357174809, -4.9999875296, -5.10807146187
-0.503747802407, -4.01241090094, -4.9299225589, -0.61570323069
-0.47654584608, -4.05232786025, -4.968991689, -2.48635093206
-0.621309117129, -4.06648247704, -4.99999978933, -10.7963412723
-1.6567330484, 3.69825234077, -4.96957059415, -71.497581124
-1.32201693203, -2.18673174878, -4.9999922361, -411.210460896
-1.53752811277, 3.58634442519, -4.9461457622, -64.0913293155
-1.53428483354, 3.615609437, -4.98883848743, -101.999096929
-1.26175558922, -4.90086011731, -4.999999976, -120.80132571
-1.4743097395, 3.61550111513, -4.99999996784, -3.95350975718
-1.47658670868, 3.61530533312, -4.99999996909, -3.79384482222
-1.59625681296, 3.55934427332, -4.95903833506, -47.7104587169
-1.47657152113, 3.6213487206, -4.99999998306, -5.25993478094
-1.20116060218, 3.70712593763, -4.99944985962, -102.132065455
-1.47655566161, 3.61395815875, -4.99999995365, -3.88489047238
-1.47186676711, 3.69650746365, -4.99943299082, -82.5544378545
-1.6140128463, 3.82275596948, -4.99963356908, -73.2584445862
-1.99685629469, 3.92450985622, -4.9996183494, -80.0382456395
-1.44123679715, 3.57256633406, -4.99999869565, -77.1389128573
-1.47536495459, 3.61558735622, -4.99999998076, -3.7496380186
-1.65412774713, 3.58468571876, -4.97094203856, -75.0187243335
-1.47622295165, 3.61457438298, -4.99999889673, -3.79939671898
-1.47728944603, 3.61399299295, -4.99999999394, -3.90247730436
-1.19122956236, 0.559593356249, -4.99999126549, -639.396796272
-1.13608504703, 2.4908547695, -4.99900028847, -281.068282873
-0.913253789102, 2.92929783539, -4.91378077507, -255.017481005
-0.872327917915, -4.00287948931, -4.88654635299, -41.299658176
-0.981708434222, 3.47202050034, -4.99998991492, -123.746434194
-0.500214595171, -4.01715586847, -4.86826945024, -0.0451828523987
-0.424538252213, -4.18799438363, -4.99815775374, -12.4165718555
-0.331241618051, 4.93473143662, -4.92697628058, -314.968728575
3.20481822632, -3.95467151503, -4.89397053883, -644.274877881
-0.486244531402, -3.96815849915, -4.99948779936, -4.86182624055
-1.21316054414, 1.92169122367, -4.99999061928, -551.013569514
-0.498422648974, -4.01383625503, -4.95619682599, -1.49136933285
-0.503625212607, -4.0410296227, -4.88416162437, -0.205384791275
-0.505661967293, -3.29290904286, -4.86510051376, -139.474796249
-0.278776289178, 4.90619951281, -4.99744688927, -372.251555347
-0.455264028435, -3.99474420745, -4.82412349903, -1.48583769606
-0.592790534867, -4.01269023063, -4.85848387483, -2.29806120848
-0.500841538666, -4.01205113489, -4.88343981318, -0.00204310430285
-0.500488991391, -4.00603356083, -4.88497674261, -0.0153593457564
-0.476490950631, -4.01409240914, -4.88680252235, -0.141757552802
-0.562866891713, -4.00364965853, -4.8487956918, -1.29160649453
-0.505072563549, -4.39048512625, -4.88735855251, -40.1086255591
-0.289406349486, -3.99241211184, -4.75722829209, -20.612048757
-0.495624701525, -4.0292775664, -4.87897048054, -0.0738810498111
-0.495593652406, -4.00630489679, -4.94795907559, -1.18337166624
-0.521642675149, -4.01566665418, -4.88525920315, -0.129523364563
-0.501867273596, -4.1060576926, -4.88612268959, -2.33105651477
-0.499129217764, -2.53658045783, -4.88225422211, -330.701491876
-0.546018866969, -4.02236686399, -4.88146127172, -0.563177803871
-0.499957066831, -4.00671098385, -4.88187737394, -0.00907711700564
-1.32382057662, -4.07082349858, -4.93933780171, -112.808338177
-0.511848912325, -4.00196368816, -4.93817684978, -0.920885877228
-0.508789912662, -4.01049115824, -4.89232449502, -0.0554425994257
0.162761098426, -3.8727398397, -4.82753865344, -96.9587534308
-0.547843939817, -3.98425749959, -4.89378140587, -0.853210940864
-0.501863054855, -4.0108012512, -4.88051213142, -0.00205105096169
-0.665624161482, -3.21462798493, -4.88596021733, -164.898116621
-0.551605521087, -3.67229975109, -4.937694813, -44.4202770132
-0.538978279372, -4.3921656738, -4.84655608083, -39.4975365759
-0.330318119145, -3.37693878689, -4.86737165895, -122.87898668
-0.498098137838, -4.00145643281, -4.94878501536, -1.23783007984
-0.589145789937, -3.68760910151, -4.87677889591, -42.6920305913
-0.492119745264, -4.00861159905, -4.90156924057, -0.125700814857
-0.504924353898, -3.92821898821, -4.90048514634, -2.09154267953
-0.488023423889, -3.99915461631, -4.8723479853, -0.0994631397549
-0.485679366936, -4.0040954712, -4.90965202485, -0.274515105498
-140.461779988, -122.870558799, 147.45097508, -8.83301917599e+13
-190.723563888, 272.783168743, 74.6259383678, -2.43929915865e+15
251.120159023, -59.4185777896, -183.993887174, -5.587919294e+15
92.3567077029, -284.031969137, -50.8356827841, -1.98214126697e+15
31.1741665279, 3.47589778525, 52.3318803048, -58601.203374
-181.904090147, -92.3012046409, -112.601293509, -5.06783303409e+14
-32.0211851278, -10.5709004592, 330.313989066, -5.00366369315e+15
-40.2522587523, 317.717767804, 12.7121045603, -6.37753540461e+15
318.787738486, 117.383437385, -45.0661799728, -4.17575579438e+15
124.91191733, -201.913205682, 170.789552434, -1.25217442431e+15
-17.1763447617, -75.8355693122, 160.357380103, -1.05612252401e+13
54.3264628701, -113.868562787, 240.715004733, -2.03960470267e+14
109.987121683, -41.1280423047, 209.382236955, -2.58774912827e+14
257.237422557, 78.9977689805, 19.4685534515, -1.04187961371e+15
-203.740615088, -208.456110779, 52.9959080297, -8.38487941291e+14
124.721488741, -171.132079279, 245.005073722, -1.42006104407e+15
321.781063654, -50.0503134103, 139.731507791, -1.02558448521e+16
43.3763581482, 165.031094109, 164.789660022, -6.67665757883e+13
-389.60400155, 104.047052346, -111.417445895, -2.17958458454e+16
205.177720044, -111.711776628, 7.7403932543, -5.00241875277e+13
-173.3748143, -99.7465377787, 34.9545787401, -4.96459682973e+13
7.29490692983, 71.4213549534, -132.172525379, -1.65072952363e+12
-147.407543867, -38.9889370623, 127.279953831, -7.52165288508e+13
-221.637183212, 162.659207461, 204.936102573, -8.66375548426e+15
177.036736088, -179.72323689, 318.168893431, -9.13978111245e+15
139.468150844, -232.920799241, 322.029891269, -1.16577379356e+16
246.167570395, -14.8526412837, -163.3016803, -2.65288269525e+15
154.212475509, -7.65321788776, -208.404346968, -1.38157117678e+15
103.31144591, -59.0530389921, 23.4436394395, -265240.153017
-276.551078589, -84.8058476786, -5.90950698265, -1.65496809692e+15
79.5601883953, -6.07898464499, -32.7838497181, -192096.410809
-62.8926958406, 97.4613174178, 183.540703171, -2.68481780075e+14
-167.597528817, -12.7680420833, -23.0346118581, -2.57030568903e+13
30.2818938043, -119.396118628, -37.7218836187, -444686.904329
-0.67636773116, -140.058313755, 25.7119649848, -1.18775183708e+13
-73.8400424885, -143.370125813, -91.3521285428, -1.21290378727e+13
-13.7072179234, 325.900515054, 19.0798125347, -7.23213896713e+15
-57.4421691823, -58.8081807447, 136.353204354, -8.40549524533e+12
-14.5723101223, -140.812198263, -251.842676671, -7.53418171271e+14
-150.896436902, 305.824017118, 95.7996638131, -3.96206427135e+15
156.988550654, 5.76768158839, -127.144117157, -1.38847948045e+14
-157.05667104, 210.666064323, 161.902091524, -1.68951977921e+15
170.847414985, -40.9084586436, -132.21776317, -3.22791564372e+14
32.7465763703, -261.872282491, 293.975847204, -1.04301143319e+16
31.6970873627, -118.096871, 16.3797542728, -283992.573174
-128.955380441, -358.841282039, -50.6851286482, -1.29253740986e+16
-88.0566478196, 67.5593402632, -14.7443276545, -299338.626156
18.6811208001, -18.4007292065, 143.168038269, -4.0114647933e+12
-282.419732506, 179.136810404, -168.582756308, -6.66370002042e+15
20.8003733483, 194.022401611, 325.848534406, -8.29221573729e+15
119.203217268, -57.8861457465, -131.191898029, -1.03759203493e+14
-129.592008206, 376.849940467, 228.385456411, -2.01843285524e+16
181.672371097, 135.42009744, -353.822020338, -2.09907039856e+16
-9.71250424599, -323.742460246, 177.093533333, -1.94247103553e+16
108.921338461, -111.679994777, 319.023806313, -2.53790988944e+15
-3.25660891794, -9.42257554017, 244.87230374, -3.72169840063e+14
262.322566191, -89.7399089355, -37.0780598695, -3.80790837802e+14
-149.677552009, 91.1198734176, 19.9632464934, -5.83401845934e+12
269.186077635, 332.796828239, -60.3589535459, -2.05296345959e+16
172.806309555, 66.0666761882, 107.815607953, -2.80875851444e+14
-85.9886534138, -5.77078780204, 115.550510955, -1.18672457871e+13
5.67749316493, 128.952807097, -171.606087394, -5.50200199565e+13
266.673703076, 379.236744292, 294.133255552, -1.15466061762e+17
155.140622141, -100.890339232, 62.0259526487, -2.33272576611e+13
-167.766778182, 193.002452961, 99.4856418842, -4.13797656889e+14
199.524814871, -100.866299958, 107.208523949, -2.71718327071e+14
-136.602754066, -50.2476536417, -25.2034295023, -1.07570683417e+13
186.658965154, -61.5507823235, 9.3517870219, -2.17245643042e+13
310.9459119, -24.010662081, 155.039163791, -1.12076362102e+16
175.896930473, 19.2424619623, 344.354610971, -1.57366247827e+16
100.023269663, 15.2734500407, 70.6079163778, -257111.230378
-95.8317056145, 137.795736995, -116.892828061, -8.39019103932e+13
-340.974558659, 227.587070297, -359.180050537, -1.59222101854e+17
-344.099652242, 136.134518284, -47.0474156735, -3.6884693128e+15
81.212047867, 41.6112608485, 39.7342986064, -163728.834225
-61.6908917917, -182.453548264, 237.560829364, -7.93590076987e+14
-17.5806371291, 323.075609961, 132.234612016, -3.39339534894e+15
-44.7095138737, 135.184479889, -135.484155513, -6.0437915428e+13
109.551136513, 108.389066636, -276.330203854, -1.71332504593e+15
-60.4826454096, -72.0228137737, -68.9887633339, -343792.168767
200.632611557, 276.068043341, 80.462591846, -3.64188821825e+15
81.7872754431, 164.472765186, -311.769006363, -2.50375792868e+15
-204.239569982, -251.510038902, -282.879299994, -2.21024837807e+16
-135.763033766, -298.61579544, 233.748329953, -1.43356739904e+16
74.1055499306, 160.225938793, 300.337524242, -3.47716552993e+15
-259.84890077, 88.1791727502, -314.333223419, -3.13432882457e+16
-36.650106587, 156.535714871, -124.779843608, -1.22583639029e+14
155.921020103, 14.2266010138, -23.5102819283, -7.75464817391e+12
252.598100954, -81.730817263, 132.201420333, -1.82746722818e+15
285.35457168, 177.531188498, 143.862987286, -1.4891550729e+16
252.060674392, -163.172841451, -137.390430755, -3.83375991445e+15
-217.993428849, 305.732416058, 28.013698937, -7.64397715313e+15
128.747126882, -134.650864165, -190.507227092, -1.26818711241e+15
366.101509975, -236.145882854, 2.55134248097, -7.12944799682e+15
-194.770205366, 74.8117861761, 183.304589669, -2.23599310406e+15
315.284471905, 117.973398658, -257.877299647, -2.43358520295e+16
-364.454533549, 73.8807109672, 289.825320442, -1.35009421204e+17
160.158445035, -7.02325702441, 330.118566891, -9.10142027241e+15
-41.2316767877, 160.506191092, -227.181735104, -4.50954848216e+14
108.478339546, 90.9606795525, 258.870175563, -1.39648438709e+15
-248.657735668, -8.87496662004, -99.4950123228, -1.49508470389e+15
-267.653243289, -193.92914026, -98.6263464836, -7.59192832871e+15
308.862369535, 153.824387808, 244.27789924, -5.81136237664e+16
-128.604795186, 120.478940885, 259.247569954, -6.18713535113e+15
-26.3355607937, -127.98578923, 6.88980684407, -4.46931130094e+12
-48.5413942627, -116.124375986, -100.54825373, -2.66219556313e+12
-168.942573742, 206.645317575, 296.969842486, -3.13892714316e+16
212.938826344, 270.970922576, -385.984915262, -4.64583773431e+16
-288.879191107, -72.9124077716, 6.97132548397, -1.83420612139e+15
360.145665468, 31.3972997108, -8.00903863072, -7.25099320436e+15
-116.677789443, -134.531306212, 65.6614601124, -2.07211522356e+13
-200.949254013, 85.4448423315, 46.8473002446, -6.39348463013e+13
-133.309570817, 149.331293116, 48.3997251611, -3.45123511734e+13
15.1849193539, 347.407260975, -203.173869675, -3.9020634868e+16
326.565196686, -101.643803928, -162.884855051, -1.44798793855e+16
16.9892503656, -3.46031592375, 11.4890821116, -7291.76529186
80.7629307352, -115.803800434, 228.272277586, -2.24757832719e+14
-16.9819215155, -35.6651433878, 88.0682348334, -157374.063629
8.72273418133, 49.3207029089, -249.426024711, -2.2053408553e+14
209.165610554, 103.737331922, -290.417706546, -1.05835088676e+16
-61.9711388199, -302.534763295, 13.3610641137, -4.37984257265e+15
149.254090437, -14.6998282643, 42.6126667349, -1.24969691775e+13
244.272938415, -284.102269053, 32.0427668883, -6.52834201906e+15
-113.53526922, -42.3232904494, -75.7978249523, -1.16272166306e+13
167.701171473, 62.3039658685, 32.8521992357, -5.4333317882e+13
-24.836804434, 2.46427291638, -128.143241166, -406277.175501
-307.253224648, -172.738061429, -268.860803787, -7.86733427539e+16
-125.912979946, 142.530569706, 356.006793526, -4.34148706596e+16
-346.473591938, 59.8977171789, -128.524414843, -1.40325637246e+16
44.5570712491, 100.641418754, -103.083972645, -4.04834084313e+12
131.97371229, -275.761421559, 78.9652286437, -4.54148204439e+15
3.72010286115, -22.2785686263, -73.7332966676, -140508.332004
-255.08215139, 115.714333897, 17.2792906323, -2.39348827902e+14
-83.9895372206, -65.3009000902, 136.570539345, -1.60089697662e+13
344.340564504, -128.682777846, -225.680823373, -5.56845733775e+16
-209.88536426, 278.088088661, 109.710498623, -3.59362464269e+15
304.417771256, -368.770309053, 99.3036096804, -6.92211671352e+16
308.976121547, 130.262915814, -185.111990428, -6.87449927801e+15
10.7299333571, 218.244668164, 335.041250317, -1.21061903609e+16
294.091884343, 160.712429988, -17.2427555774, -3.9446700694e+15
3.40737858059, 72.4670472238, 146.903289699, -1.57243480042e+13
-160.762266876, 77.8791922909, 225.737623824, -3.60136000114e+15
90.76068375, -77.6318224037, 23.4584488038, -269266.524581
-302.259109069, 98.7118432517, -192.80704745, -1.26818512549e+16
368.523353916, 229.536690253, -289.728740316, -5.97043977551e+16
120.772019104, 72.8252578306, -56.171808808, -2.92729580447e+12
-81.9610713894, 23.683712499, 266.614140923, -2.33657342113e+15
-26.7959832761, 22.7026221117, 39.1178269363, -11160.3032382
33.1518016356, -56.0937446404, -56.3856485795, -191675.25777
-8.8798547853, 271.574018032, 92.612598893, -9.55920302938e+14
-40.3231519354, 47.2960891259, 93.0283379799, -158513.596378
-202.572937672, 116.846768004, 274.922909853, -2.07995390848e+16
230.258041316, 119.198461544, -251.437355475, -6.28150136063e+15
-286.693373822, -58.5723099428, 14.4514370442, -1.44428919387e+15
-144.810956598, 133.808779096, -350.601564289, -7.53946482593e+15
150.50036137, 208.909361589, -45.2463780005, -4.21405731414e+14
154.922636824, 3.31835478875, 46.5464816551, -2.16815166925e+13
-10.6180815082, -125.292866584, -104.637212725, -2.15411892042e+12
149.127412571, 95.6479926054, -282.669908349, -3.92581512042e+15
202.209062459, -141.271167473, 16.2800308841, -8.33570883095e+13
97.7131453237, -17.6093955786, 66.8415629177, -245928.407296
132.846809426, 29.5526102952, 230.69326993, -9.76467463884e+14
212.628754966, 6.75237907821, -220.437294891, -4.49424808945e+15
38.2856068795, 212.125672375, -143.012973827, -8.53399996044e+14
35.5402158393, -260.936487088, -49.8338868832, -8.82745071001e+14
67.7099416312, 247.433471718, -92.3114870195, -1.67693185568e+15
-129.532123254, -139.02720374, -12.5124214211, -3.3399660038e+13
24.6054077492, 114.725522575, 9.23687039089, -42501.226892
-213.484302797, -21.43313697, 101.156195133, -2.19723847706e+14
-82.4525047365, -52.1423805851, -100.898185908, -6.37541277832e+12
-3.72057418865, -98.8261137497, 137.266795325, -6.86730116931e+12
-85.7214344785, 161.760175097, 127.882776009, -1.10536914049e+14
-60.5238495386, -225.270794849, -139.534437854, -1.62934771493e+14
51.3621175622, 65.9845850974, 163.276349766, -2.76207405244e+13
-6.72410518225, -387.962976212, -180.998140818, -1.22478312131e+16
308.256279202, -195.587841981, 138.818041984, -6.99332316117e+15
-25.9895847362, -297.485051327, 1.49659540769, -3.5663724381e+15
-5.6281221456, -238.166639636, 102.405041703, -1.33835613049e+15
259.729575249, 325.042804414, -357.91790152, -7.26978077607e+16
-143.677909135, 45.931161512, -110.956234922, -5.73879628279e+13
190.193140553, -277.609877776, 130.711997022, -8.62565734391e+15
206.626781339, 266.07592881, 151.329019465, -5.70461809053e+15
32.5988012723, -58.1435433104, -63.5083386729, -217345.825661
-129.49308805, -273.985247189, -27.2205383328, -1.76512099008e+15
5.81582402717, 257.705677218, -30.0870414154, -1.54022923617e+15
-9.90815154804, 189.585715208, -326.95852962, -2.84753660153e+15
-106.128006722, 29.2807466715, -7.69145531093, -276270.942291
-66.1768558576, 131.983604745, -379.570496723, -4.69052914252e+15
180.178507751, 103.90012945, -170.955353877, -4.34607021993e+14
52.4226809751, -200.825454298, 121.283615083, -5.35739952928e+14
32.87003037, 240.944442488, 241.112108222, -1.36282842043e+15
342.04715889, 68.6327278996, -209.993634366, -2.00724323472e+16
-28.7241824814, -50.6317642097, -38.9497313593, -125266.733206
304.827307641, 108.542708995, -116.975007181, -2.92789041014e+15
-2.83919117156, 252.010163117, 4.95527520267, -1.00008629137e+15
210.080135326, 76.9107206537, 106.017076007, -8.81250944794e+14
-3.75668636381, 23.6754411588, 111.319355128, -210045.869661
-133.859111105, -14.4585919454, 52.5373492219, -3.38503218328e+12
47.196047632, 356.552261684, -101.144321016, -2.69787898585e+16
-149.689346768, 400.425093175, 85.7267124573, -3.36495844978e+16
217.721099298, -146.133902477, -149.441033883, -2.49941929743e+15
34.8669354774, 188.644798235, -69.3493876128, -1.95728485012e+14
-115.177079398, 3.55114196865, -209.584197175, -3.28746982767e+14
55.5592719761, 14.5889050802, -122.481305475, -443988.482657
-60.8070179564, -93.4453203326, -313.175752591, -2.47873171192e+15
199.567269778, 49.8399183918, -274.024593568, -8.74941053379e+15
219.105927885, 210.928027002, 214.059709718, -1.04038092136e+16
-44.3189999224, 266.467567162, 32.7923589763, -1.36030439309e+15
-216.153149993, 214.982390254, 66.8580626422, -8.61889130759e+14
80.7339607883, 287.957692427, 16.138590295, -2.58404302041e+15
-119.295927616, 194.442682514, -138.459097927, -8.70038579484e+14
190.037560192, -150.149282015, 99.444714038, -2.89172225923e+14
-63.0648995268, -212.894772364, -152.757024672, -1.27395984331e+14
142.908601966, 27.1914565228, -97.8742803685, -2.90068651339e+13
-25.7104711341, -114.673550293, -262.106327771, -7.75057765633e+14
94.3283552919, -244.195021703, 188.678281544, -3.90054137598e+15
117.954447141, 213.968506362, -240.96811455, -2.09275199015e+15
-112.247009205, -49.8068470464, 5.77475938639, -51040.2965201
169.62287812, -20.4423561837, 100.335494663, -1.21726506042e+14
-275.998677552, 13.1122278048, -158.326972604, -6.12675250774e+15
220.13306487, -378.383431589, 168.066013948, -8.79660389236e+16
-195.060375961, 319.215459981, 386.15520488, -2.46184557514e+17
146.968121708, 36.5118461558, -59.2599907258, -9.0817386016e+12
-229.880961573, -248.638348417, 68.3540571514, -2.87640105251e+15
269.911781644, 348.263514952, -184.706566325, -3.88728340807e+16
-132.132627292, 86.2303022358, -99.0734582103, -2.8785222013e+13
57.4050884955, 126.48731699, 184.316885137, -1.0299222124e+14
159.088306101, -215.747453729, 147.841889814, -1.84558724943e+15
61.0711170888, -201.350469242, 177.233890355, -9.27980862591e+14
275.125890886, -32.9010899178, 7.4193359822, -6.20828538069e+14
-16.6360468819, -251.969608682, 366.953189068, -1.41839779764e+16
1.84007616313, 46.0411494484, -25.5376647138, -57661.1973237
29.4568939415, -37.1925568509, -4.88139149414, -57057.2449804
107.496716412, 333.733412001, 101.702828124, -5.51763538849e+15
-328.788075565, 162.072646467, -70.2646169227, -3.65953383842e+15
-184.350854227, -68.8876205407, 25.3035723629, -5.35248372329e+13
-206.687568888, -117.384631031, 289.23170816, -9.64891264829e+15
251.739872628, 127.409174943, -331.914937069, -3.46528218003e+16
-310.834968011, 294.984684763, -92.8497907459, -2.12705718657e+16
-146.154933499, 46.8382857167, 143.078347042, -2.48718451663e+14
-28.1316382111, -217.595416396, 196.857495699, -1.43605564862e+15
132.343242439, 25.9784947309, 178.286377715, -3.01906839696e+14
157.29580338, -9.60489922893, -134.547194743, -1.98434846823e+14
-281.372925016, -51.5807006788, 205.941799335, -7.42850119511e+15
9.28226516036, 377.773354031, -115.788640553, -4.62535960326e+16
48.9379255625, 162.133277989, 300.48802809, -3.48109791716e+15
-119.756797406, 61.1050316579, 152.268973156, -2.13497012342e+14
-93.5310561202, 35.5888675973, -114.976662878, -9.25635906016e+12
-159.598621955, -21.0556597744, -9.56040243236, -1.52228286567e+13
9.29622380256, -154.666540107, -64.3082350181, -8.35376477041e+12
-173.888401999, -29.250091727, 246.062009088, -3.82035781332e+15
-94.4434518897, -171.160231541, 111.03912669, -1.34595190018e+14
287.953118833, -143.385985504, 172.50249558, -6.71715103531e+15
143.946063688, 263.994997607, 255.474746622, -5.52052957368e+15
16.4983857048, 56.4329042397, -36.552677585, -106103.795788
-207.381887971, -21.2258771016, 11.89506036, -8.3865216782e+13
-31.8230929794, 1.2904323388, -326.64522244, -2.08564402337e+15
-71.2695009218, 107.696183231, 142.588080369, -8.08684619307e+13
-215.758810868, 344.311599281, -140.919863854, -4.59967384248e+16
-140.785501201, -37.1833359291, 38.3706192237, -4.2538763137e+12
-234.691980439, -225.28435543, 110.283803716, -1.98773745752e+15
265.208238884, 58.8738082244, -71.2981040528, -6.92537442068e+14
-292.236708655, -359.960953761, 95.5732969915, -4.07004316304e+16
304.987121635, -294.679516995, -157.083353511, -2.54983664577e+16
-147.019381723, -101.368747056, -98.3069739272, -1.36646738097e+14
16.2783655565, 2.99568618756, 46.4940902313, -36235.6820432
226.403278862, 101.677796528, -16.2666021371, -3.70527646272e+14
-52.9102845053, -127.764483368, -242.737544373, -4.61077860096e+14
-161.630442449, -43.6286021313, 162.29584672, -3.16473664197e+14
-102.307689221, -173.603054858, 253.960071248, -1.13817725091e+15
-97.7732493877, -51.4790525206, -66.4209873316, -415526.910764
-168.55245136, 92.5554681583, 61.784525298, -4.15618667383e+13
185.044714589, 60.4871965451, 31.2137963765, -1.00903430783e+14
-181.586221107, -147.385405093, -81.8058435896, -4.93327788468e+14
-44.8615721835, 15.5424470235, -56.2942836147, -120447.52778
141.804319827, -199.402808085, -11.0203610846, -2.20443591268e+14
-63.6361251501, -26.2255565607, -67.9526753749, -225478.370706
200.832367136, 108.298256773, -5.88498986181, -1.92715687772e+14
88.0288853104, -191.902581474, -223.080328335, -2.08960007126e+15
-261.294186778, 332.431438052, 110.031685491, -1.48647680741e+16
-101.677598079, 105.8917337, -64.159470562, -1.02639903228e+13
49.6023490151, -181.72299606, 205.114532014, -6.18303362527e+14
-85.6234766673, 174.726636295, 81.7410186338, -4.77761307143e+13
152.625935738, 49.1187395942, -360.762192226, -2.46416943296e+16
-34.5571357776, 221.123669358, 102.22135647, -1.68598176145e+14
36.2897431134, 15.6892234646, 118.666854919, -256707.711017
-261.131551197, 152.689779122, -119.165887715, -1.88497377948e+15
-132.736445936, 35.9509918573, 20.5205491685, -1.337626852e+12
261.085439877, 265.042186213, 69.8047361533, -9.04472527618e+15
319.42624372, 171.503778228, -1.68282165935, -8.3223789581e+15
349.336849862, -83.3812354755, -182.167383627, -2.53493654407e+16
114.968445555, -183.125570715, -32.9244140842, -8.0859486389e+13
-243.927827609, 329.462515803, -260.040842233, -7.85610341121e+16
76.2651424606, -82.6343864361, 65.5387638305, -301491.685171
-208.925299485, -26.5008073232, -47.7996247887, -2.28045336618e+14
-114.333622489, -122.915840226, -123.112247992, -8.62275585917e+13
-123.803376485, 89.3760535776, 212.784943063, -1.6120035926e+15
73.3572590135, -81.9657705651, 33.5036662421, -241421.499773
22.3290155773, 214.841193849, 13.587302053, -2.49592121193e+14
117.484012121, -8.33983873673, -320.009062366, -9.73352942605e+15
-231.057378199, 233.401895249, 107.933032155, -2.39845475582e+15
35.1498874175, -67.3138360116, 4.22505505459, -111960.944766
-62.2131266162, -75.0866616969, 70.1169565675, -227769.086762
-261.359662587, -224.671487314, -169.479074611, -1.6113522502e+16
-5.66764596992, 298.753352456, 113.4212704, -1.88958913242e+15
-65.1771451527, -234.907843141, -185.17041934, -3.2490203853e+14
6.3087844557, 228.688501811, 57.4917094342, -2.86414280254e+14
-200.956212711, 14.8661567618, 151.112856481, -7.71908230198e+14
-349.975549861, -245.719705785, 51.637648087, -2.12420066599e+16
99.9209288678, 4.09107125574, -36.133342206, -290573.738901
-334.651181389, -187.163498883, 270.852268742, -3.00459917565e+16
-66.6222007001, 172.529466974, -130.409922979, -2.82620087985e+14
-207.937523097, -19.1521767788, 201.721408742, -2.48270946967e+15
144.690904469, -138.155848912, -274.010068853, -1.06282913893e+16
188.786714237, 351.357870865, 79.5494409593, -1.26948438396e+16
-128.755985833, -22.0032046528, 271.69205762, -3.7937939493e+15
218.430279067, -369.064509519, -96.2870630746, -1.99105798821e+16
170.875032205, 97.221340524, 128.663510294, -4.84999503459e+14
-76.1042859874, 45.9674715935, -121.239536209, -5.20647511241e+12
-164.594989891, 44.5677278988, 211.8776371, -2.27432095769e+15
115.781750967, 239.041764301, -1.04399202655, -7.08178548609e+14
74.6310155442, 341.268592225, -384.875922984, -8.15662029388e+16
-149.214080266, 28.0113859369, -182.123600755, -4.15506864148e+14
81.4408850212, 185.68193842, -116.887185107, -2.60609585619e+14
-264.089897406, 89.3144610418, 162.658235982, -4.74485971563e+15
-144.936121991, 1.02667218949, 122.585315072, -8.3983366459e+13
13.2313378476, 19.3364954556, 0.430698125786, -6826.22514732
91.4031232052, 37.3701189238, -19.0787818894, -246590.498311
-20.0570990378, -225.46404636, -92.5538746854, -1.72083996555e+14
161.269753133, 136.137720684, 103.202355508, -3.0944028523e+14
79.7682865835, 247.551996425, 96.5237576062, -4.48937009531e+14
-168.533352604, -154.746205828, 48.2061004831, -1.16054606898e+14
285.444218283, -200.019277706, -160.882113425, -1.2213897428e+16
226.513369529, -245.792112079, 172.947391637, -7.55799224643e+15
-199.464930071, -132.819877616, 173.267513177, -6.05107489175e+14
-242.898501096, -165.055022617, -266.39446022, -2.59294771339e+16
13.1553162851, 111.772924906, 351.939452875, -1.02371960407e+16
109.820739517, -347.81962247, -66.3442230941, -9.82627712274e+15
180.898937435, -132.300634293, -54.7998332374, -9.14961921402e+13
-194.15408356, 62.7712890078, 4.46467165107, -2.50916505237e+13
-264.038870508, 192.753587767, 206.213019773, -1.82049114708e+16
-56.2502656096, 276.010667749, -28.5381100671, -2.91705516319e+15
-186.035498217, -129.746916551, 377.675396212, -3.72660501461e+16
120.59156835, 171.734409653, -156.90503945, -2.51353575045e+14
208.806499798, 83.9999895477, 71.3472458334, -5.21870727924e+14
-87.6844222724, 2.64038711754, -157.724474968, -3.48832146528e+13
-83.70007618, 88.2615276262, -32.6060897673, -378924.255612
-112.384543661, -6.76438218093, 59.7431500332, -2544.12022266
69.0394833636, -170.040770155, 136.52596189, -2.25215067716e+14
189.600817488, 248.059565105, 190.358130471, -5.20195253335e+15
195.075688995, -267.07537703, -94.6511639427, -2.15231637879e+15
-8.58928665915, -126.148069209, 4.57205637665, -326220.822545
264.961931387, 224.312290116, 126.298092161, -1.09560852577e+16
-66.522451833, -66.36650903, -247.698850645, -4.08031665928e+14
-80.4423975657, 291.790258337, -257.180061481, -2.03231277309e+16
-11.2735705834, -271.361658637, 117.860922202, -3.829866216e+15
-102.311447424, -196.412930977, -14.5097535062, -1.35684914953e+14
117.698143747, -138.91510052, 102.732723115, -6.98494805894e+13
-156.321592249, -234.615722151, 229.10614187, -3.30646100686e+15
30.9700628627, -397.645134359, 10.7455480486, -3.9702754778e+16
-123.69387209, 7.81965746993, -252.134688514, -1.01592342041e+15
-197.499028846, -49.0394399971, 191.546227696, -1.36367697197e+15
-234.73108618, -216.645390129, -159.139105112, -8.07808548333e+15
377.399335329, -292.472039852, -163.813200048, -6.5761798136e+16
192.620537071, 311.137047564, -189.875417207, -1.59235075652e+16
-153.027777009, -84.7041658133, 180.082729249, -3.39218750931e+14
17.8233039561, 101.597808114, -200.868977831, -4.27706554077e+13
193.916202845, 144.746313081, 127.639721482, -1.25004645645e+15
312.285621338, -174.302480118, -114.710995931, -6.98710919128e+15
-39.6546523588, 198.07421785, 70.9513345281, -8.36391038314e+13
-120.866135476, -251.635667568, 88.2504010291, -1.78767873364e+15
292.535500849, 18.0106289535, 97.1901876965, -4.28133061184e+15
-282.628166849, 134.840249991, -219.245567, -1.22191650689e+16
300.972146088, 274.678455384, 81.5420009582, -2.21208883349e+16
147.628597351, -44.4209838386, 57.1339446811, -1.36885411114e+13
-25.6134170412, 170.342943617, -109.506857023, -1.70116206173e+14
-102.980015374, 123.45599418, -24.204150529, -1.24785515463e+13
-120.761353191, -272.83654129, -53.5900580414, -1.44692584324e+15
12.8252884674, -34.1987556881, -146.619063984, -8.02932113105e+12
162.705541126, 140.217565039, 153.818919665, -7.91379774279e+14
-175.50237528, 109.631095082, -117.207120838, -1.95045396452e+14
-347.03512778, -74.5888631944, -179.400514958, -4.25812631849e+16
-344.939147854, -116.202431775, 41.2720283201, -7.57956756358e+15
-194.029564445, 325.010576619, 104.248363846, -7.75911522363e+15
-134.242760278, -141.238967918, -280.350704209, -3.81251327959e+15
129.06169462, -33.1027466444, 53.3491594491, -5.50039625397e+12
-17.7413328807, -89.1227256516, 219.344091328, -1.10518061282e+14
172.383218959, 183.792473151, 157.602346961, -1.44628945992e+15
178.569057655, 288.186653832, -215.887747384, -1.08963813551e+16
88.9475136529, -182.858188247, 293.399457194, -2.28153606061e+15
-224.821298502, 123.029838255, 338.37808851, -7.93414182929e+16
81.9561154102, 295.290852408, 59.293830059, -2.42192019063e+15
56.8326031777, 0.354386077713, -101.787294725, -330493.853029
-102.869451328, 253.617333581, 49.1399508071, -9.65710844901e+14
-178.559097197, 121.766540433, 238.688883758, -7.75166497143e+15
23.5180884333, 87.3698965533, -99.1671029254, -426344.724363
196.909386033, 114.442461616, -25.0325837188, -1.53310161402e+14
7.82564439647, -119.755443197, -354.280056979, -1.02023245688e+16
192.110947534, 156.084395448, -124.390103182, -2.71855431836e+14
-66.0759747388, 125.306374622, 52.5307063627, -3.61930288322e+12
