-0.499695063237, -4.01259708724, -4.88089686243, 0.0
-0.499695056449, -4.01259707711, -4.8808970185, -5.05360890765e-12
-0.499694982755, -4.01259707217, -4.88089687928, -1.68453220091e-12
-0.499695050407, -4.01259717743, -4.88089688067, -2.18991218853e-12
-0.499695056752, -4.01259707722, -4.88089687818, 0.0
-0.499695101223, -4.01259709916, -4.88089700088, -4.21135016745e-12
-0.49969505671, -4.01259707709, -4.88089687819, 0.0
-0.499695026584, -4.01287944043, -4.88089687409, -2.01418984783e-05
-0.499695056981, -4.01259707743, -4.88089687601, 0.0
-0.499695056709, -4.01259707709, -4.88089687816, 0.0
-0.499695060593, -4.01259707718, -4.88089687574, 0.0
-0.49969505671, -4.01259707709, -4.88089687816, 0.0
-0.49969505671, -4.01259707709, -4.88089687816, 0.0
-0.499694638954, -4.01259709446, -4.88089688948, -4.59872996076e-11
-0.499696408731, -4.01259708049, -4.88089645004, -5.02664307129e-10
-0.49969685541, -4.0125971176, -4.88089553792, -1.26456874388e-09
-0.49969633419, -4.01259535762, -4.88089608854, -1.31914186822e-09
-0.499694959378, -4.01258826421, -4.88089661381, -1.96935891689e-08
-0.499747805208, -4.01262355671, -4.88108293509, -9.62930282361e-06
-0.499691970668, -4.01207872979, -4.88087212202, -6.80322879066e-05
-0.498392375528, -4.00979585665, -4.87679021588, -0.00669149646282
-0.499961743352, -4.01249866214, -4.8869945067, -0.0094045274087
-0.505474122678, -4.01237683954, -4.90339247046, -0.137101012609
-0.494649142938, -4.01458184434, -4.91244768153, -0.257427604436
-0.49803045352, -4.12023072388, -4.90214140404, -3.23149973538
-1.47574102879, 3.61576866131, -4.99985330068, -3.71798191867
-1.48400072431, 4.73148379817, -4.99880099372, -130.691047143
-1.47574168036, 3.61564803505, -4.9998365921, -3.68790182107
-1.47574171923, 3.6156466208, -4.99983678471, -3.68987054602
-1.47567423104, 3.61573570912, -4.99999838474, -3.7437529634
-1.47574160091, 3.61595061944, -4.99984134319, -3.76905163779
-1.4757420325, 3.6156433899, -4.99981793503, -3.69877185873
-1.47574171099, 3.61564807813, -4.99983679091, -3.6881659256
-1.47574132047, 3.61564784112, -4.99983684258, -3.6889417447
-1.47573276069, 3.61545977056, -4.99985032654, -3.71077361144
-1.34033575363, 3.61257619026, -4.97671872095, -60.296573927
-1.4757451603, 3.61573828584, -4.99982200976, -3.68962993193
-1.47574515877, 3.61573831792, -4.99982195735, -3.68944112735
-1.47574519654, 3.61573949292, -4.99982164703, -3.69103538947
-1.47574299231, 3.61573379163, -4.99981931377, -3.69039489783
-1.47574274218, 3.6157445015, -4.99981757526, -3.69292887908
-1.47622760522, 3.6157665449, -4.99999999314, -3.70039477967
-1.476551563, 3.61564553864, -4.99994824082, -3.77444984491
-1.47622791314, 3.61576620505, -4.99999999515, -3.69945668006
-1.47601670518, 3.61583373065, -4.99980426447, -3.75975704663
-1.47622783884, 3.61576613048, -4.99999997327, -3.69929883407
-1.47622791765, 3.61576619137, -5.0, -3.69942468774
-1.47622791708, 3.61576627384, -5.0, -3.69952555591
-1.47622773025, 3.61576613923, -4.99999998046, -3.69967893121
-1.47628942875, 3.61576474469, -5.0, -3.70367317055
-1.47629679926, 3.61576501003, -5.0, -3.69975123345
-1.47665165086, 3.61576437662, -5.0, -3.76034245493
-1.4762967875, 3.61576496529, -5.0, -3.69977046377
-1.47624393381, 3.61576781497, -5.0, -3.70509740433
-1.47623929503, 3.61572367684, -5.0, -3.71748265695
-1.47622720393, 3.61576614612, -5.0, -3.6998710229
-1.47622706716, 3.61577651515, -5.0, -3.70283662273
-1.17805378035, -2.99804114428, -4.9122461469, -227.834238644
-1.48974988631, 3.64538426164, -4.9989334553, -37.8947626895
-0.591785255213, -1.79978173752, -4.99998474035, -593.19116917
-0.336043494905, -3.59882954698, -4.84864497244, -61.7881821379
-1.2010099257, 4.91878257255, -4.91326809723, -163.496770851
-0.504464031034, -3.55914626419, -4.88142408926, -58.9983102229
-0.501281202794, -3.99892540554, -4.88058224913, -0.0488514804807
-1.97389884388, -2.41308379452, -4.99754119158, -413.250127236
-0.61944488664, -4.01918846619, -4.88139421719, -3.71586410635
-0.499695082193, -4.012597101, -4.88089682113, -1.01072311691e-12
-0.800952106825, -4.1606264327, -4.88393217258, -38.8184339883
-0.499695096876, -4.01259706037, -4.88089687023, -3.3690797572e-13
-0.499694764466, -4.01259703752, -4.88089785645, -2.65652456705e-10
-0.499695062022, -4.01259715358, -4.88089688126, -1.17918413585e-12
-0.49969503553, -4.01259711352, -4.8808968983, -5.05363395344e-13
-0.499267055141, -4.00922851525, -4.88089681665, -0.00293012071041
-0.499695037498, -4.0125667085, -4.88089831439, -2.33855525445e-07
-0.499694297872, -4.01259706946, -4.88089690551, -1.49247807596e-10
-0.499695059236, -4.01259710074, -4.88089687825, 0.0
-1.07792905236, -4.99900971176, -4.81661180916, -122.40725519
-0.499695032948, -4.01259708207, -4.88089683452, -6.73814200793e-13
-0.499695061729, -4.01259707815, -4.88089686719, 0.0
-0.499695067259, -4.01259708688, -4.88089689268, 0.0
-0.499695077814, -4.0125970839, -4.88089682194, -8.42267630531e-13
-0.499697804212, -4.0126094296, -4.88089686667, -4.04381092823e-08
-0.49969509782, -4.01259708167, -4.88089714332, -1.8024518939e-11
-0.499695060955, -4.01259707244, -4.8808969083, -3.36909662546e-13
-0.499695069042, -4.01259711866, -4.88089685385, -5.05363963351e-13
-0.499695039247, -4.01259700568, -4.88089686628, -1.8529856974e-12
-0.499695038324, -4.01259713741, -4.88089695973, -2.52681682064e-12
-0.49969506068, -4.01259709852, -4.88089685631, -1.68454451645e-13
-0.499695060327, -4.01259707575, -4.88089675393, -3.87441898552e-12
-0.499695050283, -4.01259696812, -4.88089685235, -3.70596751703e-12
-0.499695048089, -4.01259697312, -4.88089688201, -3.2006116978e-12
-0.499694457398, -4.01259723626, -4.88089352534, -2.94174463068e-09
-0.499695042022, -4.01259716176, -4.88089687016, -1.68454742666e-12
-0.499695035417, -4.01259708384, -4.88089851777, -6.80239776916e-10
-0.499695020668, -4.01259709488, -4.88089687165, -5.05363268312e-13
-0.499695058809, -4.01259717671, -4.88089682345, -2.86371587289e-12
-0.499695055146, -4.01259709373, -4.88089686005, -1.68454242685e-13
-0.499695046765, -4.01259709509, -4.88089687859, -1.68454412333e-13
-0.499695084158, -4.01259710635, -4.88089682891, -8.42270770831e-13
-0.499695059432, -4.0125970951, -4.8808968714, 0.0
-0.499695063587, -4.01259710199, -4.88089691768, -5.05365077405e-13
-0.499695043928, -4.01259709276, -4.88089689531, -1.68454737413e-13
-0.499694895774, -4.01259709224, -4.88089687383, -7.24344801884e-12
-0.499695094186, -4.01259709066, -4.88089694606, -1.3476396408e-12
-0.499695093393, -4.01259707669, -4.88089687235, -1.68454581228e-13
-0.49969508079, -4.012597092, -4.88089687099, -1.68454805267e-13
-0.499695203834, -4.01259708655, -4.88089691015, -5.05363973712e-12
-0.499695106501, -4.01259708755, -4.8808968853, -5.05365082857e-13
-0.499695039858, -4.01259708781, -4.88089686995, -1.68454185646e-13
-0.499695082339, -4.01259708494, -4.88089684297, -3.36907596782e-13
-0.499695065056, -4.01259712853, -4.8808968604, -5.05363600448e-13
-0.499549905011, -4.01259582655, -4.88091240549, -5.38765831876e-06
-0.49969507676, -4.01259708718, -4.88089687402, 0.0
-0.499695076479, -4.01259708717, -4.88089687439, 0.0
-0.49969507587, -4.01259708717, -4.88089687427, 0.0
-0.499695077483, -4.01259708828, -4.88089687377, 0.0
-0.499695119722, -4.01259475648, -4.88089685769, -1.37168551892e-09
-0.499695076752, -4.01259708717, -4.88089687445, 0.0
-0.499695090316, -4.01259706721, -4.88089687033, -1.68454380189e-13
-0.499694975667, -4.01259708185, -4.88089688488, -2.02143858164e-12
-0.499694976499, -4.01259705235, -4.88089687369, -2.18988122365e-12
-0.499695173794, -4.01259711175, -4.88089688858, -3.20064122643e-12
-0.499695077766, -4.01259706467, -4.88089718941, -2.45940062593e-11
-0.499695386138, -4.01259809231, -4.88089687126, -2.82668552578e-10
-0.49969495691, -4.01259254826, -4.88089686987, -5.20697252971e-09
-0.499668181434, -4.01260596201, -4.88089687812, -2.02675411216e-07
-0.499695095523, -4.0126873201, -4.88089854295, -2.05974154574e-06
-0.499910378742, -4.01268981122, -4.88089606673, -1.38838165757e-05
-0.499538119081, -4.01259738388, -4.88113793023, -2.09304486368e-05
-0.497933845957, -4.01224873458, -4.88089571196, -0.00081568847747
-0.499378796755, -4.03167977609, -4.88202360314, -0.0909029970133
-0.485848415873, -3.999723656, -4.91119893819, -0.322485772658
-0.503747132443, -4.01236363724, -4.92992213306, -0.615587130813
-0.476546321741, -4.05232763821, -4.96899168887, -2.48629399877
-1.30518295269, 2.55353094786, -4.99999999766, -304.820745209
-1.47626299415, 3.61576610586, -5.0, -3.70579629155
-1.83426625701, 4.99900009934, -5.0, -170.158299192
-1.47637475765, 3.6157650834, -4.99999999921, -3.7243703684
-1.47613200497, 3.61576490713, -4.99999999991, -3.72360210149
0.286074701936, 1.72830081004, -5.0, -986.553000378
-1.47622787116, 3.61576624782, -5.0, -3.6993539942
-1.47622800139, 3.6157661332, -4.99999999999, -3.69936727106
-1.47622778121, 3.61576612965, -4.99999999985, -3.69942904578
-1.4762746575, 3.61581588228, -4.99999999983, -3.71875871054
-1.47622770072, 3.61576613807, -4.99999999985, -3.69955958182
-1.47622722181, 3.61576615337, -5.0, -3.69991408931
-2.53060966989, 1.0318052408, -4.93315892295, -457.221324123
-0.576794472393, -4.99924624806, -4.99191344485, -101.832437369
-0.779940122228, -0.597015066545, -4.99999073065, -919.7509102
-0.111709576168, -2.5991958808, -4.89697557197, -296.635873718
-0.853405503271, -4.97279993552, -4.92759900547, -109.562133818
-0.499588980929, -3.99641091464, -4.87119736683, -0.0912410903324
-0.389746127775, -3.1034883862, -4.92768100232, -183.955952003
-2.02372105943, 3.16978985586, -4.91821182247, -117.095383059
-0.369619241742, 0.561839596932, -4.96192497996, -955.625019764
-0.499695064622, -4.01259708736, -4.88089687357, 0.0
-0.499699248161, -4.01261193114, -4.88089690108, -6.0168366974e-08
-0.499774300334, -4.01260128946, -4.8808968844, -1.59167254177e-06
-0.499695085333, -4.01259708143, -4.88089685415, -1.68453978291e-13
-0.499694239852, -4.01259703487, -4.88089701037, -1.77379101162e-10
-0.499695064569, -4.01259709975, -4.88089687336, 0.0
-0.499691719464, -4.01260010495, -4.8808971091, -5.15158586738e-09
-0.49969508619, -4.01259724409, -4.88089686937, -6.56975084052e-12
-0.499695058188, -4.012597082, -4.88089673146, -5.39049474669e-12
-0.499695063313, -4.01259707593, -4.8808968773, 0.0
-0.499695059684, -4.01259837305, -4.88089670284, -4.2738016153e-10
-0.499695057585, -4.01259716389, -4.88089681594, -2.52680942139e-12
-0.499695202732, -4.01259697003, -4.88089692062, -8.59108975247e-12
-0.499694745496, -4.01259665074, -4.8808968558, -7.36131439371e-11
-0.499695074783, -4.01259709736, -4.88089682695, -6.73815632455e-13
-0.499695064928, -4.01259708729, -4.88089697632, -2.52681996885e-12
-0.499696086761, -4.01259725178, -4.88089685036, -2.71047214635e-10
-0.499694682112, -4.01259702813, -4.88089849938, -7.02815827356e-10
-0.499695033461, -4.01259709116, -4.88089688071, -3.36908984457e-13
-0.499694788313, -4.01259706062, -4.88089681959, -2.03825628209e-11
-0.499695066973, -4.01259708662, -4.88089686705, 0.0
-0.499696098616, -4.01259709456, -4.88089693742, -2.7087883781e-10
-0.49969506797, -4.01259704701, -4.88089687889, -3.36908071598e-13
-0.499695069755, -4.01259706578, -4.88089687736, -1.68454035921e-13
-0.499695060398, -4.01259708713, -4.88089688775, 0.0
-0.499695026272, -4.01259705982, -4.88089688391, -5.05361445786e-13
-0.499695070959, -4.01259710052, -4.88089688607, -1.68454788328e-13
-0.499695069765, -4.0125970676, -4.88089687798, 0.0
-0.49969506978, -4.0125970678, -4.88089687809, 0.0
-0.499695028853, -4.01259707883, -4.88089687998, -3.36908091043e-13
-0.499695048281, -4.01259700836, -4.88089687069, -1.51607898527e-12
-0.499695055194, -4.01259711326, -4.88089690455, -3.36909381075e-13
-0.499694925209, -4.0125971484, -4.88089686475, -6.06431058745e-12
-0.499695961095, -4.01259939368, -4.88088593491, -3.1832909146e-08
-0.499695039954, -4.0125970994, -4.88089700236, -4.21135201469e-12
-0.499695061494, -4.01259712931, -4.88089687805, -5.05363427112e-13
-0.499695059714, -4.01259709113, -4.88089680638, -1.34762552073e-12
-0.499695204063, -4.01259714771, -4.88089670224, -1.36448091316e-11
-0.499695079536, -4.01259708953, -4.88089687814, 0.0
-0.499695066316, -4.01259711415, -4.88089708676, -1.12864106001e-11
-0.499695477563, -4.01259703849, -4.88089727396, -8.32175242918e-11
-0.499695059322, -4.0125970706, -4.88089686265, -1.68453895848e-13
-0.499695076623, -4.01259981829, -4.88089696659, -1.8916654225e-09
-0.499697699757, -4.01259131068, -4.88088883967, -2.65233142039e-08
-0.4996950651, -4.01259707342, -4.88089687791, 0.0
-1549.71678304, -1349.36712195, 1654.50640445, -2.05918426123e+22
-2139.61362589, 3068.27783072, 839.580445094, -5.88301714456e+23
2830.4661101, -635.267144385, -2089.22874618, -1.41256561559e+24
1056.55987104, -3188.89697331, -605.405801785, -5.19924787371e+23
330.651313375, 76.6338642092, 555.314415218, -1.21678564383e+18
-2031.42577896, -1042.17837453, -1279.44764648, -1.2562894816e+23
-316.576627652, -125.723337049, 3725.0039636, -1.09270323982e+24
-441.224449337, 3594.49431906, 95.0344456349, -1.68034873145e+24
3590.30253518, 1337.77802478, -510.574998845, -1.09371969962e+24
1384.1923328, -2280.07955113, 1954.4305996, -3.62208482465e+23
-186.76080194, -894.647597749, 1831.68462142, -2.3359563149e+21
576.054606243, -1272.11763378, 2731.74577567, -4.9290744839e+22
1276.3808044, -495.384941656, 2380.12556251, -7.39859906956e+22
2891.35699695, 848.986781508, 185.161180608, -2.533988902e+23
-2315.53065823, -2331.82020332, 633.519964844, -2.15893990099e+23
1410.75506554, -1951.29569521, 2767.90234054, -4.11001912198e+23
3634.65996246, -527.614267943, 1589.96409397, -2.81030761371e+24
451.696307791, 1859.6948356, 1875.13032714, -1.52944371054e+22
-4390.48967867, 1148.77843253, -1228.28481806, -5.51190861427e+24
2313.77453689, -1238.74411033, 132.911332221, -1.33510379793e+22
-1942.51935486, -1122.30711849, 371.81680401, -1.25418163574e+22
48.5858444236, 826.891172073, -1462.19460441, -4.30446551241e+20
-1694.81124101, -474.213706995, 1443.46179531, -2.17507100088e+22
-2501.49160273, 1864.28800464, 2288.10969535, -2.2485995146e+24
2025.44300191, -2000.2567115, 3579.94638716, -2.47167741132e+24
1574.36762125, -2645.2825276, 3636.22636119, -3.30651553503e+24
2781.386196, -190.943915467, -1812.17006314, -6.3554430277e+23
1715.2200767, -122.150344769, -2348.21222361, -3.52281119076e+23
1164.47207108, -639.915792366, 282.628456741, -1.06358425424e+20
-3103.09645533, -916.556147518, -35.050380262, -3.90451051622e+23
904.839857626, -36.1608572604, -393.180515068, -2.35943441602e+19
-743.167481279, 1135.3328066, 2047.5557495, -6.43007410004e+22
-1908.54161419, -125.439518485, -265.411880368, -7.03660446136e+21
383.341460135, -1340.7375483, -393.716339995, -3.98787980169e+20
-24.4829603267, -1610.11160129, 277.11481194, -3.76914021932e+21
-807.983207933, -1585.05686426, -1058.81071838, -2.76412813902e+21
-138.705345799, 3666.54029811, 194.485832121, -1.8053954746e+24
-645.571154648, -674.528416802, 1569.81794295, -2.04355456428e+21
-211.540524873, -1581.55140299, -2824.06797552, -2.09646868659e+23
-1714.37658224, 3447.63439562, 1090.07747758, -9.8135242986e+23
1770.95612659, 63.3048980331, -1397.89290693, -3.08724335331e+22
-1773.57178599, 2371.74704879, 1806.54597013, -4.27300889172e+23
1904.23809465, -475.88559607, -1472.54916873, -7.32262328658e+22
328.197709088, -2970.72942077, 3306.37875614, -2.90841050475e+24
389.570046369, -1324.26892739, 147.275986193, -8.19815850244e+20
-1447.82573863, -4044.91149508, -544.712639964, -3.43167077839e+24
-997.524131751, 790.529373784, -121.372039108, -6.06155510933e+19
226.64303919, -218.626955495, 1601.99531953, -6.56776752604e+20
-3197.34131722, 2010.7485936, -1905.47556175, -1.72051162694e+24
210.879479456, 2193.76566123, 3674.55250487, -1.95224254503e+24
1308.45619873, -670.792547128, -1473.45008582, -2.40274849564e+22
-1440.79658327, 4250.80613823, 2576.37218628, -5.05327918174e+24
2025.8200259, 1506.66215869, -3985.22763268, -5.51621880071e+24
-61.8809621557, -3644.17913173, 1968.44058312, -5.13392561574e+24
1254.22357356, -1269.62409948, 3599.94071933, -6.60354791114e+23
-0.303017298601, -90.8701757767, 2780.92601491, -8.10181816821e+22
2959.26321626, -1036.64476984, -452.518832887, -9.7831326843e+22
-1664.18137538, 1005.36180033, 207.965625295, -1.36639214858e+21
3049.10624546, 3756.85461823, -710.953884404, -5.48128229156e+24
1920.58776569, 740.842623874, 1224.86058913, -6.99547855492e+22
-953.240728359, -92.4327161991, 1300.89716815, -2.6814232543e+21
35.0214316994, 1436.52832914, -1931.87784367, -1.26076421986e+22
3025.14406768, 4274.9174184, 3327.22530587, -3.13855547435e+25
1761.41488746, -1131.96763517, 710.888183341, -6.95778869875e+21
-1876.48810313, 2179.79426285, 1142.73847264, -1.11702687615e+23
2253.37053131, -1123.12342445, 1232.18011772, -7.66448743369e+22
-1510.45538129, -550.52866919, -323.024810533, -2.53332235849e+21
2105.35175343, -724.986496776, 57.9521137665, -5.27399366314e+21
3503.82558012, -250.523850326, 1772.15453776, -3.04090151317e+24
1967.26046891, 189.61481867, 3882.01312669, -3.90243129546e+24
1129.61247449, 136.961618226, 788.355332041, -9.18645918816e+20
-1100.38854383, 1530.95278767, -1319.65126603, -1.82001960535e+22
-3850.99066555, 2583.69180482, -4047.11133932, -4.13830151529e+25
-3880.01632838, 1549.36170991, -566.686584381, -9.90018939792e+23
877.481480278, 443.266839233, 415.021724454, -9.17878905105e+19
-702.990705398, -2034.19742378, 2658.73441327, -1.89939584507e+23
-242.471066725, 3646.71832507, 1484.64613606, -8.67886620932e+23
-486.860003525, 1532.57820244, -1494.37768433, -1.37288499151e+22
1220.41242897, 1186.00743928, -3101.73769284, -4.589324985e+23
-668.270660469, -774.421329043, -804.458549594, -1.72941441713e+20
2279.56666086, 3109.88324693, 867.007564967, -9.76272507181e+23
883.613448392, 1834.9576718, -3513.55334367, -6.68352245536e+23
-2279.82745347, -2837.25530814, -3176.79401103, -5.48374319248e+24
-1526.47185174, -3362.44188051, 2619.7133251, -3.73459042152e+24
802.988530712, 1837.78992678, 3378.19782002, -7.97677789083e+23
-2924.12809379, 955.224843617, -3551.00697295, -8.24338686889e+24
-386.095938279, 1772.71232896, -1390.72102285, -2.88739092323e+22
1783.55349976, 139.001765071, -307.022219915, -2.14801253386e+21
2833.46966044, -940.491030147, 1469.98479901, -4.50057285101e+23
3203.84870015, 1978.53866843, 1602.34689859, -3.74706386475e+24
2849.17943465, -1822.90115763, -1560.84980716, -9.69541443307e+23
-2456.33044121, 3442.43804641, 276.785336617, -1.87809894215e+24
1420.18443031, -1550.83639489, -2138.15474334, -3.1384109572e+23
4129.99890331, -2675.1133037, -16.5421860597, -1.92312208814e+24
-2217.49912705, 876.393328795, 2060.49804831, -6.15036297364e+23
3554.00486171, 1316.36222, -2917.82722135, -6.29381340541e+24
-4111.79765697, 806.272343363, 3260.87517838, -3.54220476009e+25
1777.62843009, -83.2163554596, 3730.76145477, -2.24471529016e+24
-444.814751384, 1788.84840747, -2565.8805789, -1.02896977901e+23
1227.4783211, 1030.05249194, 2929.56443582, -3.54211957849e+23
-2791.82659954, -129.372265427, -1088.70092115, -3.64654906529e+23
-3033.46559657, -2210.78438583, -1105.21815937, -2.02573002976e+24
3493.91754881, 1730.27830619, 2756.79900781, -1.55614007054e+25
-1481.09821181, 1368.94049475, 2908.48507692, -1.56898300491e+24
-311.114192828, -1423.9054147, 56.5860879394, -1.06453567543e+21
-557.975987728, -1346.03471221, -1141.04608923, -8.21808843939e+20
-1923.29758968, 2324.88437597, 3361.65033014, -8.30891263345e+24
2404.94529942, 3047.24217388, -4351.35591961, -1.22524795748e+25
-3250.62379645, -808.979707761, 64.7309782355, -4.69091669621e+23
4057.12685109, 397.39945238, -85.5593686662, -1.9367981337e+24
-1286.51361948, -1486.85864337, 712.971443767, -4.58814197249e+21
-2255.43550947, 978.517414155, 517.864829478, -1.76681047332e+22
-1509.07364074, 1687.1087837, 539.18517069, -8.71849081841e+21
161.545663838, 3910.65930987, -2281.54453669, -9.71549917843e+24
3678.32748445, -1123.53142231, -1857.4285664, -3.66581423267e+24
173.640870943, -28.4133951692, 98.275136217, -1.26513524885e+14
878.887357708, -1320.33458045, 2557.86630107, -5.5004708245e+22
-187.991276449, -374.201660994, 957.243757405, -1.78897671738e+19
136.650242177, 529.299889972, -2816.11771402, -7.48767284359e+22
2374.83772472, 1149.54724143, -3259.54216124, -2.78027102767e+24
-723.458549821, -3397.65031645, 104.157609783, -1.10315777822e+24
1687.35538194, -158.404520364, 523.191854567, -3.80139172409e+21
2762.35738131, -3193.70523253, 381.354023148, -1.83234972439e+24
-1290.32066686, -481.504873896, -846.578913565, -3.05211086687e+21
1918.03942844, 689.689249368, 378.574078203, -1.60563183676e+22
-298.978128375, 33.5163565978, -1411.31808686, -2.86423469689e+20
-3452.0211413, -1966.09794091, -3036.36190607, -2.02726186025e+25
-1416.25171794, 1632.3194004, 4007.97689385, -1.07427412866e+25
-3910.89353119, 702.06728146, -1446.74345771, -3.62533835427e+24
480.922970818, 1131.6842112, -1148.8573558, -9.46974881207e+20
1453.31519123, -3112.29180435, 884.291847508, -1.25773712574e+24
19.3179374023, -258.880772746, -824.05647586, -8.97235750731e+18
-2857.32636906, 1286.29836768, 219.204656598, -6.28209264579e+22
-933.855527681, -695.073227302, 1513.95990435, -3.37858123412e+21
3879.76799906, -1418.66251562, -2555.9983892, -1.40694641378e+25
-2367.90208543, 3129.27112739, 1235.26257801, -9.11744987778e+23
3425.47589121, -4162.08306727, 1115.3812619, -1.91882888934e+25
3485.89050336, 1465.89874613, -2070.08188618, -1.69469328146e+24
107.483232853, 2472.62095705, 3778.29335559, -2.87091672542e+24
3303.94559319, 1826.28682802, -151.713117061, -1.0561015698e+24
10.5626408613, 797.020500045, 1647.38080129, -3.03506501872e+21
-1820.1175859, 917.405047573, 2543.56990725, -9.47943207379e+23
1044.61465133, -896.767362188, 248.746326211, -1.62343567318e+20
-3409.53760158, 1115.45306337, -2173.44884513, -3.2994162923e+24
4153.89427143, 2582.16187423, -3266.95243792, -1.52263904808e+25
1363.71594974, 838.710906996, -631.762325406, -7.49215109726e+20
-958.197869189, 220.444505155, 3005.392181, -5.62991071263e+23
-324.19988589, 224.171267492, 454.378770954, -1.1600871337e+18
367.614950199, -673.88184703, -646.277947399, -2.40614961984e+19
-51.0533685288, 3061.60453551, 1013.81190226, -2.42402187839e+23
-469.49054417, 511.493885343, 1044.36276878, -3.64515267952e+20
-2302.56140976, 1315.52516178, 3089.86165134, -5.39490270834e+24
2596.42945153, 1329.41288404, -2826.86760931, -1.60218521476e+24
-3221.49674601, -676.510960511, 190.763229002, -3.63788750717e+23
-1613.91704209, 1503.98574109, -3960.93320362, -1.95773400935e+24
1665.58684419, 2365.00901205, -552.402037474, -1.12035088717e+23
1772.56022656, 10.8761894388, 537.804218986, -6.42861454539e+21
-158.00227249, -1400.63264994, -1156.61378007, -5.72261173e+20
1693.56786045, 1063.02722571, -3186.47384621, -1.08013310141e+24
2300.6257467, -1609.73250871, 183.682141598, -2.53944753571e+22
1082.60934526, -231.381047932, 724.432937965, -4.23928409421e+20
1485.98559115, 320.179074453, 2601.40238454, -2.42512943268e+23
2408.72240249, 34.9573780308, -2470.31027014, -1.1563918108e+24
423.503497713, 2397.0022879, -1588.06424737, -2.12409556107e+23
406.089393202, -2931.72429124, -599.228879148, -2.28345361901e+23
749.01652777, 2774.80693344, -1045.01801452, -4.09211908685e+23
-1459.98309942, -1597.8464495, -125.643487592, -9.02762245499e+21
244.731833143, 1283.85925522, 73.3878203449, -3.91834387939e+20
-2430.62952983, -284.255413508, 1126.30466956, -6.20151414417e+22
-941.341801548, -601.418055669, -1149.5699927, -1.82518925548e+21
-32.0798639903, -1106.33253823, 1568.28790726, -1.80058522508e+21
-970.900016542, 1851.68138689, 1466.33590843, -3.0873331624e+22
-666.085557499, -2528.43621584, -1556.6629882, -4.13402697419e+22
565.51780451, 730.003800065, 1820.42074485, -5.44018466413e+21
-100.184269164, -4375.41683402, -2055.28639156, -3.26327548823e+24
3472.13000677, -2218.37194196, 1593.46731227, -1.96349007917e+24
-313.094166921, -3355.14306576, 56.3511290039, -9.80308581401e+23
-95.4779281064, -2694.36719459, 1152.99708465, -3.71406413021e+23
2935.89858752, 3676.10711423, -4042.24622298, -1.92764083741e+25
-1597.05173742, 530.739167355, -1248.19698905, -1.36649521128e+22
2124.36950432, -3121.45733939, 1446.80131571, -2.31792871377e+24
2330.36581233, 2986.18694299, 1688.74190299, -1.48424289758e+24
346.049225522, -670.533265858, -686.63840913, -2.90363443093e+19
-1484.38085832, -3090.23129236, -347.362876659, -4.60732587458e+23
89.7293595895, 2920.36359583, -369.912972188, -4.07323115165e+23
-90.0345334057, 2136.14085157, -3697.51090399, -7.57112971601e+23
-1214.96733924, 289.237799325, -112.641847445, -8.93889462313e+19
-715.114731277, 1517.78634883, -4279.29259596, -1.32320682735e+24
2027.81370373, 1206.89885685, -1919.02524988, -1.04995814184e+23
569.993971667, -2289.22480944, 1356.46897381, -1.59422857134e+23
396.418896474, 2706.1514674, 2711.59368381, -3.0147342912e+23
3852.3496454, 768.809286889, -2389.45153746, -5.17231920574e+24
-279.913680531, -551.733189031, -421.912809147, -7.78679278301e+17
3430.37852245, 1251.281695, -1344.73290154, -7.47253396418e+23
-10.8800422573, 2853.25250562, 49.0659947279, -2.58253942099e+23
2361.83528462, 879.568243319, 1198.66963099, -2.3303211226e+23
-6.71605434064, 245.630543072, 1282.6296251, -2.58231727172e+20
-1528.85822732, -145.875428421, 624.813525426, -1.17947351998e+21
563.744804013, 4026.94592821, -1157.82052682, -6.99137356376e+24
-1681.7306656, 4515.77888925, 993.199492113, -8.3105023284e+24
2468.2999491, -1644.95760386, -1682.24298097, -6.29285444162e+23
361.942553794, 2113.98995277, -805.750634602, -4.75602393897e+22
-1281.60747575, 64.5422372831, -2370.76549167, -8.47729205931e+22
640.185001939, 175.976620679, -1396.82027782, -1.50294121549e+21
-692.238478848, -1091.21945301, -3526.30091594, -7.37362114118e+23
2274.97936973, 592.570971748, -3079.66205898, -2.28647253774e+24
2474.77641862, 2353.61438841, 2417.55505011, -2.75294228795e+24
-502.981029521, 3009.20426158, 322.2445337, -3.5174195597e+23
-2414.03139139, 2437.1461003, 753.4594424, -2.1993995244e+23
933.68595123, 3251.85780526, 167.779357348, -6.75438625454e+23
-1338.07211944, 2166.61480458, -1538.69436302, -1.87776969631e+23
2159.98011339, -1676.91726979, 1108.21320025, -8.04264748814e+22
-722.764197181, -2417.82328968, -1702.89407225, -3.5551451881e+22
1582.80568687, 349.918091563, -1121.0333712, -6.5340835957e+21
-304.283835527, -1263.57582493, -2964.19596487, -2.34578651175e+23
1089.38543889, -2762.57594805, 2138.4910077, -1.12937526311e+24
1349.64383359, 2430.69487497, -2708.88685392, -5.58829207531e+23
-1269.07042602, -545.998098804, 59.9728280784, -3.69326910266e+20
1887.30253347, -224.797760964, 1168.55513094, -3.23192506065e+22
-3114.50482998, 139.80955232, -1783.95119685, -1.6003206388e+24
2483.60004711, -4269.26709508, 1907.64632381, -2.44287914865e+25
-2193.25785073, 3608.18799091, 4351.68383446, -6.2661450603e+25
1641.61427108, 399.032403972, -699.376404021, -2.17382169009e+21
-2602.35502234, -2805.30540877, 746.080859542, -7.59670951066e+23
3040.50052645, 3921.3743235, -2066.34854177, -9.93327281894e+24
-1461.22405945, 996.249176568, -1129.46360341, -6.87162084514e+21
684.467019958, 1411.30992278, 2059.99719581, -2.28700899851e+22
1812.71240104, -2449.46640328, 1689.88573902, -5.61614406999e+23
677.872448671, -2293.60055428, 2000.66125534, -2.77198908609e+23
3113.41116031, -403.463483431, 129.448338975, -1.7053071703e+23
-160.997020158, -2847.5660231, 4136.16655892, -3.7429749785e+24
8.63939176073, 479.485936918, -323.25365235, -6.02235275074e+17
336.821512726, -459.137961538, -77.5324495451, -1.63201398112e+17
1219.98801328, 3762.82396657, 1148.7166977, -1.42683629131e+24
-3698.73794777, 1848.33764967, -766.11439163, -8.95435860151e+23
-2090.46115099, -759.625886045, 239.80642746, -1.48159446755e+22
-2348.47136967, -1308.27841623, 3267.24932231, -2.56343431873e+24
2823.56694949, 1450.22964403, -3738.30321848, -8.81956775456e+24
-3509.0357668, 3328.9859387, -1061.32190228, -5.26865853407e+24
-1647.41940474, 484.102077503, 1629.79995171, -6.66005140417e+22
-321.773882665, -2439.24911366, 2244.81413772, -3.81850087986e+23
1464.36296289, 301.584838201, 2038.48622101, -7.74771970935e+22
1755.09442166, -89.3593812419, -1516.42829779, -4.64792055504e+22
-3165.46354415, -544.877906959, 2309.82525575, -1.96729077262e+24
87.0508136956, 4257.98303465, -1294.29499472, -1.16511360983e+25
572.23905962, 1832.07241062, 3385.81979371, -7.89960439263e+23
-1317.53070597, 724.599617039, 1704.07022731, -5.06955528768e+22
-1053.18500221, 440.134632324, -1265.82119616, -2.15198197419e+21
-1824.26111109, -274.131573996, -150.194056323, -4.8773022896e+21
139.550701634, -1769.93732882, -708.972040473, -2.68776728385e+21
-1958.20395541, -316.12010031, 2763.11078414, -9.5606166414e+23
-1056.68239532, -1942.55802531, 1253.17636442, -3.7403714733e+22
3231.85436359, -1647.66512586, 1957.59293275, -1.76771461065e+24
1623.18838988, 2958.35862365, 2870.78919976, -1.39148030334e+24
142.017033664, 599.986003187, -421.004532783, -3.48769262237e+18
-2323.14507102, -287.53822804, 125.111832661, -2.20504689685e+22
-343.859563519, -33.4418585316, -3678.91771048, -6.45764820649e+23
-844.499193808, 1214.77450979, 1607.61145127, -2.12148886622e+22
-2433.78167481, 3877.99232218, -1618.09210996, -1.14104890378e+25
-1554.02950479, -373.37038845, 456.114543329, -9.73643792591e+20
-2656.23410106, -2543.14959138, 1234.76989777, -5.29639888096e+23
2975.06924066, 694.045356545, -790.826865, -1.70418157066e+23
-3306.6850808, -4063.59235406, 1112.92912757, -1.08438873995e+25
3431.7706307, -3308.33760314, -1756.3787942, -6.2339810615e+24
-1665.29124837, -1160.66202058, -1127.2162587, -3.74355972073e+22
181.181909623, -7.74781666875, 496.474388324, -1.27295530592e+17
2538.70510118, 1116.18474086, -218.721787919, -8.91628604497e+22
-620.217248971, -1455.33165196, -2721.02594076, -1.34563865025e+23
-1832.32933493, -477.145153855, 1836.69689662, -8.7041380826e+22
-1150.52056727, -1956.86903651, 2852.2672534, -2.75840180926e+23
-1085.1330265, -555.908703389, -768.259387926, -1.06581443393e+21
-1925.05980808, 1033.76775734, 678.67051929, -1.1977767992e+22
2111.80628514, 658.396113727, 350.458780587, -2.86272782343e+22
-2053.89178776, -1664.90790597, -903.012171623, -1.25269529791e+23
-471.73311527, 167.117724066, -616.955633977, -5.0579142948e+18
1587.43131286, -2252.55277149, -126.920812472, -6.3859411749e+22
-680.092830987, -265.047291068, -744.917409437, -7.68826553394e+19
2288.41799745, 1253.88575917, -17.3480725632, -5.97783330203e+22
981.232002723, -2142.52988726, -2503.08182732, -5.361743499e+23
-2964.60661598, 3749.39251182, 1256.65488532, -3.86775734173e+24
-1150.01392851, 1173.69350788, -742.446753092, -2.15292512055e+21
530.740724, -2030.8421915, 2314.99759333, -1.62980274338e+23
-946.456387914, 1950.77801135, 950.445226574, -1.10132217866e+22
1696.81822381, 575.815103716, -4074.4187882, -6.5513886601e+24
-391.057848543, 2473.22755627, 1128.75203803, -3.87804259265e+22
446.590563317, 147.426272668, 1362.73178694, -3.91813210024e+20
-2952.45883135, 1690.37511566, -1317.58496135, -4.57364382963e+23
-1464.03006171, 389.337990539, 236.11863885, -3.39126275835e+20
2945.94652161, 2988.45915925, 762.491232555, -2.38479301291e+24
3592.09606856, 1944.05124238, -52.4208316865, -2.13650969419e+24
3935.22558751, -929.982622603, -2064.06423998, -6.37133787573e+24
1280.04020028, -2037.6852201, -346.15947874, -2.11725031516e+22
-2766.85168902, 3706.67953951, -2936.09927186, -1.9384144558e+25
862.355378248, -960.467141552, 744.285832078, -4.84393888846e+20
-2353.23086822, -305.537089544, -552.552761098, -5.97431668223e+22
-1274.8504936, -1359.83650475, -1369.4411582, -1.99167243913e+22
-1383.66938894, 1036.5456845, 2402.84783081, -4.07098569993e+23
800.099849182, -961.692478769, 422.667680447, -2.18189011724e+20
230.405800466, 2425.56288227, 185.214546441, -6.14513885651e+22
1354.71420478, -132.755957893, -3612.3298637, -2.82835009062e+24
-2603.54787258, 2616.97313118, 1241.93222361, -6.5099238831e+23
352.347897431, -721.861654077, 33.8702766998, -6.54936994186e+18
-707.554696276, -871.166504819, 752.409709449, -1.078048285e+20
-2936.06334844, -2535.8617627, -1915.96092528, -4.09335626804e+24
-91.6144495749, 3382.01083448, 1312.75254862, -4.8388793839e+23
-776.369946153, -2652.24667481, -2065.74212416, -9.08669334534e+22
33.8777716118, 2599.70564028, 679.888633776, -7.4855628492e+22
-2252.72146732, 167.368557285, 1701.85444427, -2.03031301701e+23
-3940.47086819, -2758.1199987, 601.275248711, -5.37536676647e+24
1123.78585751, -4.08293971402, -439.067773538, -1.01814386368e+20
-3769.8995212, -2117.15568755, 3053.23954405, -7.94866496648e+24
-762.246357849, 1926.16373031, -1477.19154544, -6.33739223491e+22
-2331.24515805, -240.310621117, 2273.40339619, -6.3331609161e+23
1659.88894079, -1535.76898204, -3101.25864236, -2.95161070487e+24
2103.38451282, 3960.15296773, 864.161150809, -3.28311201202e+24
-1451.89979744, -272.619541968, 3077.59728559, -9.48015605412e+23
2453.24266791, -4159.22732408, -1054.20650166, -5.41962030586e+24
1909.29778986, 1107.11243414, 1475.40139066, -1.28894120951e+23
-822.642040162, 491.519939197, -1384.82274092, -1.25027800506e+21
-1876.49573802, 536.045639115, 2406.51764689, -6.37537241229e+23
1306.57836033, 2682.98047575, 1.80613307385, -1.75242059259e+23
871.56970245, 3856.47396022, -4343.38127785, -2.11576025433e+25
-1671.05719119, 343.015965452, -2078.80263486, -1.10191961305e+23
952.235933512, 2091.98024239, -1333.42477577, -6.63095887056e+22
-2995.28409658, 976.452792398, 1821.91754974, -1.27815415138e+24
-1632.15043406, -14.3341022643, 1377.58339718, -2.1688217834e+22
124.998623657, 180.88017506, -18.5336546981, -1.13410867664e+14
1042.29052876, 445.725127714, -244.536590708, -5.61407574887e+19
-260.311374791, -2557.86433339, -1015.29640522, -4.98953537904e+22
1848.40675596, 1513.12647167, 1198.83519307, -9.33962827707e+22
887.797410014, 2792.58450921, 1070.45736284, -1.16586027253e+23
-1890.41733625, -1746.18252147, 531.665355754, -2.96640218977e+22
3220.41695692, -2251.95345058, -1833.6641298, -3.14580168655e+24
2571.10555497, -2765.39894672, 1941.89755029, -2.10603426836e+24
-2248.64468003, -1495.44092991, 1954.82525273, -1.61325177975e+23
-2718.3089092, -1834.01549875, -2994.55935321, -6.41474891768e+24
149.728917758, 1289.59247737, 3974.07457041, -2.41054566831e+24
1254.47467592, -3921.3792378, -722.058448388, -2.72727721025e+24
2021.1485138, -1497.74538772, -573.511496001, -1.92067707469e+22
-2188.69022115, 693.919681369, 16.9655929205, -6.91206606615e+21
-2980.09972783, 2152.24472735, 2344.18493048, -4.99477995654e+24
-607.293768217, 3123.00961844, -278.867998542, -7.15523947642e+23
-2117.74573014, -1444.72925452, 4259.18892655, -9.5629510645e+24
1353.9146972, 1945.47679513, -1785.31862174, -6.68905690407e+22
2361.41116793, 951.719265886, 820.549869543, -1.45469712331e+23
-1016.74213942, 74.1109879308, -1783.88323852, -1.01437412606e+22
-927.117646886, 963.973116944, -395.857882235, -2.71143250059e+20
-1257.92654277, -66.8724056814, 713.054237801, -5.88471051667e+20
779.431406181, -1931.65098266, 1546.82422886, -6.81370583996e+22
2165.51323574, 2785.84713829, 2123.68735591, -1.41137215724e+24
2175.64606592, -3020.80901914, -1050.00678513, -5.65909091139e+23
-135.374728124, -1421.83943113, 62.4178251483, -1.06976133521e+21
2972.49446916, 2519.03451384, 1430.43724456, -2.8361803265e+24
-741.683435029, -757.613509607, -2811.2785012, -1.25212451797e+23
-906.577521599, 3293.23511082, -2887.41950938, -5.02339436415e+24
-97.5094092409, -3055.65945239, 1333.36226938, -1.03388272545e+24
-1141.64387946, -2232.57418043, -183.977910212, -3.70213758153e+22
1298.21041548, -1597.70765036, 1180.49595541, -2.27138717138e+22
-1743.23586317, -2625.76350639, 2591.62477811, -8.34268250035e+23
364.249916144, -4483.46551147, 137.505549058, -1.07653862258e+25
-1364.01322578, 51.0786556038, -2843.29270497, -2.59762464009e+23
-2224.82636776, -546.715739527, 2163.90714831, -3.63163331729e+23
-2640.61000632, -2429.77596261, -1806.17589918, -2.06101293048e+24
4251.68565581, -3283.5164901, -1868.37119729, -1.68113615838e+25
2156.46065548, 3512.62891877, -2151.03163428, -4.15516685515e+24
-1711.25362508, -965.242412103, 2058.78692077, -9.07974176919e+22
202.49070269, 1125.42055493, -2260.83092853, -1.20091529346e+22
2164.69141614, 1599.97715866, 1467.6090712, -3.22050465688e+23
3524.83846285, -1939.0632307, -1288.76700282, -1.6949441955e+24
-419.978673284, 2255.35619418, 814.353720022, -2.15011687311e+22
-1327.81407655, -2855.20013788, 997.255458558, -4.94636602593e+23
3307.56993649, 218.013023344, 1112.84848184, -1.1838052167e+24
-3195.14855307, 1502.32318507, -2495.11749885, -3.30077922001e+24
3383.25069887, 3082.70738109, 910.978061388, -5.69983126504e+24
1653.50504657, -461.362277235, 644.069849491, -3.57497308482e+21
-272.368103697, 1912.57910253, -1258.95408069, -4.01734953558e+22
-1191.83513226, 1400.86401127, -275.769578226, -2.92670613547e+21
-1326.53408097, -3087.12166716, -570.783054924, -3.89576553398e+23
145.885132553, -431.850666931, -1643.56688048, -2.59996418521e+21
1849.52553581, 1580.7206705, 1762.24351049, -2.26967926447e+23
-1996.29899801, 1254.88774464, -1341.0521165, -5.33393073268e+22
-3907.75222258, -826.605736778, -2043.18620748, -1.11040631264e+25
-3883.71783646, -1320.50405191, 421.894418249, -2.0081723946e+24
-2183.72276705, 3664.15648503, 1180.09626844, -1.92874951129e+24
-1535.78812882, -1609.48493547, -3150.53455938, -1.0498096424e+24
1446.24647885, -339.667910915, 645.72923067, -1.65232530085e+21
-177.887350099, -1003.16403361, 2456.31735586, -2.12160799086e+22
1950.44769482, 2066.82170637, 1792.41018292, -3.97258366728e+23
2020.5968157, 3243.89031187, -2435.39448037, -2.77963705856e+24
1039.1013547, -2048.09075635, 3320.42781303, -6.29611766404e+23
-2550.36077673, 1390.50795346, 3820.29625202, -2.08849816504e+25
926.323694259, 3331.18895179, 701.428690047, -6.12963875639e+23
615.233397051, -6.88845012484, -1140.54026414, -4.98901995088e+20
-1135.1034026, 2865.30878301, 556.588231711, -2.35226092582e+23
-1993.03662966, 1341.38473203, 2699.63320361, -1.95475288285e+24
297.359319943, 949.966763785, -1083.95936726, -2.95900954804e+20
2217.52681072, 1326.89149976, -234.17319644, -4.37444334e+22
103.127112112, -1321.11684551, -4000.90280761, -2.98816077846e+24
2171.92094658, 1730.9908487, -1434.67864906, -6.91479021019e+22
-735.742899672, 1422.41888845, 611.156809927, -8.75471181385e+20
