-0.471954844568, -4.20062702873, -4.91279538685, -10.7410758082
-0.501763896785, -4.08924982024, -4.88676143081, -1.54820679043
-0.502656204002, -4.00915315205, -4.88332802145, -0.00674156413093
-0.503117202269, -4.01246849758, -4.89452920954, -0.0498788710204
-0.50588983035, -3.91425689567, -4.998275018, -7.37786293113
-0.523406631138, -4.02161900196, -4.88485661915, -0.165908203422
-0.512222385264, -4.00820347455, -4.86964871486, -0.0766110508412
-0.550832324413, -4.02332882037, -4.85622780951, -0.835179890767
-0.507424466723, -4.0123169449, -4.86609651512, -0.0703122248725
-0.501595536338, -4.02079180849, -4.87588399811, -0.0240533362217
-0.498506976002, -4.01671658662, -4.87757279343, -0.00738523677106
-0.528386592234, -4.00712626246, -4.89197532188, -0.250517565173
-0.501754755467, -4.05153802239, -4.8814027615, -0.379043783523
-0.500444289619, -4.01084867295, -4.88179310403, -0.00112220243985
-0.501197839239, -4.01072495017, -4.88114145672, -0.00147618434446
-0.499649922115, -4.02450511685, -4.88039070729, -0.0355899000854
-0.496766619236, -4.01487186116, -4.87795775849, -0.00564819525547
-0.50153311871, -3.99084274804, -4.87825706402, -0.125787700808
-0.503548054836, -4.00830280544, -4.88352567583, -0.0102190612403
-0.489806667702, -4.00863999167, -4.8792822363, -0.0294335812936
-0.508398623873, -4.02330600734, -4.86030265242, -0.153573457695
-0.430936198734, -4.02008053544, -4.96641321929, -3.03818726592
-0.50776989479, -3.98052782385, -4.98636673088, -3.52030189493
-0.438166478071, -3.8209291783, -4.99999961333, -21.9774509494
-1.54396425079, 4.93812232464, -4.99999969554, -199.990545689
-2.18154886983, 4.99104394612, -4.99999980945, -215.788810065
-0.666052643091, -3.66900719324, -4.99999977896, -54.4112924175
-1.56951542294, 3.94430814102, -4.99999837292, -79.2253494019
-1.52049973115, 3.74227780517, -4.99999972587, -7.7282006971
-1.5209644589, 3.74220860153, -4.9999533665, -7.73378134558
-1.52066719016, 3.74380412083, -4.99994693557, -7.80667396179
-1.52148939993, 3.72406864367, -4.99995147171, -15.2739680969
-1.32485626841, 3.7435540722, -4.89199362668, -72.2740715365
-1.43326193772, 3.73658065869, -4.89452420341, -72.908493502
-1.20122174252, 3.78478941134, -4.90983512462, -69.7357052497
-1.53045523544, 3.25342213886, -4.92681560651, -91.7482569121
-1.44620645796, 3.69049373962, -4.93326438638, -68.7789494154
-1.7215668312, 3.74123135428, -4.93713699888, -72.3536434648
-1.57155034858, -4.13672713066, -4.99585261937, -152.37254088
-0.375841977472, 4.94888775955, -4.89601645589, -339.275134659
-0.691101900932, 2.19499124001, -4.90581318743, -541.872172653
-1.94102993273, 4.90934201437, -4.89652587448, -201.144521483
0.357503454146, -4.6500550607, -4.88350897831, -113.786348717
0.0244450787462, -3.98860542177, -4.91140595207, -65.9778236097
-0.485608244171, -4.01947039906, -4.95463477834, -1.45068538196
-0.521139705394, -0.998195892399, -4.83072575167, -699.411804016
-0.390552594714, -2.58793683712, -4.88428799236, -322.72187886
-1.60586613776, 1.90770239837, -4.78604716375, -384.725669969
-0.506709285717, -3.83893987888, -4.99602609784, -16.2801114876
-0.595627950056, -3.98857940312, -4.87973397979, -2.44587387795
-0.492821603907, -4.0101270331, -4.87895922496, -0.0144787997652
-0.314187704192, -3.96889904604, -4.84673195806, -11.0852155756
-0.506361266311, -3.5384364305, -4.84964124703, -64.6623142314
-0.517194659628, -3.99896100978, -4.8779353294, -0.129770114593
-0.501225058803, -4.08198273172, -4.88153550979, -1.24330897835
2.83432223919, 2.07669279301, -4.8810644493, -1533.79687137
-0.501518333339, -4.01112151667, -4.87189763885, -0.0218524145914
-0.479085859769, -4.21248816518, -4.87897631506, -12.1920816536
-0.492672448041, -4.01649652502, -4.88672713593, -0.024787939837
-0.495071845397, -4.01336989082, -4.88153006531, -0.00566163427627
-0.50337831005, -4.01283077918, -4.91156998009, -0.243475183443
-2.55521874152, -4.0080785172, -4.98356525127, -271.867857
-0.510162229673, -4.00685977334, -4.88112096074, -0.0362517400793
-0.915465743142, -4.9647913933, -4.83713113307, -125.813100408
-0.497381226283, -4.01212331173, -4.88017630993, -0.00154198937328
-0.112154173295, -4.00390413189, -4.84283828267, -43.9746694159
-0.504419688015, -4.00712327705, -4.90507502874, -0.163218732812
-0.502087326925, -4.01764785363, -4.88025672668, -0.00799398772133
-0.482183575265, -4.00115595951, -4.86802827339, -0.153292392321
-0.498388490579, -4.019966023, -4.84680004316, -0.307721194329
-0.501633375154, -4.00886290522, -4.874649892, -0.0143796141999
-0.498902206954, -3.99321110726, -4.88133184324, -0.0974399683658
-0.517023702048, -4.1019527373, -4.86934225861, -2.22749418056
-0.498830313285, -4.01280135758, -4.88341692565, -0.00180317646775
-1.97403086901, -2.79746530715, -4.86485226462, -331.327909326
-0.503303345341, -4.01531361366, -4.87958483617, -0.00557844530465
-0.779709966548, -4.0133296038, -4.87403226357, -22.0258833059
-0.498272615514, -4.01393629809, -4.82708896678, -0.742161751374
-1.60579695473, -0.569403471219, -4.99842231328, -740.100127698
0.313555837859, 1.54987877437, -4.86206329345, -830.575926692
-0.49982046542, -4.01397945527, -4.88398429119, -0.0028850008762
-1.34006385019, -1.59993406836, -4.99943269335, -574.817193762
-0.492617161482, -4.02257121187, -4.87719105617, -0.0406494348981
-0.492375718099, -4.09439900066, -4.88177660026, -1.77939524417
-0.501008788278, -4.03241504168, -4.88725187988, -0.107922486966
0.592020204844, -3.96411765048, -4.87509847092, -157.752169518
-0.560423318851, -4.04720902584, -4.88430315068, -1.23555987568
-0.500236724004, -4.01330966479, -4.8655393187, -0.0597133181614
-0.459194925416, -3.83103502124, -4.85906208224, -12.9965959689
-3.54994336137, -4.08211820783, -4.85926393534, -536.558144141
-0.496516465451, -3.99835629814, -4.87177565019, -0.0756130523076
-0.500809095758, -4.01254100066, -4.88112731095, -0.000327646612565
-0.507972235935, -3.90135846986, -4.87553340804, -3.65257300904
-0.512720120027, -3.93732471896, -4.87810452709, -1.57934921926
-0.50404032796, -4.00116507411, -4.88872189754, -0.0543620220254
-0.499892165219, -4.01236948639, -4.8812229905, -4.97854969054e-05
-0.500365140983, -4.01233130772, -4.88109523864, -0.000141259064354
-0.490244690497, -4.01119246932, -4.75601770883, -4.76005358868
-0.499476215557, -4.0123322654, -4.87882064436, -0.00112162413051
-0.499454637037, -4.05404134887, -4.87991261391, -0.42845963982
-0.500894229122, -4.02646701746, -4.88842958744, -0.062611537962
-0.500136443964, -4.02863518224, -4.87879342663, -0.0651949225208
-0.648187608289, -4.0038536788, -4.8829331229, -5.82727442409
-0.497913872826, -4.00485379143, -4.8822588575, -0.0165498183929
-0.457291024636, -4.01196229496, -4.8808724429, -0.441497091028
-0.498058435741, -4.00891977529, -4.87983846802, -0.00439262274755
-0.507002461326, -4.01818130426, -4.88376294054, -0.0234725769661
-0.499268303064, -4.01281760713, -4.8797833927, -0.000372353798594
-0.514202048622, -4.01381720175, -4.87975936579, -0.0540845819457
-0.499754883165, -4.01565446479, -4.87899705697, -0.00327326716224
-0.500033287297, -4.01345281504, -4.88067105684, -0.0002265380698
-0.499865795009, -4.01275316848, -4.88105038955, -1.94714417292e-05
-0.459053557075, -4.0162449606, -4.88414048884, -0.410397693247
-0.499891491188, -4.01277157381, -4.88018047579, -0.000147197728359
-0.47184529924, -4.00669941014, -4.83682902749, -0.704511431099
-0.499358879306, -4.01294117887, -4.8808179254, -6.00451386961e-05
-0.502215730906, -4.01065002, -4.87665653249, -0.00716016279699
-0.502201085311, -4.01220827768, -4.88087012717, -0.00162904709548
-0.503213411167, -4.01015088216, -4.88043593157, -0.00473628191842
-0.356357835393, -4.01213500765, -4.88007133781, -5.13620984834
-0.49505923355, -4.00623733281, -4.88842239265, -0.0301624478541
-0.250570052986, -4.03801128597, -4.89244896838, -16.3492518682
-0.496243901174, -4.04592522896, -4.87918132191, -0.278588988889
-0.499275869615, -4.02047894469, -4.87972944954, -0.0160024530326
-0.501284011164, -4.0103182285, -4.87983131499, -0.00225259715644
-0.49194473413, -4.50830090635, -4.88296774106, -46.0133677797
-0.503308947438, -4.00962369842, -4.88408414853, -0.00814805007433
-0.490348408811, -4.00051020046, -4.8759407203, -0.065735429299
-0.491413679954, -4.01015288331, -4.87506767088, -0.0274888724081
-0.496516520866, -4.0255042482, -4.90072465699, -0.141615003616
-0.497700194007, -4.01944621235, -4.8838339468, -0.0149686216528
-0.577498891221, -4.06037976699, -4.88355497546, -2.14863250849
1.42502802121, -4.02035057808, -4.90310747634, -238.005246354
-0.50012616137, -4.01400878867, -4.8812816551, -0.000587435339317
-0.500174419546, -4.01483710934, -4.88334738559, -0.0028306453772
-0.019724831185, -3.995907592, -4.88428121811, -59.0429683018
-0.518318887301, -4.0260175495, -4.87696834244, -0.135581396221
-0.502409512839, -4.00926764355, -4.87895058897, -0.00566430349812
-0.503646703936, -4.02518846518, -4.88952249903, -0.062296569417
-0.443832855777, -4.07882020111, -4.80641860467, -3.34677732522
-1.52089069838, 3.74220034162, -4.99999659391, -7.70887425647
-1.57307779989, 3.98931535666, -4.98076853473, -80.9519890712
-1.65138225942, 3.61506172892, -4.99942934033, -79.4686010896
-1.51203049637, 3.74583648965, -4.99998367434, -10.2953156494
-1.33187715807, 3.72689477295, -4.9756737871, -128.551262025
-1.52674514611, 3.72989529651, -4.99992747414, -12.0510525922
2.69604933445, 4.92787986716, -4.95691607507, -797.732003448
-0.443200003063, 4.90508662707, -4.88923266609, -321.053397509
0.637110733306, 4.11792101459, -4.99213913955, -755.821745134
-0.759520609127, 1.38586366502, -4.99999300048, -754.912931477
-1.45184370218, 0.43808036087, -4.99866702442, -853.861911383
-0.697146982543, -3.99443403833, -4.88752573256, -10.8473007633
-1.7560010341, 2.2041563202, -4.99857832013, -321.40998963
-4.60284004081, 3.54408634489, -4.91864317034, -452.284804322
-1.470206821, 4.36193153709, -4.98242670999, -127.49962376
-0.552764723331, -3.98914692406, -4.94474000985, -1.98306859313
-1.54727020912, 3.2258971214, -4.93010374642, -96.935257024
0.41755524493, 4.93352190559, -4.94493183481, -553.785174478
2.22123105369, -4.04584319371, -4.83439949884, -333.846382787
-0.494124980568, -4.01989974344, -4.85858867568, -0.14622661946
-0.454779946951, -4.01694810435, -4.88078598634, -0.50387768504
-0.541131753268, -4.01108137679, -4.88412068462, -0.439684097
-0.498940020719, -3.94049675635, -4.8990886227, -1.50821487216
-0.513272005524, -4.99973612137, -4.89716247453, -93.7956968923
-0.499857929284, -4.01108215588, -4.87266442616, -0.0177635171456
-0.56384755543, -4.00301783088, -4.86798196098, -1.10462779522
-0.508831339441, -3.14297571352, -4.87895773263, -171.425138821
-0.490443450277, -3.99282879072, -4.87567786311, -0.129204705265
-0.440210163099, -4.01227028179, -4.87841803798, -0.870545756924
-0.499953103391, -4.01216731407, -4.84627734694, -0.302456387918
-0.518558032775, -3.99734351141, -4.80453487136, -1.69803969191
-0.493957884588, -4.0149395816, -4.87353301887, -0.0232762252304
-0.499407237075, -4.0118546592, -4.88679881206, -0.00896143074696
-0.500641681192, -4.01421245231, -4.87710292086, -0.00453845873058
-0.505333199522, -4.01120142502, -4.91906629004, -0.379898014919
-0.492524683713, -4.01303500336, -4.88232990045, -0.0135463305966
-0.499583319971, -4.02353906847, -4.88084323718, -0.0299940122396
-0.49939389953, -4.01357157257, -4.88103337776, -0.000267449757387
-0.502237796819, -4.16188909211, -4.86397018696, -6.60863054154
0.597162034339, -4.00627532115, -4.88181543528, -145.211215247
-0.499934603361, -4.0127452081, -4.88094864448, -2.07086188857e-05
-0.543324053247, -3.99321744123, -4.82888566692, -1.2672532607
-0.524061370535, -4.01353879476, -4.88348455099, -0.152475627702
-0.496990868147, -4.01488169515, -4.88106043383, -0.00316597451189
-0.489304454331, -3.97962486818, -4.91477151751, -0.615741547322
-0.503303902526, -4.00607583265, -4.87869253172, -0.0153896564463
-0.499952730187, -4.01248320877, -4.88106655694, -2.73290510886e-05
-0.496468283387, -3.96606696295, -4.88258089756, -0.58068866399
-0.499676302288, -4.01240505358, -4.88077652889, -1.3069348609e-05
-0.482347381711, -4.01241568594, -4.94776196703, -1.20755219065
-0.499834996271, -4.01212862297, -4.88082153135, -6.18108507874e-05
-0.497833716468, -4.06647206305, -4.81679012929, -1.83955181366
-0.49971806101, -4.00275777193, -4.88101521839, -0.0247794843221
-0.491423674417, -4.00859483356, -4.8810160953, -0.0213833865571
-0.505170297921, -4.02958542158, -4.88048449599, -0.0795148689114
-0.499730152125, -4.01145324137, -4.88162050028, -0.000464632339587
-0.543831357495, -4.00803064867, -4.87978900989, -0.498401494287
-0.496491408475, -4.01273481209, -4.88009130014, -0.00276448769791
-0.499741780559, -3.98012671055, -4.88450235911, -0.28283042877
-0.498249056861, -4.01245937156, -4.87972147135, -0.000885151215553
-231.328163538, -201.952986669, 244.623365017, -4.88584200356e+15
-316.384705048, 453.031945307, 123.948913596, -1.37331442637e+17
417.432031601, -96.5483212395, -306.840214542, -3.21150316895e+17
154.526899946, -471.33276073, -86.5934278545, -1.1579000012e+17
50.4839473914, 8.19299995795, 84.7633450413, -159680.760213
-301.158126354, -153.547681011, -187.837576526, -2.89146798419e+16
-50.3688396868, -17.9957351749, 549.197867846, -2.69813395946e+17
-66.1062686962, 528.998788108, 18.0201101395, -3.73389655816e+17
529.729489738, 196.072420159, -75.0814027606, -2.44039275008e+17
206.108192653, -335.90986336, 285.795716084, -7.6376367623e+16
-28.1108642749, -128.631186621, 268.121739156, -5.64582200595e+14
87.9666127945, -188.550507576, 401.332463585, -1.1472423277e+16
185.194217286, -70.4177603168, 349.348102026, -1.56860624263e+16
427.081005901, 128.645360644, 30.1521343349, -5.8967874612e+16
-339.905272032, -345.367042889, 90.4271191959, -4.86275118505e+16
207.642762743, -285.914024034, 407.677230433, -8.65762271841e+16
535.389902382, -80.8428309945, 233.240056724, -6.11294310094e+17
69.704139192, 274.300151297, 275.069538911, -3.67125596439e+15
-647.574355878, 171.409568068, -183.431168602, -1.25423415671e+18
341.136483147, -184.380918895, 15.8112040904, -2.93243293102e+15
-287.446267677, -165.679517778, 56.6748863483, -2.85794550598e+15
9.95727687374, 120.132773408, -217.930103745, -9.49002438083e+13
-247.181521995, -67.0514954988, 212.145137045, -4.5671698796e+15
-368.638347425, 272.377359683, 339.255619106, -5.0346842907e+17
296.218851704, -297.108161982, 528.482799827, -5.41348814521e+17
231.988046356, -388.465811034, 535.723684757, -7.04835847695e+17
409.63418752, -26.2067093729, -269.617930073, -1.48983393257e+17
254.863610404, -15.0357993397, -346.375546517, -7.9566072087e+16
171.733291613, -96.5060887407, 40.1554389138, -2.21273228697e+13
-458.801952822, -138.435702885, -7.78846129727, -9.24032661816e+16
132.772828264, -8.01861300823, -56.0216182928, -5.52550291774e+12
-106.755665593, 164.381518948, 303.729246604, -1.49978574105e+16
-279.850664451, -20.0329086743, -38.6626889601, -1.53214867545e+15
53.0465786204, -198.146152194, -60.6758051904, -8.2279297403e+13
-2.2113766324, -234.844868051, 41.9219961484, -7.53475771371e+14
-121.176354446, -236.327652911, -153.732225191, -6.65809609566e+14
-21.766886192, 541.299328733, 30.3896965643, -4.13562599233e+17
-95.3637333096, -98.5087821317, 228.780590782, -4.70111261775e+14
-27.2724880956, -233.708629987, -417.695421615, -4.50500354839e+16
-251.70699727, 508.402646447, 159.909018745, -2.25679528828e+17
261.054455316, 9.47758417275, -209.079853895, -7.53970915558e+15
-261.286836716, 350.008917953, 267.945952396, -9.69917571844e+16
282.613519771, -68.9550501541, -218.640069507, -1.76823092591e+16
51.7967666393, -436.534817784, 488.210501356, -6.25978347791e+17
54.7721316128, -195.868808986, 24.8197223333, -1.78594948689e+14
-213.993914673, -596.512866701, -82.5391885806, -7.59518011024e+17
-146.697575857, 114.175227536, -21.6195024845, -1.49736299914e+13
32.090154225, -31.3109782638, 237.230758631, -1.89769993553e+14
-470.368955436, 297.236046132, -280.57467225, -3.86761024985e+17
33.0563532263, 322.962471106, 541.767313275, -4.61897334014e+17
195.884241864, -97.4053158239, -217.738440032, -5.72088173135e+15
-214.136265684, 626.636096243, 379.779676977, -1.15516939139e+18
300.579898664, 223.835470674, -587.96892383, -1.22607975805e+18
-13.0762383433, -537.838611397, 292.596567023, -1.13882775737e+18
182.768493128, -186.342275854, 530.571790153, -1.47505295065e+17
-3.06616631645, -14.6741793069, 408.392765773, -2.00155159381e+16
436.216746441, -150.79473584, -63.8649795834, -2.20582275888e+16
-247.330201816, 150.068649479, 32.0853225005, -3.23310656854e+14
448.430637108, 553.574294182, -102.30821638, -1.20969617357e+18
285.500307313, 109.575090166, 179.840782589, -1.60593211779e+16
-141.907603147, -11.3586026459, 191.979662357, -6.44364202595e+14
7.56954078439, 213.263069363, -285.10543862, -3.02036169668e+15
444.535215448, 630.423657628, 489.701910613, -6.85733502038e+18
258.710475122, -167.372462651, 103.863493901, -1.44233215463e+15
-277.942244621, 321.107434841, 166.752823234, -2.44339373385e+16
331.953319447, -166.779713613, 179.744793184, -1.64020963046e+16
-225.186452187, -82.5049289701, -44.4064493812, -6.0051789667e+14
310.373037082, -104.327997206, 12.4854540453, -1.22745122611e+15
516.817402816, -38.6158500687, 259.308033156, -6.65148149655e+17
291.401027325, 30.2277839071, 572.456859933, -8.97580361008e+17
166.40944348, 23.1196976963, 116.887058068, -2.08832530766e+14
-160.60383469, 227.624151752, -194.444661693, -4.50938962693e+15
-567.294471765, 379.504726099, -596.971634222, -9.27213932035e+18
-572.089590329, 227.257021847, -80.552872038, -2.17855331844e+17
132.554156639, 67.5093344841, 63.9321982801, -2.50110509874e+13
-103.040821157, -301.850867319, 393.674014727, -4.44629918793e+16
-32.0811923786, 537.378481393, 219.435824, -1.96101398671e+17
-73.2186310259, 225.286068096, -223.103316222, -3.3118619913e+15
181.17759734, 177.872080113, -458.507709006, -1.00744430602e+17
-99.6717905776, -117.312284278, -116.410613562, -4.00837739346e+13
334.678769484, 458.787663737, 131.1776839, -2.14990211816e+17
133.487673464, 272.18281192, -518.21465531, -1.46950348279e+17
-338.069972786, -418.234528712, -469.474035172, -1.26112681279e+18
-225.43359061, -496.166129178, 387.591324951, -8.35264927839e+17
121.102694061, 268.392432743, 498.792760195, -1.91597931382e+17
-431.637125408, 144.084813896, -523.028482767, -1.83461341667e+18
-59.1817838942, 260.744054583, -206.405593735, -6.82472125999e+15
260.868014688, 22.2718929519, -41.7906530763, -4.64800840221e+14
419.008342187, -137.102226066, 218.459434199, -1.03946076102e+17
473.5341462, 293.657110417, 237.903567734, -8.55150555157e+17
419.518507703, -270.189321392, -229.17268832, -2.20430478765e+17
-362.317620737, 507.981899844, 44.0540741683, -4.34173420129e+17
212.016824055, -225.96411644, -316.088251001, -7.20837996569e+16
608.791259838, -393.406384785, 1.32022399359, -4.21793032458e+17
-325.192351547, 126.496410847, 304.342854881, -1.33189874548e+17
524.111695163, 195.243486786, -429.386380179, -1.41304808501e+18
-606.076892034, 121.10408703, 481.393599676, -7.89015954755e+18
264.450179124, -11.9360593854, 549.386279474, -5.17923019265e+17
-67.2540321251, 265.498948303, -377.977088455, -2.47419024145e+16
180.629569306, 151.511734279, 431.072032907, -8.03579636748e+16
-412.636970736, -16.6444290284, -163.277339387, -8.47015882345e+16
-445.988154697, -323.972561721, -163.529687291, -4.47316360845e+17
514.229350613, 255.47147516, 406.281018784, -3.42892765542e+18
-215.811287466, 200.977634276, 430.065932067, -3.55538228103e+17
-44.6976062356, -211.544498961, 10.0941391539, -2.50001414883e+14
-81.3888768425, -195.426918181, -167.637797637, -1.66633838103e+14
-282.060423539, 343.225796135, 494.575266661, -1.84012063756e+18
354.275703272, 449.980206072, -641.665343444, -2.71959800307e+18
-479.847483362, -120.372784676, 10.6955703859, -1.06096307934e+17
598.520771224, 54.9965006449, -13.0093529941, -4.27336768908e+17
-192.106828894, -221.727089968, 107.398915096, -1.12485459579e+15
-333.419059464, 143.028654114, 77.2177153769, -3.82017259794e+15
-222.016515537, 248.484589695, 80.0447421647, -1.97686230891e+15
24.6220130779, 577.15973775, -337.183701663, -2.22938287189e+18
542.681170692, -167.533392451, -272.146172899, -8.33171761767e+17
27.0898824075, -5.06924834872, 17.0849003716, -17669.108287
132.224646425, -193.469911689, 378.480567494, -1.26928931537e+16
-28.0083160306, -57.4934065395, 144.111205222, -6.24750939536e+12
16.9712839349, 80.2689506093, -414.921971853, -1.43940210065e+16
348.804492476, 171.169389393, -481.861839029, -6.18361713766e+17
-104.622730385, -502.102589114, 19.2154720994, -2.51494514358e+17
248.428265153, -23.9656642144, 73.599601472, -7.80166571928e+14
406.634772364, -471.708556264, 54.5657669988, -3.93012539695e+17
-189.412405058, -70.6409775415, -125.496488345, -6.80412566495e+14
280.560027432, 102.756709822, 55.1437623579, -3.34983509833e+15
-42.5129742075, 4.46645885129, -210.880189012, -5.91574094486e+13
-510.022551044, -288.370878981, -447.304602879, -4.56462366221e+18
-209.111843474, 238.589638508, 591.479660487, -2.47144170665e+18
-576.301372312, 101.303726599, -213.520953363, -8.15123418666e+17
72.6932077981, 167.121317446, -170.513674959, -2.23981720475e+14
217.171580218, -458.656112126, 130.891329508, -2.71812461336e+17
4.72582490073, -37.5342793257, -122.112868597, -399576.863409
-422.870465542, 191.191616263, 30.2990973475, -1.396613423e+16
-138.787461576, -105.907556593, 225.382280347, -8.42788876479e+14
572.298957119, -211.858493646, -375.93576607, -3.20135343435e+18
-349.030639364, 461.927557747, 182.28419659, -2.0676205802e+17
505.658329987, -613.356711986, 164.818581394, -4.14570316531e+18
513.818197748, 216.382459387, -306.651667177, -3.91005601487e+17
16.9684227736, 363.603045525, 557.056333306, -6.76530452972e+17
488.162170377, 268.105855418, -25.9131774784, -2.32728618911e+17
3.86873781323, 119.1850307, 243.651546601, -7.99793568477e+14
-267.75469659, 132.010402186, 375.187536589, -2.10396298112e+17
152.263577322, -130.448299178, 37.9846308171, -2.95643208534e+13
-502.611180684, 164.269600704, -320.515486926, -7.38883935211e+17
612.597680367, 381.22999051, -481.695098309, -3.44663231616e+18
200.914945464, 122.208271552, -93.2849136296, -1.69068101211e+14
-138.459340884, 36.3705162459, 443.205925453, -1.31221422683e+17
-45.9720848515, 35.6929802547, 65.8931515799, -20315.3417502
54.7174208279, -95.9276785577, -94.4209081751, -5.03408196205e+12
-11.5991317559, 451.470475783, 152.009974843, -5.49943059586e+16
-67.9951408837, 77.2267793861, 154.368776074, -8.98265750302e+13
-337.976649237, 194.135527275, 456.425407839, -1.20829685973e+18
382.824779372, 197.231044472, -417.496750505, -3.6229693598e+17
-475.924540845, -98.4159509525, 25.8197237472, -8.29658851536e+16
-239.536436905, 222.155476528, -583.389653577, -4.38404363917e+17
248.190580074, 347.931027211, -77.9469187637, -2.47711557396e+16
259.22517778, 3.80567120816, 78.2219512368, -1.33861116149e+15
-20.1211653347, -207.524622838, -172.466885883, -1.25204214531e+14
248.710325388, 158.022972465, -469.902284178, -2.33862234961e+17
337.511427796, -235.955075759, 27.0738363814, -5.19567858468e+15
161.217589634, -31.3930308417, 109.241944662, -1.07064451486e+14
220.094913758, 48.2917140803, 383.552591505, -5.57218916379e+16
354.229166002, 8.57098979613, -365.505306191, -2.60235480559e+17
63.1238061713, 353.002828124, -236.187440468, -4.87175125282e+16
59.4326012496, -433.144375984, -85.257948518, -5.12519848124e+16
111.639440151, 410.394245921, -153.740395592, -9.49414080474e+16
-215.317356184, -233.089405987, -19.8069215846, -1.97829063167e+15
38.7987880501, 190.109291972, 13.3732153469, -9.19193255792e+13
-356.442084142, -38.3794736753, 167.25603815, -1.32438599586e+16
-137.832236653, -87.5587488496, -168.514773685, -3.87298496516e+14
-5.54913332005, -163.788427168, 229.53662083, -3.97739402096e+14
-142.796255127, 270.723441977, 214.183974465, -6.61150626285e+15
-99.5694461832, -373.775013084, -230.908494442, -9.37427947065e+15
84.5140082798, 108.799423108, 270.126222838, -1.42101043231e+15
-12.7502587801, -645.067269506, -301.849083129, -7.20686152341e+17
512.257516032, -326.013545965, 232.611371253, -4.21140336406e+17
-44.5016035172, -494.637678283, 5.03352313077, -2.12729949293e+17
-11.4214859532, -396.538304961, 170.145443066, -8.01557425669e+16
432.28443536, 541.113773981, -595.477171954, -4.26811532567e+18
-237.389000056, 77.1907632956, -184.283598904, -3.21696671599e+15
314.905567291, -460.976361233, 215.571214522, -5.09505849649e+17
343.561888847, 441.464095023, 250.458806797, -3.32391809897e+17
52.8095554737, -97.6293988088, -103.686713673, -7.54894208752e+12
-216.853964211, -455.572037909, -47.8627758567, -1.02956076925e+17
11.2264271408, 429.38936482, -51.9984437513, -9.02913368345e+16
-15.0745653841, 315.096304305, -544.28605669, -1.66865042756e+17
-177.624094985, 46.0423385777, -14.4584794227, -1.73354591695e+13
-108.019274554, 221.337826228, -631.017994329, -2.8238692871e+17
299.310906086, 175.019625355, -283.667949751, -2.44548315748e+16
85.7948040561, -335.481919167, 200.926281824, -3.30800954484e+16
56.3110475279, 399.896829792, 400.404589649, -7.38331206621e+16
568.38553727, 113.778930414, -350.521400685, -1.16388476813e+18
-44.9204572677, -82.9419381431, -63.6425441123, -331434.362749
506.357573544, 182.224589687, -196.138763558, -1.69142338432e+17
-3.35765167533, 419.73387805, 7.79945993173, -5.80121063823e+16
348.821674847, 128.664722701, 176.46946818, -5.17186584219e+16
-3.94750141507, 37.9867314346, 186.843463978, -7.05135357858e+13
-223.806299138, -22.9321277088, 89.4367509702, -2.23342908352e+14
80.5022394268, 593.213049092, -169.277018928, -1.5683519791e+18
-248.472784676, 665.776158572, 144.239025331, -1.91547554819e+18
362.834624197, -242.775524489, -248.273515817, -1.43398474662e+17
55.9562191906, 312.787803509, -116.831296856, -1.10564248173e+16
-190.386542234, 7.48374483183, -348.933518625, -1.90610471122e+16
93.2549521027, 24.9949125339, -204.648531124, -3.03697673141e+14
-101.520652598, -157.780112006, -520.352638856, -1.52940442574e+17
333.386338356, 84.8343004957, -454.927360975, -5.1002629678e+17
364.547753196, 349.084826389, 356.137369415, -6.1067390257e+17
-73.8927532963, 443.314599041, 51.4557465611, -7.89743828659e+16
-357.868628629, 358.263754911, 111.128960516, -4.97215191616e+16
135.730865213, 479.064968166, 25.9161309609, -1.50758972011e+17
-197.880558976, 321.605011604, -228.743904, -4.67045295241e+16
317.056130445, -248.592704438, 164.488403067, -1.73397554347e+16
-105.601196562, -355.064840889, -252.707244622, -7.64368995201e+15
235.750735225, 48.0003251362, -163.845851289, -1.5818223579e+15
-43.6724113939, -188.752829431, -436.332506012, -4.81319280037e+16
158.487956228, -406.575972405, 314.398914532, -2.37992132587e+17
197.371699491, 356.899280422, -400.095348624, -1.23136577762e+17
-186.837030218, -81.8004213098, 9.26935936067, -8.36534619133e+13
280.375962579, -33.6188476994, 169.212493485, -7.15697747488e+15
-459.02076241, 21.2814574043, -263.144478271, -3.5760831025e+17
366.077594791, -629.261041779, 280.231215639, -5.27233634076e+18
-323.900775858, 531.282856466, 641.845796471, -1.41957172849e+19
243.340382218, 59.8865597312, -100.533616436, -5.09766527962e+14
-382.854083897, -413.487924407, 112.052737259, -1.68696947737e+17
448.554666714, 578.651667906, -306.03166439, -2.24663817216e+18
-217.830199119, 144.906782996, -165.51127531, -1.61483903756e+15
97.8369832556, 209.330509627, 305.257585122, -5.56069643778e+15
265.711196161, -359.773880723, 247.270273995, -1.15124933495e+17
100.84142569, -336.255222674, 294.805408613, -5.73950454203e+16
458.13373358, -56.7943274832, 15.2875600908, -3.70162092031e+16
-25.9441987344, -419.329283703, 609.985704123, -8.29794663625e+17
2.27848455454, 73.9889376206, -44.7338890045, -168977.70418
49.2752456802, -64.398884234, -9.5658090707, -172490.199535
179.228277171, 554.835382107, 169.212514908, -3.20479358846e+17
-546.076754312, 270.800167189, -115.13183569, -2.07550446323e+17
-307.253628345, -113.425257824, 39.1343543446, -3.20672726348e+15
-344.78617269, -194.171451882, 481.249256552, -5.66187187761e+17
417.56694089, 212.702405658, -551.553102928, -1.99714708508e+18
-517.049556444, 490.611963739, -155.295237562, -1.21266609361e+18
-242.953932231, 75.03231684, 238.939646287, -1.46260716667e+16
-47.0651944186, -360.843896289, 328.906282699, -8.43793819682e+16
218.229625352, 43.7491264904, 298.228923297, -1.74846460349e+16
260.319160948, -14.7473335908, -223.648555432, -1.10134210111e+16
-467.334219333, -83.3876717754, 341.596652914, -4.35673734899e+17
14.2966498842, 627.962723825, -191.776740764, -2.65618503236e+18
82.6794992708, 269.808134137, 499.425011805, -1.90780082714e+17
-196.987236997, 103.886042439, 252.326498336, -1.19060061444e+16
-155.407922515, 61.6732955691, -189.181175575, -5.13534258824e+14
-266.933249039, -37.373567491, -18.6282230232, -9.73120644356e+14
17.6948126428, -258.816473729, -105.875068899, -5.32306124156e+14
-288.938056674, -47.7469855981, 408.357064924, -2.18314295948e+17
-156.486994549, -285.376970881, 184.682207669, -8.06065675119e+15
477.77090132, -240.379365011, 287.602113451, -3.93156939202e+17
239.325111684, 437.723015698, 424.105807493, -3.17011736013e+17
24.5916162297, 91.4802904555, -61.3414841921, -298832.946459
-343.802726268, -38.3972479124, 19.19508671, -4.91211099965e+15
-51.9426778325, -0.949047142874, -542.794093299, -1.30919365636e+17
-121.126046184, 179.078724803, 237.050314132, -4.69307826742e+15
-358.773180759, 572.157366878, -236.165436581, -2.62402305403e+18
-231.909088771, -58.8601095383, 65.3060422316, -2.33051315181e+14
-390.828928428, -374.736392918, 182.788768749, -1.17020782583e+17
439.935501601, 99.8285973892, -117.692103879, -3.93515830243e+16
-486.603250821, -598.764854133, 161.170683488, -2.39588902251e+18
506.59684379, -488.995102854, -260.203223661, -1.44484543975e+18
-244.9149886, -169.670189078, -164.649307647, -8.14563932062e+15
26.9110676945, 2.30296326013, 75.5080602139, -102526.535169
375.496596831, 167.091491649, -29.3205707397, -2.08779310027e+16
-89.4892798694, -213.363773254, -402.533396426, -2.81987924096e+16
-269.35428663, -71.5810175414, 270.258399762, -1.88235596245e+16
-169.894686047, -288.585034918, 421.494531996, -6.40600892073e+16
-161.436540995, -84.0038248509, -111.674342587, -2.49241699292e+14
-281.809080456, 153.243247648, 101.560292789, -2.52542887776e+15
309.279047977, 99.0393541594, 51.798174022, -6.11005853199e+15
-302.309323295, -245.232694129, -134.755841294, -2.84475856629e+16
-72.3855286545, 25.3157650039, -92.4447810003, -339711.995181
235.015907889, -331.786451681, -18.4934265316, -1.34449259177e+16
-103.384212865, -41.6243788325, -111.602218603, -2.12048988459e+13
335.436364402, 182.163804993, -6.62411008289, -1.21311080309e+16
145.621114452, -317.675737181, -370.090975983, -1.20683178589e+17
-435.59920859, 552.751319714, 183.964013733, -8.64903022049e+17
-169.272554906, 174.74178948, -107.894289482, -5.4308503958e+14
80.6253391958, -300.951080174, 341.156229989, -3.61856659098e+16
-141.128529561, 289.243430701, 137.753599451, -2.6243622276e+15
252.192847631, 83.0792320054, -600.21250029, -1.446611168e+18
-57.5436999067, 366.335526076, 168.41032187, -9.28864350266e+15
62.745247347, 24.1834060041, 198.882061556, -8.95070606434e+13
-434.663790832, 251.837133764, -196.43792646, -1.06434042605e+17
-218.576010845, 58.7367889588, 34.4219500272, -7.68626738387e+13
434.200749954, 440.643515072, 114.467992076, -5.30135412347e+17
530.442469237, 285.794646374, -4.95432289205, -4.82163527251e+17
580.548902113, -137.968663719, -303.508915983, -1.45413310796e+18
190.090305473, -302.704446114, -53.1212822625, -4.71113439067e+15
-406.601699096, 547.219768211, -432.588572162, -4.47135419774e+18
126.950913819, -139.235560564, 109.303228958, -8.92233289519e+13
-347.186502627, -44.4925957431, -80.3452549141, -1.33317354067e+16
-189.1617912, -202.670396555, -203.47343212, -4.77014247527e+15
-205.037410114, 150.447952406, 353.996500889, -9.24567279666e+16
120.21639437, -138.689063591, 58.5963049071, -3.64250618566e+13
35.7454554001, 357.384796268, 24.6535370369, -1.41793599524e+16
197.258526302, -16.3619800657, -532.292349674, -5.94324972495e+17
-384.031560134, 387.090544693, 181.051385649, -1.42032100049e+17
55.6022796224, -109.517974339, 6.13652890041, -282136.516914
-103.823661588, -126.416546072, 114.110041454, -2.33668992914e+13
-433.820040924, -373.693134613, -282.089276002, -9.29162373991e+17
-11.2093507745, 497.556589866, 190.752126557, -1.09246224532e+17
-111.033656354, -390.773770154, -306.426508162, -1.95190894157e+16
8.08638620668, 381.567684244, 97.6228124105, -1.67030940927e+16
-333.250572621, 24.6992540992, 251.102056162, -4.5096472906e+16
-581.484626658, -407.71503534, 87.0773526993, -1.22281974167e+18
165.93801102, 3.56402482745, -62.1138741207, -2.301255133e+13
-556.150195093, -311.606137074, 450.255903141, -1.76201514023e+18
-111.474872029, 285.600843859, -217.248128414, -1.54185047759e+16
-344.844814917, -33.412099919, 335.299965963, -1.43135901655e+17
242.388315955, -228.271584342, -456.306284026, -6.36218271652e+17
312.236748143, 584.04688649, 130.139879461, -7.37586751079e+17
-214.070065128, -38.1625230025, 452.612089904, -2.16651873298e+17
362.52720918, -613.447809402, -158.052091354, -1.1820564676e+18
282.965596884, 162.337413383, 215.498895311, -2.85263054813e+16
-124.239780102, 74.695942541, -202.713248119, -2.91988944807e+14
-274.975460169, 76.2573939209, 353.384320029, -1.36560352403e+17
192.562306084, 396.622806658, -0.860220771538, -4.03396592703e+16
126.016276716, 567.923100126, -640.113665678, -4.74278702349e+18
-247.339954945, 48.3223494461, -304.418262978, -2.44071414906e+16
137.588279707, 308.596834924, -195.327475244, -1.50135249403e+16
-440.192688677, 146.515643017, 269.644475439, -2.80346354718e+17
-240.829190178, 0.0362353841402, 203.50547277, -4.85580240271e+15
20.4379037556, 29.7525592049, -0.792091329445, -17124.2290197
152.714737865, 63.7001605222, -33.6159207933, -1.18541944824e+13
-35.5482891508, -375.853279404, -152.050755318, -1.05032962288e+16
270.053498919, 224.923630771, 173.846911271, -1.92492769838e+16
131.86864038, 411.651396429, 159.321352317, -2.61180218695e+16
-279.557525055, -257.359332862, 79.3787371067, -6.71176397292e+15
474.686305769, -332.324529181, -268.740273919, -7.0797126588e+17
377.688715601, -408.252107279, 287.006311597, -4.53624146079e+17
-331.592581006, -220.679382746, 288.13934867, -3.55509945014e+16
-402.508785323, -272.666776647, -442.301926942, -1.47780341591e+18
21.9613515501, 187.716741301, 585.488610512, -5.70356440655e+17
183.626092979, -578.236713728, -108.623569391, -5.8854449338e+17
299.555123485, -220.342206905, -88.2454855844, -4.83581170387e+15
-322.758406617, 103.466671868, 5.27070995098, -1.49899236321e+15
-439.165889445, 319.098268514, 344.065839338, -1.08465773781e+18
-91.7806204084, 459.580353902, -44.6789586791, -1.65473540199e+17
-310.588912937, -214.534757803, 627.948836035, -2.15455675184e+18
200.114161652, 286.102324308, -261.902398214, -1.47641035982e+16
347.602814859, 139.949063637, 119.654566237, -3.13473510978e+16
-147.588495476, 7.24869080421, -262.576446826, -2.13307826166e+15
-138.082217316, 144.725932565, -56.0279521186, -7.53519013665e+13
-186.247157906, -10.6400460643, 101.867546079, -1.13948702738e+14
114.844355292, -283.626422778, 227.459613335, -1.40026422063e+16
317.004314562, 411.691823634, 315.015935159, -3.08653432258e+17
322.779523381, -444.631473532, -156.250881604, -1.25651600003e+17
-16.7641978908, -209.692060892, 8.30185389417, -2.29862567332e+14
439.539058676, 372.272105245, 210.386783114, -6.37016325192e+17
-110.05569225, -110.936948692, -412.994138781, -2.54824539806e+16
-133.710195716, 485.318355508, -426.773460818, -1.15734925396e+18
-16.8339118802, -450.88848004, 196.234397108, -2.26576857801e+17
-169.325848083, -327.701170977, -25.4367741613, -8.06657906232e+15
193.815582135, -232.975581459, 172.225076897, -4.48110777691e+15
-258.643145473, -388.79289464, 381.437355226, -1.89870749022e+17
52.4593851728, -661.091934758, 18.9188189226, -2.35440139435e+18
-203.66757016, 10.6089246415, -419.208183127, -5.86630599283e+16
-328.217673207, -81.1287676338, 318.720730197, -8.00808418593e+16
-389.858097444, -359.344313325, -265.337257133, -4.66680931092e+17
627.20677686, -485.329536644, -273.720222145, -3.80065697217e+18
319.24563263, 517.563838791, -316.327459339, -9.28642364985e+17
-253.499549158, -141.479785445, 301.218403966, -1.99437116268e+16
29.7303460785, 167.612170453, -333.691846868, -2.54594227043e+15
320.988461615, 238.577141343, 214.038683069, -7.25314682969e+16
519.425605257, -288.091274118, -190.412145262, -3.94679188211e+17
-64.1773031804, 330.724286664, 118.884665363, -4.83471488572e+15
-198.688101196, -419.509109381, 146.861512593, -1.06923496153e+17
486.9398314, 30.9064457078, 162.67811991, -2.56218066782e+17
-470.422564554, 223.013241116, -365.989947131, -7.23562755053e+17
499.712263794, 455.735420113, 135.022637914, -1.28356012905e+18
244.724968637, -71.3046545734, 94.9785809818, -7.99021452441e+14
-41.5237426755, 282.679389971, -183.621273555, -9.48557212846e+15
-173.18755515, 205.821106654, -40.4246646244, -6.93659306595e+14
-198.507543142, -454.296895244, -86.9377893762, -8.54877100046e+16
21.4047625878, -59.8386796252, -243.139732105, -5.09981008312e+14
271.468846762, 233.09877348, 257.527422004, -4.81258859575e+16
-292.904267719, 183.47531047, -196.118580112, -1.16091028595e+16
-576.624154994, -123.077641679, -299.574270045, -2.48347740832e+18
-573.113623673, -193.853767188, 65.8139174714, -4.45246221939e+17
-322.32162323, 540.313067782, 173.617220531, -4.42716174641e+17
-224.61203961, -235.908989272, -465.415313862, -2.27638446427e+17
213.991545889, -52.8695509057, 91.5448264094, -3.41517854243e+14
-28.0672777189, -148.058566141, 363.580351058, -5.61355503811e+15
287.029814706, 305.207019255, 263.011996407, -8.62979005237e+16
297.339897858, 478.765436004, -358.997794646, -6.29083440315e+17
150.211829313, -303.125235429, 488.577135472, -1.36148315271e+17
-374.768158177, 204.754687418, 562.88629366, -4.64117531339e+18
136.399511467, 491.040436776, 100.697601805, -1.3932831741e+17
92.837343697, -0.112619773565, -168.764332612, -1.15881180988e+14
-169.426153931, 422.014789288, 81.8593593062, -5.46020969445e+16
-295.553545363, 200.405462517, 397.366419036, -4.44844493926e+17
41.1749087534, 142.988686351, -162.664845643, -8.11375505994e+13
327.195386452, 192.619128788, -38.5176173643, -9.29852750258e+15
13.9705221507, -197.217198328, -589.408135859, -6.25203206704e+17
319.765754038, 257.63170486, -208.875296644, -1.56670922917e+16
-109.254967554, 208.941999781, 88.5499744706, -2.02544950294e+14
352.099750772, -545.7360065, 100.517378229, -1.0837596817e+18
-406.298035995, 176.313804786, 77.682764098, -1.5289851603e+16
-361.825417925, -176.345777808, 446.611973076, -4.51288213029e+17
339.790596314, -60.3311803088, 162.575338959, -1.86637189565e+16
297.169878704, 579.562863328, 127.175132522, -6.62569430348e+17
12.6143422018, -276.390989207, -101.940312668, -9.61766149614e+14
63.8429139825, 36.0637375331, 95.2210290861, -237399.099139
469.120060527, 29.8607410995, 396.584411939, -1.31056797247e+18
-449.487675532, 25.0992272596, 515.499905299, -3.13027263484e+18
9.24881858623, 270.770016192, -393.329586053, -2.55775780873e+16
172.713169247, -134.248691094, -327.272416804, -3.86884005626e+16
549.602695737, 176.809136613, 164.876240867, -9.27603805789e+17
-403.981119283, 183.090014898, 241.347473778, -1.5289614919e+17
134.132506998, -457.275109188, -386.628384871, -2.46167050316e+17
-327.935587296, -108.315154687, 278.180796103, -3.89483608005e+16
-88.7867668488, 112.73565879, -260.063455933, -5.01831715783e+14
-39.7599339593, 242.349848481, -470.462892406, -3.71471040871e+16
29.0596712452, 543.500779386, 460.220391545, -3.88476200261e+17
-504.02889412, 404.552786782, 277.868500959, -1.17525153002e+18
375.411435183, 125.14563049, 128.209831078, -5.1137659266e+16
402.660326116, 116.487135192, 52.0051071785, -4.2334053317e+16
-449.964228439, 33.7285533113, 310.412089668, -3.58584963898e+17
-467.56677128, 46.2260844422, -80.8053103723, -7.53361558028e+16
12.9092300824, 186.235442185, 35.9910676301, -6.24808798617e+13
-439.074885536, 342.139377365, 443.664642483, -3.1413422864e+18
491.427831347, 59.5316618124, 272.093954792, -6.89171241372e+17
-16.7813336175, -254.688372763, 265.690326139, -6.61512147093e+15
52.1464473029, 112.405287393, 111.655765274, -4.97967989623e+12
-211.732595614, 29.4453930364, -505.829352981, -1.7471330094e+17
-185.993242132, 20.0467106164, -273.277457795, -5.4843004058e+15
-296.861893996, 247.25309573, 345.815833566, -2.70037786192e+17
-56.8115323473, 390.032646453, 275.511058562, -2.2423476437e+16
-23.5348051198, 143.872525171, -329.200871157, -1.54423759517e+15
-37.4602898998, -199.11737411, -522.32219812, -1.98780309815e+17
127.812582785, -500.160952448, -179.2060982, -1.28821778267e+17
150.218506475, 111.228311158, -94.0545355753, -3.0210837079e+13
359.602900062, -427.297728512, -79.1132662912, -1.13505524793e+17
67.584683647, -192.107396489, 150.795655486, -5.57184868833e+14
32.6650117569, 150.831413704, -17.4666897291, -2.07719853134e+13
574.006124409, 84.1426688505, -435.291105026, -2.81882881663e+18
-29.186173533, -257.565707629, -116.164752344, -4.69175838801e+14
-176.761101213, -89.9552610557, 113.514285468, -8.38456634857e+13
221.230394213, 81.0633722758, -40.2725971587, -2.1222555776e+14
-275.551984779, 265.244737953, 382.846865883, -3.84474624042e+17
-52.8974672342, 60.0597732462, -242.780775783, -1.44653879025e+14
-16.3267727697, -1.08005322526, 34.0781100413, -16631.5023538
466.92134251, -157.546764539, 32.3878718246, -3.45431329199e+16
-30.0808784843, 352.569175683, -84.2472457674, -2.47411844135e+16
16.7183514874, -205.063036212, -33.9350586149, -1.31592234116e+14
-75.2362874024, 475.130727729, -254.85974881, -4.84807374503e+17
241.79632874, 493.356783724, 24.6382706392, -2.15090709759e+17
458.555234007, 132.579338881, -158.682097194, -6.6236140473e+16
210.39225516, 535.391324673, 396.973219721, -3.24582100465e+17
344.657798308, 174.753458829, -81.9227946912, -9.67081391667e+15
-37.106776604, -101.357705648, 34.8096126295, -229640.115896
326.432362692, 302.082334102, 135.562970377, -5.85548064895e+16
-277.432592904, -475.726977662, 289.657275595, -4.5845484484e+17
-202.207321745, 528.15005661, -239.093100479, -1.15321168024e+18
88.1066759941, -163.809337732, -43.4161318058, -2.58558283282e+13
-76.4038745222, -240.597570738, -262.240839397, -1.84862028962e+15
-277.280865274, -23.087384356, -50.1092628468, -1.69331769182e+15
-194.897242547, 42.1050725026, -53.1074298677, -8.67717224971e+13
568.957577315, -167.439530984, -553.542147883, -1.26780535802e+19
-443.755257498, 65.1654934104, 128.646589376, -3.82563607044e+16
513.274875806, -310.427664563, 178.950595235, -2.60173120642e+17
280.370302193, 449.909919891, 87.2877682215, -1.17621755172e+17
-59.7446232208, -24.4850513833, -15.0890843941, -110820.47837
-319.556010608, -54.3800175373, 129.751927013, -3.95963975622e+15
379.921663132, -95.2950778848, 375.506472218, -3.20253478055e+17
-30.7903402248, 237.414502618, 259.640454004, -3.67438914939e+15
-74.5673416406, -54.2586583793, -284.33330803, -1.09696862921e+15
-320.062081412, -436.347578377, 142.916640407, -1.73318170974e+17
91.8615188792, 29.5373703972, -183.572165741, -1.44308376886e+14
256.398413119, -319.805345764, 295.944385453, -8.12322581365e+16
-244.4847264, -407.323398292, -151.444116524, -5.16603747626e+16
-172.67670832, -206.938940846, 107.202207616, -6.35157917775e+14
-31.9036976728, -11.0579169444, -208.932379529, -5.82910606973e+13
-14.6766928074, -521.814177823, -3.71804041749, -3.19090050238e+17
226.016241948, 145.591376756, 596.480011449, -7.89001422006e+17
182.024124157, -2.704852627, -163.619409392, -7.3400708515e+14
-227.750056328, 228.183795287, -267.937600568, -1.64368816354e+16
-216.88166311, -274.65818163, -93.2595262913, -5.24026324541e+15
92.5128131793, 6.84143472661, 236.031246647, -4.15433285104e+14
271.036422825, -87.2608811228, 378.841606225, -8.13501649369e+16
-253.488842991, -6.30600606481, -364.788408437, -6.42962054177e+16
-189.519736505, 174.335145033, -267.690630091, -5.6897708633e+15
-16.7390956884, 490.290764315, -18.13750534, -2.25560751085e+17
391.7414973, 225.670215667, 428.560656222, -1.07225531449e+18
-250.716712477, 216.831462242, 300.57393918, -8.22325888466e+16
349.222696617, 177.431041026, -115.24255336, -1.03119735999e+16
-331.54469249, -306.721724634, 93.7252984713, -2.67687368339e+16
326.79849409, 174.32122638, 129.789754906, -2.80246905389e+16
176.377233623, -21.8966958475, -117.832377091, -2.1049716231e+14
-512.083996354, -572.912946725, 116.479970518, -2.05039892722e+18
-422.785243534, -221.785273003, -469.017215581, -1.9916420034e+18
-520.693827469, -45.3540819872, 84.6985665961, -1.12981541007e+17
-324.593292439, -590.509796927, -111.551708276, -8.56692405221e+17
-430.61539169, 121.481658487, 70.550621249, -1.8665867911e+16
-86.1221187034, 452.607579787, 278.955757787, -5.95165832409e+16
369.439809918, -182.003515867, 23.548649765, -5.25085837443e+15
-616.927078184, 324.817649059, 395.651103704, -6.36262140035e+18
-171.240955057, 185.628856252, -330.774456077, -1.0898892203e+16
462.776314292, -57.5025689478, -24.9947934124, -3.38586477199e+16
-32.5478057286, 84.4975571544, -577.950164582, -1.76044105569e+17
-265.837183543, -454.757592318, 442.26964975, -6.18188857809e+17
-320.930695049, 288.038455648, -27.2007246574, -1.29484376007e+16
-308.88890259, -269.68139008, 225.646831774, -1.69975715522e+16
15.8642885325, -523.383490396, -221.958990744, -1.46214849008e+17
359.056098753, -157.111974841, -34.633982617, -4.26877815575e+15
92.2257998776, -117.392287641, 234.848551594, -3.27349207179e+14
-185.944279091, 259.96494203, 31.4147767119, -2.02574196855e+15
178.199919134, 79.0409233543, 338.221261975, -1.7585343943e+16
-221.660763763, -81.7418423434, 106.247067908, -2.73606658853e+14
-29.9174690122, 132.733210655, -32.3510577644, -1.20480269049e+13
308.602877202, -334.933081148, 328.208841633, -1.70408666089e+17
-42.1928869407, -47.4262715393, -286.631433306, -9.45489304541e+14
135.770319996, -467.383460937, -399.533837217, -3.06131684836e+17
346.559460344, 50.0749417979, -578.618665902, -2.39291602689e+18
-410.445833949, 535.552520667, -360.274326896, -3.09259451505e+18
358.243642105, 49.9767414004, -461.339809484, -7.48890961156e+17
-403.49361054, -154.159977006, 271.063045335, -7.83559686021e+16
574.290691072, 44.8688632823, 172.349332507, -8.64211372929e+17
7.99759929408, 47.4966026825, 305.793340214, -2.65488359748e+15
426.522581718, 276.818582158, -29.6425132397, -9.92191744377e+16
225.757405064, 482.978117128, -647.884635159, -2.27235734166e+18
-222.185986088, -354.017685311, -167.767361055, -2.15680295802e+16
-310.542283014, -206.308511624, 485.069990716, -4.35562858021e+17
-168.573647103, 236.474156944, -123.005435519, -3.24059489755e+15
-363.687394124, -668.111353048, 141.070669799, -3.69105139428e+18
254.759737362, -66.4072568195, 80.2700740732, -8.20652956096e+14
-102.032185191, 95.1219066116, 482.109792228, -2.15253867781e+17
-233.354934152, -538.8704804, -85.1325429154, -3.48899067102e+17
23.7218726337, 111.825716941, 538.860991932, -2.40060575001e+17
-419.21492517, -188.108377088, 166.147574478, -4.030423242e+16
-376.578159964, -531.982620396, 57.7904668158, -6.59076661105e+17
-72.9377773871, 206.417466586, 236.562254194, -2.89005106294e+15
421.762775674, 378.192383904, 415.384705106, -1.88416852883e+18
-104.130541908, 62.2826614891, 246.457278798, -2.39792447524e+15
361.407607038, 129.738014515, 101.076287006, -3.23804098891e+16
189.041823975, -181.062836485, -643.944534394, -3.04785757069e+18
266.917865345, -489.422418884, -364.519234185, -6.19018336694e+17
30.1771950135, 139.498139633, -104.531822221, -3.45377944698e+13
151.868825605, 117.033415258, 23.3031908961, -5.18963752616e+13
304.356753822, 77.9318369656, -28.6511307955, -2.39285524599e+15
-32.5784591361, -76.9052208785, -312.275780818, -2.272970169e+15
-96.7348820434, 313.151536078, 76.2948086195, -4.24432477425e+15
-41.3907273058, 183.222425835, -177.080352271, -5.65449044923e+14
-80.3332006233, 99.8181580359, 27.9535822115, -1758.13083308
-516.113754061, 640.829925631, -80.7566569895, -4.67339925092e+18
4.29056508932, -8.82587636192, 540.472145262, -1.80777997139e+17
-196.17750978, 77.9736072823, 6.03046184081, -2.68401056565e+13
-25.8755445622, -362.176723506, -360.734843191, -3.03942510226e+16
-115.597949824, -84.4749957126, 422.752454187, -4.90620671029e+16
-316.168757725, -200.846701428, -193.185747093, -4.85091024503e+16
-356.313597914, 353.241559328, 472.561206547, -2.46134425898e+18
-95.9124667604, -493.547929836, 273.016989101, -5.53288047509e+17
-54.9461671317, 472.097975259, -182.419227672, -3.40102593505e+17
76.7911326418, -323.745154861, -46.6248757804, -5.76761236166e+15
470.666244395, -245.896779205, -162.968475167, -1.52016799378e+17
-546.864477642, 159.762156464, -179.082138007, -3.839569767e+17
28.2902283653, -284.034386512, -261.436952655, -4.28088287616e+15
-181.659426989, 483.729827389, 510.352984515, -1.67961200676e+18
315.827388046, -24.0345053087, 37.3509103744, -2.72914102102e+15
115.986287515, 655.987617212, 413.908959458, -7.82557629314e+17
131.151130344, 328.574539191, 228.557112944, -5.92066843805e+15
-260.149533465, -501.536738916, -400.255180734, -4.30730612796e+17
-196.995170716, -135.37418613, -286.307909995, -1.33150802494e+16
-90.9702246807, 198.135076473, 421.790749042, -1.1641580346e+17
-239.673458357, -11.6647891048, -198.845284274, -5.71088495247e+15
81.2266767971, 137.642993319, 296.6390531, -2.96470341401e+15
-243.965443487, 304.07473907, 218.868545386, -3.06944503452e+16
-587.073030962, 130.086638216, 178.696200021, -4.1915211645e+17
37.1057550415, 223.489021767, -467.912475416, -3.58700829421e+16
-50.2092195627, -411.865974484, 92.2168079663, -7.29342983993e+16
279.355118842, -251.41776989, 654.990751861, -1.23009274976e+18
-40.8087938686, -619.200247682, -148.694176482, -7.89060923807e+17
466.561242511, 25.3843852905, -229.694712145, -1.47589283504e+17
-198.19231038, 91.5633495092, 117.992918749, -4.98975378699e+14
220.126796641, -45.6529604462, 116.848339288, -6.98174360502e+14
307.074745848, -308.400024386, -44.9559394017, -1.20667375867e+16
215.160939585, -66.9962142031, -13.3319486922, -6.37298345994e+13
535.097989617, 243.796664695, -611.720808491, -7.11888682359e+18
4.12985508652, -208.760013248, -253.946873464, -1.55773614281e+15
-103.552020343, -420.964934622, 248.778239939, -1.63522920651e+17
-179.37242911, 274.009298789, 244.721868478, -1.88454967102e+16
436.576006145, 128.419410317, 122.846015762, -1.31416497118e+17
-81.679475225, 156.124036669, -442.347881458, -1.66050781746e+16
379.48401782, 325.744296763, -331.440315415, -1.30692056146e+17
84.2523839881, 458.344369596, -66.3899425122, -1.5304705113e+17
404.206333328, 110.788234129, 72.3196488585, -4.91685628344e+16
304.685233664, -251.177849335, -103.536612072, -8.53188851929e+15
-146.76367649, -22.6450641383, 307.515917289, -1.03686584624e+16
-136.703934419, 413.969996516, -232.671623698, -1.93922751659e+17
-415.568759693, -144.593885994, 238.777934356, -6.35634422317e+16
-567.976847757, 6.09001937152, -503.476038299, -6.60598237988e+18
275.076353403, 412.590560859, -562.579962955, -8.83242345732e+17
-7.14863678778, 108.533846974, -436.65682681, -1.65825627069e+16
164.883535104, -71.2838739571, -216.79884497, -2.97767332935e+15
-0.98331703814, -276.600445479, -89.5079528027, -1.04655602183e+15
-237.060320527, -547.527113718, -508.311564294, -9.27549750584e+17
