-0.499695352384, -4.01259718277, -4.88090836181, -3.33766677125e-08
-0.499695080617, -4.01259708028, -4.88089687574, 0.0
-0.499695076064, -4.01259708415, -4.88089687575, 0.0
-0.49969508007, -4.01259708028, -4.88089687625, 0.0
-0.499695116432, -4.01259716867, -4.88089421145, -1.80046187329e-09
-0.499695080617, -4.01259708028, -4.88089687574, 0.0
-0.499695080617, -4.01259708028, -4.88089687574, 0.0
-0.499695074198, -4.01259705614, -4.88089686885, -1.68453909431e-13
-0.499695009492, -4.01259748934, -4.8808968713, -4.21139299871e-11
-0.499695015066, -4.01259710047, -4.88089686784, -6.73817197716e-13
-0.499694845465, -4.01259716464, -4.88089685128, -1.39815748941e-11
-0.499695023317, -4.01259709442, -4.88089691683, -8.42273060148e-13
-0.499693288041, -4.01259570768, -4.88089673881, -1.28329475534e-09
-0.499695053032, -4.01259262575, -4.88089550585, -5.50401999197e-09
-0.499694936377, -4.01259700247, -4.8808968826, -5.89580492633e-12
-0.49967898052, -4.01260408805, -4.88090294058, -8.71219742325e-08
-0.499695575886, -4.01259614691, -4.8808987355, -1.16097420226e-09
-0.500783547053, -4.01263432787, -4.88109563343, -0.000309514246601
-0.499695048524, -4.0125968393, -4.88089690319, -1.54975898987e-11
-0.499694622958, -4.01259800143, -4.88089708472, -2.727306512e-10
-0.500207103317, -4.01246871899, -4.88138135021, -0.00012968085175
-0.499763793586, -4.01259450636, -4.88089672572, -1.19582655646e-06
-0.499695237007, -4.0125970754, -4.88089668854, -1.65084097653e-11
-0.499697930991, -4.01259686339, -4.88089756547, -2.20866441218e-09
-0.498429020823, -4.0121228861, -4.88108211608, -0.000471038863683
-1.47132634562, 3.02693174979, -4.77331414957, -139.535306004
-0.499695080381, -4.01259708537, -4.88089672505, -5.89586141236e-12
-0.499991396354, -4.17691029134, -4.8791925884, -8.02801175399
-0.503969393168, -4.01575028021, -4.88281629263, -0.00804130605941
-1.95411967627, 4.99929888558, -4.88895465329, -189.941906651
-0.499694977247, -4.01259791427, -4.88225378837, -0.000465245617465
1.17089027077, 4.91250844857, -4.90075783298, -734.867871292
0.356283021854, -3.50297334572, -4.90420464885, -167.778121839
-0.498791890564, -4.03039388221, -4.88109027131, -0.0789321479228
-1.84327893514, -4.92639757592, -4.81716323967, -165.4937541
-0.499695049653, -4.01259707404, -4.88089687752, -1.68454044192e-13
-0.499695054627, -4.01259705148, -4.88089688816, -3.36908216914e-13
-0.502391759724, -4.02593166113, -4.8979589191, -0.118720619219
-0.499695067098, -4.01259676702, -4.88089685687, -2.56047273818e-11
-0.499696797116, -4.01259412943, -4.88075518913, -5.07640709796e-06
-0.773465667969, 3.91577421531, -4.98591419309, -176.402680649
-0.499695065154, -4.01259708223, -4.88089686031, 0.0
-0.499214371834, -4.01262960145, -4.88091137493, -5.87652323524e-05
-0.499695525947, -4.01259562662, -4.88089706391, -6.00032663358e-10
-0.499695072319, -4.01259709891, -4.88089686859, -1.68454656259e-13
-0.499695058707, -4.01259707206, -4.88089689052, -1.6845443895e-13
-0.499695100611, -4.01259708363, -4.88089668657, -9.60183491488e-12
-0.499697999463, -4.01254902733, -4.88089792321, -5.86420546051e-07
-0.499694969959, -4.01259714917, -4.88089732274, -5.33999709135e-11
-0.499695021722, -4.01259709926, -4.88089686864, -5.05363467686e-13
-0.499695068084, -4.01259711161, -4.88089689769, -3.36909723283e-13
-0.499695065502, -4.01259708311, -4.88089688031, 0.0
-0.499695064441, -4.01259731108, -4.8808968717, -1.29710280603e-11
-0.499695060462, -4.01259707156, -4.88089688101, 0.0
-0.49969496899, -4.01259708456, -4.88089709848, -1.4655414985e-11
-0.499695040601, -4.01259709289, -4.88089689961, -3.36909377276e-13
-0.499695071518, -4.01259611128, -4.88089688521, -2.3970581967e-10
-0.499695063094, -4.01259708525, -4.88089687185, 0.0
-0.499695059465, -4.01259709164, -4.88089687252, 0.0
-0.499695063556, -4.01259709541, -4.88089688309, 0.0
-0.499695069559, -4.01259707986, -4.88089688392, 0.0
-0.49969504615, -4.01259708812, -4.88089687098, -1.68454107095e-13
-0.499695084621, -4.0125971021, -4.88089717473, -2.24042433485e-11
-0.49969525421, -4.01259709808, -4.88089686784, -9.09655693681e-12
-0.499695068898, -4.01259709439, -4.88089689978, -1.68455068592e-13
-0.499695077157, -4.01259708165, -4.88089693284, -8.42274874452e-13
-0.499695087027, -4.01259707496, -4.88089686663, -1.6845447083e-13
-0.499695066314, -4.01259707846, -4.88089689386, 0.0
-0.499695051964, -4.01259709044, -4.88089687156, 0.0
-0.499695063245, -4.01259709181, -4.88089687159, 0.0
-0.499695090677, -4.01259708793, -4.88089685943, -1.68454232482e-13
-0.49969507446, -4.01259709118, -4.88089688404, 0.0
-0.499695105982, -4.01259701577, -4.88089689751, -1.68453765058e-12
-0.499695052331, -4.01259708807, -4.88089706589, -8.92802622276e-12
-0.291694486666, 3.90925602864, -4.93990576398, -333.918049335
-0.499695074157, -4.01259708706, -4.88089687882, 0.0
-0.499695074988, -4.01259709294, -4.88089688444, 0.0
-0.499695082293, -4.01259709549, -4.88089686072, -1.68454684402e-13
-0.499707789794, -4.01294117569, -4.88086029522, -3.0280066468e-05
-0.499696132469, -4.01321935552, -4.87585597424, -0.00653193536617
-0.499695136109, -4.01259708501, -4.88089682177, -2.02145478156e-12
-0.499695057826, -4.01259722114, -4.88089690473, -4.88520632221e-12
-0.499695050335, -4.01259709327, -4.88089685943, -1.68454227813e-13
-0.499695030731, -4.01259706178, -4.88089688515, -5.05361788428e-13
-0.499695060749, -4.01259709034, -4.88089688124, 0.0
-0.499696734617, -4.01259804557, -4.88089682339, -9.38831450179e-10
-0.499695095719, -4.01259709254, -4.88089686378, -3.36909215969e-13
-0.499695051746, -4.01259710335, -4.88089649816, -3.65542778377e-11
-0.499695076503, -4.01259721569, -4.88089687327, -4.37983110564e-12
-0.499695454086, -4.012597073, -4.88089688174, -3.82390006957e-11
-0.49969512119, -4.01259707614, -4.88089686816, -8.42272807919e-13
-0.499695055426, -4.01259709786, -4.88089687365, 0.0
-0.499695055426, -4.01259709786, -4.88089687365, 0.0
-0.499695018152, -4.01259709298, -4.88089687747, -5.05363048127e-13
-0.499695050611, -4.01259704657, -4.88089693389, -1.17918044799e-12
-0.499695088224, -4.0125970667, -4.88089687506, -1.68454337681e-13
-0.499695096714, -4.0125881097, -4.88089673986, -2.03733772658e-08
-0.499692286946, -4.01259702847, -4.88089686104, -1.95309506008e-09
-0.499695063994, -4.01259709345, -4.88089687738, 0.0
-0.499695066293, -4.01259683947, -4.88089687998, -1.51606977667e-11
-0.499695063523, -4.01259711853, -4.88089688034, -3.3690903691e-13
-0.499696566683, -4.01259701553, -4.8808969029, -5.71406166017e-10
-0.499695078224, -4.01259704655, -4.88089687225, -3.36908176875e-13
-0.499695106354, -4.0125970817, -4.88089688715, -5.0536503794e-13
-0.499695152183, -4.01259704787, -4.88089687175, -2.18990827994e-12
-0.49969506482, -4.01259707121, -4.88089687384, 0.0
-0.499695062623, -4.0125970927, -4.88089688139, 0.0
-0.499695009536, -4.01259709826, -4.88089686836, -8.42271302991e-13
-0.49969507216, -4.01259708582, -4.88089687989, 0.0
-0.499694992626, -4.01259710806, -4.88089689841, -1.51608526121e-12
-0.499695076358, -4.01259741371, -4.88089691222, -2.76267872799e-11
-0.499695064148, -4.01259708559, -4.88089688298, 0.0
-0.499695053041, -4.01259710863, -4.88089691107, -5.05364553747e-13
-0.499695054968, -4.01259715335, -4.88089687108, -1.17918289875e-12
-0.499695063031, -4.0125970923, -4.88089688898, 0.0
-0.499695060674, -4.01259708889, -4.88089689825, -1.68455237297e-13
-0.499695107028, -4.01259709962, -4.88089685655, -6.73817120544e-13
-0.499695065243, -4.01259710106, -4.88089687985, 0.0
-0.499695080219, -4.01259707327, -4.88089688404, -1.68454631805e-13
-0.499695098182, -4.01259709511, -4.88089729195, -4.36293778233e-11
-0.499695504713, -4.01259708556, -4.88089688068, -4.88515002916e-11
-0.499695065856, -4.01259899502, -4.88089692683, -9.23360020604e-10
-0.499695056821, -4.01259713631, -4.88089688128, -6.73819181166e-13
-0.499695059269, -4.01259708415, -4.88089691011, -3.36910431207e-13
-0.499695095923, -4.01259708871, -4.88089687568, -1.68454922175e-13
-0.499695126685, -4.01259707623, -4.88089686452, -1.01072835134e-12
-0.499695067516, -4.01259706526, -4.88089688708, -1.6845437217e-13
-0.499695084082, -4.01259705445, -4.88089683534, -8.42266999893e-13
-0.499695058713, -4.01259708488, -4.88089689431, 0.0
-0.499695069687, -4.01259699766, -4.88089686871, -2.02143845331e-12
-0.499695062212, -4.01259709058, -4.88089688685, 0.0
-0.499695104078, -4.01259698474, -4.88089683347, -3.36905309388e-12
-0.499695074319, -4.01259709223, -4.88089687029, 0.0
-0.499695072125, -4.01259708451, -4.88089666918, -1.09494226184e-11
-0.499695080696, -4.01259709347, -4.88089688704, -1.68455045261e-13
-0.49969246033, -4.01259663761, -4.88089684506, -1.7669589864e-09
-0.499695087045, -4.01259707891, -4.88089688662, -1.68454945628e-13
-0.49969486161, -4.01259824443, -4.88089696109, -3.52243173578e-10
-0.49969510569, -4.01259713274, -4.88089688565, -1.01072873019e-12
-0.499695073799, -4.01259708776, -4.88089689293, 0.0
-2.13046587933, -1.77138597604, -4.85527819061, -568.513453901
-0.499695075953, -4.01259710615, -4.88089686352, -1.68454483766e-13
-0.499695072395, -4.01259706952, -4.88089687288, 0.0
-0.494458655449, -3.97312935818, -4.88754869353, -0.433051338472
-0.499666804543, -4.01278913137, -4.88088936567, -9.53699363446e-06
-0.4996676257, -4.01195154819, -4.88090676065, -0.000105536034315
-0.499695071844, -4.01259708237, -4.88089691103, -3.36910398594e-13
-0.499694319435, -4.01259783499, -4.88089672251, -2.8907111218e-10
-0.499744241305, -4.01260130225, -4.88089945518, -6.17721048918e-07
-0.499695055363, -4.01259707315, -4.88089687106, 0.0
-0.499695071674, -4.01259708323, -4.88089686767, 0.0
-0.499695102361, -4.01259710265, -4.8808968383, -8.42271796528e-13
-0.499695065144, -4.01259707796, -4.88089686737, 0.0
-0.499695055299, -4.01259707332, -4.88089687106, 0.0
-0.499695082731, -4.0125965463, -4.8808970142, -7.81608125925e-11
-0.499694750714, -4.01259708997, -4.8808968655, -2.50993430678e-11
-0.499695848822, -4.0125970366, -4.88089688303, -1.5582097678e-10
-0.499695055172, -4.01259707612, -4.88089733658, -5.32313132994e-11
-0.499695525694, -4.01259704791, -4.88089750927, -1.54643280616e-10
-0.499695074291, -4.01259709305, -4.88089688579, 0.0
-0.499697073255, -4.01259672799, -4.88086635011, -2.36696822033e-07
-0.499695067838, -4.01259709029, -4.88089691093, -3.36910421762e-13
-0.499695077138, -4.01259705607, -4.8808966075, -1.86981906794e-11
-0.499695053813, -4.01259707597, -4.8808969012, -1.68454650332e-13
-0.499695074321, -4.01259709305, -4.88089688561, 0.0
-0.499695455954, -4.01259706773, -4.88089684366, -3.89127813626e-11
-0.499695085797, -4.01259708468, -4.88089766506, -1.5683330495e-10
-0.499695060816, -4.0125970917, -4.88089687108, 0.0
-0.499695066904, -4.01259714965, -4.88089692459, -1.68454780264e-12
-0.499695001978, -4.01259709242, -4.88089684111, -1.34762843591e-12
-0.499695026489, -4.01259710265, -4.88089687288, -5.05363416605e-13
-0.499695004755, -4.01259708034, -4.88089689739, -1.01072361856e-12
-0.499695064401, -4.01259691784, -4.88089688265, -7.07502201173e-12
-0.499695340684, -4.01259706068, -4.88089686707, -1.93721043592e-11
-0.499695069069, -4.01259709421, -4.88089688389, 0.0
-0.499695108863, -4.01259708892, -4.88089685824, -5.05362815912e-13
-0.499695047511, -4.01259726319, -4.88089708375, -1.88669387588e-11
-0.499695082985, -4.0125970369, -4.88089689163, -6.73817136224e-13
-0.499695157644, -4.01259708356, -4.88089688424, -2.18991456667e-12
-0.499695052157, -4.01259712935, -4.88089688072, -5.05363854872e-13
-0.499695072801, -4.01259709565, -4.88089688564, 0.0
-0.499695067454, -4.01259708198, -4.880896868, 0.0
-0.499695094843, -4.01259711264, -4.88088805507, -1.96848731277e-08
-0.499695045267, -4.01259706938, -4.88089685657, -3.36907320001e-13
-0.499695057115, -4.01259709958, -4.88089688529, -1.68454671156e-13
-0.499695077648, -4.01259710226, -4.88089691344, -5.05365588475e-13
-0.499695075044, -4.01259707862, -4.88089687661, 0.0
-0.499695074927, -4.01259707701, -4.88089687791, 0.0
-0.499695081894, -4.01259708207, -4.88089687832, 0.0
-0.499695056888, -4.01259706726, -4.88089688232, -1.68454176551e-13
-0.499695059705, -4.01259709621, -4.88089687237, 0.0
-0.499695076073, -4.0125971019, -4.88089665778, -1.22970491335e-11
-0.499695068889, -4.01259685765, -4.88089688003, -1.29708201758e-11
-0.499695379317, -4.01259693763, -4.88089830712, -5.46986025545e-10
-0.499700112785, -4.01259708782, -4.88089689353, -6.44251912568e-09
-0.49969514231, -4.01259712446, -4.88089785202, -2.41903379872e-10
-0.499695080612, -4.01259708007, -4.88089687573, 0.0
-0.499695764128, -4.01259679367, -4.88089815344, -5.56250030122e-10
-0.499695065062, -4.01259707987, -4.88089597827, -2.04670344066e-10
-0.499695099426, -4.01259707953, -4.8808968618, -3.36908627053e-13
-1807.44688911, -1573.67364464, 1930.12263773, -7.05784291786e+22
-2496.03431718, 3579.52890607, 979.47833847, -2.01703269993e+24
3302.18705777, -740.580598533, -2437.66560199, -4.84623852844e+24
1232.89714358, -3720.15012764, -706.827769621, -1.78465922548e+24
385.420873643, 90.0132812809, 647.301842471, -4.14625804941e+18
-2369.67359074, -1215.89565296, -1492.84510376, -4.30859069187e+23
-368.617247856, -146.782868242, 4345.83823796, -3.74118744992e+24
-514.555822996, 4193.7641221, 110.089879641, -5.76811326354e+24
4188.61004782, 1560.9685941, -595.709085297, -3.75392080515e+24
1614.49449553, -2660.14279836, 2280.62990013, -1.2449544113e+24
-217.775075469, -1044.39516684, 2137.34353073, -8.00630331277e+21
671.47030421, -1483.94278627, 3187.31529532, -1.69019484895e+23
1489.69547557, -578.461232745, 2777.11965253, -2.54272328053e+23
3373.09516062, 989.805405136, 215.463700932, -8.68815964506e+23
-2701.74313974, -2720.14939258, 739.688491061, -7.4083572495e+23
1645.9499518, -2276.85902942, 3229.29973048, -1.41272910468e+24
4240.53230503, -614.953045091, 1855.18834185, -9.65176774503e+24
526.371468569, 2169.62161599, 2187.92416545, -5.24042893186e+22
-5122.18741094, 1339.84302258, -1432.54192246, -1.89091620113e+25
2699.4030286, -1444.86022294, 155.803086592, -4.5849155471e+22
-2266.06747717, -1309.3170254, 433.42349468, -4.30232726366e+22
56.137293719, 965.054468053, -1705.43428123, -1.47851255656e+21
-1977.80652443, -553.809327288, 1684.17031498, -7.47769068179e+22
-2918.44035941, 2175.48858186, 2669.0886877, -7.71750125587e+24
2363.48682075, -2333.20304449, 4176.47310349, -8.48746494562e+24
1836.78768852, -3086.46474286, 4242.33966635, -1.13619104106e+25
3245.03696457, -223.14818132, -2113.72160795, -2.17875361237e+24
2000.70329567, -143.090030342, -2739.54871688, -1.20887541286e+24
1358.54130616, -746.146260744, 330.029197068, -3.65697672335e+20
-3620.0262077, -1068.66991865, -40.3797779544, -1.33817659422e+24
1055.77025434, -41.662348618, -459.091276844, -8.09031659863e+19
-867.578813668, 1325.14283275, 2388.4541636, -2.2049902896e+23
-2226.93232617, -146.045321907, -309.738789966, -2.41656558821e+22
447.91038434, -1564.10127988, -458.822008452, -1.37173175092e+21
-28.8368037557, -1878.96073712, 323.092354877, -1.29726133057e+22
-942.246201848, -1848.71821385, -1235.74335614, -9.46996392004e+21
-161.565495797, 4277.48966054, 226.564775915, -6.19269932372e+24
-753.130500173, -787.133758918, 1831.97562082, -7.01141605631e+21
-247.562847851, -1845.03946388, -3294.48667027, -7.20308037771e+23
-2000.31198983, 4022.22105335, 1271.91492066, -3.36587712161e+24
2066.12487436, 73.8275308178, -1630.29245114, -1.05733043912e+23
-2069.20643772, 2766.97405182, 2107.32492097, -1.46610077097e+24
2221.24741004, -555.435928354, -1717.67425579, -2.50857989233e+23
382.230976033, -3466.13588451, 3857.29886609, -9.99153565267e+24
455.019262788, -1544.85842422, 171.214804692, -2.81595783502e+21
-1689.02594481, -4719.03453521, -635.062337227, -1.17809043892e+25
-1163.85112764, 922.748981321, -140.872534989, -2.07579208552e+20
264.675933995, -255.245116457, 1868.7913991, -2.2404584082e+21
-3730.43365862, 2345.7209713, -2223.12535969, -5.9042623104e+24
245.64189511, 2559.48658562, 4286.97667766, -6.69121383956e+24
1525.95146849, -782.883284075, -1718.92755041, -8.23493004239e+22
-1680.59484085, 4959.29050734, 3005.78124825, -1.73344226748e+25
2363.08501318, 1757.44030822, -4649.35339531, -1.89361013709e+25
-71.4217352318, -4251.43366954, 2296.04918777, -1.76239248818e+25
1463.68095771, -1481.39347853, 4199.96772804, -2.26662779406e+24
0.237147171054, -105.765633733, 3244.72950722, -2.77398955812e+23
3452.49034569, -1209.8184607, -528.496277894, -3.35700205705e+23
-1941.15980029, 1172.56196515, 242.348240878, -4.68361397303e+21
3557.50899596, 4383.05979435, -829.937248078, -1.88183317797e+25
2240.22892297, 864.248307156, 1429.15017538, -2.39932746207e+23
-1111.84720396, -108.281791029, 1517.67803394, -9.18913032203e+21
40.3879667655, 1675.66289121, -2253.80327624, -4.32032204029e+22
3529.62399368, 4987.37484532, 3881.9291275, -1.07779588917e+26
2055.17665228, -1320.5351125, 829.554663983, -2.39246863778e+22
-2188.98578975, 2543.14657509, 1333.53265974, -3.83614185608e+23
2628.98592611, -1310.07783409, 1437.91935409, -2.63336507658e+23
-1761.71096141, -642.022031939, -377.491557826, -8.68182640935e+21
2456.24984836, -846.318233534, 66.8403329602, -1.80832310358e+22
4087.75199071, -291.949474436, 2067.89896723, -1.04422835474e+25
2294.87208907, 220.773186368, 4528.99405102, -1.33842583878e+25
1317.90780386, 159.216429758, 919.619806652, -3.15153631656e+21
-1284.10585539, 1785.7388368, -1539.61646687, -6.2309159312e+22
-4492.91623727, 3014.58551946, -4721.57474031, -1.42023218544e+26
-4526.67869823, 1807.81826547, -661.720242434, -3.39917252204e+24
1023.10637061, 516.723193545, 483.655767165, -3.13456516702e+20
-820.274141415, -2372.85163782, 3101.52817539, -6.51207118017e+23
-283.599914341, 4254.55919677, 1731.98048277, -2.97795851812e+24
-567.722226721, 1788.1390708, -1742.89748562, -4.70335737635e+22
1423.57111786, 1383.08653205, -3618.45934381, -1.57599563579e+24
-779.425326764, -902.87873629, -938.96416115, -5.9308322208e+20
2659.7703088, 3628.14253387, 1010.85400788, -3.35190859905e+24
1030.25457733, 2140.46253163, -4099.10827523, -2.29508757892e+24
-2659.41914142, -3310.14658833, -3706.04453262, -1.88077082421e+25
-1780.81015842, -3922.76646348, 3056.06800183, -1.28175852852e+25
936.289521336, 2144.5894369, 3941.08903472, -2.73293604238e+24
-3411.38196731, 1113.79357123, -4142.94261765, -2.82953995423e+25
-450.003968459, 2068.28507432, -1622.2413323, -9.89685718655e+22
2081.22133895, 161.821138568, -358.871999899, -7.37794585383e+21
3305.46961739, -1097.54448057, 1714.64389289, -1.54340171151e+24
3737.59440242, 2307.9140106, 1869.08018132, -1.28537022927e+25
3324.15074368, -2126.43880982, -1821.17766498, -3.32627891737e+24
-2865.68633093, 4016.09112769, 322.281673636, -6.44058237627e+24
1656.36757138, -1809.83398316, -2494.34819298, -1.0765212514e+24
4818.35528474, -3121.16127282, -20.0340857693, -6.60357554601e+24
-2587.42375985, 1022.98971877, 2403.80658237, -2.11267074673e+24
4146.31480404, 1535.52828814, -3404.28934068, -2.15993408445e+25
-4797.12652831, 940.215010015, 3804.23247948, -1.21585389369e+26
2073.43771223, -97.150849429, 4352.68442137, -7.69813669632e+24
-518.623613796, 2086.64604611, -2993.59103567, -3.52553450477e+23
1432.12544552, 1201.79730171, 3417.9915221, -1.21530207455e+24
-3256.93133901, -151.409286076, -1269.61079428, -1.25034142561e+24
-3539.28825438, -2579.63481761, -1289.30763512, -6.95459640019e+24
4076.41298605, 2018.5864085, 3216.29876506, -5.34273529931e+25
-1728.44753537, 1597.26406145, 3392.98806764, -5.38356519208e+24
-363.195630809, -1660.90830048, 65.6747395816, -3.64943320475e+21
-651.143392864, -1570.96555916, -1331.33643195, -2.82765389778e+21
-2244.14094547, 2712.27627879, 3922.13116962, -2.85249620389e+25
2805.82807761, 3554.97759616, -5076.55858863, -4.2060927102e+25
-3792.2793163, -943.594594981, 75.2942910482, -1.60949431133e+24
4733.24533287, 464.335367757, -99.7420784968, -6.64945539809e+24
-1500.4578041, -1734.17759366, 831.354043357, -1.57112487115e+22
-2631.16804857, 1141.84604394, 604.006370581, -6.06907868466e+22
-1760.67879304, 1968.34358854, 628.941946191, -2.9916301806e+22
188.31269331, 4562.32088036, -2661.64515106, -3.33235019098e+25
4291.31097435, -1310.41825521, -2167.3333952, -1.25765639014e+25
202.289936371, -32.9769125928, 114.146911645, -4.27215244581e+14
1024.85149676, -1540.62391419, 2983.91163245, -1.88661511986e+23
-219.266140892, -436.114552843, 1116.20200069, -6.07753831405e+19
160.046128751, 617.080374359, -3285.52440046, -2.57964722904e+23
2770.90437163, 1340.80907717, -3802.54733701, -9.54384432752e+24
-844.433973169, -3963.69724059, 120.762839706, -3.78436972741e+24
1968.64940477, -184.685800513, 611.082069458, -1.30740662194e+22
3222.87458306, -3725.82488353, 445.237441643, -6.29534216011e+24
-1505.53581578, -561.82413183, -987.542395187, -1.04757230567e+22
2238.14818353, 804.427941309, 441.801057241, -5.51996041497e+22
-349.114173551, 39.1952839768, -1645.99015712, -9.852314374e+20
-4027.14868526, -2294.07465978, -3542.49340895, -6.95653797116e+25
-1652.23394903, 1904.77785009, 4675.86357104, -3.68456643143e+25
-4562.76869007, 819.509780906, -1687.82454878, -1.24407531289e+25
560.727285393, 1320.2453784, -1340.11251146, -3.24617068193e+21
1694.96732572, -3631.04765395, 1031.57315178, -4.32035724986e+24
22.1705308237, -302.151515821, -961.278534423, -3.09607245067e+19
-3333.23504193, 1500.37938676, 256.133562918, -2.15653478263e+23
-1089.28236767, -810.2484712, 1765.86229702, -1.15681111901e+22
4526.34089448, -1654.57909135, -2982.17604484, -4.82676957813e+25
-2762.56868391, 3650.70671243, 1441.10797588, -3.12825725671e+24
3996.26729415, -4855.8190465, 1301.2055453, -6.59121316218e+25
4066.89711949, 1710.1650879, -2414.81260569, -5.81193083696e+24
125.17785738, 2884.91017284, 4408.0088637, -9.84087364403e+24
3854.3994954, 2130.8936347, -176.305586453, -3.62593467021e+24
11.871223412, 929.529689541, 1921.79403905, -1.03766467262e+22
-2123.58702291, 1070.94084291, 2967.46420528, -3.2542636529e+24
1219.05922219, -1046.57409631, 289.947860649, -5.60052442736e+20
-3977.80893198, 1301.39870269, -2535.67641892, -1.13234526501e+25
4846.17781554, 3012.41923496, -3811.43883513, -5.2243356526e+25
1591.03043177, 978.779091368, -737.028586354, -2.57092416666e+21
-1118.4475063, 256.428893964, 3506.27069712, -1.93046226568e+24
-378.590283086, 261.016646952, 530.323328125, -3.989147722e+18
428.782888271, -786.865368686, -754.159774615, -8.27989910015e+19
-58.7662268453, 3571.85630659, 1182.2844595, -8.31684458423e+23
-547.978367369, 596.388206809, 1218.34655683, -1.24877960895e+21
-2686.61557347, 1534.74418807, 3604.66873653, -1.85159588442e+25
3029.16419947, 1550.74166471, -3297.87243885, -5.49758618653e+24
-3758.22514702, -789.522015011, 223.007824015, -1.24794573657e+24
-1882.59294987, 1754.56910108, -4621.20487505, -6.71912587379e+24
1942.67182815, 2759.32500909, -645.152662184, -3.84628230756e+23
2068.40016091, 12.2583960102, 627.647369073, -2.21018673083e+22
-184.956473889, -1633.87181313, -1349.00339848, -1.96577988228e+21
1976.02121317, 1239.9453504, -3717.53294856, -3.71033810454e+24
2684.39245566, -1878.29050312, 214.297299008, -8.73515747804e+22
1262.73104185, -270.47644977, 844.695838912, -1.45055355859e+21
1733.45294161, 373.329987007, 3034.96700573, -8.31777749151e+23
2810.35265925, 40.1156193398, -2881.77590219, -3.96838943389e+24
493.953662977, 2796.58112966, -1852.34091639, -7.28574757501e+23
473.856886366, -3420.1684852, -699.704399421, -7.83653415892e+23
873.616559937, 3237.02294754, -1219.25273701, -1.40319991925e+24
-1703.30121463, -1864.64105951, -146.333342601, -3.09993301509e+22
284.989420905, 1497.67503751, 85.1199987656, -1.34335332553e+21
-2836.10978237, -332.321386708, 1313.78786066, -2.13092754205e+23
-1098.41885935, -701.871754746, -1341.35522349, -6.2723489148e+21
-37.2663226175, -1290.58928174, 1829.99868506, -6.18344250954e+21
-1132.78496238, 2160.74083477, 1711.11748951, -1.06088908449e+23
-776.833067982, -2949.64818029, -1815.83303961, -1.41842289675e+23
659.548621818, 851.442249696, 2123.48583938, -1.86014141646e+22
-117.276632096, -5104.65810227, -2398.06360975, -1.12034681971e+25
4050.75169669, -2588.30666599, 1859.49930074, -6.74586184434e+24
-365.600983827, -3914.33960767, 66.3831421821, -3.36705468985e+24
-111.910014542, -3143.56682714, 1345.13349579, -1.27584268016e+24
3425.32691802, 4288.96295519, -4716.05069912, -6.61757926072e+25
-1862.85046804, 619.402765141, -1456.1800578, -4.68394865731e+22
2478.09929652, -3641.5513652, 1687.49291443, -7.95879927666e+24
2718.7635718, 3483.65155989, 1969.91002706, -5.09384597267e+24
403.374273803, -782.529510544, -800.598890949, -9.93736081694e+19
-1732.1680707, -3605.27746241, -405.911768545, -1.58131515842e+24
105.075797512, 3407.3209643, -432.061676995, -1.39831243852e+24
-104.688361741, 2492.13452246, -4313.93079896, -2.59972919897e+24
-1417.75624414, 336.779769096, -131.835588562, -3.07855417658e+20
-833.795046125, 1771.2274134, -4992.48913462, -4.54697902034e+24
2365.71650628, 1408.61960887, -2238.71915818, -3.60022851406e+23
664.649448042, -2671.15950979, 1582.36453766, -5.48175887598e+23
462.90614514, 3156.99823867, 3163.40508567, -1.03242422428e+24
4494.32759136, 896.860334019, -2788.03938374, -1.77494418034e+25
-325.852205379, -643.37659146, -491.950605319, -2.64833934538e+18
4001.99164028, 1460.27030205, -1569.27010145, -2.5638749775e+24
-12.3505847771, 3328.97795161, 57.1331368685, -8.86281208463e+23
2755.35674217, 1026.36141276, 1398.49823424, -7.99929799247e+23
-7.25727521331, 286.2225664, 1496.84346111, -8.82147599506e+20
-1783.98116065, -169.909457132, 729.473646749, -4.06507865134e+21
658.213275286, 4698.20197977, -1351.06963362, -2.39934707291e+25
-1961.91641676, 5268.41100201, 1159.16168863, -2.85014504177e+25
2879.89467427, -1919.0683863, -1962.56783882, -2.15883169367e+24
421.759431235, 2466.10465864, -940.426595364, -1.63079589131e+23
-1494.92886125, 75.6965290404, -2766.01083978, -2.9091829681e+23
747.103658297, 205.491841821, -1629.87640875, -5.17317394441e+21
-807.717151649, -1273.69631667, -4113.92990244, -2.53549003942e+24
2654.5389097, 691.827764624, -3592.76809017, -7.8482182699e+24
2887.30232313, 2745.47731031, 2820.53895762, -9.45018784549e+24
-586.862948181, 3510.806752, 375.180687577, -1.20711969285e+24
-2815.9880217, 2843.54415278, 879.027807279, -7.54683347512e+23
1089.67717105, 3793.90753281, 195.512018146, -2.31831586406e+24
-1560.96671021, 2527.29341073, -1794.77490388, -6.42778527364e+23
2520.2509672, -1956.13861339, 1292.70075459, -2.76282901618e+23
-843.412603317, -2821.06930222, -1986.38924156, -1.22139126634e+23
1846.13973757, 408.939609812, -1308.15273599, -2.23843979725e+22
-355.230429718, -1473.69159849, -3458.36476134, -8.0686193838e+23
1271.36539791, -3223.14737186, 2495.08043944, -3.88187135137e+24
1574.90004026, 2836.09852503, -3160.2295542, -1.91874135902e+24
-1480.63484926, -636.743509442, 69.8847843691, -1.26709385501e+21
2201.43855484, -262.171082354, 1363.91534578, -1.10948226253e+23
-3633.62201612, 162.980458093, -2081.25175838, -5.49251146005e+24
2897.5518047, -4980.8472258, 2225.78762316, -8.39156590013e+25
-2558.6960759, 4209.68824276, 5076.91533061, -2.14995405454e+26
1914.96104634, 465.331591568, -816.443415127, -7.45230205922e+21
-3036.24242384, -3272.87875157, 870.026206755, -2.60769794084e+24
3547.19670956, 4574.83890279, -2410.4706381, -3.40824461302e+25
-1704.2935359, 1162.6770129, -1317.90541192, -2.35552364719e+22
799.146576005, 1646.2833419, 2403.02899941, -7.83478228742e+22
2115.13368921, -2857.97772348, 1971.90079234, -1.93166731607e+24
790.675505795, -2676.23949128, 2334.1368344, -9.53199273824e+23
3632.4879505, -471.233393616, 151.76548372, -5.85716891578e+23
-187.398323595, -3322.25891953, 4825.49514707, -1.28497864513e+25
9.88287737998, 558.756027006, -377.701124884, -2.04669747725e+18
393.03356493, -536.304999207, -90.8191612168, -5.67787630996e+17
1423.4448038, 4389.94955451, 1340.19871839, -4.89654988788e+24
-4315.04765476, 2156.72843572, -893.374139408, -3.07049602028e+24
-2439.05811031, -885.950820886, 279.035554536, -5.08892322312e+22
-2740.16922772, -1526.07376264, 3811.88091411, -8.8011655711e+24
3293.91281584, 1692.15226206, -4361.27692528, -3.02613601e+25
-4093.93532671, 3883.85603906, -1238.43989689, -1.80697100072e+25
-1921.97656478, 564.070602144, 1901.69745502, -2.28703794251e+23
-375.476332999, -2845.55389299, 2619.35251539, -1.31097121719e+24
1707.96797625, 351.988811918, 2378.68689576, -2.65847826435e+23
2047.30612677, -103.945195068, -1769.1521572, -1.59307705896e+23
-3692.91739713, -635.09404316, 2694.59174954, -6.75375909112e+24
101.273432185, 4967.61106534, -1509.82487896, -3.99689956672e+25
667.94243232, 2137.47745715, 3950.07742024, -2.70619246561e+24
-1536.58431644, 845.942120344, 1987.86975327, -1.73802004672e+23
-1228.69029598, 514.119555299, -1476.29217763, -7.37387756927e+21
-2128.70114427, -320.415094065, -175.913692908, -1.67856370913e+22
163.372153617, -2065.34441327, -826.87069657, -9.25336573341e+21
-2284.5266123, -368.584017472, 3223.43857887, -3.27983437247e+24
-1232.66044359, -2266.51823144, 1462.05492138, -1.28495385124e+23
3770.24661937, -1922.77362046, 2284.05730344, -6.06783971086e+24
1893.71805328, 3451.11445678, 3349.08820878, -4.7735699826e+24
164.972378425, 699.393134999, -491.314602432, -1.18816096525e+19
-2710.08417601, -336.242479794, 145.817361945, -7.56844345769e+22
-400.926022375, -39.7938366978, -4291.99450783, -2.22179270116e+24
-985.910485824, 1417.24135497, 1875.54069613, -7.284830196e+22
-2839.42243305, 4524.24577209, -1888.24318897, -3.91349684735e+25
-1812.48913499, -434.853600868, 532.513197679, -3.33667071679e+21
-3099.09526262, -2967.04991589, 1440.42034405, -1.81830977511e+24
3470.65929491, 810.208031267, -922.417119054, -5.8443805402e+23
-3857.97927312, -4740.9270533, 1298.98716926, -3.72282823305e+25
4003.60911535, -3859.48726485, -2048.86424408, -2.13770740132e+25
-1942.95878788, -1354.38974704, -1315.38724162, -1.2856761052e+23
211.340119323, -9.71263079019, 578.768557729, -4.313161083e+17
2961.58796669, 1301.72176702, -255.747589774, -3.05659243437e+23
-723.968581277, -1698.12236509, -3174.26508476, -4.62599536294e+23
-2137.87332934, -556.428368473, 2142.91795616, -2.99012880935e+23
-1342.22186736, -2282.99974359, 3327.45590571, -9.45931141197e+23
-1265.70527178, -648.160784907, -896.614359195, -3.65392448755e+21
-2246.29679242, 1205.90036826, 791.489059809, -4.11715080405e+22
2464.18003075, 767.744051687, 408.843560818, -9.83621642964e+22
-2396.30640488, -1942.43839851, -1053.19761966, -4.29767244044e+23
-549.801064533, 194.838407792, -719.491590198, -1.72656756133e+19
1851.81327173, -2628.04092424, -148.117143558, -2.19505641876e+23
-792.832861597, -308.723950602, -868.723386592, -2.62491978283e+20
2670.2038806, 1463.39531412, -19.4444862812, -2.05653464849e+23
1144.5845072, -2499.26829254, -2920.05748246, -1.84006227833e+24
-3458.99904149, 4374.29981254, 1466.35385269, -1.32750561195e+25
-1341.73780605, 1368.97730246, -866.494603121, -7.367622482e+21
618.733205239, -2369.01639371, 2700.86131849, -5.59482342427e+23
-1103.88890158, 2275.58928276, 1109.31727398, -3.77466362441e+22
1979.22619209, 672.139409464, -4753.58693471, -2.24933123044e+25
-456.256103164, 2885.10118623, 1316.48801262, -1.32880779562e+23
521.627993507, 171.518863144, 1590.25128213, -1.34477358954e+21
-3444.65936559, 1971.59306701, -1536.75656215, -1.56820846361e+24
-1707.50228218, 453.966796863, 275.54806674, -1.1636097113e+21
3436.96449201, 3486.52838293, 889.172467536, -8.18595846021e+24
4190.6148173, 2268.22170476, -61.6999988192, -7.33096133768e+24
4591.0270448, -1084.81241908, -2408.23294994, -2.18562675389e+25
1493.11311205, -2376.85439396, -403.445141209, -7.26810366959e+22
-3228.25394269, 4324.3182918, -3425.50737857, -6.64774092325e+25
1006.11865701, -1121.00865362, 868.41776953, -1.67061646525e+21
-2745.38991713, -356.568343972, -644.864002908, -2.05051579854e+23
-1487.0903903, -1586.04942816, -1597.37469863, -6.82395869686e+22
-1614.07864796, 1209.76779754, 2803.37515847, -1.39678144587e+24
933.009396739, -1122.58036444, 493.839528297, -7.54268100497e+20
268.459702509, 2829.86837277, 216.602412941, -2.10750361383e+23
1580.98373591, -155.509667844, -4214.44246043, -9.72250273021e+24
-3037.43827953, 3052.89002778, 1449.32246261, -2.23577411028e+24
410.358318958, -841.567937334, 39.2919116079, -2.24212451438e+19
-825.57730456, -1016.75672232, 877.190095674, -3.70441944112e+20
-3425.22369427, -2958.54134413, -2235.36440559, -1.4043485818e+25
-107.332739566, 3945.88910786, 1532.09097699, -1.66039277479e+24
-906.435687016, -3094.33912233, -2409.66848519, -3.12181354881e+23
38.9196965782, 3033.32659409, 793.715034945, -2.56932702707e+23
-2627.95637906, 195.258797005, 1985.46017427, -6.96979106332e+23
-4597.1147951, -3217.59766071, 701.795138157, -1.84408198763e+25
1311.03430871, -5.57783503792, -512.758009514, -3.49395111565e+20
-4398.15126916, -2470.12026133, 3562.09348889, -2.72870021643e+25
-889.464843799, 2246.87527202, -1723.49627359, -2.17057355306e+23
-2719.56402212, -280.756948569, 2652.28075849, -2.17314941345e+24
1936.9943261, -1791.36997708, -3618.31699813, -1.01398566189e+25
2453.5336999, 4620.14363023, 1007.65403092, -1.12666669444e+25
-1693.88154963, -318.453244924, 3590.75228625, -3.25217576898e+24
2861.95396059, -4852.3872292, -1229.39458186, -1.86126125865e+25
2227.2273915, 1291.80529534, 1721.69811907, -4.42485637235e+23
-959.171805286, 573.00432952, -1615.9118147, -4.28695663132e+21
-2189.57489009, 625.929055468, 2807.88205665, -2.19057563174e+24
1524.35593485, 3129.93761407, 2.32737517896, -6.0102652775e+23
1017.31698868, 4499.34856445, -5067.32832986, -7.26118779974e+25
-1949.37785391, 400.625243769, -2425.67476771, -3.78279672914e+23
1111.49036208, 2440.61158521, -1555.90996234, -2.27521113255e+23
-3494.77565, 1138.69614491, 2125.36942893, -4.38898349388e+24
-1904.13804565, -17.1433412031, 1607.10238992, -7.44433145508e+22
145.439065141, 210.423919512, -22.0019302438, -3.80959650111e+14
1216.19256306, 520.406700247, -285.769202871, -1.92936286056e+20
-304.250023111, -2984.4228853, -1184.05119392, -1.71505669485e+23
2156.95701673, 1764.95559846, 1399.20884214, -3.21184360118e+23
1035.57295896, 3258.03008013, 1248.57417693, -4.00122825401e+23
-2205.32226175, -2037.2306636, 620.082288723, -1.01778741214e+23
3757.17633234, -2627.21925476, -2139.58909411, -1.07952109762e+25
2999.89380929, -3226.19456947, 2265.41012326, -7.23484530118e+24
-2623.4067445, -1744.64243537, 2280.64354976, -5.5392033485e+23
-3171.02171537, -2139.24156473, -3493.49689518, -2.19997589322e+25
174.706035964, 1504.9967566, 4636.50490844, -8.26197365038e+24
1463.81349665, -4574.92589664, -841.978048794, -9.36866508982e+24
2357.70060514, -1747.46330276, -668.375528112, -6.57355623305e+22
-2553.45884655, 809.346585482, 19.2518106439, -2.37406423575e+22
-3476.82363609, 2510.60418547, 2735.18565506, -1.71553647633e+25
-708.070774556, 3643.68000099, -324.649314605, -2.45377589766e+24
-2471.02450643, -1685.21840425, 4969.05541041, -3.28165314572e+25
1579.46968911, 2269.86578942, -2083.12931205, -2.29661398461e+23
2755.08798884, 1110.41118512, 957.566996505, -4.99715161697e+23
-1186.65187433, 87.1818129329, -2081.2815587, -3.48674581257e+22
-1081.36517447, 1124.12670186, -462.290800905, -9.25651663729e+20
-1467.4277759, -77.865197787, 832.534342949, -2.02716962682e+21
909.350679287, -2253.82119737, 1804.74513114, -2.34347549608e+23
2526.87588199, 3249.96772611, 2477.26222012, -4.84662577843e+24
2537.86057799, -3524.42267467, -1224.72598431, -1.94275065728e+24
-158.561749072, -1658.80057117, 72.996887198, -3.67543137456e+21
3467.65868475, 2938.70235312, 1668.94334981, -9.73290040535e+24
-865.159535122, -884.031483921, -3280.11604573, -4.30777945162e+23
-1057.66436726, 3842.15116825, -3368.44806022, -1.72282358583e+25
-113.280559101, -3564.86280037, 1555.65794366, -3.55023772749e+24
-1331.7210886, -2604.95537024, -214.970914252, -1.27144711392e+23
1514.10714981, -1864.49737811, 1377.60154068, -7.82002992081e+22
-2033.45699595, -3063.066032, 3023.69149236, -2.86213330282e+24
425.201448515, -5230.69643624, 160.687917356, -3.69684823316e+25
-1590.84771485, 58.9900315813, -3317.17388969, -8.91352219818e+23
-2595.59197723, -637.732741551, 2524.62028267, -1.2469257141e+24
-3080.60662009, -2834.52199931, -2107.39247582, -7.07136167649e+24
4960.23039906, -3830.530481, -2180.10747815, -5.76831434844e+25
2515.61547197, 4098.13036298, -2509.69560832, -1.42612231454e+25
-1996.22810608, -1126.27871506, 2402.37174361, -3.11794453713e+23
236.263403983, 1312.66129174, -2637.56488434, -4.12862841551e+22
2525.11455011, 1866.11550791, 1712.66794407, -1.10510256252e+24
4112.36278088, -2261.80962823, -1503.48299002, -5.81144229475e+24
-489.533828341, 2631.60002573, 950.310076571, -7.3789926224e+22
-1548.54547023, -3331.35026375, 1163.49788408, -1.69909483558e+24
3858.97131041, 254.590249047, 1298.5960714, -4.06617028483e+24
-3727.80175384, 1752.41385081, -2911.33792249, -1.13341888965e+25
3946.94994182, 3596.25077196, 1062.6685953, -1.95588032263e+25
1928.9056633, -537.614143319, 751.410999726, -1.22696645617e+22
-317.495572769, 2231.206114, -1469.16951667, -1.37700769262e+23
-1390.96924508, 1634.4814212, -321.776854569, -1.00308403716e+22
-1547.05054701, -3601.80921656, -665.369347437, -1.33772749886e+24
170.219640967, -504.574814826, -1917.3345937, -8.95465233225e+21
2158.01782088, 1844.16555262, 2056.39853531, -7.79990516891e+23
-2329.29345657, 1464.33679193, -1564.87371007, -1.83189893292e+23
-4558.95019068, -964.137544843, -2384.04267646, -3.81098586369e+25
-4530.90362242, -1540.75147599, 491.504140206, -6.89360653839e+24
-2547.60569742, 4274.83264178, 1376.85157104, -6.61556759081e+24
-1792.10826656, -1878.00354149, -3675.44508857, -3.60580993844e+24
1687.13842063, -395.733755729, 754.066031503, -5.68181705874e+21
-207.175484549, -1170.32750845, 2865.423838, -7.25255785047e+22
2275.62713003, 2411.19750986, 2091.39027953, -1.36439327638e+24
2357.47410791, 3784.44103948, -2841.30661442, -9.53727165467e+24
1212.86923185, -2389.21183563, 3874.02268232, -2.16278948235e+24
-2975.66459689, 1622.30934381, 4457.08316117, -7.16925559646e+25
1080.74496308, 3886.40595472, 818.864842635, -2.10293356872e+24
717.355933797, -8.21304853937, -1330.51149887, -1.71162191335e+21
-1323.88241362, 3342.94520284, 649.392372181, -8.06602203464e+23
-2324.8754281, 1564.43331103, 3149.70039458, -6.70628777005e+24
347.440483033, 1107.72187667, -1264.06205569, -1.01080976841e+21
2587.06528464, 1548.62895574, -272.421655508, -1.50323159306e+23
120.556219924, -1540.82655098, -4667.81154044, -1.02728878904e+25
2533.99639776, 2019.01594449, -1674.3093796, -2.37253439908e+23
-858.214224747, 1659.63993435, 713.320552196, -3.00301249215e+21
2794.72926549, -4322.45052587, 783.69353675, -1.73394231241e+25
-3203.44297489, 1413.53458171, 625.682762051, -2.47074763969e+23
-2856.55171156, -1403.41124696, 3530.18017228, -6.79826927796e+24
2673.70202996, -476.031898925, 1278.26384017, -2.753233994e+23
2348.02607656, 4581.2017267, 1024.50070328, -1.00622380852e+25
96.3014292831, -2166.38578266, -811.516279358, -1.40061958559e+22
479.085375892, 259.95115168, 766.28839642, -2.24512983726e+19
3703.31763702, 212.380714061, 3148.85299847, -2.0042680218e+25
-3565.14845826, 231.363439906, 4070.73211905, -4.85021740031e+25
83.4331435844, 2141.97444131, -3110.46262199, -3.85077086685e+23
1360.66492321, -1087.4411759, -2602.86243438, -6.25159267073e+23
4353.65898434, 1411.67858561, 1330.34337545, -1.48188872717e+25
-3202.92381256, 1441.17814805, 1914.57931362, -2.44767964858e+24
1074.18215758, -3626.81821337, -3062.57336516, -3.9606433434e+24
-2590.70884565, -842.807547925, 2211.98282024, -6.21237719537e+23
-699.684336634, 900.824040203, -2066.30593481, -7.94657033894e+21
-298.469921973, 1907.14788952, -3722.33404442, -5.76039547377e+23
222.60972345, 4297.44289108, 3641.44298933, -5.6766383533e+24
-3979.86340357, 3200.29722612, 2178.15960561, -1.78208030793e+25
2963.28048466, 1003.13345131, 1038.14178678, -8.08714854453e+23
3173.11439247, 920.143640559, 388.350837382, -6.2440212737e+23
-3553.71411876, 294.534994251, 2460.16389912, -5.67184316859e+24
-3699.0018688, 362.468780529, -625.219641397, -1.13467840106e+24
81.4955412886, 1485.11604041, 258.246809955, -1.00889875924e+21
-3466.08382445, 2696.75719914, 3515.3540057, -4.83642417748e+25
3890.06116847, 460.544275792, 2137.61811402, -1.04739391888e+25
-126.253778625, -2018.71813458, 2087.87638491, -1.04974408102e+23
422.232027795, 877.938061014, 909.348691086, -8.12800664819e+19
-1657.88067646, 261.470263826, -4000.69390763, -2.65378968626e+24
-1454.5023797, 164.19392406, -2151.62363104, -7.93099482522e+22
-2363.30222496, 1967.97631635, 2741.81020714, -4.28450559353e+24
-453.881984314, 3100.06190455, 2195.36206374, -3.43433819336e+23
-162.890343963, 1145.61511611, -2612.22376394, -2.66374437004e+22
-309.418175972, -1576.84076444, -4127.35177313, -3.24267354277e+24
1011.71745548, -3959.95693034, -1428.44020215, -2.03391961188e+24
1189.14681682, 877.26211947, -723.916433135, -4.25215253478e+20
2836.0231451, -3368.82764752, -616.829652999, -1.75218814888e+24
528.475065733, -1541.66110338, 1172.01035916, -9.82330779111e+21
229.703114547, 1213.67396394, -158.079723526, -3.55417458322e+20
4540.26534997, 684.902438927, -3451.30909135, -4.26733289923e+25
-247.630951036, -2026.7946997, -924.412534956, -7.02054991962e+21
-1404.4468347, -712.873276078, 877.529962645, -1.29711087068e+21
1773.85017317, 623.215592458, -301.998174465, -3.5457169101e+21
-2180.55154901, 2112.48797525, 3021.95923374, -5.8397145453e+24
-450.205115218, 474.751153001, -1936.32872385, -2.82685071607e+21
-149.340291127, -20.9519824085, 300.78069068, -9.39369777718e+15
3698.63303512, -1267.82966933, 241.358689675, -5.25477709999e+23
-250.424549524, 2800.10031384, -690.764234386, -3.8395161492e+23
162.043106363, -1599.47182089, -253.388769319, -1.93274329594e+21
-564.579787232, 3766.66413362, -2036.81639071, -7.36235010252e+24
1896.02517388, 3901.53088397, 186.173566851, -3.27186244912e+24
3635.323856, 1037.36473007, -1280.51061294, -1.02103622809e+24
1652.69101962, 4241.58397796, 3129.68271608, -4.87631374237e+24
2728.39895427, 1399.30899584, -633.024794989, -1.52113772107e+23
-314.460597877, -777.50108846, 288.731262023, -1.52765623996e+19
2570.58006272, 2397.90938918, 1065.42688424, -8.90438053432e+23
-2211.61149528, -3755.28964965, 2300.79407536, -7.0140593936e+24
-1596.69320886, 4187.16397769, -1902.63793282, -1.74547609073e+25
701.90559613, -1321.12204086, -359.037878428, -4.94359092897e+20
-587.16280097, -1886.27735602, -2060.71830477, -2.86587705453e+22
-2204.03711195, -159.827468952, -367.558606949, -2.48656611908e+22
-1543.25026181, 311.380910901, -392.869272305, -1.25069092994e+21
4499.98816021, -1320.2563684, -4373.93930387, -1.91584484199e+26
-3516.90522154, 493.782110631, 1020.3100879, -6.1767193172e+23
4055.33768338, -2444.82880327, 1397.50753245, -3.95731152324e+24
2224.79373763, 3564.75646322, 676.85258195, -1.84197566796e+24
-441.960374463, -180.228684103, -102.214049617, -1.5732283316e+17
-2541.6081539, -409.310880113, 1000.02272485, -6.30253263202e+22
3000.19120058, -734.293603272, 2979.41556593, -4.94638199961e+24
-229.774701596, 1874.18607678, 2047.32567474, -4.90413683134e+22
-567.546400045, -453.275429941, -2250.023283, -1.85210409669e+22
-2517.88328093, -3442.08691977, 1150.38116815, -2.61703171955e+24
725.033125833, 209.74734638, -1431.62776268, -2.14845672989e+21
2035.46899131, -2530.88163562, 2354.3357797, -1.32966616538e+24
-1913.08193465, -3212.2268097, -1221.01195567, -7.55258181538e+23
-1351.3248915, -1649.75788379, 851.486431523, -1.01654720313e+22
-251.92485163, -74.5047916335, -1632.35251584, -9.75256490453e+20
-134.146768576, -4120.97969321, -5.460932498, -4.9637848385e+24
1795.90221572, 1161.81999741, 4722.8892189, -1.19323581472e+25
1430.62823244, -50.3240208092, -1290.89644741, -1.07017475543e+22
-1812.62001957, 1806.7167556, -2123.63981339, -2.46500167041e+23
-1731.9530703, -2182.69224722, -717.591899352, -8.21867892576e+22
723.052675412, 85.6205787753, 1857.91950923, -5.72866683903e+21
2141.47216539, -663.628198963, 2998.55593762, -1.24778676395e+24
-2003.33131227, -47.5421347511, -2873.13139616, -9.677618186e+23
-1501.42127467, 1390.53661788, -2105.44913071, -8.40114697789e+22
-165.707963008, 3871.2350345, -154.73479588, -3.35886707762e+24
3102.15171814, 1805.12038871, 3380.59664775, -1.64864427202e+25
-1989.57762458, 1705.50770767, 2385.597947, -1.28480371156e+24
2769.00174171, 1397.19036451, -904.431978298, -1.5833028255e+23
-2630.38708043, -2412.96798592, 766.465834777, -4.04406163457e+23
2582.98518118, 1371.57125068, 1001.71905046, -4.19192990695e+23
1415.79108281, -155.235947372, -906.80319329, -2.86465715071e+21
-4048.93305965, -4528.19441645, 900.049679422, -3.11894819699e+25
-3347.45082421, -1769.57942507, -3705.99733936, -3.05987888878e+25
-4115.26182561, -375.252317155, 660.120903345, -1.75212408188e+24
-2553.2722902, -4674.9749853, -910.725010648, -1.30395323107e+25
-3398.49780195, 983.803440551, 573.994441974, -2.99180050742e+23
-674.88800172, 3582.43691344, 2204.19468121, -8.79490762096e+23
2918.52140764, -1463.06412898, 158.184489988, -7.95411314005e+22
-4884.15533295, 2572.33500868, 3120.95753178, -9.86635394013e+25
-1362.10724372, 1457.91737166, -2620.04467774, -1.64432371148e+23
3654.39959359, -438.042009667, -168.365964397, -5.14912182784e+23
-277.57395035, 697.130192658, -4577.69114597, -2.92207864877e+24
-2109.07966482, -3607.29816056, 3493.71473101, -9.64983966553e+24
-2551.18993617, 2274.72236541, -212.108801721, -1.85836943294e+23
-2460.34715323, -2118.21779357, 1807.1528767, -2.70178503374e+23
121.411373913, -4134.29471652, -1766.4511272, -2.2451568134e+24
2837.60266763, -1238.13378628, -295.712781041, -6.3693898232e+22
709.068084854, -948.77922494, 1873.07909955, -5.12610008981e+21
-1486.77890247, 2040.47119226, 247.088489604, -2.76055596292e+22
1398.59020064, 627.959021559, 2676.87768146, -2.5952737185e+23
-1756.4103315, -616.58360413, 857.611450843, -4.60223794808e+21
-228.40914924, 1029.76784452, -261.283029113, -1.42136711271e+20
2423.46777132, -2661.38986755, 2612.62593371, -2.7618227803e+24
-342.442829676, -367.59475305, -2276.91915152, -1.71928824288e+22
1084.03411644, -3704.72083826, -3154.62882878, -4.82770947405e+24
2745.92197858, 418.947457533, -4581.15014991, -3.71010562222e+25
-3252.63309148, 4231.11249416, -2842.79148569, -4.54672107833e+25
2827.10619647, 378.564854725, -3659.08207408, -1.16288859229e+25
-3206.04900986, -1212.49685988, 2150.48640231, -1.27254721868e+24
4538.77136021, 331.058821515, 1382.83884383, -1.33442682312e+25
79.9735481705, 390.685059717, 2404.04971771, -3.31269164814e+22
3375.51573902, 2187.90115895, -252.974646865, -1.52132820462e+24
1792.27167777, 3820.65813653, -5125.95092121, -3.50388320457e+25
-1768.28317725, -2817.08554351, -1346.45106498, -3.44470340274e+23
-2464.75972697, -1620.86044478, 3831.61068225, -6.59160160416e+24
-1359.32175524, 1850.81297494, -954.337615155, -4.29065552458e+22
-2886.51020802, -5287.32437146, 1114.48113256, -5.70232571244e+25
2032.22481844, -524.382731138, 618.753279971, -1.30102811778e+22
-820.095363972, 750.111891702, 3818.41445288, -3.17287774929e+24
-1851.05353546, -4270.25805738, -687.124737276, -5.42240487218e+24
197.357558811, 902.416991897, 4264.04596115, -3.40165608306e+24
-3308.77289958, -1500.59587021, 1309.7508643, -6.2143135072e+23
-2995.37477863, -4201.91185998, 455.964378771, -1.00882320623e+25
-580.334128623, 1630.0835675, 1862.9921661, -4.0431234998e+22
3334.73536965, 3005.28414313, 3280.57524127, -2.89712748872e+25
-825.464361897, 471.550202497, 1972.03481699, -3.64424041931e+22
2858.35032681, 1004.51670547, 812.632984088, -5.01902440412e+23
1518.03688939, -1427.38729103, -5093.39796611, -4.87884242675e+25
2125.46560476, -3870.53497481, -2871.36500295, -9.46516463578e+24
236.847503894, 1130.49725251, -828.016639291, -5.83494244939e+20
1217.27307147, 904.882828432, 215.363823398, -9.01401020097e+20
2413.18421153, 617.039264768, -228.672775301, -3.74024665112e+22
-235.167844862, -638.272490541, -2463.23416904, -4.03316216608e+22
-739.194648554, 2475.65399853, 596.419693934, -6.12197045614e+22
-347.079663908, 1465.57203201, -1405.71560692, -8.70104697164e+21
-611.705731816, 788.584411015, 252.936731715, -1.40700774019e+19
-4079.66108386, 5072.30368008, -630.284109061, -6.93005529562e+25
23.823612485, -66.254977934, 4269.77184466, -2.52481788866e+24
-1567.9044654, 628.528708888, 23.1777214451, -4.65252327612e+20
-236.813683009, -2856.39863445, -2858.3222225, -4.92945885573e+23
-936.885605134, -650.84673159, 3332.09501755, -7.06411109263e+23
-2515.53999211, -1603.54875602, -1511.30250523, -7.49966678599e+23
-2811.90380708, 2796.18173382, 3746.36493955, -3.78512215452e+25
-758.623011261, -3901.10835658, 2144.28060256, -8.50903270171e+24
-404.94783729, 3728.76907304, -1421.49143468, -4.93790764791e+24
625.771007805, -2549.50880956, -341.949738106, -9.12719207368e+22
3733.1104837, -1963.80755055, -1298.69935776, -2.32584865903e+24
-4330.66836817, 1261.63530721, -1439.82356438, -6.05073625859e+24
249.844617092, -2245.08510087, -2049.59472165, -6.92129105284e+22
-1418.54570188, 3823.28296615, 4032.44452517, -2.45780327704e+25
2495.56201353, -178.041412275, 299.127135398, -4.24320916184e+22
939.448121371, 5191.09221141, 3264.70292992, -1.18438698845e+25
1057.36663669, 2594.06737453, 1789.97624792, -9.08683566509e+22
-2051.37991149, -3976.80043241, -3153.23848945, -6.50366168741e+24
-1564.57501927, -1058.40889939, -2266.2698576, -2.07199573629e+23
-695.008564199, 1587.4331176, 3343.46763002, -1.68011707143e+24
-1912.38181729, -93.8560830388, -1554.07960074, -8.79765707434e+22
638.914148319, 1106.07846575, 2350.91799616, -4.17806319988e+22
-1934.94478275, 2406.80553244, 1725.61358895, -4.74368153128e+23
-4650.42607605, 1013.59141717, 1403.54640131, -6.59110344368e+24
281.229602649, 1761.81393757, -3708.8491634, -5.88071701112e+23
-375.921073433, -3257.54463047, 728.437252372, -1.13944394606e+24
2190.83853324, -1968.45495716, 5184.53447754, -1.83832964321e+25
-301.802025657, -4898.70642438, -1194.8765102, -1.21748575118e+25
3694.40297639, 226.818032257, -1801.26537642, -2.13574692505e+24
-1563.14003892, 697.376513265, 910.595072604, -7.19038865158e+21
1748.81669123, -332.82450789, 916.446553073, -1.10483825722e+22
2413.71195675, -2428.19046012, -360.665288166, -1.84146582562e+23
1725.41479457, -499.623033082, -109.722552135, -1.04448069026e+21
4238.31853139, 1941.07802897, -4840.99280092, -1.09161830126e+26
48.1481221087, -1659.96843408, -2027.21612188, -2.89485288744e+22
-791.203423893, -3330.80196607, 1960.80119093, -2.54728244302e+24
-1433.96409932, 2176.88692893, 1936.95175168, -2.95735948061e+23
3449.77367111, 1013.58745301, 979.647002851, -2.032080645e+24
-669.7877643, 1217.88371765, -3503.39998513, -2.78942884598e+23
3016.45188765, 2577.33131371, -2632.41582547, -2.03490290134e+24
670.054249989, 3626.40593026, -500.081173159, -2.28058776349e+24
3211.05470185, 878.466446137, 565.622215491, -7.80368930528e+23
2403.06066692, -2005.68531612, -845.132591278, -1.3344765901e+23
-1157.19711158, -191.332111658, 2415.72555841, -1.42777674225e+23
-1076.04963321, 3269.566309, -1824.10729785, -2.7982370528e+24
-3300.39295449, -1127.88020768, 1891.39082243, -1.03056567394e+24
-4498.4123379, 81.2517309132, -3993.10240419, -1.02017365604e+26
2191.43023802, 3276.01033593, -4445.29798638, -1.38056250657e+25
-54.2592334781, 875.535816056, -3460.21790386, -2.87888656166e+23
1303.10563341, -563.509928684, -1710.46825219, -4.46200628537e+22
-36.9756060714, -2200.73781013, -731.300918476, -1.69867998459e+22
-1857.34922607, -4339.1803222, -4018.73089099, -1.41700262471e+25
