-0.499689010468, -4.01259440999, -4.88089428625, -1.27792398222e-08
-0.49969508063, -4.01259708038, -4.88089687572, 0.0
-0.499695095985, -4.01259737215, -4.88089688209, -2.10569172302e-11
-0.499695080224, -4.01259708036, -4.88089688378, 0.0
-0.499698269082, -4.01259712492, -4.8809201763, -1.39863198028e-07
-0.499695080612, -4.0125970805, -4.88089687575, 0.0
-0.499695080617, -4.01259708028, -4.88089687574, 0.0
-0.499695074198, -4.01259705614, -4.88089687027, -1.68453981157e-13
-0.499695038987, -4.01259724287, -4.88089687883, -6.56975295167e-12
-0.499695015643, -4.01259712483, -4.88089686789, -1.0107255781e-12
-0.499694865577, -4.01259708052, -4.88089685838, -1.02755769339e-11
-0.499694853045, -4.01259717648, -4.88089687293, -1.34762166089e-11
-0.499702534122, -4.01255841138, -4.8808986549, -3.93093775845e-07
-0.499694193732, -4.01259275658, -4.88089607466, -5.0924689673e-09
-0.499694281747, -4.01259710502, -4.8808957469, -4.78913530917e-10
-0.499688056608, -4.0126000805, -4.88089719463, -1.47179765078e-08
-0.499746818907, -4.0125230324, -4.88085929674, -2.42039161405e-06
-0.499853743068, -4.01269841111, -4.88080307573, -1.11845988997e-05
-0.49969870857, -4.01259709239, -4.88089489294, -4.35273375902e-09
-0.499699650659, -4.01259821743, -4.88088023065, -7.5722659843e-08
-0.769820343103, -4.01227504437, -4.8805886173, -20.7251018182
-0.49980210014, -4.01261636635, -4.88094221742, -3.50930636277e-06
-0.499695441613, -4.01259682009, -4.88089688901, -5.35676768166e-11
-0.499693871089, -4.01259697961, -4.88089723287, -3.95357817337e-10
-0.499283772148, -4.0120176772, -4.88078902197, -0.000130644060596
0.438231372938, -2.56914295901, -4.84714217974, -405.675136902
-0.49969521401, -4.01259533424, -4.88089567997, -1.14346970994e-09
-0.50030817724, -4.03907445706, -4.88128464799, -0.173142524379
-0.453144186477, -4.22729771488, -4.88559700685, -14.7061357022
-1.0988323189, 4.1001739758, -4.90407213804, -130.404551433
-0.499693737281, -4.01259254017, -4.88087515767, -1.24963594604e-07
-1.42418865934, -4.99930092776, -4.82240805442, -141.734810825
-2.3713454765, 4.96409429701, -4.96927947824, -199.046488359
-0.498484688945, -3.84266625926, -4.88087651031, -10.0606589525
-0.975155507526, -4.90037790119, -4.95151691461, -103.097131316
-0.499695060144, -4.01259709159, -4.88089688671, 0.0
-0.499695037899, -4.01259705828, -4.88089687149, -3.36907706337e-13
-0.459333029455, -4.26072100202, -4.83117862978, -21.5804465307
-0.49969665174, -4.01259714933, -4.8808968272, -6.38117507647e-10
-0.499191245295, -4.0133104749, -4.88079650945, -0.000195314959884
0.216181084532, 4.5531564432, -4.86541303254, -419.240760246
-0.499695054617, -4.01259709024, -4.88089687343, 0.0
-0.499687370527, -4.01259047185, -4.88133978767, -4.96323129466e-05
-0.49967756302, -4.01259790134, -4.88089622598, -7.77372150337e-08
-0.499695059902, -4.01259709741, -4.88089686855, 0.0
-0.499695051419, -4.01259713328, -4.88089693002, -1.34764028861e-12
-0.499695052492, -4.01259702023, -4.88089685509, -1.17917146632e-12
-0.500217351078, -4.01269860205, -4.8809885267, -7.36518629769e-05
-0.499692523074, -4.01259704988, -4.88089691449, -1.63522898781e-09
-0.499695100611, -4.01259709816, -4.8808968687, -3.36909678435e-13
-0.499695069689, -4.01259707442, -4.88089690672, -1.68455051303e-13
-0.499695045494, -4.01259709253, -4.88089688831, -1.68454583584e-13
-0.499695010016, -4.0125973471, -4.88089686356, -1.81931600796e-11
-0.499695057861, -4.01259708355, -4.88089688427, 0.0
-0.499694623016, -4.01259713382, -4.88089689394, -5.01987469018e-11
-0.499695113086, -4.01259710101, -4.88089685189, -8.42272610889e-13
-0.499695016935, -4.01259725738, -4.88089608156, -1.68454193233e-10
-0.499695063954, -4.01259715211, -4.88089688335, -1.17918376742e-12
-0.499695062499, -4.0125970865, -4.88089685778, -1.68453988231e-13
-0.499695084265, -4.01259707512, -4.88089689469, -1.68454818249e-13
-0.499695021899, -4.01259710243, -4.88089688099, -5.05362937961e-13
-0.499695070296, -4.0125970455, -4.88089688008, -3.3690796381e-13
-0.499695226697, -4.01259708592, -4.880896939, -7.58044164097e-12
-0.499695106964, -4.01259695652, -4.88089687507, -4.54822549475e-12
-0.49969507483, -4.01259707691, -4.88089689217, -1.684547629e-13
-0.499695095723, -4.01259711163, -4.8808968759, -3.36909408809e-13
-0.49969498257, -4.01259709183, -4.88089686992, -1.68453626565e-12
-0.499695060938, -4.0125970853, -4.88089688163, 0.0
-0.499695073074, -4.01259707748, -4.88089688732, 0.0
-0.499695073123, -4.01259707737, -4.88089688731, 0.0
-0.499695093566, -4.01259708614, -4.88089687313, -1.68454882889e-13
-0.499695085907, -4.01259707924, -4.8808967375, -5.05359853352e-12
-0.499695066318, -4.01259709198, -4.88089688042, 0.0
-0.499695031628, -4.01259709484, -4.88089687435, -3.36908937115e-13
-1.73282728357, -3.51029268688, -4.93460067125, -203.700190403
-0.499695073567, -4.01259708704, -4.88089690908, -3.3691065648e-13
-0.499695074894, -4.01259709723, -4.88089689149, -1.6845508823e-13
-0.499695035002, -4.01259708051, -4.88089733182, -5.23888287749e-11
-0.499774324058, -4.0111213642, -4.88056155205, -0.000581805324562
-0.49968832477, -4.01864315929, -4.88090911275, -0.00920894017279
-0.499695142024, -4.01259709751, -4.88089691113, -1.85299998939e-12
-0.499694858149, -4.0125971015, -4.88089689264, -1.09494055508e-11
-0.499695067567, -4.01259708925, -4.88089688777, 0.0
-0.499695056, -4.01259708865, -4.88089687802, 0.0
-0.499694801381, -4.01259709225, -4.88089699063, -2.08881751456e-11
-0.499687179852, -4.01259708569, -4.88089686913, -1.57251243078e-08
-0.499694974633, -4.01259722236, -4.88089686804, -6.90661633917e-12
-0.499695051886, -4.01259710951, -4.88089739938, -6.8898039159e-11
-0.499695051203, -4.01259712063, -4.88089686252, -5.05363765725e-13
-0.4996950683, -4.01259709728, -4.88089686985, 0.0
-0.499695046371, -4.01259707094, -4.88089676581, -3.36906061605e-12
-0.499695055426, -4.01259709786, -4.88089687365, 0.0
-0.499695055426, -4.01259709786, -4.88089687365, 0.0
-0.499695051462, -4.01259709282, -4.88089689247, -1.68454774846e-13
-0.499695060056, -4.01259709574, -4.88089684698, -3.36908514573e-13
-0.499695065457, -4.01259706279, -4.88089687199, -1.68453815639e-13
-0.499695040832, -4.01252733604, -4.88089688189, -1.2299943724e-06
-0.499695888714, -4.01259732838, -4.88089689852, -1.86482123341e-10
-0.49969505422, -4.0125970947, -4.88089688165, 0.0
-0.499695054288, -4.01259709467, -4.88089687846, 0.0
-0.499695012962, -4.01259709227, -4.88089689608, -8.42271540139e-13
-0.499695119014, -4.01259709207, -4.88089685224, -8.42273354224e-13
-0.499695063374, -4.01259708441, -4.88089686182, 0.0
-0.499695212117, -4.01259708222, -4.880896872, -5.39055957099e-12
-0.499695062228, -4.01259680273, -4.88089688275, -2.00457701275e-11
-0.499695074823, -4.01259706837, -4.88089687382, -1.68454093187e-13
-0.499695080381, -4.01259707878, -4.88089686374, -1.68454304835e-13
-0.499695046453, -4.01259706984, -4.88089692046, -6.73819411399e-13
-0.499695048258, -4.01259707432, -4.88089710106, -1.26339520937e-11
-0.499695137649, -4.0125970675, -4.88089624394, -1.03093719352e-10
-0.499695067818, -4.01257821276, -4.88089687165, -9.00608082753e-08
-0.499695053417, -4.01259710147, -4.8808968944, -1.68454746724e-13
-0.499695076942, -4.01259719006, -4.88089688737, -2.86372872991e-12
-0.499695083402, -4.01259700413, -4.88089692459, -2.35834774009e-12
-0.499695057697, -4.0125971558, -4.88089683045, -1.85299736749e-12
-0.49969506072, -4.01259708612, -4.88089686443, 0.0
-0.499695069406, -4.01259707366, -4.88089705875, -8.25421151408e-12
-0.499695059023, -4.01259707888, -4.88089688267, 0.0
-0.49969505749, -4.01259719135, -4.88089687281, -2.86372749272e-12
-0.499695058232, -4.0125970842, -4.88089687249, 0.0
-0.499704269753, -4.01259721519, -4.88089691615, -2.14293294793e-08
-0.499695265277, -4.01259655044, -4.88089880735, -1.02370765427e-09
-0.499695052277, -4.01260289574, -4.88089681933, -8.54046803925e-09
-0.499695056062, -4.01259709131, -4.88089687216, 0.0
-0.4996950557, -4.0125971741, -4.88089687188, -2.02145518267e-12
-0.499695060363, -4.01259708632, -4.88089686919, 0.0
-0.499695067354, -4.01259706853, -4.88089688242, 0.0
-0.499695106791, -4.01259702809, -4.88089687864, -1.17917833701e-12
-0.499695061304, -4.01259710918, -4.88089686609, -1.68454543468e-13
-0.499694808433, -4.0125970817, -4.88089686317, -1.66767337651e-11
-0.499695194229, -4.01259708547, -4.88089692661, -4.71672608077e-12
-0.499695022903, -4.01259593573, -4.88089712918, -3.50376454308e-10
-0.499695079786, -4.01259706348, -4.88089684135, -5.05360703401e-13
-0.499695028226, -4.01259709135, -4.88089686815, -3.36908915219e-13
-0.49969698426, -4.01259708433, -4.88089689875, -9.31237823019e-10
-0.499347817601, -4.01259704858, -4.8808968965, -3.04891222578e-05
-0.499695062378, -4.01259706281, -4.88089687096, -1.68453816433e-13
-0.499693454442, -4.01259730819, -4.88089689883, -6.68940085559e-10
-0.49969512334, -4.01259707307, -4.88089689996, -1.01072875063e-12
-0.499695079672, -4.01259708423, -4.88089687666, 0.0
-1.90391367513, 1.33766447615, -4.8825144837, -503.147346389
-0.49969506221, -4.0125970563, -4.88089687835, -1.6845401134e-13
-0.499695074702, -4.01259710165, -4.88089689086, -1.6845488568e-13
-0.603262852141, -4.99900008216, -4.90994213124, -100.137586469
-0.499717260254, -4.012749306, -4.88119472682, -2.8394839565e-05
-0.501948934303, -4.01655624665, -4.89099166038, -0.031034184249
-0.499695066479, -4.01259602548, -4.88089687162, -2.83838680014e-10
-0.499698871757, -4.01256961175, -4.88089557133, -1.94948481395e-07
-0.499739363289, -4.01263570772, -4.88089535288, -8.741676362e-07
-0.499695066679, -4.01259689607, -4.8808968704, -9.09644412804e-12
-0.499695071736, -4.01259708309, -4.88089686763, 0.0
-0.499692602466, -4.01259702814, -4.88089746444, -1.62174898241e-09
-0.499695055889, -4.0125970955, -4.88089686595, -1.68454437371e-13
-0.499695055191, -4.01259707332, -4.88089687106, 0.0
-0.499695050299, -4.01259669695, -4.88089691256, -3.84069321298e-11
-0.499695041221, -4.01259711028, -4.88089697158, -2.52681177032e-12
-0.499695183095, -4.01259728042, -4.88089687261, -1.31396022337e-11
-0.499695094514, -4.01259708392, -4.88089689059, -3.36910126227e-13
-0.499695073434, -4.01259704341, -4.88089435986, -1.60386278336e-09
-0.499695078464, -4.01259709345, -4.88089688461, 0.0
-0.499684756778, -4.01257305823, -4.8808268274, -1.41334578994e-06
-0.499695026789, -4.01259708572, -4.88089688004, -3.36908465987e-13
-0.499695049987, -4.01259708119, -4.88089692089, -5.05365667632e-13
-0.499695072122, -4.01259709146, -4.88089689047, 0.0
-0.499695073542, -4.01259709305, -4.88089688532, 0.0
-0.499695022717, -4.01259718581, -4.88089686886, -3.03217808665e-12
-0.499695050337, -4.01259707458, -4.88089690151, -1.68454742046e-13
-0.499695056885, -4.01259708021, -4.88089688774, 0.0
-0.499695068374, -4.01259709225, -4.88089689223, 0.0
-0.49969503496, -4.01259706975, -4.88089689371, -3.36908419658e-13
-0.499695063003, -4.01259709704, -4.88089684478, -3.36908955542e-13
-0.49969508984, -4.01259708147, -4.88089690881, -3.36910025632e-13
-0.499695045044, -4.01259726874, -4.88089690699, -8.92813690408e-12
-0.499695052744, -4.01259703757, -4.88089695278, -2.02144668139e-12
-0.499695058397, -4.01259709631, -4.88089689, 0.0
-0.499695085926, -4.01259709966, -4.8808968941, -1.68454988261e-13
-0.499695070387, -4.01259708841, -4.88089636951, -6.53599552906e-11
-0.499694847505, -4.01259708044, -4.88089687291, -1.19601032435e-11
-0.499695136409, -4.0125970845, -4.8808968973, -1.34763813135e-12
-0.499694995512, -4.01259676314, -4.88089709674, -3.95856922755e-11
-0.49969509426, -4.01259706905, -4.88089735935, -5.89589536636e-11
-0.499695083421, -4.01259707582, -4.88089686114, -1.68454325856e-13
-0.499695111143, -4.01259979398, -4.88089603335, -2.03709982369e-09
-0.499695066844, -4.01259655498, -4.8808968987, -7.10862335816e-11
-0.499695107349, -4.01259710209, -4.88089688463, -5.05364596496e-13
-0.499695077466, -4.01259710709, -4.88089687246, -1.68454567071e-13
-0.499695050513, -4.01259707603, -4.88089687172, -1.68454093949e-13
-0.499695086966, -4.01259708356, -4.88089686634, -1.68454564636e-13
-0.49969506262, -4.01259708609, -4.88089688516, 0.0
-0.499695072469, -4.0125971071, -4.88089684804, -3.36908939985e-13
-0.499695059713, -4.01259709621, -4.88089687235, 0.0
-0.49969509314, -4.01259707549, -4.88089683691, -6.73814101791e-13
-0.499695078788, -4.01259720688, -4.88089686319, -3.87446122774e-12
-0.499695877501, -4.01259637786, -4.88085123607, -5.26991541374e-07
-0.499695103042, -4.01259706916, -4.88089690113, -5.05364980568e-13
-0.499694768658, -4.01259711071, -4.88089644087, -7.07503713234e-11
-0.499695080883, -4.01259707996, -4.88089687534, 0.0
-0.499692017532, -4.01259745088, -4.88091925527, -1.29006063568e-07
-0.499695065266, -4.01259709876, -4.8808969142, -3.36910031647e-13
-0.499695047105, -4.01259707511, -4.88089701853, -5.05361176643e-12
-1709.97204131, -1488.83976747, 1825.88316489, -4.52791148844e+22
-2361.23418393, 3386.17112757, 926.56823777, -1.29387542141e+24
3123.77977628, -700.750510105, -2305.88499627, -3.108044392e+24
1166.20548281, -3519.2274603, -668.469461273, -1.1443604177e+24
364.70674508, 84.953117132, 612.511725753, -2.66532732868e+18
-2241.74653372, -1150.1948874, -1412.13709107, -2.76356316537e+23
-348.93521842, -138.818045547, 4111.03553163, -2.40102418481e+24
-486.821521419, 3967.11720941, 104.395837293, -3.69857662655e+24
3962.3270783, 1476.55677622, -563.510937216, -2.40715997127e+24
1527.39303655, -2516.40092922, 2157.25965185, -7.97925290591e+23
-206.045318172, -987.759868275, 2021.74176375, -5.1364150696e+21
635.383597928, -1403.82942731, 3015.01656673, -1.08416673202e+23
1409.01877301, -547.041353423, 2626.97445182, -1.62975872916e+23
3190.89931667, 936.547079533, 204.003132348, -5.57319102947e+23
-2555.67559865, -2573.28130177, 699.535009992, -4.75089277078e+23
1556.99803969, -2153.72930686, 3054.79687147, -9.05442130102e+23
4011.38827804, -581.921071683, 1754.87917118, -6.18775103325e+24
498.128939813, 2052.40571828, 2069.62393173, -3.36234300907e+22
-4845.4555763, 1267.5814148, -1355.2908381, -1.21272874854e+25
2553.55635545, -1366.90605215, 147.145307695, -2.93947339313e+22
-2143.69991809, -1238.58891958, 410.123528337, -2.75933381696e+22
53.2812968701, 912.800400984, -1613.43978807, -9.47833075263e+20
-1870.77625698, -523.70585551, 1593.13311844, -4.79227800952e+22
-2760.74820143, 2057.79092765, 2525.00047905, -4.94881700891e+24
2235.6369149, -2207.28103393, 3950.86364026, -5.44160253086e+24
1737.53907333, -2919.60736658, 4013.10450606, -7.28281385923e+24
3069.6818662, -210.968362825, -1999.67326729, -1.39767111563e+24
1892.73207824, -135.170533875, -2591.54324827, -7.75230633663e+23
1285.14332623, -705.969352832, 312.101993995, -2.3435685309e+20
-3424.52072443, -1011.13971034, -38.3641724169, -8.58519060305e+23
998.687604303, -39.5816563738, -434.163488736, -5.18954351767e+19
-820.525809752, 1253.35570748, 2259.52463519, -1.41435730784e+23
-2106.51532613, -138.252101382, -292.974125438, -1.54928246915e+22
423.490086083, -1479.62397114, -434.198710766, -8.78948770989e+20
-27.1901578435, -1777.28061524, 305.703412356, -8.31062815248e+21
-891.467249022, -1749.00013933, -1168.82652519, -6.07628767311e+21
-152.919669836, 4046.42547859, 214.432354865, -3.97184963739e+24
-712.451004109, -744.545841066, 1732.82624265, -4.49654914842e+21
-233.939020571, -1745.38692803, -3116.57190751, -4.61724985342e+23
-1892.16975235, 3804.9094328, 1203.14306718, -2.15885167214e+24
1954.49054027, 69.8478171364, -1542.39775173, -6.78503765326e+22
-1957.39589636, 2617.49717247, 1993.5687793, -9.40230985738e+23
2101.35286127, -525.349584734, -1624.96669081, -1.60963671964e+23
361.795317381, -3278.77061938, 3648.93805528, -6.40495117585e+24
430.266033501, -1461.43034529, 162.161020772, -1.8052287579e+21
-1597.80278991, -4464.07774439, -600.891618391, -7.55381329122e+24
-1100.94540484, 872.742847702, -133.497347445, -1.33210538581e+20
250.291698139, -241.395940196, 1767.88775362, -1.43968527784e+21
-3528.8154013, 2219.03270024, -2102.98857713, -3.78625437143e+24
232.494571241, 2421.16905652, 4055.35471487, -4.29272404885e+24
1443.69364211, -740.489992537, -1626.08671444, -5.28316763359e+22
-1589.9019101, 4691.33808569, 2843.37653891, -1.11176348229e+25
2235.52966543, 1662.59472603, -4398.17762611, -1.2141889241e+25
-67.8133659274, -4021.76688922, 2172.14593344, -1.1300484489e+25
1384.46310088, -1401.30121338, 3973.03443628, -1.4534219354e+24
0.0328541985564, -100.132095147, 3069.31664795, -1.78027295971e+23
3265.94931597, -1144.32328274, -499.761218564, -2.15281909362e+23
-1836.40513958, 1109.32600538, 229.344559343, -3.00467235721e+21
3365.22846853, 4146.22578543, -784.937129765, -1.2065904223e+25
2119.3389981, 817.575644889, 1351.88680622, -1.53891480983e+23
-1051.86142152, -102.287589651, 1435.6903988, -5.89553467028e+21
38.3583156829, 1585.2209735, -2132.04942674, -2.77187972957e+22
3338.82709859, 4717.91979283, 3672.13729753, -6.9100047693e+25
1944.07444636, -1249.21792556, 784.674392458, -1.53318055432e+22
-2070.79756212, 2405.72486725, 1261.37331975, -2.45939311993e+23
2486.92625756, -1239.37071762, 1360.10771982, -1.68801804686e+23
-1666.68481252, -607.418772951, -356.891954683, -5.57001840531e+21
2323.53838938, -800.429948478, 63.4787628805, -1.15997200847e+22
3866.90802773, -276.282090958, 1956.04690737, -6.69486724727e+24
2170.96769427, 208.988931918, 4284.30254758, -8.58467381209e+24
1246.69354468, 150.799545909, 869.974909203, -2.02121452376e+21
-1214.62302601, 1689.37744642, -1456.42449989, -3.99898425453e+22
-4250.13669412, 2851.61930687, -4466.48922327, -9.10738139737e+25
-4282.10767373, 1710.06867074, -625.778025606, -2.17942247002e+24
968.030290295, 488.941623645, 457.698020242, -2.01347812365e+20
-775.91694446, -2244.77087738, 2934.06130382, -4.17735798225e+23
-268.044773256, 4024.67066196, 1638.43736446, -1.90976848868e+24
-537.13971923, 1691.48463982, -1648.90602231, -3.01789133839e+22
1346.73545988, 1308.5502085, -3423.03256556, -1.01040791734e+24
-737.386061947, -854.295486113, -888.093449087, -3.80416577765e+20
2515.97533938, 3432.13421381, 956.450545498, -2.1491332051e+24
974.794150357, 2024.91902695, -3877.64839727, -1.47144894623e+24
-2515.85561842, -3131.29668107, -3505.87927125, -1.20632816378e+25
-1684.61810653, -3710.84883274, 2891.03642537, -8.21923574277e+24
885.874403087, 2028.55628884, 3728.2006907, -1.75353945892e+24
-3227.10005361, 1053.82206527, -3919.06952125, -1.81436645695e+25
-425.833623711, 1956.49794627, -1534.67916398, -6.34918907541e+22
1968.64183567, 153.190734489, -339.262147213, -4.72983333717e+21
3126.95681316, -1038.14606022, 1622.11256892, -9.89976495635e+23
3535.72904066, 2183.34256709, 1768.20028593, -8.24386725838e+24
3144.51415886, -2011.63931316, -1722.72033414, -2.13325335571e+24
-2710.86583418, 3799.13259054, 305.074725661, -4.13116519137e+24
1567.04189623, -1711.87976708, -2359.63400369, -6.90451944559e+23
4558.01537125, -2952.46364347, -18.713431392, -4.23382334123e+24
-2447.51636668, 967.546212305, 2273.96553423, -1.3543498834e+24
3922.30014636, 1452.63855724, -3220.30687247, -1.38509077202e+25
-4537.93163467, 889.557206602, 3598.73196176, -7.79635060352e+25
1961.56112476, -91.8807523509, 4117.46996605, -4.93772613094e+24
-490.708723525, 1974.01745201, -2831.82874753, -2.26205870765e+23
1354.72685359, 1136.84253391, 3233.26589332, -7.79395943344e+23
-3081.02634139, -143.074771856, -1201.18975252, -8.02041226107e+23
-3347.98353123, -2440.13369277, -1219.68405134, -4.45916600665e+24
3856.11022453, 1909.5468057, 3042.51360046, -3.42560217031e+25
-1634.89875274, 1510.91091764, 3209.74655192, -3.45249653305e+24
-343.49816388, -1571.27259368, 62.2373649221, -2.3411064619e+21
-615.90700246, -1485.89555935, -1259.36764848, -1.81166108474e+21
-2122.79634296, 2565.76267452, 3710.15444187, -1.82898404254e+25
2654.21215509, 3362.94945568, -4802.28322022, -2.69694823192e+25
-3587.42242097, -892.682554301, 71.2991919716, -1.03219035572e+24
4477.53385579, 439.0198613, -94.378104907, -4.26347657301e+24
-1419.54301633, -1640.64029836, 786.581137102, -1.00826570801e+22
-2489.06407545, 1080.07431857, 571.427197984, -3.89064236541e+22
-1665.52043416, 1861.97914312, 594.995473405, -1.91851842818e+22
178.189265497, 4315.85913255, -2517.88914947, -2.1373273451e+25
4059.47747496, -1239.73669661, -2050.12579969, -8.06577406294e+24
191.454712907, -31.2509669005, 108.144124785, -2.75480694776e+14
969.647110834, -1457.30935848, 2822.77910327, -1.21005221464e+23
-207.437826776, -412.698779644, 1056.08317791, -3.91085945666e+19
151.197684469, 583.881345007, -3107.99238444, -1.65203750795e+23
2621.10993466, 1268.47287006, -3597.17999489, -6.1196063586e+24
-798.680447672, -3749.61539108, 114.482656594, -2.42711209263e+24
1862.2625628, -174.746085585, 577.841539467, -8.3777215852e+21
3048.70461573, -3524.5745027, 421.076405161, -4.0354422312e+24
-1424.14034279, -531.446976586, -934.229283548, -6.71741675636e+21
2117.08141077, 761.033179614, 417.888289528, -3.53762860007e+22
-330.152464158, 37.0474845193, -1557.2359767, -6.31294113226e+20
-3809.63249876, -2170.03218277, -3351.07187901, -4.46113960765e+25
-1562.98425907, 1801.73266719, 4423.26540467, -2.36326055349e+25
-4316.22616203, 775.092425346, -1596.64644383, -7.97800403928e+24
530.544884368, 1248.93057798, -1267.7788308, -2.08246602875e+21
1603.57324921, -3434.85153134, 975.870607214, -2.769614213e+24
21.091665363, -285.786298889, -909.380448171, -1.98166875655e+19
-3153.24394129, 1419.41284749, 242.166861169, -1.38277365336e+23
-1030.49913973, -766.688603315, 1670.5915203, -7.42406336802e+21
4281.80370967, -1565.35423258, -2820.99346995, -3.09560056367e+25
-2613.30375243, 3453.49710014, 1363.25619079, -2.00619701222e+24
3780.39105842, -4593.44454154, 1230.92584837, -4.22537467976e+25
3847.15743775, 1617.78230479, -2284.43367972, -3.72786421151e+24
118.485659642, 2728.98027712, 4169.84722922, -6.31316816726e+24
3646.21500674, 2015.68977833, -167.004588413, -2.32484217885e+24
11.3763107807, 879.414034539, 1818.00954528, -6.66277983564e+21
-2008.81332558, 1012.87281775, 2807.14520795, -2.08660908825e+24
1153.0833909, -989.916421226, 274.365229034, -3.58500255316e+20
-3762.88580061, 1231.07310834, -2398.68009294, -7.26125173755e+24
4584.35262899, 2849.69369468, -3605.51128747, -3.3504299635e+25
1505.05892895, 925.80458574, -697.216346637, -1.64870133012e+21
-1057.84027175, 242.819413581, 3316.83587372, -1.23829628767e+24
-358.019555941, 247.08153549, 501.600707143, -2.55633008565e+18
405.64886041, -744.134421393, -713.358314322, -5.30465915233e+19
-55.8491842769, 3378.87647009, 1118.56727439, -5.33374351105e+23
-518.293870134, 564.280739075, 1152.54499597, -8.01274755829e+20
-2541.36431924, 1451.83442813, 3409.96605688, -1.18733036121e+25
2865.50169865, 1467.03398484, -3119.73599691, -3.52559805165e+24
-3555.23171331, -746.780654655, 210.812752824, -8.0037821471e+23
-1780.97834373, 1659.79718929, -4371.48674291, -4.30863163709e+24
1837.87686627, 2610.19267687, -610.073900275, -2.46617522386e+23
1956.51198061, 11.7356383967, 593.668228976, -1.41643887491e+22
-174.762256693, -1545.65956552, -1276.24065819, -1.26017270169e+21
1869.19590669, 1173.03400837, -3516.68367267, -2.37854163791e+24
2539.2499183, -1776.72049241, 202.718489475, -5.59711308984e+22
1194.6080925, -255.690368306, 799.211793041, -9.31133864297e+20
1639.8595206, 353.22803931, 2870.99064259, -5.33497274298e+23
2658.4540365, 38.1647460242, -2726.15749007, -2.54482503027e+24
467.309049192, 2645.45836258, -1752.3901249, -4.67293230959e+23
448.226872926, -3235.43638621, -661.704042395, -5.02527665603e+23
826.492188797, 3062.21048067, -1153.35627146, -9.00075793722e+23
-1611.27705567, -1763.73796983, -138.508333335, -1.98748395437e+22
269.763794764, 1416.80881216, 80.6828287219, -8.6174395267e+20
-2682.75507148, -314.142589152, 1242.88075633, -1.36590301141e+23
-1039.01151056, -663.879650608, -1268.82106569, -4.02035002273e+21
-35.3047773675, -1220.90243644, 1731.01832679, -3.96431425064e+21
-1071.55924569, 2043.85296666, 1618.53984025, -6.8001045446e+22
-734.947791582, -2790.34365527, -1717.81359709, -9.09652848716e+22
623.985684503, 805.513605285, 2008.86506645, -1.19434525098e+22
-110.812212782, -4828.85531492, -2268.423508, -7.18342015252e+24
3831.91400627, -2448.39545626, 1758.88463844, -4.32424226059e+24
-345.742636407, -3702.84860784, 62.5889833519, -2.15856094153e+24
-105.695315185, -2973.67722252, 1272.46651978, -8.17881861086e+23
3240.22261354, 4057.17773329, -4461.21439083, -4.24313389284e+25
-1762.32402505, 585.869737773, -1377.51979462, -3.00489318694e+22
2344.31687511, -3444.84913749, 1596.46211748, -5.10281291382e+24
2571.86954739, 3295.50789068, 1863.57080065, -3.26647061068e+24
381.693646569, -740.171956464, -757.498452313, -6.37847636756e+19
-1638.45367628, -3410.48435963, -383.768277383, -1.014008333e+24
99.2716959899, 3223.15119033, -408.556718126, -8.96591215955e+23
-99.1462087166, 2357.49589052, -4080.79763355, -1.66679850713e+24
-1341.06044036, 318.799152323, -124.576417242, -1.97177906731e+20
-788.909542433, 1675.37470308, -4722.75454628, -2.91451109002e+24
2237.91993352, 1332.32778599, -2117.80928261, -2.30937233338e+23
628.850261464, -2526.70984748, 1496.92967697, -3.51292515867e+23
437.760326734, 2986.48567774, 2992.52769651, -6.62537175184e+23
4251.52824, 848.430771323, -2637.29141624, -1.13823462797e+25
-308.478019699, -608.716586695, -465.461951639, -1.70353369721e+18
3785.80462777, 1381.22973913, -1484.34898097, -1.64425100175e+24
-11.7944180549, 3149.05614832, 54.0821023409, -5.68342281687e+23
2606.52490886, 970.843483294, 1322.92203173, -5.12923007029e+23
-7.05258270377, 270.870455013, 1415.8266898, -5.66580967906e+20
-1687.49235895, -160.819664222, 689.890652146, -2.60298208688e+21
622.484814997, 4444.32949873, -1277.98183041, -1.53861334497e+25
-1855.94872882, 4983.76167731, 1096.39393482, -1.8281131139e+25
2724.22743847, -1815.39828268, -1856.54754002, -1.38455369014e+24
399.136381434, 2332.93307116, -889.491456358, -1.0460790228e+23
-1414.2496193, 71.4779186963, -2616.52702223, -1.86557675086e+23
706.666474162, 194.329033825, -1541.73338487, -3.31399941433e+21
-764.042525397, -1204.68263105, -3891.68560627, -1.62482582802e+24
2510.98754522, 654.288336549, -3398.70875787, -5.03247793446e+24
2731.28291053, 2597.27274369, 2668.12837722, -6.05952048243e+24
-555.13837638, 3321.0981178, 355.159962714, -7.74084262511e+23
-2663.9659628, 2689.84232524, 831.537207742, -4.83977397665e+23
1030.68049176, 3588.90154611, 185.023383614, -1.48658509765e+24
-1476.66683293, 2390.88291225, -1697.92393009, -4.12552014419e+23
2383.99468275, -1850.53566933, 1222.92661545, -1.77110780208e+23
-797.782757406, -2668.55959235, -1879.16991471, -7.82944835517e+22
1746.54544917, 386.617368936, -1237.38323264, -1.43630066324e+22
-335.96216653, -1394.22473542, -3271.46758831, -5.17010822492e+23
1202.53964418, -3048.95689747, 2360.21648769, -2.48798157809e+24
1489.70698774, 2682.77278559, -2989.52943037, -1.23021754697e+24
-1400.62009944, -602.423129777, 66.1360316694, -8.12626254282e+20
2082.6307006, -248.036300546, 1290.02911068, -7.11398258354e+22
-3437.28923419, 154.217102704, -1968.81116139, -3.52205383745e+24
2740.99312715, -4711.72397124, 2105.46495225, -5.37946133963e+25
-2420.4854651, 3982.1977629, 4802.62905963, -1.378797462e+26
1811.57989416, 440.256898823, -772.168071183, -4.78063733564e+21
-2872.14398353, -3096.04011551, 823.149440822, -1.67208774925e+24
3355.56161467, 4327.6952478, -2280.32189654, -2.18574144443e+25
-1612.36341339, 1099.73315173, -1246.63575357, -1.51110984441e+22
755.774179807, 1557.41518979, 2273.29261215, -5.02721239602e+22
2000.75640715, -2703.47664725, 1865.24125294, -1.23776609167e+24
748.012811114, -2531.52348306, 2208.01466027, -6.10836309123e+23
3436.17044651, -445.602466046, 143.32502513, -3.7549370149e+23
-177.413215244, -3142.72763178, 4564.78754002, -8.23912995768e+24
9.41258474193, 528.775672422, -357.108811554, -1.31687041633e+18
371.77387852, -507.120029832, -85.7940587256, -3.62399534199e+17
1346.49640225, 4152.76744112, 1267.77923621, -3.14001403712e+24
-4081.95616301, 2040.09345894, -845.243850184, -1.96955068232e+24
-2307.21695262, -838.174082709, 264.198897501, -3.26239841174e+22
-2592.0270891, -1443.70244573, 3605.89845311, -5.64302884578e+24
3116.02559715, 1600.65588729, -4125.66507463, -1.94068676559e+25
-3872.72331367, 3674.00132162, -1171.45296303, -1.15899985893e+25
-1818.13763887, 533.826096029, 1798.86442492, -1.46628606658e+23
-355.165790886, -2691.88734183, 2477.70018025, -8.40565148055e+23
1615.83531094, 332.925770576, 2250.02125595, -1.70488081974e+23
1936.79016138, -98.4287654802, -1673.57069755, -1.02202690065e+23
-3493.43164504, -600.973837802, 2549.07108843, -4.33043732692e+24
95.8943649358, 4699.22610501, -1428.31037146, -2.56342046772e+25
631.746925979, 2021.97170237, 3736.67229226, -1.73644633718e+24
-1453.73711761, 800.049763325, 1880.53531717, -1.11491991572e+23
-1162.31329385, 486.13807802, -1396.6909731, -4.73111080645e+21
-2013.56036249, -302.910429423, -166.186394456, -1.07535961653e+22
154.362758316, -1953.61993902, -782.280820225, -5.92739501683e+21
-2161.10971001, -348.741894955, 3049.34024625, -2.1035100255e+24
-1166.10464328, -2143.99482014, 1383.05597997, -8.2370620647e+22
3566.62390725, -1818.72617699, 2160.58680427, -3.8908026846e+24
1791.40234725, 3264.75167374, 3168.19307075, -3.06151240102e+24
156.290549317, 661.796847968, -464.722973526, -7.63845421905e+18
-2563.7418222, -317.822282015, 137.986424587, -4.85314364813e+22
-379.343194987, -37.3914859811, -4060.12571909, -1.42351948879e+24
-932.428009998, 1340.66735583, 1774.20848173, -4.6705745003e+22
-2686.00701807, 4279.82940322, -1786.0706655, -2.51011660897e+25
-1714.73837742, -411.600334633, 503.618834816, -2.14072494178e+21
-2931.60290024, -2806.72863931, 1362.64229065, -1.16587141763e+24
3283.22459491, 766.274711981, -872.649010149, -3.74869772826e+23
-3649.47698244, -4484.75559654, 1228.61906375, -2.38701692334e+25
3787.33686795, -3651.03963639, -1938.24474701, -1.37120961136e+25
-1837.9435005, -1281.12092742, -1244.2200109, -8.24251370466e+22
199.934129757, -8.96952801349, 547.644480839, -2.77797555794e+17
2801.65149832, 1231.55071226, -241.744241637, -1.96081905655e+23
-684.729295341, -1606.2976723, -3002.8477162, -2.96473464587e+23
-2022.31502376, -526.443050124, 2027.10358108, -1.91680322742e+23
-1269.71945258, -2159.65543771, 3147.73712054, -6.0674793655e+23
-1197.4119226, -613.270574589, -848.06985083, -2.34396498516e+21
-2124.80331757, 1140.79893208, 748.820509228, -2.63873945914e+22
2330.91047312, 726.388100792, 386.762137525, -6.30503148815e+22
-2266.80344071, -1837.474943, -996.396713029, -2.75625056364e+23
-520.275365773, 184.354303049, -680.711965729, -1.10921182403e+19
1751.82265908, -2486.02937929, -140.100582442, -1.40684266233e+23
-750.194003866, -292.205213984, -821.89933113, -1.68624706442e+20
2525.81050172, 1384.15772603, -18.6516118622, -1.3176762019e+23
1082.8037523, -2364.34799824, -2762.35515135, -1.1799678234e+24
-3272.01729082, 4137.95666675, 1387.04462785, -8.51249273321e+24
-1269.22685237, 1295.1199699, -819.579070097, -4.72918025132e+21
585.453997591, -2241.11717621, 2554.92567885, -3.58741287854e+23
-1044.34711756, 2152.74399422, 1049.23105092, -2.42163356306e+22
1872.41805024, 635.70906306, -4496.72205878, -1.44219767426e+25
-431.597788916, 2729.32846721, 1245.48530428, -8.52573503916e+22
493.248452602, 162.406921874, 1504.20224229, -8.623246743e+20
-3258.50659944, 1865.23499566, -1453.86473877, -1.00594337604e+24
-1615.41983982, 429.523850882, 260.63565491, -7.4622989005e+20
3251.25897757, 3298.15604833, 841.260974819, -5.24899010333e+24
3964.2519572, 2145.61877348, -58.1905702242, -4.70135381016e+24
4342.99957057, -1026.25499605, -2278.06657887, -1.40176717274e+25
1412.52784414, -2248.57887308, -381.77940989, -4.66033154225e+22
-3053.74924419, 4090.7241483, -3240.41072283, -4.26397258272e+25
951.746647734, -1060.29103047, 821.470434212, -1.0694908594e+21
-2597.07335376, -337.268061849, -609.951417864, -1.3148748518e+23
-1406.82017296, -1500.49454046, -1511.16906475, -4.37841464204e+22
-1526.93668462, 1144.25430607, 2651.89366916, -8.95776281969e+23
882.742324266, -1061.73174101, 466.921970456, -4.82479127743e+20
254.067521608, 2676.9579629, 204.731360867, -1.35177818393e+23
1495.40743888, -146.904098055, -3986.72038859, -6.2311703815e+24
-2873.33870254, 2888.02402201, 1370.88641068, -1.43335598756e+24
388.418480047, -796.294407128, 37.2414214824, -1.43900466317e+19
-780.940548863, -961.693755443, 829.997513704, -2.37447046649e+20
-3240.22074296, -2798.68175885, -2114.56437137, -9.00653445524e+24
-101.388001685, 3732.62745318, 1449.13605857, -1.06480319499e+24
-857.244156818, -2927.13749154, -2279.59377172, -2.00116137059e+23
37.0128146999, 2869.32892566, 750.665306298, -1.64753144307e+23
-2486.04061116, 184.710565316, 1878.1990328, -4.46902548805e+23
-4348.76869454, -3043.82085264, 663.778000482, -1.18269017303e+25
1240.21598422, -5.01245796029, -484.887984369, -2.24058121677e+20
-4160.54323628, -2336.62724945, 3369.64231745, -1.74963441603e+25
-841.35016001, 2125.58052227, -1630.3425623, -1.39286137167e+23
-2572.69983635, -265.45994011, 2508.98739711, -1.39362839119e+24
1832.19164832, -1694.70036998, -3422.7628764, -6.50004899575e+24
2321.10548171, 4370.53177711, 953.384287803, -7.22501967806e+24
-1602.36281002, -301.118703421, 3396.67443344, -2.08578355551e+24
2707.37725374, -4590.23059842, -1163.13755153, -1.19326858554e+25
2106.98478575, 1221.95350809, 1628.54743333, -2.83719518619e+23
-907.535547963, 542.186515231, -1528.51274192, -2.74990844054e+21
-2071.16674924, 591.934686463, 2656.0839786, -1.40415679499e+24
1441.99133936, 2960.89613227, 2.13023874177, -3.85500004081e+23
962.194617608, 4256.21009233, -4793.52784224, -4.6562943207e+25
-1844.11555198, 378.837119277, -2294.48594824, -2.42551535459e+23
1051.2595205, 2308.7574235, -1471.76492383, -1.45910734752e+23
-3305.865383, 1077.33487697, 2010.60237206, -2.81393849495e+24
-1801.27093614, -16.0808726301, 1520.29712984, -4.77350564186e+22
137.708385349, 199.250323854, -20.6902106464, -2.46095058669e+14
1150.42192188, 492.161746533, -270.174817502, -1.23663977933e+20
-287.63220099, -2823.09625349, -1120.22726742, -1.09920618927e+23
2040.2617258, 1669.71253127, 1323.4265005, -2.05818516876e+23
979.683488528, 3081.9961783, 1181.20948442, -2.56580807844e+23
-2086.22360403, -1927.15476369, 586.642551254, -6.5272317623e+22
3554.17118394, -2485.29180318, -2023.88670377, -6.92274088985e+24
2837.72389259, -3051.91930189, 2143.05600912, -4.63785550958e+24
-2481.66980986, -1650.39314805, 2157.41739896, -3.55148569796e+23
-2999.80341047, -2023.80350131, -3304.79615815, -1.41108946548e+25
165.259561771, 1423.52975356, 4385.97035752, -5.30045075435e+24
1384.64048112, -4327.75119875, -796.623840948, -6.00580082081e+24
2230.41487828, -1653.01870669, -632.497464686, -4.21931944057e+22
-2415.50148181, 765.691538413, 18.3871513767, -1.52197534624e+22
-3288.96010669, 2375.07080067, 2587.30717589, -1.09980419923e+25
-669.956393954, 3446.7597922, -307.334586094, -1.57391359433e+24
-2337.41266155, -1594.26417455, 4700.58026587, -2.10445297743e+25
1494.16363448, 2147.18020825, -1970.49578174, -1.47251028455e+23
2606.19739632, 1050.39308746, 905.746416436, -3.20343039894e+23
-1122.39114125, 82.2383598872, -1968.80398888, -2.23470255501e+22
-1023.02796853, 1063.55579474, -437.165530382, -5.9465604998e+20
-1388.19333517, -73.7076674394, 787.346354463, -1.29827336626e+21
860.214543945, -2131.97477001, 1707.19812322, -1.50166292323e+23
2390.20667604, 3074.43493969, 2343.53839327, -3.10730806576e+24
2400.86919202, -3333.95340752, -1158.64628719, -1.24567688937e+24
-149.792298842, -1569.18065282, 68.9958316792, -2.35600585325e+21
3280.38503911, 2779.98182416, 1578.7391177, -6.24146199753e+24
-818.460240856, -836.219557738, -3102.79928209, -2.76007699439e+23
-1000.52254743, 3634.54830038, -3186.52059548, -1.10503388595e+25
-107.315829346, -3372.27948287, 1471.58457967, -2.27617808799e+24
-1259.83291335, -2464.11889461, -203.249201186, -8.151296536e+22
1432.45389772, -1763.59613492, 1303.05519753, -5.00921406499e+22
-1923.69387522, -2897.67597424, 2860.2816453, -1.83559306914e+24
402.1492664, -4948.08986854, 151.920226782, -2.37014560843e+25
-1505.05774783, 55.9979086155, -3137.94959547, -5.71617386035e+23
-2455.36652237, -603.309644631, 2388.19672544, -7.9947629244e+23
-2914.19764437, -2681.44497261, -1993.47082184, -4.53499282153e+24
4692.2551436, -3623.64698444, -2062.20721808, -3.6992553851e+25
2379.78127855, 3876.69071421, -2374.04705404, -9.14492766476e+24
-1888.44929596, -1065.37395945, 2272.42620164, -1.99900566181e+23
223.490395161, 1241.84588487, -2495.08217028, -2.64593985656e+22
2388.80067252, 1765.46061942, 1619.98542164, -7.08690884613e+23
3890.15807085, -2139.74528557, -1422.27630255, -3.72784745781e+24
-463.227712005, 2489.30267918, 898.890685312, -4.731859212e+22
-1465.06372518, -3151.26784435, 1100.62414623, -1.0892226648e+24
3650.42848309, 240.756554711, 1228.34538048, -2.60671536159e+24
-3526.34958175, 1657.82827851, -2753.92122381, -7.26680451472e+24
3733.75599737, 3402.02602798, 1005.29845747, -1.25428428072e+25
1824.74773774, -508.775296531, 710.814026239, -7.86790501712e+21
-300.428132543, 2110.69974428, -1389.66496075, -8.83396419854e+22
-1315.65570241, 1546.12611873, -304.376666722, -6.43531459404e+21
-1463.6500887, -3407.15174595, -629.596326551, -8.57670197393e+23
161.016205092, -477.070169148, -1813.79424062, -5.7352605608e+21
2041.34445665, 1744.5293472, 1945.14759643, -4.99944906838e+23
-2203.35324468, 1385.12208815, -1480.22323558, -1.174429765e+23
-4312.66377967, -912.122309741, -2255.12901191, -2.44379787012e+25
-4286.13463927, -1457.45277073, 465.177386389, -4.42021692446e+24
-2409.98330708, 4043.87178763, 1302.43770659, -4.24312174615e+24
-1695.16667601, -1776.44842767, -3476.92123458, -2.3116139744e+24
1596.0318529, -374.529365703, 713.092497854, -3.64106691492e+21
-196.098561904, -1107.10542502, 2710.69766847, -4.65705467369e+22
2152.64260005, 2280.95281495, 1978.31447376, -8.74703594086e+23
2230.06538842, 3580.00198224, -2687.78856372, -6.11635884913e+24
1147.14932959, -2260.19809411, 3664.65026381, -1.38646780316e+24
-2814.81251106, 1534.64086925, 4216.24708656, -4.59698354314e+25
1022.34204731, 3676.42003694, 774.44988749, -1.34868307272e+24
678.732666694, -7.71207862618, -1258.66340369, -1.09771651421e+21
-1252.48522356, 3162.30065944, 614.293370337, -5.17389953942e+23
-2199.37229279, 1480.07519462, 2979.48267492, -4.30097176576e+24
328.499530326, 1048.05808397, -1195.94629532, -6.4922152853e+20
2447.30393874, 1464.76671277, -257.955892142, -9.63532003598e+22
113.96444197, -1457.73121365, -4415.58323764, -6.58368659265e+24
2397.05760533, 1910.08337621, -1583.67980844, -1.52153566557e+23
-811.894941546, 1569.92171827, 674.681700953, -1.92604619727e+21
2643.66517601, -4088.88013106, 741.442600321, -1.11150440404e+25
-3030.45392731, 1337.01883136, 591.791776853, -1.58367275732e+23
-2702.26570388, -1327.52355023, 3339.47731719, -4.35997749311e+24
2529.36159538, -450.322944629, 1209.26423684, -1.76609287687e+23
2221.19115447, 4333.72091649, 969.005725635, -6.45295281071e+24
91.1258127865, -2049.49931221, -767.632650391, -8.98511257831e+21
453.404762419, 246.104865061, 724.786326533, -1.44165440532e+19
3503.29912862, 201.092791205, 2978.63932278, -1.28527513589e+25
-3372.46084171, 218.607057782, 3850.85926725, -3.1099177439e+25
78.8452241139, 2026.25005862, -2942.42189964, -2.4695926897e+23
1287.19620887, -1028.49111657, -2462.12887983, -4.00696198436e+23
4118.39764155, 1335.30825281, 1258.26521933, -9.49948036638e+24
-3029.82358311, 1363.37185889, 1811.09851849, -1.56900936324e+24
1016.04491504, -3430.798252, -2897.0799125, -2.5387219218e+24
-2450.76794183, -797.382965953, 2092.38709757, -3.98232773762e+23
-661.903459676, 852.084821646, -1954.59911484, -5.0940401733e+21
-282.470038018, 1804.18868153, -3521.22251615, -3.69326381105e+23
210.639646846, 4065.28085273, 3444.70071127, -3.64156640192e+24
-3764.90089198, 3027.39479224, 2060.6363612, -1.142863418e+25
2803.23407594, 948.834414172, 981.867168975, -5.18461292554e+23
3001.77603826, 870.441613497, 367.549581531, -4.00531031256e+23
-3361.76312973, 278.405455451, 2327.2127914, -3.6361246503e+24
-3499.15420554, 342.910794083, -591.550411282, -7.27726570945e+23
77.2538302182, 1404.78694681, 244.501433857, -6.4665854282e+20
-3278.87886911, 2551.13618082, 3325.38579561, -3.10124842195e+25
3679.87315286, 435.743705326, 2022.2450266, -6.7169612291e+24
-119.483470181, -1909.62195434, 1975.18353641, -6.72941352024e+22
399.3441355, 830.593790947, 860.015480789, -5.20862653545e+19
-1568.44384546, 247.120717309, -3784.55448549, -1.7018631572e+24
-1376.05160494, 155.279159287, -2035.45756792, -5.08822864228e+22
-2235.50350429, 1861.55842325, 2593.63026161, -2.74662722168e+24
-429.325216321, 2932.46051437, 2076.62913994, -2.20222933368e+23
-154.271919653, 1083.66248208, -2471.03052424, -1.70625473692e+22
-292.598977567, -1491.63564911, -3904.39921032, -2.07827926771e+24
957.052479079, -3745.98631955, -1351.18148922, -1.30393168316e+24
1124.89443704, 829.886862981, -684.96270991, -2.72848345891e+20
2682.8692725, -3186.90913052, -583.574656337, -1.12351864439e+24
499.971362858, -1458.19813827, 1108.85347497, -6.29185478834e+21
217.51731993, 1147.94261125, -149.383529612, -2.27696778305e+20
4294.97258864, 647.748532811, -3264.78386998, -2.73671644071e+25
-234.121263538, -1917.37697378, -874.426560979, -4.50274473918e+21
-1328.52077781, -674.348996323, 830.279517201, -8.31647417005e+20
1677.82861451, 589.686262279, -285.811791802, -2.27210051403e+21
-2062.73711056, 1998.24546896, 2858.74368897, -3.74495971779e+24
-425.633677869, 449.10462113, -1831.59148178, -1.80901805614e+21
-141.11408821, -19.7230056561, 284.286505924, -6.00440805589e+15
3498.76826587, -1199.16437438, 228.434917921, -3.36986839925e+23
-236.797425215, 2648.73308412, -653.254273874, -2.46183510986e+23
153.055516701, -1513.23479961, -239.816684485, -1.23973864986e+21
-534.316405167, 3563.09969866, -1926.61152502, -4.72147628491e+24
1793.71961638, 3690.75282117, 176.183438469, -2.09822949532e+24
3438.85703347, 981.408400845, -1211.13128126, -6.54715112368e+23
1563.49224907, 4012.37499835, 2960.67866966, -3.12746380167e+24
2580.97680731, 1323.57652552, -598.941966878, -9.75227695465e+22
-297.307688595, -735.685093087, 273.027512217, -9.808487851e+18
2431.79105402, 2268.29325055, 1007.91957719, -5.71037934011e+23
-2091.99246463, -3552.4655431, 2176.41559403, -4.49786213397e+24
-1510.4514192, 3960.87276035, -1799.75622935, -1.11940920868e+25
663.945285556, -1249.54819444, -339.518294517, -3.16411092359e+20
-555.574984764, -1784.50051395, -1949.491711, -1.83745870481e+22
-2084.87713443, -151.370797054, -347.925995521, -1.59509602091e+22
-1459.86155307, 294.727583369, -371.856747458, -8.02421293303e+20
4256.87410948, -1248.96056819, -4137.66736236, -1.22868517929e+26
-3326.84668079, 467.274374346, 965.16528034, -3.95915089012e+23
3836.27929172, -2312.8270557, 1322.14604471, -2.53780760399e+24
2104.54113522, 3372.11920321, 640.391026384, -1.18096897112e+24
-418.322293411, -170.596740361, -96.8258180149, -1.01465890349e+17
-2404.1856419, -387.360229283, 946.200945945, -4.04022779226e+22
2838.1409881, -694.774826545, 2818.37716286, -3.17170145851e+24
-217.468540882, 1772.96016182, 1936.76652586, -3.14826631575e+22
-537.058177355, -428.598292077, -2128.45545436, -1.1866020875e+22
-2381.95932834, -3256.19737979, 1088.07466172, -1.67839006495e+24
685.874714083, 198.602284973, -1354.44193435, -1.37783071022e+21
1925.44261384, -2394.13792378, 2227.03484442, -8.52190853437e+23
-1809.88776768, -3038.75794044, -1154.8646784, -4.84503890216e+23
-1278.43155522, -1560.52694287, 805.456275118, -6.51622656479e+21
-238.317673345, -70.5809283142, -1544.32129148, -6.24854827081e+20
-126.758158021, -3898.38979237, -5.35314357478, -3.18265378957e+24
1698.81283159, 1098.97147684, 4467.69200377, -7.65247155532e+24
1353.40848151, -47.379019842, -1221.18015261, -6.86495618448e+21
-1714.60395266, 1709.09259978, -2008.87416291, -1.58096344374e+23
-1638.25368558, -2064.69014043, -678.980148817, -5.2692903124e+22
684.057023555, 80.7484933468, 1757.61405065, -3.67660736159e+21
2025.79532177, -627.982840732, 2836.54006178, -8.00145757198e+23
-1895.1125432, -44.9918919916, -2718.00326589, -6.20676113309e+23
-1420.28690281, 1315.32080352, -1991.79320666, -5.3889227071e+22
-156.495003708, 3662.14099682, -146.286955061, -2.1544003534e+24
2934.52676737, 1707.43950798, 3198.02838412, -1.05717591222e+25
-1882.03800842, 1613.44072813, 2256.64992136, -8.23736529123e+23
2619.35083641, 1321.75451536, -855.624665855, -1.0152885386e+23
-2488.2154862, -2282.7074729, 724.860287983, -2.59358862759e+23
2443.45162297, 1297.52748607, 947.794701997, -2.68865276707e+23
1339.1397022, -146.989599531, -858.009400674, -1.8387187968e+21
-3830.19711129, -4283.58057293, 851.58991755, -2.00017327845e+25
-3166.57527991, -1673.85630666, -3505.8067447, -1.96213029787e+25
-3892.95625759, -354.849805756, 624.533987341, -1.12345565262e+24
-2415.43994128, -4422.37179231, -861.300246665, -8.36216011319e+24
-3214.94951872, 930.473267447, 542.859027485, -1.91776773401e+23
-638.475855915, 3388.8730448, 2085.12854234, -5.64136265309e+23
2760.87380359, -1383.83710993, 149.857954796, -5.10099603564e+22
-4620.24918302, 2433.33760384, 2952.41132711, -6.32622264354e+25
-1288.45828037, 1379.2328618, -2478.46507284, -1.0545425368e+23
3457.0140868, -414.507599811, -159.499193865, -3.3020568067e+23
-262.420341825, 659.242010797, -4330.32771002, -1.87253349686e+24
-1995.08458474, -3412.32971871, 3304.99852577, -6.18703071516e+24
-2413.25985732, 2151.85616973, -200.673186892, -1.19232260672e+23
-2327.29051089, -2003.8953116, 1709.34485086, -1.7319693303e+23
114.8838288, -3910.97840379, -1670.93222149, -1.43968712663e+24
2684.31729283, -1171.27813966, -279.566398329, -4.08530843661e+22
670.919557796, -897.362213095, 1771.76295455, -3.28622051482e+21
-1406.32896245, 1930.35602584, 233.75017822, -1.77190354942e+22
1323.11532998, 594.011256576, 2532.24379388, -1.66474535317e+23
-1661.49395362, -583.506388255, 811.143422968, -2.94876774496e+21
-216.133458325, 974.290859828, -247.124762541, -9.13378231228e+19
2292.67424013, -2517.51046462, 2471.34646994, -1.77020805515e+24
-323.873912882, -347.793976939, -2153.8300788, -1.10089596356e+22
1025.38887116, -3504.50814931, -2984.24035446, -3.09501391195e+24
2597.53373059, 396.134587063, -4333.6141357, -2.37887091904e+25
-3076.85840783, 4002.56109118, -2689.2605503, -2.91661474805e+25
2674.41972822, 358.243367632, -3461.31813948, -7.45616523293e+24
-3032.72535309, -1147.04415957, 2034.25372091, -8.15628609727e+23
4293.58859346, 313.359442546, 1307.97628496, -8.55658979436e+24
75.5222054202, 369.460616357, 2274.28333797, -2.1278323548e+22
3193.13565906, 2069.7105174, -239.162701494, -9.75563176035e+23
1695.39081604, 3614.23977055, -4849.00552197, -2.24674722138e+25
-1672.66500714, -2664.75744745, -1273.55553193, -2.20819116014e+23
-2331.5324427, -1533.37767324, 3624.6443292, -4.22724793843e+24
-1285.68010075, 1750.97441073, -902.92398979, -2.75473110306e+22
-2730.48657488, -5001.64977179, 1054.28069513, -3.6564103785e+25
1922.29773272, -496.059300336, 585.450859481, -8.34062543008e+21
-775.686844529, 709.604125329, 3612.08114578, -2.0352287837e+24
-1751.00718591, -4039.49090115, -649.894612048, -3.47674660511e+24
186.619083461, 853.52298223, 4033.66240435, -2.18271947964e+24
-3130.0685804, -1419.42526005, 1239.02487468, -3.98477399446e+23
-2833.41565861, -3974.94558625, 431.339367444, -6.46921303789e+24
-548.954270423, 1542.03713149, 1762.40582983, -2.59444384857e+22
3154.58297652, 2842.81201127, 3103.37792299, -1.85775348987e+25
-780.853570095, 446.239107194, 1865.31670928, -2.33688007812e+22
2703.92724456, 950.416136529, 768.626857119, -3.2181960492e+23
1435.84537067, -1350.30852497, -4818.22212494, -3.1274368957e+25
2010.52397308, -3661.43052953, -2716.32946798, -6.06963678516e+24
224.066006804, 1069.20904742, -783.272819367, -3.73843358722e+20
1151.38329107, 856.158388833, 203.485859753, -5.77434424572e+20
2282.76406477, 583.698239359, -216.302463953, -2.39808494553e+22
-222.638731909, -603.554808245, -2330.20844063, -2.58303424312e+22
-699.461811841, 2341.91432842, 564.252641278, -3.92762017487e+22
-328.17437328, 1386.26529536, -1329.73082702, -5.57924503882e+21
-578.843070034, 745.987755956, 239.022679492, -9.03309681831e+18
-3859.27398485, 4798.2397896, -596.298658671, -4.44515051399e+25
22.6155938305, -62.7032829731, 4039.13381294, -1.62027381803e+24
-1483.07019876, 594.479703653, 22.1172515115, -2.98044168163e+20
-223.768242581, -2702.14382025, -2703.85927137, -3.15944803019e+23
-886.093182007, -615.819548763, 3152.16712317, -4.53201818962e+23
-2379.52017782, -1516.79883859, -1429.78375395, -4.80888069888e+23
-2660.03816522, 2645.09843162, 3543.8969938, -2.42714255631e+25
-717.637767943, -3690.36824633, 2028.55255938, -5.45629289405e+24
-383.302031693, 3527.36069278, -1344.86118289, -3.16785729648e+24
591.819422234, -2411.85675963, -323.685412239, -5.85117796034e+22
3531.34506429, -1857.56359299, -1228.46023609, -1.49147767604e+24
-4096.65953217, 1193.49011235, -1361.85318267, -3.87918826183e+24
236.142616112, -2123.80418667, -1939.0063481, -4.43617182495e+22
-1342.05063876, 3616.74875736, 3814.62125378, -1.57666855155e+25
2360.75662264, -168.5168761, 282.937620433, -2.72067403715e+22
888.521236468, 4910.61928577, 3088.39596529, -7.59565886558e+24
1000.08496491, 2453.95827885, 1693.41049429, -5.82673766484e+22
-1940.60151285, -3761.87322286, -2982.98061187, -4.17101938418e+24
-1479.9972299, -1001.32394333, -2143.81938076, -1.32850979403e+23
-657.651895403, 1501.51216957, 3162.77692145, -1.07789976382e+24
-1808.93339677, -88.7729736655, -1470.26531912, -5.64133638485e+22
604.424042638, 1046.18570592, 2223.87139486, -2.68097412733e+22
-1830.36639594, 2276.76243306, 1632.42914705, -3.04161469937e+23
-4399.12856068, 958.951184512, 1327.79570752, -4.2256829781e+24
266.13179656, 1666.67644278, -3508.41387557, -3.76873332001e+23
-355.777468215, -3081.55402177, 689.090285684, -7.30552530214e+23
2072.62310195, -1862.26502629, 4904.40546306, -1.17908426411e+25
-285.660934802, -4634.04094805, -1130.17550634, -7.80673774402e+24
3494.77754421, 214.360395809, -1704.07180285, -1.37020283112e+24
-1478.72503265, 659.910080705, 861.576700405, -4.61293930761e+21
1654.27507301, -315.064422671, 866.995510501, -7.08298022768e+21
2283.42726551, -2297.09230948, -341.140286513, -1.18086958278e+23
1632.01335071, -472.867286422, -103.7612884, -6.69382827486e+20
4009.29336161, 1836.10989428, -4579.43405086, -6.99999148582e+25
45.425818383, -1570.21864705, -1917.54852685, -1.85330250888e+22
-748.675716545, -3150.84349138, 1854.92136482, -1.63322703692e+24
-1356.37404844, 2059.2037212, 1832.29602515, -1.89597159135e+23
3263.42287212, 958.844356034, 926.658262559, -1.30299381669e+24
-633.416287303, 1152.21933486, -3314.08963491, -1.78730318704e+23
2853.36896907, 2438.08222146, -2490.1123086, -1.30471013096e+24
633.825413412, 3430.47759475, -473.259598098, -1.46277159799e+24
3037.46554699, 830.989491726, 535.11398548, -5.00274690814e+23
2273.28692419, -1897.17804092, -799.268689, -8.55577200495e+22
-1094.70699347, -180.899684191, 2285.34362044, -9.16330384442e+22
-1017.95592647, 3092.96234419, -1725.68517545, -1.79527238441e+24
-3121.98139527, -1067.0689991, 1789.18520357, -6.60543402778e+23
-4255.3350906, 76.6033651051, -3777.28693712, -6.54152579314e+25
2072.91359317, 3098.92253014, -4205.17181931, -8.85138952189e+24
-51.3456850455, 828.100683797, -3273.22618106, -1.84414444939e+23
1232.71244284, -533.068275404, -1618.09247124, -2.86165082121e+22
-34.7496678608, -2081.73979701, -691.60931997, -1.08875464555e+22
-1757.1426795, -4104.6860462, -3801.62948609, -9.08677154645e+24
