-0.499695043561, -4.01259708419, -4.88089687429, -1.68454163745e-13
-0.499695067138, -4.01259708742, -4.88089686823, 0.0
-0.499695060165, -4.01259709238, -4.88089688216, 0.0
-0.499695052492, -4.0125977456, -4.88089689621, -1.10507381428e-10
-0.499694421523, -4.01259706517, -4.8808968671, -1.04945584823e-10
-0.499695055739, -4.01259708231, -4.88089687408, 0.0
-0.499695070069, -4.01259716413, -4.88089693847, -2.52681934409e-12
-0.499695023629, -4.01259713696, -4.88089682423, -1.85299357914e-12
-0.499695044537, -4.01259701106, -4.88089687848, -1.51608116171e-12
-0.499696194843, -4.01259707659, -4.88089686274, -3.22760066828e-10
-0.499695229202, -4.01259709362, -4.88089687245, -6.73820030243e-12
-0.499695045756, -4.01259709504, -4.88089689204, -1.68454629836e-13
-0.499695067808, -4.0125970897, -4.88089713674, -1.70137795221e-11
-0.499695058971, -4.01259719869, -4.8808968827, -3.36909884806e-12
-0.499695091825, -4.01259706327, -4.88089686379, -3.36907813233e-13
-0.499694703407, -4.01259709392, -4.88089688736, -3.31850712414e-11
-0.499695053179, -4.01259709433, -4.88089688695, 0.0
-0.499695054277, -4.0125971396, -4.88089689555, -8.42273431581e-13
-0.499695056685, -4.01259711584, -4.88089682648, -1.01072433714e-12
-0.499695056372, -4.01259704102, -4.88089686893, -5.05360381949e-13
-0.499695059402, -4.01259709777, -4.88089681081, -1.17917426588e-12
-0.499695056048, -4.01259708773, -4.88089688624, 0.0
-0.499695056133, -4.01259708765, -4.8808968862, 0.0
-0.499682880625, -4.01259709242, -4.88089871702, -3.83983108337e-08
-0.499695011998, -4.01259704708, -4.88089628346, -9.04601464589e-11
0.129699786258, 3.14780309016, -4.90376167875, -621.175113846
-0.49969505112, -4.01259729533, -4.88089690346, -1.14549650624e-11
-0.494710766095, -4.01262320536, -4.88089551339, -0.00628483686412
-0.499695052795, -4.01259709, -4.8808968812, 0.0
-0.756521486335, 0.413992063135, -4.88258443554, -839.694238925
-0.499695061938, -4.01259706487, -4.88089673667, -5.22204195816e-12
-0.707893077751, 4.68840882113, -4.92681173047, -296.131262092
-1.58517974178, -4.99935797409, -4.89720286082, -149.393590226
-0.49970198351, -4.01259715557, -4.880896988, -1.21074587132e-08
-1.52567483524, -4.917197509, -4.93067763143, -139.488710599
-0.499695069452, -4.01259708936, -4.88089689603, -1.68455194425e-13
-0.49969506672, -4.01259709131, -4.88089687765, 0.0
-0.499695107342, -4.01259708613, -4.8808968796, -5.05364632177e-13
-0.499695023606, -4.01259711857, -4.88089685271, -8.42271293055e-13
-0.499695069294, -4.01259708848, -4.88089689489, 0.0
0.277951619272, -4.94937141485, -4.90173357617, -104.023502015
-0.49969506683, -4.01259709142, -4.88089687878, 0.0
-0.499694865699, -4.01259976294, -4.88089681695, -1.82498103647e-09
-0.499698511567, -4.01259708315, -4.88089686418, -3.00341317501e-09
-0.499695081073, -4.01259711518, -4.88089690245, -5.05364958013e-13
-0.499695061544, -4.0125971022, -4.88089690248, -1.68454921592e-13
-0.499695066938, -4.01259709172, -4.88089687876, 0.0
-0.499695046357, -4.01259709439, -4.88089687311, -1.68454422444e-13
-0.499695055696, -4.0125970151, -4.88089688078, -1.17917415288e-12
-0.49969507242, -4.0125970766, -4.88089673704, -5.05359642765e-12
-0.499695057817, -4.01259709611, -4.88089688351, 0.0
-0.499695066887, -4.01259709171, -4.88089687876, 0.0
-0.499695162417, -4.01259708837, -4.88089687429, -2.35837279815e-12
-0.499695049897, -4.01259689374, -4.8808968663, -9.26489486051e-12
-0.499695063739, -4.01259707823, -4.88089688434, 0.0
-0.499695003822, -4.01259704898, -4.88089689068, -1.34762537835e-12
-0.499695042998, -4.01259712482, -4.88089660162, -1.98774056608e-11
-0.499695077338, -4.01259708445, -4.88089687977, 0.0
-0.499695040722, -4.01259705, -4.88089671209, -7.4119168085e-12
-0.499695076753, -4.01259707778, -4.88089692159, -5.05365178624e-13
-0.499695071908, -4.0125970812, -4.88089688984, 0.0
-0.499695052507, -4.01259709526, -4.88089688129, 0.0
-0.499695212314, -4.01259710386, -4.88089687474, -5.55902091724e-12
-0.499695074015, -4.01259708331, -4.88089687546, 0.0
-0.499695040426, -4.01259704154, -4.88089690185, -8.42270092268e-13
-0.499695071908, -4.01259708118, -4.88089688983, 0.0
-0.499695079309, -4.01259701439, -4.8808968855, -1.34762917089e-12
-0.499695045147, -4.01259712296, -4.88089687599, -5.05363789082e-13
-0.499695045876, -4.01259710947, -4.88089687252, -3.36909048497e-13
-0.49969506018, -4.01259703525, -4.8808968875, -6.73815550694e-13
-0.499695245963, -4.01259708812, -4.88089744164, -8.86077048686e-11
-0.499695055754, -4.01259708279, -4.88089686988, 0.0
-0.499695069504, -4.01259707241, -4.88089687615, 0.0
-0.499695058595, -4.01259705464, -4.88089688023, -1.68453918711e-13
-0.722315185105, -1.67965173141, -4.99901106926, -570.190123612
-0.49969507635, -4.01259708692, -4.88089684634, -3.36907768986e-13
-0.499695093235, -4.01259706658, -4.88089688451, -3.36909334635e-13
-0.499695063415, -4.01259708809, -4.8808967803, -2.35834121203e-12
-0.499695069148, -4.01259708222, -4.88089688005, 0.0
-0.499695060742, -4.01259709941, -4.8808968779, 0.0
-0.49969507188, -4.01259709352, -4.88089694956, -1.3476380446e-12
-0.499695070887, -4.01259706372, -4.88089689483, -1.68454454976e-13
-0.499695068319, -4.01259707949, -4.88089688433, 0.0
-0.49969504856, -4.0125970887, -4.88089688147, 0.0
-0.49969507166, -4.01259709995, -4.88089687732, 0.0
-0.499695072628, -4.01259706907, -4.88089692901, -6.73819902703e-13
-0.499694778867, -4.012597115, -4.88089701171, -2.54364017829e-11
-0.49969498107, -4.01259707521, -4.8808968958, -1.85298507462e-12
-0.499695093853, -4.01259698337, -4.88089686302, -2.86370224892e-12
-0.499695069328, -4.0125971004, -4.8808968773, 0.0
-0.499695060615, -4.01259710794, -4.8808968943, -1.68454915081e-13
-0.499695059923, -4.01259707927, -4.88089688436, 0.0
-0.499695058854, -4.01259706806, -4.88089688973, -1.68454375806e-13
-0.499695066333, -4.01259708503, -4.88089688179, 0.0
-0.499695049493, -4.01259713226, -4.88089687301, -6.7381843661e-13
-0.499695060771, -4.01259708773, -4.88089689114, 0.0
-0.499695114238, -4.0125970567, -4.88089688444, -8.42272486109e-13
-0.499695094545, -4.01259711795, -4.88089689376, -5.05364929356e-13
-0.499695070821, -4.01259708297, -4.88089687734, 0.0
-0.499695038195, -4.01259710531, -4.88089687379, -3.36909144363e-13
-0.499695049953, -4.01259706135, -4.8808925241, -4.79387428926e-09
-0.49969502579, -4.01259769695, -4.88089684342, -9.5514726133e-11
-0.499695078327, -4.01259749007, -4.88089689109, -4.16085607799e-11
-0.499695074239, -4.01259708341, -4.88089687755, 0.0
-0.499695064383, -4.01259708423, -4.88089686917, 0.0
-0.499695061174, -4.0125970883, -4.88089687057, 0.0
-0.499695069333, -4.01259708616, -4.88089688335, 0.0
-0.499695015161, -4.01259707945, -4.88089688606, -6.73815820609e-13
-0.499695077012, -4.01259708339, -4.88089687758, 0.0
-0.499695053938, -4.01259708057, -4.88089688185, 0.0
-0.499695114343, -4.0125950951, -4.88089675867, -1.00531211601e-09
-0.499695038464, -4.01259708516, -4.88089688147, -1.68454355291e-13
-0.499695058302, -4.01259708453, -4.88089688614, 0.0
-0.499695080723, -4.01259709637, -4.88089726795, -3.85756428044e-11
-0.49969499035, -4.0125971053, -4.88089689154, -1.51608475738e-12
-0.499695052722, -4.01259709959, -4.8808968759, -1.68454547451e-13
-0.499695061658, -4.01259707517, -4.88089688367, 0.0
-0.499695029523, -4.01259773417, -4.88089689409, -1.06969564414e-10
-0.499695063085, -4.01259707805, -4.88089688249, 0.0
-0.499695423279, -4.01259708586, -4.88089689598, -3.25115660731e-11
-0.499695070978, -4.01259707958, -4.88089686694, 0.0
-0.499695047362, -4.01259709035, -4.8808969595, -1.852999291e-12
-0.499695142613, -4.01259708367, -4.88089688239, -1.5160932702e-12
-0.499695248714, -4.01259709702, -4.88089689587, -8.5911914971e-12
-0.499695079737, -4.0125970877, -4.88089696155, -1.85300297795e-12
-0.49969494879, -4.01259705787, -4.88089686249, -3.70594741232e-12
-0.499695053286, -4.01259709035, -4.88089687251, 0.0
-0.499695053984, -4.01259708441, -4.88089688092, 0.0
-0.49969507479, -4.01259706571, -4.88089688721, -1.68454360566e-13
-0.499695081257, -4.01259708789, -4.8808969479, -1.34763822267e-12
-0.499695073825, -4.01259708797, -4.88089688943, 0.0
-0.499695150753, -4.01259706562, -4.88089688351, -2.02145279396e-12
-0.499692019914, -4.01259445898, -4.88089688382, -4.0891324296e-09
-0.499695074698, -4.01259707651, -4.88089688715, 0.0
-0.499695078281, -4.01259708797, -4.88089689416, -1.68455064883e-13
-0.49969507931, -4.01259708797, -4.88089688944, -1.68454930321e-13
-0.499695078282, -4.01259708529, -4.88089687953, 0.0
-0.4996950615, -4.01259708038, -4.88089688466, 0.0
-0.4996951213, -4.01259708432, -4.88089688915, -8.42273780243e-13
-0.499697142835, -4.01259713867, -4.88089685541, -1.09229352829e-09
-0.843640998217, -4.46307242977, -4.99918639357, -63.6859742584
-0.499695061615, -4.01259705982, -4.88089689478, -1.68454197808e-13
-0.499695061815, -4.01259707875, -4.88089688481, 0.0
-0.49968807275, -4.01269630887, -4.88089641986, -2.50215898785e-06
-0.499695071047, -4.01259709735, -4.88089688406, 0.0
-0.499695000755, -4.01259712655, -4.88089693276, -2.18990013914e-12
-0.499695067252, -4.0125970871, -4.88089688322, 0.0
-0.499695070715, -4.01259707896, -4.88089685661, -1.68454144053e-13
-0.499695058708, -4.01259706141, -4.8808965739, -2.35832396639e-11
-0.499695061499, -4.01259710625, -4.88089688134, -1.68454549415e-13
-0.499695080867, -4.01259717944, -4.88089686485, -2.35836207991e-12
-0.499695067239, -4.01259708867, -4.88089688353, 0.0
-0.49969506329, -4.01259691918, -4.88089687421, -6.90656726593e-12
-0.499695059852, -4.01259708667, -4.8808968283, -6.73814874954e-13
-0.499695117255, -4.0125971537, -4.88089695767, -3.53755648114e-12
-0.499695047509, -4.0125970736, -4.88089688777, -1.68454331831e-13
-0.499695067172, -4.01259708833, -4.88089688358, 0.0
-0.499695064686, -4.01259709585, -4.88089687494, 0.0
-0.499695079611, -4.01259708264, -4.88089687383, 0.0
-0.499695035583, -4.01259705659, -4.88089682152, -1.17916933213e-12
-0.499695066616, -4.01259697867, -4.88089687409, -2.86370079143e-12
-0.499695067172, -4.01259708833, -4.88089688358, 0.0
-0.499695076111, -4.0125972288, -4.88089688396, -5.22211262969e-12
-0.499694898024, -4.0125970739, -4.88089699596, -1.0612537886e-11
-0.499695062278, -4.01259707155, -4.88089688052, 0.0
-0.499695100624, -4.01259710867, -4.88089687414, -5.05363972296e-13
-0.499695142341, -4.01259708489, -4.8808969485, -2.69527107816e-12
-0.499695068477, -4.01259707975, -4.88089687608, 0.0
-0.499695058871, -4.01259708756, -4.88089687554, 0.0
-0.49969507703, -4.01259709025, -4.8808968456, -3.36907763519e-13
-0.49969509098, -4.01259705111, -4.88089688164, -5.05363434137e-13
-0.499695054139, -4.01259712191, -4.88089690398, -5.05363601995e-13
-0.499695068271, -4.01259708004, -4.88089687206, 0.0
-0.499695076927, -4.01259703562, -4.88089692408, -1.17917826485e-12
-0.499695113765, -4.01259708243, -4.88089687286, -6.73818105997e-13
-0.499695084513, -4.01259697324, -4.88089688571, -3.20061194919e-12
-0.499695053127, -4.01259709336, -4.88089687056, 0.0
-0.499695068249, -4.01259708005, -4.88089686224, 0.0
-0.499695025676, -4.01259707325, -4.88089694401, -1.51608980794e-12
-0.499695054129, -4.01259705936, -4.88089689526, -3.36908621165e-13
-0.499695058283, -4.0125970869, -4.88089688472, 0.0
-0.499695041079, -4.01259708574, -4.88089691324, -5.05365045758e-13
-0.499694529556, -4.01259707607, -4.88089685815, -7.27714725986e-11
-0.499695062512, -4.01259711818, -4.8808967911, -2.18989781827e-12
-0.499695066815, -4.01259706679, -4.88089686081, -1.68453942583e-13
-0.499695073338, -4.01259706554, -4.88089687913, -1.68454179956e-13
-0.499695007036, -4.01259708445, -4.88089685783, -1.01072305803e-12
-0.499694395171, -4.0125971009, -4.8808969437, -1.1471543208e-10
-0.499695063489, -4.01259709188, -4.88089689284, 0.0
-0.499695061982, -4.01259708028, -4.88089685156, -1.68453886549e-13
-0.499695140598, -4.01259708372, -4.88089689008, -1.51609382518e-12
-0.499695056195, -4.01259709139, -4.88089685211, -1.68454148199e-13
-0.499695022515, -4.01259708121, -4.88089674366, -5.05357712828e-12
-0.499695063488, -4.01259709302, -4.88089701965, -5.05360395102e-12
-0.499695065577, -4.01259708083, -4.88089690869, -1.6845521222e-13
-0.499695074972, -4.01259716035, -4.88089686938, -1.51609323814e-12
-0.499695070976, -4.01259709017, -4.88089686485, 0.0
-0.499695067277, -4.0125971032, -4.88089685553, -1.68454527693e-13
-0.499695063488, -4.01259709348, -4.88089686889, 0.0
-0.499695065577, -4.01259708083, -4.88089637234, -6.4686069446e-11
-2496.37928803, -2173.26223412, 2666.86603052, -9.36310383983e+23
-3448.77424198, 4946.14235747, 1353.43616884, -2.67720941354e+25
4563.13343714, -1022.09156251, -3369.0641204, -6.43937931364e+25
1704.2602375, -5140.23067482, -977.936491337, -2.37332182064e+25
531.824121281, 125.777492299, 893.191311473, -5.44762361304e+19
-3273.83601071, -1680.25530108, -2063.27292227, -5.72166738762e+24
-507.725828785, -203.076615086, 6005.3760098, -4.95421145077e+25
-710.576225661, 5795.65840331, 150.334212851, -7.67126695507e+25
5787.93205277, 2157.57415441, -823.279047161, -4.99143694432e+25
2230.10989207, -3676.08109385, 3152.58572272, -1.65926538314e+25
-300.678614324, -1444.68193807, 2954.39330755, -1.06215027953e+23
926.523804546, -2050.16771312, 4405.08766517, -2.24391413222e+24
2059.90200042, -800.530549309, 3838.31539316, -3.3883460901e+24
4660.81832887, 1366.22441829, 296.464668721, -1.15321873612e+25
-3734.11881147, -3758.18318694, 1023.48512845, -9.84692804006e+24
2274.6439747, -3147.11486511, 4462.65044591, -1.88302353709e+25
5860.07568229, -848.416314775, 2564.15315831, -1.28469969504e+26
725.983917574, 2998.07974049, 3024.04615629, -6.94824670448e+23
-7078.07173376, 1850.57336905, -1978.53687462, -2.5122725683e+26
3730.21765067, -1995.82444704, 216.994506931, -6.10199847502e+23
-3130.93649642, -1809.20889194, 598.102917819, -5.71546294431e+23
76.3228985665, 1334.37558615, -2355.63264811, -1.96846441303e+22
-2734.27468587, -766.57454307, 2327.60270407, -9.97010388836e+23
-4032.97645898, 3007.35166324, 3687.47484032, -1.02611385328e+26
3267.10395187, -3223.19420382, 5771.03490288, -1.12943882618e+26
2538.2567145, -4265.77874137, 5862.52715516, -1.51364812961e+26
4484.41113441, -309.232661197, -2919.7920835, -2.89130020998e+25
2763.82190024, -199.063420623, -3785.62126619, -1.60687731903e+25
1877.30329994, -1030.10847429, 456.735022173, -4.87689284159e+21
-5001.81919961, -1475.28172994, -54.6256679398, -1.77502950255e+25
1459.2188148, -56.3682582084, -635.275813128, -1.07403834403e+21
-1200.13987525, 1832.51963344, 3299.70184744, -2.92760590375e+24
-3078.01519089, -201.126219515, -428.228029085, -3.21635184145e+23
620.508085583, -2161.16971619, -632.854468369, -1.83059809172e+22
-40.4749621524, -2597.61515787, 445.99386388, -1.73288844032e+23
-1301.14151251, -2553.50528294, -1708.69790709, -1.25540738107e+23
-222.672435216, 5910.60430243, 312.314260285, -8.22567525214e+25
-1040.64490456, -1088.13650034, 2532.74325974, -9.31750716238e+22
-343.853288122, -2549.36331895, -4551.95202738, -9.59424830746e+24
-2764.63932935, 5558.13538845, 1757.9803935, -4.47026881494e+25
2855.13364243, 101.955337685, -2251.51430968, -1.40086866732e+24
-2859.46060294, 3823.44623297, 2911.33019339, -1.94832236792e+25
3068.63769542, -768.080085806, -2372.91246929, -3.3251853122e+24
526.666054981, -4790.39547028, 5329.95069848, -1.33055510703e+26
629.97005283, -2134.51111768, 235.205107987, -3.74906432178e+22
-2333.77264981, -6521.01727711, -876.574027988, -1.567023935e+26
-1608.45598204, 1276.18216301, -192.998860518, -2.74988488076e+21
366.340787417, -353.128277491, 2581.95784258, -2.94904277079e+22
-5155.43049429, 3241.127904, -3072.2277042, -7.84854704034e+25
338.564506185, 3537.08674888, 5924.03360109, -8.87645858937e+25
2107.33305498, -1082.5104463, -2375.10769614, -1.09236516024e+24
-2321.59402936, 6853.12372477, 4153.62470236, -2.30276056038e+26
3264.62026764, 2427.78959256, -6424.61264542, -2.5185478168e+26
-96.9249555699, -5874.671761, 3171.77218866, -2.3440505969e+26
2023.57665763, -2047.46931869, 5803.88607825, -3.01414294039e+25
1.68104834956, -145.582338655, 4484.51191936, -3.67364578814e+24
4770.92440323, -1672.72505741, -731.589832816, -4.46188221015e+24
-2681.5444361, 1619.50086729, 334.25561715, -6.21407836047e+22
4916.50865596, 6056.95439978, -1147.98893174, -2.50334445477e+26
3094.65432415, 1194.12119131, 1975.23195398, -3.18655074484e+24
-1535.81451376, -150.647587209, 2097.14996366, -1.2187569893e+23
54.7331278076, 2314.88797057, -3114.33472098, -5.72939423452e+23
4878.13764202, 6891.82835189, 5364.69511224, -1.43434846255e+27
2840.4244467, -1824.59048461, 1146.75929493, -3.19085537407e+23
-3024.31614439, 3514.41525589, 1843.54019834, -5.10571918655e+24
3633.0347699, -1809.82135216, 1987.87615902, -3.50748574713e+24
-2433.33645444, -886.59082852, -523.085363089, -1.15148674523e+23
3394.22744825, -1170.6472991, 90.5992265739, -2.40040067585e+23
5648.63220366, -402.68335427, 2858.44657678, -1.38960367109e+26
3170.60315066, 304.061900022, 6258.42382951, -1.77748021473e+26
1821.23570352, 218.705252891, 1270.49984455, -4.18718839303e+22
-1775.19636129, 2466.80154504, -2127.60036914, -8.25021809108e+23
-6208.83266936, 4166.39756435, -6524.46729297, -1.88812495978e+27
-6255.25695608, 2498.69251976, -915.752520688, -4.52234437102e+25
1412.3729044, 713.077679109, 667.119842873, -4.13320114483e+21
-1133.78178769, -3278.10040229, 4285.14996259, -8.64321894827e+24
-393.540487778, 5879.36460381, 2393.12421727, -3.95781705576e+25
-783.873169493, 2471.27293048, -2407.21003136, -6.23471818994e+23
1966.62992085, 1909.89410695, -4999.69606469, -2.09738232783e+25
-1076.55030013, -1246.2552672, -1298.50800742, -7.87518123533e+21
3676.08390617, 5013.48947395, 1395.36661491, -4.45931609635e+25
1422.23759505, 2957.10052232, -5664.34164997, -3.05423101769e+25
-3674.09692268, -4574.22135652, -5120.77188843, -2.49773139521e+26
-2460.67601668, -5420.55717564, 4222.47761845, -1.70420352851e+26
1292.6133232, 2964.68812739, 5445.74055094, -3.62312241742e+25
-4713.8490523, 1537.65997774, -5725.23212943, -3.76277472998e+26
-620.835049134, 2858.37375905, -2241.11292871, -1.31300769923e+24
2876.91037062, 222.819079262, -497.470450239, -9.82211355539e+22
4567.16181002, -1517.36043458, 2368.63647074, -2.04931982407e+25
5164.33772197, 3188.35963678, 2582.07876398, -1.70752707903e+26
4593.78558897, -2937.81830319, -2517.05405415, -4.41968237617e+25
-3959.92611306, 5549.50994112, 443.896882209, -8.55163202848e+25
2287.7032754, -2502.15445949, -3446.48068334, -1.42996839378e+25
6658.3848428, -4313.48180564, -29.3682023009, -8.78700671467e+25
-3576.26075908, 1414.85314582, 3321.49670224, -2.81293132356e+25
5729.60484219, 2121.37604722, -4704.6400058, -2.87141240174e+26
-6629.06331901, 1298.25406126, 5256.66834204, -1.61685273624e+27
2864.15867796, -134.398823693, 6015.13235131, -1.02220608841e+26
-715.920380627, 2882.68204169, -4136.89398745, -4.67429363803e+24
1979.16295116, 1660.88438936, 4723.59469505, -1.6149711483e+25
-4500.19208488, -210.315937427, -1753.1968013, -1.65978500785e+25
-4891.39112814, -3565.60039487, -1781.39296452, -9.25117524665e+25
5633.46809714, 2789.25614351, 4444.57696234, -7.10770871441e+26
-2389.6313041, 2207.59051862, 4688.1018313, -7.15489738048e+25
-502.413320795, -2294.43524517, 89.9694045485, -4.84303752074e+22
-900.187033515, -2172.22301544, -1839.99715575, -3.7753472087e+22
-3101.77991574, 3747.80463442, 5420.33956746, -3.79434335622e+26
3877.41858086, 4912.19343648, -7015.08110776, -5.59431713044e+26
-5240.16618667, -1303.43054351, 103.530838759, -2.1388751083e+25
6540.56204378, 643.260218475, -137.653552852, -8.84565841858e+25
-2072.34706685, -2395.28017232, 1147.79983841, -2.08106248747e+23
-3635.53002809, 1578.43603509, 834.26933622, -8.08074433342e+23
-2433.23871937, 2720.10585533, 868.868711472, -3.97619995032e+23
259.863022091, 6304.26238609, -3677.68333177, -4.42593602167e+26
5929.86299545, -1809.98113547, -2995.73284143, -1.67106255485e+26
278.871092034, -45.1755457057, 156.573388271, -5.5287389936e+15
1415.02486844, -2129.47424862, 4122.76357593, -2.50576637276e+24
-302.866259306, -601.612475283, 1541.10961254, -7.94560790592e+20
222.585133245, 851.724361469, -4540.28458152, -3.4515491529e+24
3829.62098547, 1852.06667654, -5254.04194147, -1.26929044395e+26
-1167.81058558, -5476.7842109, 165.149896616, -5.02764812301e+25
2720.56996579, -254.93768399, 846.019374647, -1.74431250974e+23
4453.87248773, -5148.22164293, 616.00273339, -8.38449244126e+25
-2080.82246386, -776.523686693, -1364.34862491, -1.39293765074e+23
3093.82350962, 1111.13329092, 610.811635822, -7.35959914706e+23
-483.131678924, 54.3754937014, -2273.28665261, -1.31482137661e+22
-5564.50885085, -3170.78165831, -4895.42184933, -9.24645032412e+26
-2283.03260524, 2633.08024446, 6461.17603509, -4.89349002858e+26
-6305.28113399, 1133.44261596, -2332.25284993, -1.65368605507e+26
774.050357047, 1824.28388303, -1851.35225446, -4.3073972281e+22
2340.92206982, -5017.72194425, 1425.26740742, -5.75231255745e+25
29.7957324692, -417.817540578, -1328.0836525, -4.15398770205e+20
-4605.37553287, 2072.63441852, 354.847370195, -2.86828054669e+24
-1504.75026688, -1118.12075777, 2439.21676971, -1.53206035531e+23
6254.6799803, -2285.20224569, -4121.38170129, -6.41307664136e+26
-3817.54286061, 5044.54414168, 1991.34855865, -4.15716048019e+25
5522.03662126, -6710.22868329, 1797.92814902, -8.77579929683e+26
5619.97249723, 2363.10780917, -3336.30433667, -7.7175964818e+25
172.476949865, 3986.99096119, 6091.28685655, -1.30568328441e+26
5325.8051186, 2945.13106023, -242.043148866, -4.82375024995e+25
15.3691652304, 1283.73694608, 2655.32173229, -1.37090288235e+23
-2934.78417183, 1481.3538343, 4100.56627115, -4.32860821325e+25
1685.36297891, -1447.01902021, 400.08273155, -7.51007558016e+21
-5496.84191131, 1798.4457001, -3503.93858731, -1.50541997744e+26
6696.70498155, 4162.5302569, -5266.89285846, -6.94276100131e+26
2198.65952799, 1353.19212267, -1018.41339927, -3.41721822868e+22
-1546.8071132, 352.617933281, 4845.15749983, -2.56278356284e+25
-523.979998666, 359.507180509, 733.328971331, -5.32191124907e+19
592.289491965, -1088.87901311, -1042.53619737, -1.10579857304e+21
-79.3832904221, 4935.7985408, 1632.62456443, -1.1052002243e+25
-757.782356305, 823.317258418, 1683.41860566, -1.65543728919e+22
-3713.22189569, 2120.73350836, 4980.7876758, -2.46185160933e+26
4185.89746801, 2142.37052073, -4556.90457935, -7.30662060527e+25
-5192.94144972, -1091.60925685, 309.200106836, -1.65787080641e+25
-2600.78431875, 2424.39769797, -6386.16184293, -8.93351113143e+25
2683.34130451, 3813.36200116, -893.082216699, -5.11636857366e+24
2859.20306234, 15.9531404992, 867.805020265, -2.94701974926e+23
-257.007127628, -2257.33803782, -1863.2756477, -2.61751901656e+22
2731.04075216, 1712.8611068, -5137.09477984, -4.94025957676e+25
3710.23038922, -2596.16668048, 296.133969779, -1.16571576467e+24
1744.21019235, -374.981466219, 1166.16782413, -1.91891253607e+22
2394.95220536, 515.406464795, 4193.91858931, -1.10468914383e+25
3883.9412302, 53.9039951466, -3981.65518787, -5.2752303082e+25
682.272373971, 3864.68611052, -2558.77278165, -9.67728963051e+24
655.004608476, -4725.81738829, -968.283193998, -1.04180859385e+25
1206.68203053, 4472.56190831, -1684.99555292, -1.86288083327e+25
-2353.70925339, -2577.80357473, -201.638916568, -4.12500905932e+23
392.601049732, 2069.22107093, 116.481014159, -1.78287454406e+22
-3919.98968821, -460.805430456, 1814.94485226, -2.83874765353e+24
-1518.29791769, -970.392219587, -1854.01189809, -8.35741498295e+22
-51.1301254866, -1783.12173075, 2529.57172571, -8.22958852157e+22
-1565.5158753, 2986.88051275, 2365.43748507, -1.41337910711e+24
-1072.86968254, -4075.58016218, -2508.61452319, -1.88497678834e+24
910.900229623, 1176.05656698, 2933.60214976, -2.45788145956e+23
-162.965833011, -7053.97610778, -3314.33348146, -1.49036421413e+26
5597.4519832, -3577.17063984, 2570.62326993, -8.98443863508e+25
-505.955744403, -5409.11497932, 93.1994851008, -4.48232000959e+25
-155.834245592, -4344.31199879, 1858.72890249, -1.69883052959e+25
4733.60649377, 5927.17376081, -6517.18189495, -8.80230974451e+26
-2573.35092102, 856.407382299, -2012.13479927, -6.21439937505e+23
3423.64624106, -5031.80270341, 2330.88007257, -1.05893200444e+26
3756.98065964, 4813.41274736, 2721.49405101, -6.772094232e+25
556.608537475, -1081.90408769, -1105.22402504, -1.31517711179e+21
-2394.52234996, -4982.03549387, -562.417460318, -2.10253750926e+25
146.098006573, 4708.99546848, -598.189945615, -1.85989790386e+25
-143.859172098, 3443.73298889, -5961.6685951, -3.45928974654e+25
-1959.82658606, 463.863111366, -183.14193501, -4.11666165482e+21
-1151.03665697, 2448.69487446, -6898.91834374, -6.05791621767e+25
3268.95669002, 1947.83469601, -3093.2855669, -4.77943914767e+24
917.670817583, -3692.10034343, 2186.2007564, -7.31091749437e+24
640.631675228, 4362.14633877, 4371.13171759, -1.36770911263e+25
6210.3840238, 1239.15063308, -3853.49535747, -2.35936028437e+26
-448.649416031, -888.346455645, -679.16702201, -3.4686905811e+19
5529.95747449, 2018.91292476, -2169.47530889, -3.40713109076e+25
-16.2814580511, 4600.62866301, 78.6972283597, -1.17821223133e+25
3807.26986908, 1418.75084647, 1932.65546217, -1.0638658892e+25
-8.70400023833, 394.728167218, 2069.45352275, -1.16386295082e+22
-2465.94438629, -234.154264647, 1009.23820182, -5.44252682e+22
910.734765802, 6492.52104066, -1867.63936143, -3.1897311774e+26
-2710.87448236, 7280.25453421, 1602.79140623, -3.7848238907e+26
3980.11903577, -2651.78759319, -2711.8977473, -2.86824613086e+25
581.654545934, 3407.33435317, -1300.42579817, -2.16490915273e+24
-2065.15333403, 105.51280893, -3822.53205878, -3.86727797553e+24
1032.90545126, 284.388298333, -2252.85337413, -6.91138536507e+22
-1116.40052702, -1761.4710099, -5684.70738558, -3.38169220128e+25
3669.13075692, 957.148807121, -4964.33998124, -1.04365547519e+26
3990.01579867, 3792.95704384, 3897.74594114, -1.25686209549e+26
-811.085769216, 4851.6287937, 516.683098902, -1.60473959582e+25
-3890.44901428, 3929.87740845, 1214.68170571, -1.00302374732e+25
1506.65370096, 5242.84815069, 269.643553739, -3.08266924015e+25
-2156.78109707, 3491.41506947, -2479.2978881, -8.50900974107e+24
3483.28267258, -2702.5187434, 1785.85017868, -3.67890476364e+24
-1165.91507357, -3898.97691268, -2744.19363645, -1.62663911794e+24
2550.05191155, 566.708668208, -1808.33719188, -2.96712454722e+23
-491.41459496, -2035.34722396, -4779.31596728, -1.07668262783e+25
1757.81182682, -4454.29021627, 3448.27142046, -5.17388760414e+25
2177.02720808, 3919.77366654, -4366.70331072, -2.55282982514e+25
-2046.16282676, -879.312972493, 96.3802059923, -1.68362992567e+22
3041.14830429, -362.0728453, 1886.12822775, -1.47568406565e+24
-5021.26218677, 224.918071601, -2875.95902861, -7.30275119166e+25
4004.0766952, -6882.95565216, 3076.20378871, -1.11733692731e+27
-3535.54056239, 5817.5446852, 7015.51490685, -2.85707575294e+27
2645.6380033, 642.554419949, -1129.37254097, -9.88971749762e+22
-4196.05682401, -4522.73826408, 1201.34165411, -3.46804959632e+25
4901.63458364, 6321.59998974, -3330.33547253, -4.52937721243e+26
-2354.03694412, 1607.55142158, -1821.62486156, -3.12546998694e+23
1105.69385082, 2274.38536606, 3319.97939747, -1.03852911667e+24
2923.52905567, -3949.95990633, 2725.74872331, -2.57745154604e+25
1092.20675465, -3699.06280367, 3225.5427092, -1.27137451313e+25
5020.02013965, -652.387576612, 211.420928325, -7.79716585994e+24
-257.971038549, -4591.14954651, 6668.12348849, -1.7092487084e+26
13.206810093, 770.651075511, -523.243407234, -2.67732558037e+19
543.292704477, -742.578426821, -126.33556357, -7.72184808879e+18
1967.30045537, 6066.3044915, 1852.0448891, -6.50919043816e+25
-5962.49090999, 2981.08072919, -1233.54923443, -4.07641014617e+25
-3370.88459771, -1223.62708902, 383.898028833, -6.77472732466e+23
-3787.20773291, -2108.25747709, 5267.72305373, -1.17088469548e+26
4551.18349702, 2338.83002947, -6026.53356461, -4.02163310238e+26
-5657.41684265, 5367.06649966, -1711.88992093, -2.39965324378e+26
-2655.88897334, 777.832619933, 2628.50039658, -3.04353220053e+24
-519.0271137, -3931.63782237, 3620.52240956, -1.7439595548e+25
2359.14291579, 486.722510895, 3288.06946862, -3.53325565705e+24
2828.41049233, -142.934197412, -2444.7024737, -2.11342000956e+24
-5102.84211949, -876.248714929, 3723.10218485, -8.98359622314e+25
139.291585455, 6864.50137814, -2085.95283873, -5.30997927828e+26
923.764909345, 2953.84863922, 5458.38146041, -3.58701051405e+25
-2122.13146752, 1170.29996572, 2746.48771691, -2.30665019312e+24
-1697.82944665, 711.886945559, -2038.89730117, -9.77776501027e+22
-2942.49277143, -444.134503479, -244.664259934, -2.24197707082e+23
227.048727187, -2854.99027364, -1142.02287344, -1.23665632322e+23
-3156.81217592, -508.824103731, 4453.93018403, -4.35755428509e+25
-1703.06330339, -3132.48878243, 2020.40337171, -1.71113016044e+24
5209.41053386, -2658.15978872, 3156.72167893, -8.06949913742e+25
2616.86465354, 4768.28870304, 4627.61825211, -6.34208380568e+25
226.333780768, 965.116045036, -679.258827072, -1.56046179242e+20
-3744.4021682, -466.432691214, 201.164834453, -1.00638060923e+24
-553.469056625, -56.7731629498, -5930.79594688, -2.96611018729e+25
-1363.91374718, 1958.45080653, 2591.73617757, -9.69397898216e+23
-3923.73138295, 6251.7309555, -2610.37780401, -5.19730543093e+26
-2503.37160803, -599.202957142, 736.732677575, -4.42547244736e+22
-4282.89721374, -4100.16809103, 1990.13980621, -2.41873281654e+25
4795.40963224, 1120.71979639, -1274.16799047, -7.76049044523e+24
-5331.63105646, -6551.49480702, 1796.33462688, -4.95215761232e+26
5532.17737242, -5332.75270673, -2830.70035049, -2.83813417565e+26
-2685.18548002, -1872.238862, -1818.38275364, -1.71125919263e+24
291.955333715, -14.9647300763, 798.747202869, -5.61506068262e+18
4091.98639565, 1797.67651003, -354.72040627, -4.05607336007e+24
-1001.3038734, -2347.12061749, -4385.80818124, -6.16743969006e+24
-2954.61592977, -768.358499855, 2961.47040377, -3.98174870131e+24
-1854.65418875, -3154.77221059, 4597.6717263, -1.25597306864e+25
-1748.38877361, -894.757695121, -1239.71707086, -4.84919390788e+22
-3104.98796212, 1666.02407821, 1093.06169697, -5.48788102284e+23
3406.10215844, 1060.03950124, 564.910569511, -1.31022325102e+24
-3311.60701601, -2684.29875357, -1454.65487498, -5.71026836655e+24
-758.48269814, 268.937927753, -993.578088557, -2.27510239722e+20
2558.52658486, -3631.74964023, -204.776567038, -2.9258500874e+24
-1094.19563573, -425.475021282, -1199.66628707, -3.45983776832e+21
3690.74691442, 2023.43047062, -25.0483614119, -2.74508555485e+24
1581.23831723, -3452.85749126, -4034.66548373, -2.44619010536e+25
-4780.54802505, 6044.72509713, 2026.89532318, -1.76512702344e+26
-1854.23047872, 1890.98590719, -1198.08404839, -9.74874068102e+22
853.943876246, -3272.98204963, 3732.30473768, -7.44129800613e+24
-1524.71812079, 3143.83479671, 1533.99447763, -5.00735614794e+23
2734.12441498, 929.621688291, -6569.05563403, -2.99247632704e+26
-630.536053015, 3986.07108171, 1818.32071392, -1.76196156221e+24
722.208816514, 235.920210762, 2198.42839427, -1.7881328127e+22
-4760.34925519, 2723.31028311, -2122.61911046, -2.08170943782e+25
-2358.32225613, 626.724567614, 380.945960523, -1.54643099592e+22
4749.4932975, 4817.90573082, 1227.80115335, -1.08861909101e+26
5790.50147258, 3134.75428689, -86.5039263472, -9.74310404331e+25
6344.03478642, -1498.68437503, -3328.22238616, -2.90355432967e+26
2062.67339542, -3283.47968563, -556.574123579, -9.666774046e+23
-4461.61765924, 5975.31418732, -4733.73289458, -8.82738567681e+26
1390.40895985, -1550.14846474, 1200.23198695, -2.23924486609e+22
-3793.66122096, -492.978812537, -891.619053132, -2.72644243784e+24
-2054.42396035, -2190.73397341, -2206.65858557, -9.04723209056e+23
-2229.98032111, 1672.80383048, 3874.01551508, -1.85619715635e+25
1288.28684117, -1552.64605884, 684.087352357, -1.01491294696e+22
370.180709894, 3910.60804929, 300.504594546, -2.79861309277e+24
2185.81959797, -216.332084829, -5823.93574784, -1.29605921564e+26
-4197.26071347, 4218.12942448, 2003.69252455, -2.97594075383e+25
565.424638039, -1161.55204066, 53.7843587662, -2.9686616786e+20
-1141.06081517, -1405.93057294, 1210.73766654, -4.93528130748e+21
-4732.78692639, -4088.39637911, -3089.15447795, -1.86599676929e+26
-149.348937811, 5453.17910787, 2118.39946822, -2.20681182593e+25
-1254.1114174, -4276.08624168, -3329.01010407, -4.15765682486e+24
52.3971498538, 4192.42875909, 1097.98176115, -3.41655066592e+24
-3630.98816238, 269.811553181, 2743.5601064, -9.27026193874e+24
-6352.37452282, -4445.81679569, 970.492534946, -2.45006521812e+26
1811.56382248, -9.57380523064, -709.737678759, -4.64459401534e+21
-6077.51651851, -3413.62171816, 4922.29922606, -3.62939710981e+26
-1229.52964278, 3104.16189313, -2381.88775842, -2.87606748386e+24
-3757.57021647, -388.873093105, 3665.04909234, -2.88835483039e+25
2677.71833682, -2474.61109843, -5000.45375681, -1.35029125065e+26
3389.50941151, 6384.3494396, 1391.22153738, -1.49768834375e+26
-2340.71738719, -440.970258594, 4962.45507648, -4.32068565088e+25
3954.47068527, -6705.25697559, -1697.68579627, -2.47730521724e+26
3077.07767279, 1785.50352048, 2380.06822003, -5.88550667367e+24
-1324.12636975, 790.818372885, -2233.63068499, -5.69078070779e+22
-3026.45954656, 866.19434149, 3880.75999813, -2.91801604914e+25
2106.49214365, 4324.68842612, 3.72069542148, -7.98175497912e+24
1406.91069612, 6217.80183344, -7002.4944881, -9.65354132606e+26
-2693.35039465, 554.619276193, -3352.89066129, -5.03145267584e+24
1537.18969997, 3372.52998234, -2150.62998029, -3.02372952925e+24
-4829.95499473, 1572.38510643, 2936.51964445, -5.84037288817e+25
-2631.18185355, -24.6526529819, 2220.62431282, -9.89942397411e+23
200.077937571, 289.39662103, -31.272897568, -4.88809799865e+15
1681.04607785, 720.036288366, -395.987146924, -2.5708315525e+21
-421.701409968, -4124.64670674, -1635.14572526, -2.28602255385e+24
2981.73559842, 2438.11422584, 1934.82301947, -4.28446420629e+24
1430.58836866, 4502.2018947, 1724.69412228, -5.31963023649e+24
-3047.08735106, -2815.22473585, 856.427551851, -1.35252482343e+24
5191.975432, -3630.33361595, -2957.3500564, -1.43496591371e+26
4146.07779678, -4457.9367149, 3130.18411641, -9.6340369649e+25
-3625.17457068, -2410.77722881, 3151.58092068, -7.36998292539e+24
-4381.15787033, -2955.13431801, -4827.1953247, -2.92141705475e+26
241.471794246, 2080.78896455, 6407.23215816, -1.09600845836e+26
2023.39226744, -6321.90638855, -1162.53236526, -1.2474748013e+26
3257.33023391, -2414.97849875, -921.95438318, -8.69969021352e+23
-3528.51344136, 1117.89157917, 25.3630464814, -3.16038115261e+23
-4804.60485239, 3468.52658314, 3780.36066885, -2.28374053269e+26
-977.455464576, 5035.47198509, -447.026294082, -3.25811438765e+25
-3415.36585076, -2328.06440066, 6866.58312688, -4.3622044227e+26
2182.39553287, 3136.98252418, -2879.20019577, -3.05541572209e+24
3807.41641394, 1534.60689231, 1323.82431665, -6.65392110536e+24
-1640.83366571, 122.121133612, -2876.25014533, -4.64758968796e+23
-1493.6806809, 1552.22955385, -639.871102733, -1.21990907374e+22
-2027.44068754, -107.249776685, 1151.91385479, -2.71185294619e+22
1256.63489009, -3115.00696362, 2494.18754301, -3.12673699231e+24
3492.82603253, 4490.59775896, 3422.39503021, -6.44975481267e+25
3506.08783143, -4870.62071542, -1691.76384367, -2.58412219939e+25
-220.542439683, -2292.21592629, 101.275533831, -4.8953794828e+22
4791.27072256, 4060.50676964, 2306.48851576, -1.29379557467e+26
-1195.22064883, -1221.95645372, -4533.35486669, -5.75043454928e+24
-1461.53112778, 5309.44601407, -4654.27437883, -2.28784098433e+26
-155.438055842, -4926.00251901, 2149.87138068, -4.7243578681e+25
-1839.81208996, -3600.35893533, -297.817598128, -1.69231913525e+24
2091.21572814, -2577.64684268, 1904.47993208, -1.04512781321e+24
-2809.24040858, -4232.0093216, 4178.63905544, -3.80284830892e+25
588.12958312, -7228.10217745, 222.656171073, -4.9197449557e+26
-2197.19375294, 80.1377481368, -4583.89474885, -1.18472209413e+25
-3586.67697175, -881.028189269, 3488.834238, -1.6590096986e+25
-4256.75141457, -3916.43928972, -2912.56755569, -9.39688190286e+25
6854.22500122, -5292.74095668, -3013.40253659, -7.66601504318e+26
3475.66392376, 5663.22076191, -3468.43200049, -1.8961824355e+26
-2757.98681493, -1556.74114027, 3320.80040465, -4.14926888626e+24
326.540432438, 1813.17018438, -3644.60372776, -5.50487910555e+23
3488.55331206, 2577.52378764, 2367.72916192, -1.46884690156e+25
5682.86047714, -3124.53557546, -2077.4353404, -7.71397455017e+25
-675.460108207, 3637.32872928, 1313.73187581, -9.80999017497e+23
-2138.57746487, -4604.13617714, 1607.8766754, -2.26226539961e+25
5332.90959841, 352.363986985, 1795.11366654, -5.41336018377e+25
-5151.6247328, 2420.92543806, -4023.92713185, -1.50818488804e+26
5453.7613797, 4968.99175909, 1468.14906095, -2.59967441476e+26
2665.07269651, -741.44124689, 1038.34215131, -1.63132795394e+23
-438.124768943, 3082.92062545, -2031.09154746, -1.82689667371e+24
-1923.27004666, 2258.9587285, -444.757843256, -1.33061161649e+23
-2136.50802355, -4977.60862745, -918.205783194, -1.78005963535e+25
235.267653844, -698.972056313, -2649.13675018, -1.19754483602e+23
2982.64142907, 2548.37398753, 2842.69754395, -1.03928480079e+25
-3219.41325924, 2024.21020678, -2163.16604676, -2.43836617864e+24
-6299.65245156, -1331.77064717, -3295.17823775, -5.06685852243e+26
-6260.8810118, -2129.48978267, 677.57628159, -9.16847161927e+25
-3520.29276129, 5907.21698388, 1902.79362991, -8.78682828116e+25
-2477.27171168, -2595.77443067, -5078.57131085, -4.80024393846e+25
2331.06111116, -545.602071674, 1043.65863373, -7.57834206329e+22
-285.464920867, -1617.16833543, 3958.99693449, -9.5793053597e+23
3144.85677416, 3331.74052305, 2890.58707624, -1.81617073113e+25
3257.97302363, 5229.37471522, -3926.34097275, -1.26744321271e+26
1677.36413421, -3301.05472063, 5353.82435217, -2.87977236613e+25
-4112.53442388, 2241.9322911, 6159.26355295, -9.53492641069e+26
1493.52489318, 5370.54371256, 1132.78071205, -2.79418243911e+25
990.337330099, -11.7538019936, -1838.31922249, -2.27439754857e+22
-1828.50323154, 4619.70409429, 897.464978438, -1.07085371988e+25
-3211.90606237, 2160.65932029, 4352.76461659, -8.91070602499e+25
481.311284369, 1529.41342841, -1745.49039593, -1.33358109417e+22
3574.87005146, 2141.35023229, -374.662728784, -2.00279077408e+24
167.145565807, -2128.12749443, -6450.50988395, -1.36965577379e+26
3501.8519307, 2788.9291813, -2314.86075549, -3.15292632659e+24
-1185.58949755, 2293.75003783, 986.412094033, -3.98908805e+22
3862.41952507, -5973.2785705, 1082.31456202, -2.30923958428e+26
-4426.094379, 1954.3323427, 865.217352352, -3.29196057097e+24
-3947.01383362, -1939.77005265, 4878.02916501, -9.03277972738e+25
3693.87086416, -657.737558948, 1765.93900264, -3.65472762599e+24
3244.46950896, 6330.34575817, 1416.72791817, -1.33728005385e+26
132.881634014, -2992.51558231, -1121.67684341, -1.85855809542e+23
660.590728739, 357.81388931, 1059.61658529, -2.96537279713e+20
5117.00777266, 292.161456959, 4351.88863849, -2.66438746407e+26
-4927.02534127, 321.522954239, 5624.74871562, -6.45146949173e+26
115.859625266, 2959.89084096, -4298.14026977, -5.1169735843e+24
1879.9268534, -1504.08820542, -3597.53857414, -8.33068013443e+24
6016.43830546, 1951.44856489, 1839.77712296, -1.97338619129e+26
-4426.36102755, 1991.09717481, 2645.96052663, -3.25999329126e+25
1485.08436334, -5012.24743186, -4232.24742887, -5.27634359449e+25
-3579.78269128, -1163.8592544, 3057.26106349, -8.27334743705e+24
-966.711890722, 1245.3029239, -2855.82701834, -1.05825974948e+23
-411.553847551, 2634.84263072, -5143.74942218, -7.66477972406e+24
307.211790294, 5938.31695877, 5031.97739529, -7.53314384997e+25
-5499.17471431, 4422.33646218, 3008.78999413, -2.3683195365e+26
4094.45594968, 1386.90800192, 1435.87933974, -1.07650102711e+25
4384.09903154, 1271.42745894, 535.369882974, -8.28837518615e+24
-4910.3846683, 408.535293907, 3399.83528752, -7.55049385086e+25
-5111.48450577, 500.700650831, -863.186911877, -1.50746598224e+25
111.475092413, 2052.86573586, 355.396332543, -1.34438336019e+22
-4789.21037322, 3725.97693885, 4858.01067705, -6.43136326974e+26
5375.62731268, 635.829663664, 2953.05163016, -1.39201151106e+26
-174.104941695, -2789.78774744, 2884.36651752, -1.39777446262e+24
583.998995368, 1212.5577325, 1258.02578759, -1.08416918242e+21
-2290.00200739, 362.889940051, -5528.32338278, -3.52714612043e+25
-2008.97649957, 227.201668301, -2972.66173822, -1.0519829504e+24
-3266.55758976, 2720.11634045, 3789.1159239, -5.70463792508e+25
-627.444225897, 4284.63444189, 3034.54222009, -4.56655898264e+24
-223.803614086, 1583.48373291, -3610.14886488, -3.56051436717e+23
-428.292849444, -2179.05318978, -5703.13514083, -4.32221162173e+25
1398.0783904, -5472.25768797, -1974.48907148, -2.70740674218e+25
1643.26956882, 1212.10079669, -999.233426093, -5.63559393335e+21
3918.48356667, -4654.59072533, -851.86920568, -2.33035032824e+25
729.933440293, -2131.56036519, 1618.39037115, -1.31345202227e+23
315.829832434, 1678.24979565, -219.542653393, -4.74708689157e+21
6273.944697, 947.498690627, -4769.63141871, -5.67073606592e+26
-343.114674535, -2800.13693209, -1277.70323239, -9.32603370083e+22
-1941.07676224, -985.15504994, 1211.48650078, -1.7258545199e+22
2452.51101994, 860.194078638, -416.400234986, -4.7301878693e+22
-3013.24003778, 2919.93077395, 4175.53350773, -7.76178689856e+25
-623.871036821, 656.015624027, -2676.59024832, -3.79580754561e+22
-207.481420221, -29.6381401332, 417.35823379, -1.26968046817e+17
5111.23657371, -1753.14200822, 332.701279868, -6.98405039969e+24
-346.738292526, 3869.93310694, -955.87700614, -5.10739204416e+24
225.56556211, -2208.97754752, -349.313504501, -2.5660399155e+22
-778.475216403, 5205.41615695, -2815.72196689, -9.78491908877e+25
2619.10004645, 5391.26736175, 256.781762365, -4.3486216519e+25
5023.91139832, 1432.85268408, -1770.86961825, -1.35776212195e+25
2283.12978774, 5861.58642704, 4324.16894248, -6.47801697523e+25
3770.34870483, 1934.57069283, -873.915291974, -2.02445445697e+24
-435.693871956, -1073.04803881, 399.722171663, -2.01874830975e+20
3551.51254795, 3314.00989438, 1471.87683401, -1.1834334157e+25
-3057.05447463, -5188.80918238, 3179.87588407, -9.32457389029e+25
-2206.23263751, 5786.54427653, -2629.78488784, -2.31946786754e+26
970.20135053, -1826.99142997, -496.998327423, -6.6330300444e+21
-810.419061272, -2605.61537537, -2846.84524718, -3.81324718251e+23
-3046.23559713, -219.59750593, -506.317911446, -3.30014156852e+23
-2132.62469476, 429.083242779, -541.381524188, -1.65869015138e+22
6218.2688238, -1824.1605835, -6043.86133117, -2.54571154113e+27
-4860.20033161, 681.13339929, 1410.06237185, -8.22903026671e+24
5603.59784141, -3377.7903073, 1930.14719997, -5.25961972443e+25
3074.71467324, 4926.27743657, 934.555440781, -2.45098300527e+25
-609.02952359, -248.305303437, -140.296974667, -2.03402256004e+18
-3512.88251842, -564.453615642, 1380.42411132, -8.39231048398e+23
4145.52914305, -1013.60427946, 4117.60224525, -6.57812021914e+25
-316.752142572, 2589.63025543, 2828.73525235, -6.48547878233e+23
-783.03095702, -627.688421285, -3109.23997018, -2.47317970124e+23
-3478.56613229, -4755.91638032, 1590.75088311, -3.47728357727e+25
1001.79681567, 288.518373618, -1977.16149844, -2.85525270466e+22
2813.11304908, -3497.35837867, 3254.07289858, -1.7724549618e+25
-2642.43731813, -4438.26949582, -1688.52745768, -1.0022027065e+25
-1866.52016653, -2280.42402551, 1176.81821493, -1.35394768928e+23
-348.097620184, -102.237859501, -2254.53930499, -1.30200221936e+22
-186.367965218, -5694.19983988, -6.22276268413, -6.6033473138e+25
2482.1102357, 1606.02055801, 6526.57123097, -1.58561962582e+26
1976.40172631, -71.1386886625, -1783.6370395, -1.42040731401e+23
-2505.37764501, 2496.70443322, -2934.7800888, -3.27453087232e+24
-2394.201264, -3016.70713752, -990.491898897, -1.09365401532e+24
998.666011419, 120.055487652, 2566.85808942, -7.58559334476e+22
2959.05256858, -915.562341038, 4143.65119568, -1.65896866471e+25
-2768.19956142, -65.5667318812, -3969.54546941, -1.28569567909e+25
-2074.86251305, 1922.14669564, -2908.74608538, -1.11528398422e+24
-230.823285515, 5349.06916517, -214.442416588, -4.46050050736e+25
4286.89077693, 2495.50898636, 4670.95200254, -2.19212600629e+26
-2749.64575912, 2356.21839357, 3296.97636551, -1.70966327478e+25
3826.70390293, 1930.35560339, -1249.39213574, -2.10512245128e+24
-3635.22699213, -3333.62279824, 1060.52537738, -5.3734279184e+24
3569.17999095, 1894.89751916, 1382.84537777, -5.56757902575e+24
1957.54745084, -213.519456686, -1251.66779534, -3.79115748616e+22
-5594.91425398, -6257.07531045, 1242.55342011, -4.14531088686e+26
-4625.84238306, -2446.13095696, -5120.90374566, -4.0684284496e+26
-5686.47236568, -519.453118062, 911.641987648, -2.33047500038e+25
-3527.44329865, -6460.32297645, -1260.04918999, -1.7331080743e+26
-4695.779736, 1360.73025724, 794.053218958, -3.98503577872e+24
-932.24164241, 4950.50696809, 3045.72993389, -1.16770038531e+25
4032.74260916, -2023.02458566, 217.034747192, -1.05712234642e+24
-6749.39032481, 3554.74039544, 4312.20782582, -1.31236020389e+27
-1882.64313719, 2014.04348374, -3620.70052935, -2.18501956976e+24
5049.48020938, -604.378431869, -231.034495111, -6.84420928906e+24
-384.676573314, 964.916155975, -6326.0056001, -3.8976205473e+25
-2914.77370538, -4985.29545297, 4827.52248665, -1.2839283073e+26
-3526.05167993, 3143.11564672, -292.933401444, -2.46435884693e+24
-3400.76443888, -2926.22584416, 2498.44011017, -3.59770377133e+24
167.546735132, -5712.6489946, -2441.55932521, -2.9852492074e+25
3920.99252007, -1710.65589882, -409.832130037, -8.45902533414e+23
978.69411508, -1312.18420697, 2589.16100573, -6.82451498211e+22
-2055.38271583, 2818.7427922, 341.360961591, -3.6533387758e+23
1932.03123564, 867.894919831, 3699.1205818, -3.44527559863e+24
-2427.25998532, -850.36663837, 1186.03802074, -6.14329224946e+22
-315.171235881, 1421.86788889, -361.350777595, -1.87059816838e+21
3347.88984768, -3678.30022388, 3611.1604488, -3.68012851995e+25
-473.684156846, -507.54261132, -3146.88768244, -2.30199562542e+23
1498.52678218, -5119.78340256, -4358.89991, -6.42628044045e+25
3794.69993466, 580.18418611, -6330.68435205, -4.93513352156e+26
-4494.97280467, 5846.46732534, -3927.91691045, -6.03476851115e+26
3906.26309916, 522.19299231, -5056.83734068, -1.54698449303e+26
-4431.06536365, -1675.10323321, 2971.99535395, -1.69585921533e+25
6271.67328791, 456.154432189, 1911.95218369, -1.77460847906e+26
111.434733371, 540.695108546, 3321.21209655, -4.36879565073e+23
4664.54104991, 3023.24857459, -350.594667537, -2.0225627789e+25
2477.00590389, 5279.58116388, -7083.34467518, -4.65978072525e+26
-2444.09295577, -3893.70954442, -1861.66186638, -4.58717838637e+24
-3406.38307512, -2239.17088098, 5294.40677068, -8.76006054994e+25
-1879.80599119, 2556.45164067, -1317.71866223, -5.67117141109e+23
-3989.25351347, -7306.41433862, 1539.96558012, -7.58358880292e+26
2809.16710231, -724.566979346, 854.128014625, -1.7320051674e+23
-1133.96574715, 1036.41254556, 5276.7363014, -4.21230045263e+25
-2558.16078572, -5901.27338191, -950.259690157, -7.21307337858e+25
273.254918493, 1247.98990768, 5892.35008291, -4.50858987858e+25
-4571.81868084, -2074.29323355, 1809.627774, -8.26378262464e+24
-4140.06889811, -5806.06332005, 630.008950348, -1.34114517923e+26
-802.120584037, 2252.37786948, 2573.91593262, -5.35769648823e+23
4608.01584311, 4153.60412593, 4532.9698467, -3.8521680567e+26
-1140.76436497, 650.443876082, 2726.29669689, -4.84517258271e+23
3949.78126408, 1386.88852321, 1123.6593391, -6.67557380221e+24
2098.94982678, -1972.16433248, -7038.28484349, -6.49792888388e+26
2937.84967954, -5348.44266435, -3967.12463143, -1.25834356546e+26
327.1845257, 1563.66982072, -1144.25685807, -7.79037398089e+21
1682.96863806, 1249.25725746, 299.314854586, -1.20438116207e+22
3334.96728267, 852.686851134, -316.103619912, -4.97632707362e+23
-323.721066925, -883.650007783, -3403.43296138, -5.39487461758e+23
-1020.01825719, 3420.89878558, 823.769879653, -8.12040979918e+23
-480.698412926, 2026.09591647, -1942.76057671, -1.15715764497e+23
-843.972341362, 1089.64890524, 351.27842285, -1.8602621419e+20
-5637.31227519, 7009.33151614, -870.486360123, -9.20129499563e+26
32.3616426359, -91.3576355395, 5899.87454345, -3.34452721876e+25
-2167.49580764, 869.180152672, 30.672907247, -6.21581911276e+21
-329.016202644, -3946.64028734, -3950.0349449, -6.56976071079e+24
-1295.87612113, -898.411735637, 4603.78877952, -9.37058734672e+24
-3476.90037443, -2216.67952831, -2087.46045927, -9.97398149808e+24
-3885.25927587, 3864.00778493, 5177.3672002, -5.03318895321e+26
-1048.29837505, -5390.57659343, 2962.22287385, -1.13144348398e+26
-557.935988711, 5152.28254031, -1963.09846857, -6.55093527353e+25
865.733909213, -3522.40550139, -471.038278557, -1.21515242022e+24
5159.14743106, -2714.71823362, -1795.1351838, -3.09206123107e+25
-5984.59522597, 1743.27168442, -1990.90236396, -8.05324257566e+25
346.68757317, -3102.27393513, -2831.21085338, -9.22344264293e+23
-1959.19724971, 5283.02474693, 5571.97510426, -3.26174355695e+26
3448.33909825, -245.358896766, 413.551334386, -5.64439680583e+23
1299.38898586, 7173.41780447, 4510.80469688, -1.57392515787e+26
1462.22184229, 3584.32996608, 2472.48335408, -1.20834408251e+24
-2834.33910189, -5495.86223554, -4356.58653949, -8.64146343652e+25
-2162.35363232, -1461.87375833, -3131.72492275, -2.7564020541e+24
-959.037901285, 2194.70490288, 4620.55280756, -2.22855259659e+25
-2643.53421317, -129.782466236, -2146.4618963, -1.1698522935e+24
882.683200337, 1529.38831061, 3248.85753417, -5.53705432069e+23
-2674.08355054, 3325.92370942, 2384.22227151, -6.30972040201e+24
-6426.54580331, 1399.77746835, 1938.93689809, -8.77185169753e+25
387.937825346, 2434.22640077, -5125.4850113, -7.84168026794e+24
-518.291978113, -4501.41045809, 1006.53361015, -1.51611346315e+25
3026.36115777, -2718.98379059, 7164.4293765, -2.44159000182e+26
-415.883972885, -6769.30818087, -1652.17004601, -1.61909957878e+26
5105.31492926, 314.866072912, -2488.20978628, -2.83302186365e+25
-2159.7681341, 962.181638302, 1257.04695746, -9.53904054295e+22
2417.01761999, -458.349177999, 1265.95646413, -1.47073828526e+23
3334.53765585, -3354.7655248, -498.664028663, -2.44803354159e+24
2385.55720288, -688.72720863, -151.855551753, -1.39262362487e+22
5857.02184996, 2682.9714555, -6689.63684792, -1.45137345647e+27
67.388811153, -2294.30167463, -2802.32437826, -3.87934654213e+23
-1091.78060972, -4602.71186346, 2709.13826699, -3.38893008319e+25
-1982.35479793, 3008.64790563, 2676.63714088, -3.93636253437e+24
4766.86321649, 1400.50052828, 1354.16064186, -2.70253005442e+25
-926.853966129, 1681.98621971, -4841.40703674, -3.72297770416e+24
4169.08878672, 3561.51557583, -3638.18813962, -2.70722988862e+25
926.112298335, 5011.18755584, -689.650610454, -3.02870235463e+25
4437.94754218, 1214.02390359, 781.248180152, -1.03891174899e+25
3320.27508586, -2772.59266795, -1169.28932433, -1.77582752092e+24
-1598.86455647, -265.066387146, 3337.23857765, -1.89063344614e+24
-1486.64413677, 4517.76721289, -2519.73484096, -3.71135369028e+25
-4561.36956794, -1557.6814615, 2613.75934898, -1.37327265267e+25
-6216.43288233, 114.105435015, -5518.4422308, -1.35670937129e+27
3029.08177878, 4527.63092944, -6142.46089599, -1.83700414438e+26
-74.8516012138, 1210.79768305, -4781.83736835, -3.84718449496e+24
1800.63038707, -778.665342542, -2363.36148364, -5.92863985615e+23
-52.7080846111, -3041.79156386, -1011.83306385, -2.2637504757e+23
-2565.58871622, -5996.53817119, -5553.15946462, -1.88373600816e+26
