-0.501592322533, -3.71433979084, -4.93927646477, -37.0949901813
-0.500452295742, -4.01270094184, -4.8723979735, -0.0183768794473
-0.497462578161, -4.0208191702, -4.88118249538, -0.0182627430774
-0.504926611374, -4.01961675144, -4.91640353574, -0.336709613807
-0.548908769669, -4.20540080539, -4.99695504331, -17.5251954855
-0.57072139722, -4.02331096094, -4.89871155436, -1.41561248798
-0.441357747277, -4.04442505804, -4.9656961716, -2.87757434769
-0.50751955191, -4.04737891871, -4.90419863454, -0.453264426181
-0.533095350342, -4.01300287657, -4.88442451929, -0.288823228844
-0.441450805395, -3.99955011771, -4.86221625976, -0.995234050388
-0.498758778935, -4.03100744266, -4.88151197156, -0.0846154453746
-0.704131048216, -4.0426428549, -4.91049662843, -13.243403341
-0.500466503663, -4.01615654493, -4.88166011634, -0.00348508805748
-0.501823800287, -4.01753621216, -4.89377497841, -0.0491106587032
-0.498651594318, -3.98205464679, -4.87323984329, -0.25923179523
-0.495764576752, -4.00550600628, -4.86723210979, -0.064187755075
-0.51247767674, -4.02657166612, -4.86859506297, -0.126832963312
-0.494703408917, -4.03643522048, -4.88765909576, -0.15718141451
-0.490214395939, -4.00839758008, -4.84591065685, -0.334304893579
-0.489806671069, -4.00861543648, -4.83686094505, -0.520897071212
-0.442807500002, -4.13192393093, -4.87088956599, -4.6112051968
-0.430936221332, -4.02006691061, -4.9664133004, -3.03850312939
-0.401458453469, -3.97490301134, -4.98395828025, -6.04912056649
-0.588934455822, -4.99903686921, -4.88168946133, -96.5558129939
-1.90747323022, 3.92113443248, -4.99999976356, -140.058094233
-1.52095184613, 3.74221712665, -4.9999992875, -7.70687211094
-1.9215250829, -2.86014369869, -4.99999999699, -306.992492948
-1.20929251726, 4.16757977047, -4.99038296045, -95.9257079648
-1.52049968743, 3.74227818199, -4.99999972468, -7.72868546349
-1.52102952862, 3.7425663271, -4.99995550479, -7.77546432403
-1.52067607904, 3.74225332016, -4.99995510688, -7.75897232274
-1.52110526295, 3.69027556289, -4.99993270984, -60.9324438767
-1.52074443762, 3.74312506923, -4.99994434762, -7.77768833374
-1.92401098627, 4.93811346932, -4.91050676546, -209.59582757
-0.693745443806, 2.43023924214, -4.94140341949, -449.364914889
-1.46461799627, 3.95910219358, -4.90849194396, -73.17871197
-1.26494860527, 3.69933194307, -4.95006477536, -43.8010630631
-1.37693148994, 3.73428673193, -4.937602067, -27.7855343898
-1.63455223658, 4.96350065039, -4.91479306531, -208.699021978
-1.13307911083, 4.21653205887, -4.99098312132, -136.003200294
-0.652457208384, -1.17890005534, -4.99949802755, -827.640953529
-0.364359815957, -3.0481831056, -4.81771863831, -197.002939098
-0.934339269715, -3.61539831991, -4.9982089088, -92.8897895007
-1.02641731404, -4.99935332664, -4.9069258473, -123.369388971
-0.177837221559, -4.10076188439, -4.93546841507, -24.81476861
-1.15441003149, -4.900009999, -4.90247480516, -119.316421255
-0.547264960883, -3.99330426398, -4.89867519789, -0.768421867811
-0.935170489754, -4.71461635293, -4.9271982143, -96.8147503608
-0.532205469281, -3.86301242872, -4.92817066692, -8.35716232063
1.45646866062, -3.99755503826, -4.9022006992, -239.216738232
-0.509395843742, -4.01076906373, -4.84519881785, -0.348046036318
-0.722595588443, -3.99891099828, -4.86544257831, -13.5266655051
-0.485065671266, -4.01537123693, -4.85052261856, -0.288282009511
-0.492832491131, -3.94027692911, -4.95671909354, -3.15614534373
-0.503278504356, -4.03051309237, -4.89019024549, -0.104737026942
-2.10968991165, -1.63902372849, -4.83885125812, -572.580051626
-0.498381740975, -3.99933219805, -4.88155785216, -0.0456949212449
-0.453671005719, -4.17090747744, -4.87799082318, -7.440721135
-0.507635702916, -4.0127381199, -4.86919431796, -0.0505551356738
-0.503689509514, -3.99896160344, -4.95950414253, -1.70785480238
-0.516995669317, -4.03511209785, -4.86503435415, -0.261179550726
-1.37165376936, -3.93021890657, -4.84720571114, -125.505106947
-0.51480905392, -3.9879746582, -4.61512727915, -29.2812557942
-0.82461963759, 0.0520744273343, -4.9981645388, -987.143904361
-0.502018961922, -4.01212352329, -4.88026502861, -0.00152493950066
-0.431336838202, -4.02660888863, -4.81170510929, -2.58095152896
-0.499431032759, -4.04610249559, -4.82399856236, -1.1096037458
-0.499034908069, -4.01568727814, -4.84380498612, -0.350913770116
-0.474333063607, -4.00328232919, -4.87305012076, -0.198656699303
-0.528671723831, -4.00964188992, -4.87171354007, -0.237501670081
-0.445395074812, -4.00507504194, -4.67519488583, -16.945713943
-0.484106925634, -4.0038040864, -4.91549936119, -0.381023603976
-0.417132470361, -3.67257342435, -4.95792372607, -45.7511956489
-0.486689626431, -4.01365223051, -4.91114320478, -0.268601945122
0.650941805039, 4.91908283451, -4.88186894889, -602.980803617
-0.464893445576, -4.11296442793, -4.87587368838, -3.01966913013
-0.590263136749, -4.21832135743, -4.8599247966, -17.8473825358
-0.49214293696, -3.99687764335, -4.8572711211, -0.219551792505
-1.22111643516, 2.00514033333, -4.91094792327, -356.607680575
-0.288668091313, -3.48165877472, -4.87854116408, -105.358514175
-0.520393817744, -4.01247744153, -4.88374685485, -0.111029544982
-4.0259814232, -0.786851560317, -4.90012025332, -851.168381908
-0.533925013018, -4.03845722737, -4.89306830408, -0.497581435046
-0.503452409334, -4.01901330138, -4.89042627099, -0.0369806999861
-0.498949835792, -4.06650789308, -4.88612744384, -0.743333371983
-0.307952466697, -4.01298731414, -4.80766858657, -12.298139746
-0.891803298818, -4.01506114022, -4.8660090423, -44.8113933377
-0.501147098432, -4.01546717515, -4.81996879529, -0.959188564835
-0.369166837159, -4.06294096872, -4.89199539376, -4.74227442018
-0.635980922165, -4.00362809667, -4.83223669185, -5.34275806552
-0.484047137924, -4.68180410409, -4.88310380064, -75.8775953558
-0.500372859968, -4.01285598855, -4.88079970681, -0.000135197243089
-0.528805093212, -4.07327875227, -4.88187578628, -1.15694168577
-0.508299547124, -4.05881966967, -4.75715178344, -5.28839411707
-0.497626281487, -3.99347765443, -4.85873825802, -0.219249546317
-0.498067341845, -4.0103266212, -4.88055500683, -0.00200726009802
-0.500363404374, -4.01292225051, -4.88109465156, -0.000149369043772
-0.481640296841, -4.00895788487, -4.88173274169, -0.0848732748463
-0.495911377948, -4.02683559769, -4.89337509004, -0.0932333188656
-0.499453195122, -4.01475698948, -4.87991563084, -0.00143398034906
-0.506235757944, -4.03232829607, -4.91163606106, -0.339725589133
-0.496204800066, -4.01307381956, -4.89498140795, -0.0531704993772
-0.415937557127, -3.9880854417, -4.83911286248, -2.60807019534
-0.500716270986, -3.96130999329, -4.87682153691, -0.704946058329
-0.566772988045, -4.0162120045, -4.87937165318, -1.14619068703
-0.505044143366, -4.01915720142, -4.88216318804, -0.0184642291763
-0.475560016903, -4.00829909622, -4.88231086174, -0.149975517161
-0.501427113206, -4.01176278689, -4.88196483816, -0.00122296580222
-0.491933655044, -4.01282739207, -4.88726454168, -0.0254455443126
-0.500494821, -3.99997206239, -4.88038538474, -0.0411361741456
-0.499683024752, -4.01212702186, -4.8808060037, -5.79545133722e-05
-0.498840061416, -4.01304040231, -4.88178294946, -0.000432213335252
-0.503633773526, -4.01497121295, -4.91876757834, -0.369288297139
-0.499784424838, -4.01268587854, -4.88166829005, -0.000154216744684
-0.561847484013, -4.01067906771, -4.64707113664, -22.6627387863
-0.503323769152, -4.0141475957, -4.8806343847, -0.0039520362905
-0.499886356542, -4.00728628176, -4.81560448704, -1.12063076658
-0.50223014291, -4.01228066036, -4.8802502656, -0.00175869764836
-0.448107209334, -4.02489077772, -4.88279393045, -0.688904016972
-0.513489632523, -4.00821404775, -4.88457376963, -0.056870695684
-0.504495544407, -4.01345959879, -4.8692409754, -0.040165731014
1.49133145879, -4.02656285612, -4.884301031, -245.445268834
-0.603810190731, -4.00742307544, -4.88403086886, -2.7621044738
-0.497491099019, -4.03721610719, -4.8844164963, -0.153672489058
-0.509441344505, -4.01034852987, -4.88282248716, -0.0263214843015
-0.497175254956, -3.48246507736, -4.8792782161, -87.4478396092
-0.539560262132, -4.03365022547, -4.88264193066, -0.507384218551
-0.574630248409, -4.01681799086, -4.88448453712, -1.44356420158
-0.499566585261, -4.01574983071, -4.88399552702, -0.00492154248168
-0.504592428274, -4.01028227979, -4.9975516237, -3.93675423985
-0.499773325413, -4.02782731675, -4.87923259014, -0.0584421214457
-0.508519997999, -4.01799453163, -4.8556261175, -0.187669866408
-0.230780218284, -3.97565644488, -4.90930052672, -20.7701635274
-0.492853647245, -4.01709223835, -4.89853953029, -0.0950549116183
-0.502025741153, -4.01483815075, -4.88331205327, -0.00410059342403
-0.512799710385, -3.96783753284, -4.87453764569, -0.582703174387
-0.496096574186, -3.93293566342, -4.90508703557, -1.91817995955
-0.502896888516, -4.00920464218, -4.87777248183, -0.00801614876815
-0.346321086127, -4.02521407004, -4.88951850152, -5.85669801381
-0.443832855856, -4.07882019845, -4.80641860433, -3.34677743694
-1.52081699477, 3.7421215749, -4.99999310529, -7.73045821903
-1.48099169347, 3.80805581331, -4.99999810569, -74.6365762956
-1.52665500165, 3.86614000754, -4.99072635112, -61.0604998938
-1.51202982768, 3.74583649042, -4.99998366928, -10.29507579
-1.99562453751, 3.72420594482, -4.99449432756, -96.0084434424
-1.52674514608, 3.72989529697, -4.99992747414, -12.05104992
-2.17439100251, -1.46341958056, -4.99951356436, -626.142554051
-0.946183488252, -4.99900009999, -4.89535833695, -115.831463889
-0.879325169109, -4.90456760842, -4.96482817338, -107.266712052
1.01144346255, -1.7084926604, -4.94673801603, -784.847494024
-0.83757240756, 4.90039726368, -4.92412750376, -284.291205714
-0.453001580578, -3.9916939201, -4.90036130862, -0.735199481004
-1.47980410857, 4.90031350222, -4.93317636514, -230.330638258
-1.63606589487, -4.39308788405, -4.91469515341, -152.672944941
-0.987539108523, 2.49805236765, -4.80833180986, -380.484081694
-0.603816141031, -4.16810876098, -4.84775499712, -11.3306121694
-1.67166941885, -2.36742420625, -4.90585772269, -386.091631904
-0.828101637269, -1.2791856307, -4.96116014991, -686.455769499
-0.221720533089, -3.96707621539, -4.86130177886, -24.2820711616
-0.441481306749, -3.99181626709, -4.8932985041, -0.970120544644
-0.507058244361, -4.01440549791, -4.88200529223, -0.0148555837985
-0.736853907272, -3.99065948328, -4.87705234625, -15.491365738
-0.151746003874, -1.31076807964, -4.90731192749, -816.605083395
-0.0763309361647, -4.98852852838, -4.90873362203, -91.2187172977
-0.500151485783, -4.01107758209, -4.88064828823, -0.000653988225549
-0.427032044352, -3.71644075173, -4.81042875348, -42.9729591465
-0.564142897604, -3.8433009162, -4.87497976131, -10.4188867529
-0.48251457378, -1.90342082403, -4.86872386197, -526.402457617
-0.548974149676, -4.01328841954, -4.8776116642, -0.611710102801
-0.503222510443, -4.00638144805, -4.90713400616, -0.189243380556
0.916920343193, -3.32593899191, -4.92886052207, -256.078642899
-0.497078666361, -4.01053811856, -4.8806689222, -0.00282027451603
-0.499376073441, -4.01217021369, -4.87965085207, -0.000465074553707
-0.496317216333, -4.01764370149, -4.88626171053, -0.0164909306478
-0.52137794805, -4.00038118747, -4.90707031152, -0.338998164929
-0.54181123141, -4.0199742468, -4.91828439548, -0.843648933851
-0.500159940581, -4.04637358793, -4.87766135629, -0.284449577413
-0.500693794353, -4.01176097523, -4.88061004636, -0.00044994486518
-0.621952413509, -3.97526187343, -4.82444322116, -4.97606828839
-0.529184698984, -4.01043238399, -4.8783080349, -0.22449255525
-0.500395706175, -4.01039304195, -4.88173180694, -0.001535911471
-1.33108561014, -4.4258482904, -4.87406004083, -129.809867659
-0.544404797141, -4.00252008082, -4.87523389527, -0.541056140212
-0.501773180479, -4.01148458445, -4.88325079992, -0.00280631880544
-0.452029329022, -4.00579660624, -4.85492367127, -0.758506626709
-0.532485039294, -4.00838788147, -4.87881399977, -0.280315974943
-0.500871854203, -4.01209249085, -4.87942471637, -0.000964672542079
-0.470600215723, -4.57055093738, -4.88231877412, -60.8685438569
-0.499167928836, -4.01540993021, -4.88049553943, -0.00210539164228
-0.509805536008, -4.01254698272, -4.88720873737, -0.0361424272873
-0.501867028348, -4.01252097014, -4.88098842947, -0.00119720718478
-0.500426041239, -3.91866844058, -4.76167841009, -6.88439517258
-0.493381375671, -4.01146802093, -4.88104385287, -0.0104120304443
-0.477105909736, -4.04901673208, -4.97428589206, -2.69949599967
-0.521136668745, -4.04028616452, -4.8813919713, -0.304447915283
-0.492769095409, -4.01470198676, -4.87967307424, -0.0135324736203
-0.502035913382, -4.00970704234, -4.87301307153, -0.0192296980895
-0.503498996359, -4.0140044748, -4.88358576937, -0.00597740299643
-0.502913409853, -4.0096508777, -4.90196606815, -0.118342576598
-0.496467610902, -4.00095333024, -4.87848376926, -0.0387911478759
-188.37314586, -164.568566222, 198.687326138, -9.36712239844e+14
-256.9812565, 367.823432749, 100.632598034, -2.6179914161e+16
338.811873655, -78.9960788814, -248.767405241, -6.07821761507e+16
125.137354522, -382.790568341, -69.6897665485, -2.17904503486e+16
41.3556873469, 5.96309711268, 69.4321071658, -105396.721726
-244.783491056, -124.594801273, -152.271333645, -5.48766578934e+15
-41.6954029862, -14.4858133093, 445.725488787, -5.22216050579e+16
-53.8843730864, 429.120487601, 15.5108711384, -7.02162246054e+16
430.011570964, 158.873991938, -60.8923883518, -4.59272625677e+16
167.724498864, -272.565988821, 231.429165995, -1.41583398253e+16
-22.9418186869, -103.673258438, 217.178587604, -1.09359849752e+14
72.0639964666, -153.246315494, 325.40421031, -2.18705398262e+15
149.641772092, -56.571711802, 283.182420356, -2.91351346832e+15
346.791311957, 105.175590039, 25.1017142809, -1.12235678851e+16
-275.536525113, -280.645511346, 72.7323648264, -9.17588064594e+15
168.443615033, -231.653468332, 330.777665443, -1.60496259657e+16
434.41117862, -66.2863681365, 189.03601541, -1.14251153095e+17
57.2582790622, 222.645687899, 222.937232527, -7.05563608041e+14
-525.624733832, 139.565469727, -149.388317868, -2.37319870698e+17
276.865067862, -150.02823346, 11.9959116951, -5.50756882362e+14
-233.521580626, -134.51119996, 46.4071045699, -5.40772750922e+14
8.69870199117, 97.1055574112, -177.390157609, -1.79163880548e+13
-200.015641426, -53.7855587834, 172.027050435, -8.47267894977e+14
-299.146887979, 220.510596815, 275.759120381, -9.49102260934e+16
239.878215231, -241.617106484, 429.06168044, -1.01391839445e+17
188.251368478, -314.935441822, 434.704800563, -1.31057848206e+17
332.359059424, -20.8393317308, -219.359339271, -2.84283157189e+16
207.283073908, -11.5458517442, -281.152797639, -1.50436754016e+16
139.388419099, -78.8010106777, 32.255315526, -4.08885752067e+12
-372.646994094, -113.083407697, -6.90022834854, -1.7670516506e+16
107.617762144, -7.10169778197, -45.0364913302, -351735.136268
-86.0204435284, 132.746514588, 246.912844254, -2.86457017113e+15
-226.785545787, -16.598608104, -31.2748706937, -2.86376345432e+14
42.2850912528, -160.918863599, -49.8248604474, -1.52096779957e+13
-1.4857360609, -190.036678748, 34.2590723256, -1.3773848629e+14
-98.7991887932, -192.384094646, -124.24345223, -1.28049780247e+14
-17.9568611923, 439.474434994, 25.0432059321, -7.84160961311e+16
-77.4371757221, -79.7412251124, 185.087644471, -8.96726531637e+13
-21.2687675991, -189.793953172, -339.292305823, -8.40495736966e+15
-204.051096006, 412.638203491, 129.602778232, -4.28466489444e+16
211.859664022, 7.72381204196, -170.346596528, -1.4555179407e+15
-212.01439476, 284.137750783, 217.816127256, -1.83595675672e+16
229.778633872, -55.69666144, -177.78588833, -3.40304502092e+15
42.7912221485, -353.967073828, 396.39048303, -1.16697602199e+17
43.8639288764, -159.103892847, 20.8299192502, -3.34698991492e+13
-173.793880309, -484.159026679, -67.4809057035, -1.42653671954e+17
-118.976409876, 92.1386262798, -18.3694198376, -2.90558386463e+12
25.7513384241, -25.2079514367, 192.764745369, -3.84284786066e+13
-381.520231869, 241.407316515, -227.633039259, -7.29549601957e+16
27.262617284, 262.008983708, 439.69661781, -8.83813169558e+16
159.635030237, -78.7235263328, -176.825529267, -1.09805999823e+15
-174.169889421, 508.555368058, 308.211499982, -2.18953089959e+17
244.369067451, 182.039112417, -477.281296724, -2.3070671584e+17
-11.4861094973, -436.629521762, 237.995132915, -2.1405564344e+17
147.858929104, -151.047379345, 430.567288701, -2.780033612e+16
-3.15619372806, -12.1916029808, 331.092183721, -3.87676269777e+15
354.012224868, -121.932454031, -51.2020720823, -4.16389093488e+15
-201.167130998, 122.201955341, 26.3548865699, -6.19408447008e+13
363.696845357, 449.206764827, -82.4776557674, -2.26998633003e+17
232.2267811, 89.0074762854, 145.792518216, -3.04564472583e+15
-115.473190546, -8.71709017427, 155.849518058, -1.24236224376e+14
6.67511827337, 173.407309019, -231.451199859, -5.8063521026e+14
360.455227781, 511.680753142, 397.251273675, -1.2832470701e+18
209.750180986, -135.944549762, 84.0857471271, -2.66111709414e+14
-225.85929685, 260.548716134, 134.953792051, -4.57938132364e+15
269.350753647, -135.62064534, 145.454920455, -3.05198326339e+15
-183.310522166, -67.2560351785, -35.3286581657, -1.14857993975e+14
251.890021261, -84.1060410798, 11.0040841797, -2.33731299558e+14
419.496334383, -31.7115793836, 210.017294911, -1.24504761156e+17
236.799090631, 25.0347226241, 464.626705879, -1.70354216988e+17
135.026888585, 19.4105624409, 95.0096456325, -3.94959338149e+13
-129.984282764, 185.15981023, -157.783794885, -8.73730932701e+14
-460.306876478, 307.689106993, -484.561067389, -1.74710406829e+18
-464.312528688, 184.180929253, -64.7139290293, -4.08469729742e+16
108.283341583, 55.2666087654, 52.4931911616, -295876.351587
-83.4935818206, -245.408498311, 319.875054374, -8.48822156356e+15
-25.2263844425, 436.071669443, 178.213432881, -3.70456887723e+16
-59.7415938267, 182.692590034, -181.683349342, -6.37272203472e+14
147.317815858, 145.025564651, -372.387433843, -1.89068270369e+16
-81.1460128618, -95.902716403, -93.9930116358, -7.6314425847e+12
271.311494828, 372.411115913, 107.203276747, -4.03173621863e+16
109.047485309, 221.265335282, -420.622166717, -2.75945367659e+16
-274.80469146, -339.419315347, -381.265614906, -2.39329521522e+17
-183.043872829, -402.778698683, 314.865545497, -1.57342239433e+17
98.8858622901, 217.259181057, 404.977557744, -3.68037891328e+16
-350.428146489, 117.656692627, -424.372541985, -3.45064193893e+17
-48.5304455308, 211.481930356, -167.818875493, -1.30593405939e+15
211.256708157, 18.4686640357, -33.1490230791, -8.67160645784e+13
340.341682695, -110.926650995, 177.682918553, -1.97483067816e+16
384.576529154, 238.761220055, 193.448020613, -1.61928359681e+17
340.356622865, -219.599712693, -185.784712017, -4.17149672744e+16
-294.091639117, 412.373052963, 36.4713513317, -8.25221219334e+16
172.65296721, -182.797851728, -256.722676062, -1.36917023644e+16
494.065196267, -319.065056599, 1.90220727853, -7.90313648902e+16
-263.53824608, 102.063679184, 247.124765872, -2.48882548278e+16
425.393371441, 158.715808762, -348.309360291, -2.66492154207e+17
-491.855413478, 98.780309255, 390.834049493, -1.48470072176e+18
215.1486321, -9.61364372385, 445.732451707, -9.83791207781e+16
-54.9525550565, 215.86600853, -306.692012325, -4.75833134271e+15
146.521715238, 122.887599317, 349.667518526, -1.52014170805e+16
-335.119514158, -12.9715922536, -133.125693866, -1.61152905583e+16
-361.684378395, -262.497489758, -132.848108, -8.39438445018e+16
417.14677774, 207.420124776, 329.697725909, -6.43140501194e+17
-174.586400206, 162.923706491, 349.315433613, -6.72751057782e+16
-36.0173665722, -172.044017997, 8.57936388014, -4.77590864481e+13
-65.8609759866, -157.938443689, -135.922740518, -3.05985112939e+13
-228.586530908, 278.660478997, 401.161793415, -3.45834658892e+17
287.461906906, 365.357635692, -520.79823194, -5.11401096445e+17
-389.571563387, -97.9369701394, 8.93501825043, -2.00395767847e+16
485.834357594, 43.8405147487, -10.6455680223, -8.01842826746e+16
-156.44946479, -180.50726492, 87.6684818311, -2.17225114816e+14
-270.796969614, 115.807215817, 62.8607918598, -7.13207626422e+14
-180.082323488, 201.612122221, 65.0852795812, -3.74381455543e+14
20.1608414993, 468.549476002, -273.833599268, -4.22866489625e+17
440.517255707, -136.385586967, -220.495368098, -1.57638289026e+17
22.3150381695, -4.30866211146, 14.4396044669, -12150.5899711
107.897289917, -156.755022732, 307.473012265, -2.41566309363e+15
-22.7958386234, -47.1745912314, 117.618164675, -282699.360203
13.0719695059, 65.6388698782, -336.687524114, -2.60450459242e+15
282.793384659, 139.29241677, -391.3609764, -1.16352528992e+17
-84.460159827, -407.76143509, 16.4479337789, -4.76192282016e+16
201.545928015, -19.5854508562, 58.9512323236, -1.43483472781e+14
329.881905406, -383.021947765, 43.9185305829, -7.3191241785e+16
-153.543213571, -57.2544345525, -102.002574741, -1.28000341195e+14
227.208568252, 83.6335944987, 44.6059325183, -6.18802174624e+14
-34.1569666782, 3.51997095479, -171.768177303, -1.09474068177e+13
-414.167960384, -233.708092502, -362.949352399, -8.61212495834e+17
-169.781471624, 193.179896893, 480.165214287, -4.69301952501e+17
-467.655512499, 81.7299766914, -173.340771517, -1.53728016458e+17
59.3924887022, 135.694456246, -138.637815683, -4.29302946509e+13
176.89622447, -372.196803858, 106.344445463, -5.07237932858e+16
4.25039266384, -30.3224888133, -99.242525503, -260544.21787
-343.552353397, 155.511446417, 24.1442796276, -2.62864233229e+15
-112.882988244, -86.7116826097, 183.398548237, -1.64239216485e+14
464.536807883, -172.539064359, -304.906156795, -6.05886447132e+17
-283.252872951, 375.021626906, 147.976630278, -3.91136793731e+16
410.526429496, -497.734048781, 133.847867493, -7.73498422917e+17
416.983761726, 175.671402425, -249.196547259, -7.42806403748e+16
14.0193186858, 294.888176227, 452.10374862, -1.29304591195e+17
396.419853343, 217.338054306, -21.8144325797, -4.36525826537e+16
3.65064072144, 97.1001657839, 197.916006975, -1.57897328596e+14
-217.176457089, 106.421102963, 304.538486918, -3.95827704979e+16
123.189482179, -105.480510157, 31.1177084108, -5.27114346666e+12
-407.899292284, 133.278660817, -260.144224628, -1.39201425234e+17
497.217089681, 309.520430388, -390.94736544, -6.51371580846e+17
163.029198457, 98.8635741562, -75.7405368048, -3.19403285611e+13
-111.751068032, 30.373118111, 359.726172766, -2.50280774401e+16
-36.9070186522, 29.552083678, 53.2357253847, -16939.6178327
44.5227644824, -77.097091615, -76.440603639, -355182.657387
-10.3136553698, 366.428513937, 123.931215303, -1.04039383616e+16
-54.9138370172, 63.0777258086, 125.371478066, -1.75037149811e+13
-273.967621951, 157.599022892, 370.624226973, -2.27804663572e+17
310.702321381, 160.342914361, -338.995945582, -6.84800528779e+16
-386.469807343, -79.5807752024, 20.4456245785, -1.57080202763e+16
-194.757118941, 180.391583196, -473.344375004, -8.26341968217e+16
202.009749414, 282.211694372, -62.488481312, -4.65176846357e+15
209.918522056, 3.57530344625, 63.2480928891, -2.47152722214e+14
-15.6287984349, -168.651428973, -140.401949481, -2.35568180692e+13
201.634766601, 128.53661835, -381.392433786, -4.36996679621e+16
273.550309637, -191.195410024, 21.9713101463, -9.55695106997e+14
131.197306869, -24.8771305355, 89.1981278373, -2.08344315551e+13
178.850355347, 39.4332286546, 311.291821306, -1.05734783188e+16
287.290789876, 7.7112829113, -296.927700849, -4.91219027357e+16
51.3821119606, 286.406354497, -192.141328965, -9.24223304057e+15
48.1380190556, -351.737010324, -68.5120284725, -9.66576522944e+15
90.8727681236, 333.358243571, -124.701275176, -1.80648690699e+16
-174.764336981, -188.623637652, -16.3586124164, -3.7054334083e+14
32.0891900897, 154.473328257, 11.4178522768, -1.75625829845e+13
-288.862042052, -30.3684781419, 136.008839633, -2.46475416268e+15
-111.65272702, -70.81646567, -136.550568554, -7.19049013568e+13
-4.68472354884, -133.078969916, 185.918157864, -7.49619672761e+13
-115.815430821, 219.213533997, 173.387044285, -1.23309612704e+15
-81.1115277694, -303.573019009, -187.713485873, -1.77338670471e+15
68.8422053951, 88.5596815031, 219.615373749, -2.79512873458e+14
-9.90153162478, -523.527058131, -244.719546764, -1.3529126133e+17
415.820567712, -264.357758627, 188.272706508, -7.84234179898e+16
-35.7504673662, -401.438254631, 3.36152093441, -3.974465118e+16
-8.68280488049, -321.671699534, 138.122707876, -1.4954040739e+16
350.713046944, 438.971133822, -483.17642593, -8.01844180185e+17
-193.089211621, 62.4134969979, -149.619754113, -6.14325283929e+14
255.950601924, -374.294023598, 175.455948067, -9.55201262627e+16
278.828928934, 358.55332554, 203.597452786, -6.26195839851e+16
43.2553807603, -78.9633580277, -84.6933000366, -392289.634725
-175.556095481, -369.731009569, -38.104627209, -1.93876988141e+16
8.66868748708, 348.229803408, -41.6403262834, -1.6970730884e+16
-12.6322606616, 255.764025823, -441.549407529, -3.1352712564e+16
-143.82594417, 38.1186769493, -11.2595225699, -3.13867441175e+12
-88.2392220794, 179.097648799, -512.151904552, -5.25681719959e+16
242.993772328, 141.399500018, -230.385631702, -4.66184115934e+15
70.0188913269, -271.826135774, 163.277021183, -6.1058447122e+15
45.2298394169, 324.755701248, 325.102689338, -1.4264438624e+16
461.389212945, 92.4370892251, -284.090092971, -2.19615935609e+17
-37.2640364596, -67.6680377382, -51.9695780836, -221645.106489
411.088720572, 147.393155178, -158.715896907, -3.19600525037e+16
-3.11256125536, 340.446303718, 6.45493624163, -1.0943787777e+16
283.234765255, 104.199194461, 143.164700971, -9.71899188625e+15
-3.85729793629, 31.2213942133, 151.141157976, -1.40631751966e+13
-181.28581025, -18.926456257, 71.9933974165, -4.02551657542e+13
64.7574942147, 481.337040499, -137.06883446, -2.95673136784e+17
-201.775159483, 540.337473112, 116.578659245, -3.63784874893e+17
294.235503336, -197.090394083, -201.552706176, -2.7156781659e+16
45.9867396171, 254.102019198, -94.3853033955, -2.10526229207e+15
-154.832977984, 5.6246962056, -283.05929394, -3.5965376415e+15
75.4351760429, 20.0757090103, -165.805842636, -5.59347813125e+13
-82.2742071309, -127.367301397, -422.41447444, -2.82334885886e+16
270.126415028, 68.2915016829, -369.40968911, -9.60450461346e+16
295.793435776, 283.774339406, 288.973384831, -1.1474897917e+17
-59.9124335196, 359.714183971, 42.6330542483, -1.48945418114e+16
-290.87585691, 290.530746164, 90.2008997032, -9.39738550726e+15
109.732328576, 388.723346908, 21.2940208279, -2.83850510791e+16
-160.731460515, 261.49191058, -186.063813856, -9.05473764117e+15
257.010988144, -202.055813838, 133.740477344, -3.23370268156e+15
-85.4931288726, -287.857172132, -205.458049737, -1.42496560443e+15
191.861726775, 38.1634054281, -132.65929049, -3.04849576486e+14
-35.181312362, -153.733533838, -353.971039935, -8.86341608007e+15
128.157963058, -329.814068437, 254.967342574, -4.41121523824e+16
159.82899838, 289.332005412, -324.871565243, -2.31120633637e+16
-151.576293012, -66.6761862034, 7.61736664556, -1.57976032204e+13
228.019959017, -27.3899608011, 136.652457679, -1.34409366159e+15
-372.501231386, 17.4196397755, -213.594384683, -6.73295929331e+16
297.085635192, -510.664353325, 227.207665748, -9.8343625021e+17
-262.994404997, 431.032814491, 520.973880446, -2.68374255781e+18
197.78258634, 48.8366951319, -81.0224479187, -9.72908675616e+13
-310.53951698, -335.559033939, 91.3951793897, -3.17083460432e+16
364.105302863, 469.740904691, -248.677981668, -4.24436279352e+17
-177.31861971, 117.168810273, -134.104307227, -3.08275895345e+14
78.7237239145, 170.168273108, 248.085617856, -1.07464988416e+15
215.307648133, -291.688660689, 200.267765109, -2.11753343509e+16
82.0409161696, -272.482066506, 239.226145437, -1.05876332498e+16
371.620935216, -45.4993424523, 11.5680359667, -6.91662325979e+15
-21.5439814951, -340.213800966, 495.097606097, -1.5604474259e+17
2.07123695133, 60.7772559392, -35.6593102489, -108984.926571
39.9065703128, -51.5377112893, -7.35135712542, -109043.907353
145.318812085, 450.314450784, 137.298844792, -6.04371129375e+16
-443.358469813, 219.401702848, -93.9218777275, -3.94713320813e+16
-249.154135125, -92.3711020174, 32.5961664987, -5.98337648656e+14
-279.503196347, -157.87222748, 390.477324585, -1.06361761701e+17
339.175963166, 172.38196932, -447.724151794, -3.77605034766e+17
-419.566296458, 398.133613678, -125.775571795, -2.30194628692e+17
-197.194405558, 61.7042293999, 193.623395735, -2.74484868779e+15
-38.1147860296, -293.126433067, 266.483219753, -1.58465576847e+16
177.628789793, 35.3484642041, 241.52881084, -3.30093498412e+15
211.617210098, -12.3163646198, -181.527912197, -2.10957362522e+15
-379.425243838, -68.3516490752, 277.468903949, -8.18712229509e+16
11.9262134693, 509.691385377, -155.855093392, -5.02921897346e+17
66.7289371542, 218.907293049, 405.382074049, -3.67120326147e+16
-160.478301918, 83.6622918877, 205.026577341, -2.27614220948e+15
-126.157040219, 49.3424750733, -154.102678663, -9.84251417225e+13
-216.193243509, -29.6596474795, -14.3416169257, -1.77524213638e+14
13.7245706456, -209.581959653, -86.2252928823, -9.71292801031e+13
-234.550947191, -39.0029994045, 331.635765801, -4.13916364094e+16
-127.157319837, -231.383603193, 149.869114843, -1.50366651311e+15
388.038858689, -194.527949244, 233.191385003, -7.39444107431e+16
194.23683445, 355.597043509, 344.38930599, -6.00202660187e+16
20.7657254361, 74.9124351535, -49.6231392506, -195478.686622
-279.312875437, -30.2798726201, 15.7441651627, -9.23810674324e+14
-42.4316013565, 0.109615884828, -440.614627075, -2.40215701911e+16
-97.5574975146, 145.334250605, 192.395439989, -8.84179753595e+14
-291.166387719, 464.448458559, -191.140256747, -4.97992129275e+17
-188.832483738, -48.6129074685, 52.5729331733, -4.48217999423e+13
-317.018734833, -304.086338833, 148.51369437, -2.19657513468e+16
357.337159226, 80.4681516022, -95.7603948705, -7.4780081553e+15
-394.720885433, -485.875737594, 130.161009872, -4.49737739833e+17
411.290429681, -397.136825903, -211.455648681, -2.74837273566e+17
-198.637065349, -137.382234668, -133.287477161, -1.52242456948e+15
21.8846994111, 2.63043228037, 61.792365313, -67125.3650144
305.016119246, 136.168653955, -23.1496037639, -3.98011210971e+15
-72.1973911518, -172.898654399, -326.993539092, -5.22127131617e+15
-218.430287563, -58.3671484385, 219.221556505, -3.51829439598e+15
-137.944469366, -234.229917071, 342.296423279, -1.22079748095e+16
-131.341166781, -68.6284779312, -90.2818473753, -4.75120796821e+13
-228.269583065, 124.554479162, 82.7572027022, -4.6857195903e+14
250.550090375, 80.8146978327, 42.0673773168, -1.13579209951e+15
-245.240220442, -198.977612039, -109.724933288, -5.37905811182e+15
-59.3742037773, 20.6956510495, -75.3554549635, -222209.063692
190.952248078, -269.20509289, -14.9607046839, -2.49210323497e+15
-84.5942077635, -34.3449355767, -90.9678890769, -406858.479532
271.805383876, 147.245545835, -6.27470779656, -2.22450301434e+15
118.39569704, -258.219336301, -300.595033459, -2.27951808308e+16
-353.200471006, 448.600102928, 149.014185837, -1.6297956247e+17
-137.318575315, 142.194490384, -87.219647811, -1.05789308716e+14
65.9599256558, -244.588713138, 276.845609128, -6.80497371935e+15
-114.889777284, 235.1082188, 111.274924883, -5.04207902811e+14
205.124852918, 67.0251810474, -487.017809205, -2.71720298666e+17
-46.6773241366, 297.689921082, 137.120992772, -1.783904482e+15
50.239008982, 20.1679742582, 160.962145692, -1.70871796706e+13
-352.630368459, 204.967475206, -159.909326326, -2.02699558644e+16
-177.997307434, 47.9653212381, 27.8503787122, -1.45439467969e+13
352.364421554, 357.631977793, 93.3544529125, -9.96677753233e+16
430.689344447, 231.766235978, -3.40779503659, -9.10195046148e+16
471.248659231, -112.16369764, -246.147464324, -2.75426047802e+17
154.578153512, -246.176250471, -43.5736718509, -8.87099662395e+14
-329.701323484, 444.279976164, -351.020554378, -8.49277617185e+17
102.990367358, -112.478641885, 88.6145727159, -1.59605945474e+13
-281.826661142, -35.9873866719, -64.9600479457, -2.50880073244e+15
-153.788475082, -164.968242654, -165.484508714, -9.1517161077e+14
-166.635866944, 121.577600233, 287.24194628, -1.7506038559e+16
98.0648031107, -111.874415979, 46.7343302654, -6.33571874246e+12
29.4031383929, 290.000547852, 19.4222259536, -2.69449938057e+15
159.54693778, -12.5696950738, -431.94025022, -1.10114449844e+17
-311.71649231, 314.437728592, 146.486345816, -2.65950515797e+16
45.9338760346, -89.5669271299, 5.23292308239, -192132.024603
-84.1532268743, -102.151509822, 93.313310417, -4.39461536949e+12
-352.293316619, -303.246537708, -228.855362617, -1.75687236643e+17
-8.58963577595, 403.576877636, 154.195721828, -2.06342036007e+16
-89.3560328773, -317.091695566, -249.105447992, -3.63734591361e+15
7.24606537894, 309.297525276, 78.651745549, -3.14513532211e+15
-270.711420664, 20.0508808124, 203.834434495, -8.48458254748e+15
-472.043972172, -331.135425005, 70.3240377917, -2.31349223546e+17
134.729935821, 3.8131740481, -49.8321681246, -4.35294337475e+12
-451.441570433, -252.778708111, 365.446912334, -3.31148725826e+17
-90.2717910369, 232.148920241, -176.19734039, -2.97206370672e+15
-280.125004239, -26.6710453436, 272.153738913, -2.7056210131e+16
196.204085071, -185.671418503, -370.129891399, -1.18698118314e+17
253.878550297, 474.04844274, 106.224399442, -1.39088314199e+17
-173.739773098, -30.5235725099, 367.086256461, -4.1086197629e+16
294.408660399, -497.921158548, -128.854077985, -2.21192301771e+17
229.977329945, 131.55526985, 174.449440576, -5.35655224709e+15
-101.484819248, 61.1152108204, -164.198402489, -5.57212304338e+13
-222.795601492, 61.2768245287, 286.490251735, -2.54454668226e+16
156.266043665, 322.129950271, -0.947094455723, -7.65916389332e+15
101.725062344, 460.777332754, -519.455823677, -8.94032183223e+17
-200.953177824, 38.7208030599, -246.606240836, -4.58487699658e+15
111.045874946, 250.491611122, -158.246610816, -2.83887376801e+15
-356.94409644, 119.475084265, 219.069162241, -5.25454110574e+16
-195.49792158, 0.50444187394, 165.252307313, -9.16509190832e+14
17.0311635082, 24.8286017961, -0.214045405154, -11654.8453606
123.731065481, 51.2532317666, -26.743818766, -2.19511878468e+12
-28.2251810974, -304.760187419, -123.924957201, -1.94648036665e+15
218.628455457, 182.952109639, 140.451303093, -3.54453531819e+15
107.239382222, 334.077134609, 129.635216635, -4.92240675482e+15
-227.073370805, -208.851309173, 64.6425816119, -1.26782147314e+15
385.226409866, -269.780228483, -217.752779867, -1.33601532979e+17
306.224006549, -331.452836821, 233.087549434, -8.45708530593e+16
-269.132236928, -179.145798503, 233.836299164, -6.67513556334e+15
-327.056650961, -221.795765651, -359.145669946, -2.80566691971e+17
17.7984985157, 151.816028096, 475.083554175, -1.09128731454e+17
148.736289524, -469.312270588, -88.6369693233, -1.09797635954e+17
243.463108261, -178.722554397, -72.4348135658, -9.42160736978e+14
-261.963635717, 84.228854516, 4.88967366375, -2.79933863262e+14
-356.378571402, 259.371692161, 278.899051908, -2.02716240973e+17
-74.9844526853, 372.801956812, -37.0487393352, -3.14621640261e+16
-251.709116888, -174.453232847, 509.637755391, -4.06881963219e+17
162.521663, 232.037491925, -212.267283162, -2.77271555162e+15
281.990011376, 113.500410431, 96.8183784097, -5.8432456642e+15
-119.270206325, 5.07021997051, -213.01006013, -3.95090578417e+14
-112.374296052, 118.033668412, -44.9557990071, -1.50640399387e+13
-151.330285717, -8.80791404671, 81.9541952211, -2.06816869421e+13
93.1911431077, -229.931386993, 184.472796288, -2.57816417926e+15
256.777206854, 334.33839233, 256.086791125, -5.77770625544e+16
262.410438035, -360.695864276, -127.131015073, -2.36444691612e+16
-12.8996943995, -170.198537551, 6.53867688589, -4.28669906598e+13
357.011689412, 302.327465366, 170.635765573, -1.20099750102e+17
-89.4763422347, -89.8672863063, -334.854548026, -4.6830397671e+15
-108.529054772, 393.832345936, -346.602035677, -2.19772812291e+17
-14.2053869036, -366.021255377, 159.185118061, -4.2451394345e+16
-137.646313226, -265.63763934, -20.271273488, -1.50883577148e+15
157.832793079, -188.510626834, 139.374146018, -8.16012716249e+14
-210.272956676, -315.909140373, 309.426236185, -3.59458063609e+16
42.3007964444, -536.553447297, 15.0550908731, -4.40787794846e+17
-165.861821981, 9.29036197858, -340.227985674, -1.10840285466e+16
-266.423404964, -65.9592672964, 258.601874469, -1.50387322412e+16
-316.525328483, -291.886640542, -215.13449436, -8.81825227017e+16
509.115986318, -394.160538161, -221.764175336, -7.18002104862e+17
259.386496548, 419.980264756, -256.550130331, -1.74881284731e+17
-206.003802324, -114.640401619, 243.954266827, -3.74307831279e+15
24.1015625297, 136.405380984, -270.902854232, -4.75040497324e+14
260.917939287, 194.220749801, 173.195537592, -1.36846650424e+16
421.504885586, -234.300207864, -154.626147396, -7.51618024137e+16
-52.5847773374, 268.016981407, 96.2252726046, -9.12922021929e+14
-161.899535582, -340.15075507, 119.154441672, -1.9957124808e+16
395.039602413, 24.8102414239, 131.720188318, -4.78203784939e+16
-381.647031093, 181.331463493, -296.619876523, -1.35537444157e+17
405.762389969, 370.144854969, 109.740882262, -2.42168017408e+17
198.824865847, -58.596010226, 77.088389276, -1.50437535554e+14
-34.0024978302, 229.574888058, -148.585367558, -1.81424400147e+15
-139.998536347, 166.884871666, -32.7567852338, -1.32814061459e+14
-161.754798801, -368.515637011, -71.1734072906, -1.6023922526e+16
17.3490111854, -47.7179883095, -197.511779902, -9.30497886441e+13
220.053465916, 189.191293126, 208.501584535, -8.93193622682e+15
-237.405191294, 148.567135923, -158.814981182, -2.17061197976e+15
-468.091160311, -100.155673668, -242.764858549, -4.67705013236e+17
-465.249326013, -157.145863175, 54.2122971453, -8.36447243644e+16
-261.674468168, 438.533708323, 140.824670098, -8.40039708335e+16
-181.892016653, -191.155888268, -377.930225663, -4.2516884792e+16
173.842888926, -43.5252434367, 73.4886929372, -6.29301037209e+13
-23.1859219772, -120.197987001, 295.395937367, -1.10892726959e+15
232.833242171, 247.811052005, 213.181980305, -1.61231188974e+16
241.193682489, 388.673648068, -291.345772304, -1.18884492781e+17
121.250516455, -246.271722216, 396.311323922, -2.54267235489e+16
-303.884188149, 166.121122359, 456.755142134, -8.72972577728e+17
110.662633331, 398.50426962, 81.1249097069, -2.63626282032e+16
75.8169209061, 0.108146628857, -137.102460156, -2.22064191745e+13
-137.962985428, 342.408719317, 66.3920025612, -1.03932649852e+16
-240.247078957, 163.23069935, 322.355220541, -8.42296246569e+16
32.8280482385, 116.696167538, -132.647730904, -1.62200245812e+13
265.605640799, 155.662886125, -32.1428741864, -1.72722671474e+15
11.0656708487, -160.598914084, -478.256680389, -1.15691377433e+17
259.419845509, 209.627522229, -168.936841553, -2.96241352253e+15
-88.8430800413, 169.405158797, 71.5226840923, -3.86446349029e+13
285.529135067, -442.806679976, 81.8983214976, -2.01882383373e+17
-330.065574348, 142.594999545, 62.7477536716, -2.84174241491e+15
-293.834973863, -142.903741961, 362.573426766, -8.54776091012e+16
276.182947179, -49.001810619, 132.168734104, -3.55161147576e+15
241.276523207, 470.503523236, 102.719718643, -1.25141041985e+17
10.3335620507, -224.881697142, -82.6017643097, -1.83863725833e+14
52.5260334692, 29.9619841078, 76.931981339, -154530.578347
380.976311063, 24.8864022137, 321.574995535, -2.47035796981e+17
-364.574488582, 19.4777707304, 418.60678417, -5.88315551572e+17
7.22702356532, 219.772830602, -319.277742306, -4.84966457799e+15
140.337125638, -108.270698846, -265.254240225, -7.19895206071e+15
445.928205691, 143.154413684, 133.112985626, -1.72823172418e+17
-327.699662234, 148.802497642, 195.745767451, -2.84871105336e+16
108.5127052, -370.893431296, -313.69906675, -4.5818334988e+16
-266.266714426, -88.2975422925, 225.477596284, -7.2673361626e+15
-72.1375668337, 91.2573590866, -210.836721708, -9.39936270896e+13
-32.7091376403, 196.977994113, -381.837473169, -6.99734136647e+15
23.7847222333, 441.192084518, 373.520404604, -7.41619934291e+16
-409.299651724, 328.358493886, 226.078596639, -2.22113915258e+17
304.882509307, 101.217241244, 103.410846961, -9.55291248214e+15
327.155288668, 94.5845469955, 42.8384520576, -8.05571828499e+15
-365.375657004, 26.6206209587, 251.82346593, -6.70210699738e+16
-379.498309503, 37.6073107543, -65.9680225246, -1.42576660551e+16
11.0400014751, 150.836180598, 29.9337832481, -1.16293255367e+13
-356.577786572, 277.967403187, 359.949838035, -5.91305407971e+17
398.80260413, 48.6025968612, 221.251577286, -1.30120589975e+17
-13.7978078625, -206.612089947, 216.029070869, -1.23644866802e+15
42.0602574782, 91.5417107533, 89.9157064993, -297450.252056
-172.319754837, 23.1218640631, -410.581472036, -3.30118226178e+16
-151.421714274, 16.118170208, -222.085633366, -1.04941144031e+15
-240.543813697, 200.357075042, 280.51619655, -5.04513804489e+16
-45.9899057737, 316.174406715, 223.188075192, -4.23119390009e+15
-19.7368554238, 116.571364411, -266.980121458, -2.83517355638e+14
-30.0484397553, -161.569357183, -424.071916202, -3.68614561292e+16
103.722932167, -405.868818879, -145.159885723, -2.40883592478e+16
121.903898437, 90.3510794854, -76.8884880527, -5.83538219559e+12
292.111362985, -347.130246443, -64.4585219993, -2.13567050022e+16
55.0237298375, -155.327106783, 122.963808216, -1.01226416627e+14
27.2950005697, 121.865054893, -13.6344686822, -328569.866704
465.911009247, 67.7697610706, -353.093549843, -5.32938174829e+17
-23.2327519239, -209.347726713, -94.1370349981, -8.90474381497e+13
-143.302160887, -72.9784598077, 92.692055272, -1.58223406099e+13
178.915809042, 66.2877352478, -33.139614968, -3.90734095881e+13
-223.633757661, 214.900582639, 310.921371581, -7.26685514484e+16
-42.069376199, 48.7579117435, -196.625380972, -2.56098383356e+13
-12.7016663993, -0.538470249621, 26.8094862503, -9445.9741715
378.845342501, -127.287482018, 26.6926503738, -6.52076444844e+15
-24.0757050597, 285.864972756, -67.7174326604, -4.64784020384e+15
12.757718755, -167.060281074, -27.9541398745, -2.51377860324e+13
-61.8998817467, 385.424366562, -206.294892741, -9.15903391266e+16
196.712523736, 400.471535708, 20.2358411827, -4.06073133737e+16
371.976634246, 107.920617528, -128.108154417, -1.24593269622e+16
171.084322376, 434.383977728, 322.496860281, -6.14930015312e+16
279.692106426, 141.379827842, -66.9032433204, -1.80970176696e+15
-29.5478674288, -82.9303178567, 27.8893161052, -150312.534348
265.27110462, 244.963357758, 110.220767274, -1.105322813e+16
-224.71912177, -386.346862912, 234.846419417, -8.64244326107e+16
-164.202465282, 428.428503205, -193.755400646, -2.18023031152e+17
71.3784035376, -132.268320666, -34.8142812689, -4.60686468764e+12
-62.483819923, -195.74675898, -213.225730277, -3.48220463931e+14
-224.769688739, -19.3607153838, -41.4576035736, -3.22615218646e+14
-158.149675984, 34.766317997, -43.8476731556, -1.66164875591e+13
461.822571911, -136.021042752, -449.422309251, -2.39798900497e+18
-360.000646318, 53.4841180984, 104.345487739, -7.10909440163e+15
416.74066931, -252.257402921, 145.740448099, -4.91183719084e+16
227.377629948, 365.018923951, 71.2199640737, -2.20332780962e+16
-49.3278417404, -20.2404660052, -12.7146094509, -75476.2015065
-258.99693752, -44.7068493749, 106.033854954, -7.38991045923e+14
308.509705089, -77.8800237338, 304.540396289, -6.02086407486e+16
-25.367286351, 192.806472295, 210.919473145, -7.19351444703e+14
-61.1318536757, -43.3839874562, -230.761044561, -2.02288897355e+14
-260.163390439, -354.430153978, 115.459535877, -3.27865750861e+16
74.6052696331, 24.625987404, -149.558071905, -2.75623087824e+13
207.912212875, -259.545404951, 239.845668209, -1.50410554724e+16
-199.009330787, -330.879489805, -122.294468917, -9.85491773315e+15
-140.554221147, -167.61683129, 86.9177319116, -1.18376677257e+14
-25.9073140219, -9.32875683755, -170.138958623, -1.07916712554e+13
-11.4206949353, -423.723713042, -3.67054021403, -5.98901524456e+16
183.231089623, 117.895418541, 484.020221728, -1.49235045476e+17
147.995081374, -1.40705559059, -132.896974393, -1.40463363414e+14
-184.556535317, 185.162980855, -217.362907137, -3.11615588053e+15
-175.590408827, -222.657253218, -76.2441785978, -9.8112978634e+14
75.3282886321, 4.69441402927, 191.828841168, -8.06288090314e+13
220.060186654, -71.5527571565, 307.444779584, -1.53235270152e+16
-205.799215946, -5.18217027252, -296.426859505, -1.21718226422e+16
-153.765606534, 141.189192943, -217.604968649, -1.08284053597e+15
-12.6791475224, 398.147629069, -14.4147280296, -4.28283303258e+16
317.872874929, 182.624403823, 348.106845132, -2.01841257168e+17
-203.326373154, 176.259572953, 243.749385508, -1.54305008531e+16
283.274840042, 144.188124453, -93.7342461811, -1.94181142961e+15
-268.892803511, -249.318786695, 75.3906507313, -5.06253093317e+15
265.309129452, 141.691770791, 106.0264827, -5.31329384266e+15
142.598659117, -18.2627120533, -96.3300278026, -4.09810646931e+13
-415.691883518, -465.117015684, 95.1248212192, -3.87043152081e+17
-343.077376555, -179.602203869, -380.797631494, -3.74963440046e+17
-422.728661901, -36.3631447605, 69.0161968314, -2.12160171959e+16
-263.853613255, -479.193135609, -89.771303809, -1.61698360129e+17
-349.729707553, 97.9802262713, 56.8299301181, -3.47767217074e+15
-70.0760883486, 367.308247842, 226.485933879, -1.1332764428e+16
299.967984404, -147.089914251, 19.879329172, -9.93267214122e+14
-500.629452792, 263.5645554, 321.376505035, -1.19523167116e+18
-138.785479684, 150.954326482, -268.383443746, -2.06415487896e+15
375.792870621, -47.1314730791, -21.0874030082, -6.39735192126e+15
-25.8699443448, 67.8010702329, -468.942548737, -3.24977093321e+16
-215.602063508, -368.839295909, 359.106576256, -1.15944220691e+17
-260.147948436, 233.894030434, -22.1613011735, -2.48368693709e+15
-250.25377207, -219.301991243, 182.544989878, -3.17496691389e+15
12.9877432287, -424.972911906, -179.86591365, -2.75421416225e+16
291.506611551, -127.650164466, -27.5186275237, -8.10041920212e+14
75.4145845637, -94.7339434381, 190.200758883, -6.15796020297e+13
-150.49176315, 211.439614455, 25.5368767798, -3.94082542216e+14
144.93980664, 64.0808913278, 274.484294568, -3.34738841547e+15
-179.83320741, -67.1654421269, 85.769631895, -5.04218853116e+13
-24.5078425071, 108.285725874, -26.111821648, -307719.922545
250.965049899, -271.5285985, 265.950094889, -3.16403738201e+16
-34.0099744553, -38.7005057959, -232.38879109, -1.70597386749e+14
109.926652588, -379.154140381, -324.447390906, -5.72823859454e+16
281.168029029, 40.0218124382, -469.534998623, -4.49681160596e+17
-332.98580387, 434.834953255, -292.616626552, -5.8913268002e+17
290.958079827, 41.0215098003, -374.189601014, -1.4069762521e+17
-327.113693997, -125.316414161, 219.841863698, -1.45447076141e+16
466.244048097, 37.0691369573, 139.359052324, -1.62481191138e+17
6.03599062449, 38.1434581512, 248.608155921, -5.28804352878e+14
346.151699025, 224.734570631, -23.5558932457, -1.86867349789e+16
183.064143963, 392.014091442, -525.8408999, -4.27638083608e+17
-180.049165364, -286.890049763, -135.643905812, -4.01873969013e+15
-251.831954352, -167.75678179, 393.864479207, -8.24187252192e+16
-136.121392584, 192.477501527, -100.348583663, -6.34782390498e+14
-294.931216806, -542.220851498, 114.541663477, -6.93936676023e+17
206.317292804, -53.9257449408, 65.5944311452, -1.53206874721e+14
-82.462329166, 77.2710265147, 391.183250114, -4.10204663296e+16
-189.266712313, -437.17647935, -68.7260470523, -6.54933481869e+16
18.9896631572, 90.2792042068, 437.3360347, -4.62032764818e+16
-340.463869264, -152.338277694, 134.980189221, -7.58112651707e+15
-305.206344361, -431.963584517, 46.9387669093, -1.24212380283e+17
-59.1093652989, 167.617342243, 192.236072109, -5.59459085009e+14
342.373585482, 306.594495288, 337.297751291, -3.54659993427e+17
-84.4715489108, 51.128619491, 199.428960147, -4.54167542597e+14
293.356757232, 105.897085831, 81.6837564775, -6.0811206737e+15
152.821832674, -147.095922629, -522.680604389, -5.67838128981e+17
216.265620874, -397.274697234, -296.198489963, -1.16756110997e+17
24.5446708721, 112.489778066, -84.8142066615, -6.35926992895e+12
122.832651189, 95.5616283161, 18.0688340355, -9.45681696868e+12
246.883468811, 63.2391817005, -23.1998071507, -4.48330577688e+14
-27.0571551226, -61.6059032567, -253.654273382, -4.12824664007e+14
-79.2254963733, 254.215410267, 62.1194972797, -8.13485198219e+14
-33.0595822831, 148.27369443, -143.59553401, -1.0655089279e+14
-65.8513496684, 81.046750722, 21.8219659776, -900.287023049
-418.994015513, 520.056007795, -65.7800178345, -8.88258539915e+17
3.75821788567, -7.26072265031, 438.835046537, -3.49303936533e+16
-158.792917698, 62.9689609073, 5.56313610736, -4.89354044086e+12
-20.1267064075, -294.200025724, -292.666424048, -5.65031418364e+15
-93.2148481068, -69.0392880263, 343.462195647, -9.41658896267e+15
-256.227822616, -162.617924259, -157.262229575, -9.11670708794e+15
-289.389755736, 286.662477005, 383.338044012, -4.6348963058e+17
-77.8511730948, -400.679406676, 222.018190411, -1.04163575751e+17
-45.4073375467, 383.34173989, -148.649964168, -6.5023595158e+16
61.8294169665, -263.084929471, -38.576189805, -1.07850932807e+15
381.752669739, -199.077408078, -132.015641889, -2.86597289511e+16
-443.741939745, 129.732070594, -144.722308777, -7.17995322505e+16
22.2520584419, -230.588559916, -212.703093123, -7.96593838402e+14
-147.949738155, 392.714752329, 414.363068312, -3.20489728e+17
256.421622572, -19.8372520791, 30.2165478476, -5.12131899975e+14
93.5439314564, 532.389378795, 336.214364875, -1.47999783277e+17
105.908359731, 266.831547871, 186.002713039, -1.11665401401e+15
-211.331934064, -406.823053349, -325.226285528, -8.14800597976e+16
-159.723602517, -110.218103798, -232.346682912, -2.49871131834e+15
-74.5079638552, 160.271607847, 342.164335095, -2.230349025e+16
-194.086018806, -9.4247748047, -161.910177117, -1.07430538424e+15
66.0276471749, 111.249573735, 240.652415239, -5.71929297557e+14
-197.880052689, 246.767610529, 177.804215058, -5.77755154865e+15
-476.331753003, 106.007891619, 145.314538351, -7.8438965516e+16
30.4524845616, 181.564024061, -379.585060439, -6.65421862395e+15
-41.3323765851, -334.310790987, 74.8774667142, -1.36767532189e+16
227.26018302, -204.622207134, 531.544067514, -2.33325822988e+17
-33.69577078, -502.568003872, -120.181869693, -1.48421296762e+17
378.590713076, 19.8945793984, -186.863645823, -2.82402965715e+16
-160.992477107, 75.0527182119, 96.3916021868, -9.58307720953e+13
178.464388613, -37.826482214, 95.0563544254, -1.30418903363e+14
249.661153098, -250.627958003, -36.3517013851, -2.27789066347e+15
174.000981273, -55.2055461833, -10.7049511141, -1.18147217932e+13
434.171643615, 197.539520595, -496.4576305, -1.341418129e+18
2.93019581757, -169.20925964, -205.61878074, -2.79433419629e+14
-84.8109967662, -341.661200012, 202.119333518, -3.06862994622e+16
-145.180203297, 222.148902161, 198.60239577, -3.5349360494e+15
354.455315066, 104.295333681, 99.4950454643, -2.46971294148e+16
-65.6513667177, 127.187190018, -358.922981357, -3.05921536869e+15
307.616968956, 264.380290012, -268.730291031, -2.45298830332e+16
68.2871339713, 372.003069201, -54.5702653667, -2.90586926036e+16
327.709417624, 89.8661864223, 58.8753441074, -9.17587718542e+15
247.496804665, -203.361083993, -83.3254008987, -1.60025552388e+15
-119.225658343, -18.0477232206, 250.059470046, -2.01427130812e+15
-111.10331789, 336.144520494, -189.299162977, -3.71326409197e+16
-336.946716648, -117.795726283, 193.738170111, -1.18028651826e+16
-460.858060814, 4.04158698149, -408.370917216, -1.24200662593e+18
222.848679399, 334.551866779, -456.761652044, -1.65627188038e+17
-5.86470019035, 87.630229368, -354.253694731, -3.02682433723e+15
133.862807058, -57.8689081051, -176.090873704, -5.65677798548e+14
-0.00239511480135, -224.160643088, -72.0167399017, -1.94322886982e+14
-192.901503395, -444.190653109, -412.639758744, -1.74971129259e+17
