-0.499709628307, -4.01258834539, -4.88082483896, -1.38507280298e-06
-0.499695121504, -4.012597055, -4.88089684907, -1.17917866065e-12
-0.499680035643, -4.01259705283, -4.88089063528, -6.69756644066e-08
-0.499695499213, -4.01231325196, -4.88090373718, -2.0370281548e-05
-0.499623029572, -4.01262669426, -4.88003896442, -0.000187780368263
-0.499695050053, -4.01259706205, -4.88089684596, -5.05360404848e-13
-0.499694850606, -4.01259709157, -4.88089688369, -1.16232018827e-11
-0.499695032308, -4.01259702353, -4.88089905333, -1.19793679583e-09
-0.499694777306, -4.0125970056, -4.88089674021, -2.72889859916e-11
-0.499694789816, -4.01259620035, -4.88089669383, -2.25556158326e-10
-0.499694778282, -4.0125971203, -4.8808959889, -2.21011780526e-10
-0.499694880189, -4.01259762772, -4.88089853601, -7.78458618511e-10
-0.501351279583, -4.0126055752, -4.88089076709, -0.000693087879986
-0.499694462706, -4.01258939531, -4.88089427312, -1.67589018819e-08
-0.499694491645, -4.01258824405, -4.88089052511, -3.00528893431e-08
-0.499695241176, -4.01257658161, -4.88088734952, -1.29263873432e-07
-0.499741364515, -4.01204675832, -4.88084875932, -7.76290327774e-05
-0.499655030669, -4.01190716959, -4.88127926009, -0.000157812021767
-0.499675342751, -4.00830304802, -4.88175293943, -0.00487177261756
-0.489806664888, -4.01286671046, -4.88081270095, -0.0246060537905
-0.433246348041, -4.02083407884, -4.87178450006, -1.12155153899
-0.49484239769, -4.00799906739, -4.84571898394, -0.324065711592
-0.617923515252, -4.00927392007, -4.90317751529, -3.84998153359
-0.495154053579, -4.06599181102, -4.96483309269, -2.5308631985
1.74199486317, 1.31569284511, -4.94988687886, -852.130361864
-1.0862385585, -0.666453161893, -4.90360381723, -667.008803869
-0.495651750794, -4.02553204485, -4.86927090625, -0.0796543842456
-0.460035945019, -4.03388291155, -4.80870024311, -1.90046232929
-0.888809652585, -2.33598336659, -4.99715785161, -371.980120499
-1.11366226443, 4.9992115528, -4.85601189024, -222.977099939
-0.499671140385, -4.02321340957, -4.84774115971, -0.306442522081
-1.07186745791, -3.33251415715, -4.87161183701, -150.347721297
0.521272654449, 2.61968277771, -4.8929580472, -992.965540542
-1.81037167963, 2.58819690798, -4.99997397728, -209.165418988
-2.28988579356, -0.661239304507, -4.90831309885, -716.742097485
-0.499713185053, -4.01280379896, -4.88089019417, -1.08932542913e-05
-0.496500066205, -4.0135869398, -4.81606494746, -1.09919272397
-0.126192189576, 3.65826850403, -4.87781606279, -379.733816976
-0.499655392323, -4.01259486776, -4.88087371393, -5.34809575535e-07
0.152354093928, -4.01203812026, -4.87594433719, -78.8802157054
-1.10779346741, 4.99901631032, -4.98612221537, -183.487792241
-0.499695749302, -4.0125936837, -4.88089689659, -3.0435607778e-09
-0.508216418058, -4.01034736427, -4.87345057222, -0.0337379904295
-0.499694234681, -4.01262176395, -4.88092940282, -4.21795369484e-07
-0.499704181389, -4.01259696092, -4.88089584278, -2.12894947085e-08
-0.499699703573, -4.01260035831, -4.88089656558, -8.17518354243e-09
-0.499692956583, -4.01259712938, -4.88089723669, -1.15764998936e-09
-0.301678665096, -3.71613998179, -4.86943302104, -54.1066346645
-0.49969506503, -4.01259708792, -4.88089691201, -3.36910327786e-13
-0.499692477997, -4.01259710954, -4.88089806241, -2.04798995866e-09
-0.499695080746, -4.01259731053, -4.88089693146, -1.36449056883e-11
-0.499695534365, -4.01249949339, -4.88089673552, -2.40732632511e-06
-0.508115054984, -4.01257964354, -4.88090945256, -0.0179189026681
-0.499695062879, -4.01259637313, -4.88089682695, -1.28696043731e-10
-0.499694818353, -4.01259753484, -4.88090491667, -1.64108682612e-08
-0.499618767471, -4.01259706079, -4.88090520322, -1.48929644002e-06
-0.499801411182, -4.01258641906, -4.88089186683, -2.89393428061e-06
-0.499695059828, -4.01259709854, -4.88089687673, 0.0
-0.499695599468, -4.01259682897, -4.88089672695, -9.45016362475e-11
-0.499695059825, -4.01259709449, -4.88089687698, 0.0
-0.499695059821, -4.01259710021, -4.88089687687, 0.0
-0.499780375065, -4.01252436608, -4.88085322466, -3.65784362144e-06
-0.49969084477, -4.01259710398, -4.88089558689, -4.92643435319e-09
-0.499695062655, -4.01259867345, -4.88089686775, -6.38302793295e-10
-0.49969504182, -4.01259706912, -4.88089686253, -3.36907307356e-13
-0.499695049787, -4.01259724087, -4.88089789171, -2.66159795572e-10
-0.499695066532, -4.01259704805, -4.88089687053, -3.36907714697e-13
-0.499695070276, -4.01259711361, -4.88089728577, -4.22817877736e-11
-0.49969504292, -4.01259711367, -4.88089692046, -8.42273161119e-13
-0.499697206235, -4.01258717335, -4.8808993009, -2.74840969018e-08
-0.499694966792, -4.01259688281, -4.88089690049, -1.29707642667e-11
-0.499695073351, -4.01259669301, -4.88089694846, -4.00913798032e-11
-0.499694531735, -4.01259708186, -4.88089681572, -7.29401325164e-11
-0.499692741031, -4.01262182405, -4.88088543094, -1.89297446166e-07
0.0642207241958, 2.45699178685, -4.82186603464, -759.639218832
-0.499695050631, -4.01259695255, -4.88089688611, -4.54823851192e-12
-0.499694379107, -4.01259786796, -4.88089620303, -3.89469303323e-10
-0.499695089973, -4.01259698294, -4.88089727565, -4.27869031141e-11
-0.847656829247, -2.2837241114, -4.9993414096, -345.933963279
-0.499720646294, -4.9716871401, -4.88096287232, -102.0304207
-0.499695074979, -4.0125970143, -4.8808970241, -6.73811378225e-12
-0.501643283875, -4.0126555503, -4.88092786252, -0.000961057586588
-0.499695430334, -4.01260231927, -4.88089768369, -7.12731420539e-09
-0.499695074198, -4.0125969888, -4.88089684734, -2.52679688249e-12
-0.499695005766, -4.01259702636, -4.88089708, -1.21285729678e-11
-0.499695056435, -4.01259943794, -4.8808725388, -1.51194847165e-07
-0.499970553361, -4.01254124914, -4.88088475347, -1.99962076647e-05
-0.499705898955, -4.01260781619, -4.88089262305, -6.33797841358e-08
-0.49969507366, -4.01259717312, -4.88089745157, -8.52388605098e-11
-0.499694532512, -4.01259713876, -4.88089730539, -1.18759091147e-10
-0.499735655418, -4.01259735077, -4.88091266422, -4.79647935819e-07
-0.499695069997, -4.01259709583, -4.88089686369, -1.68454582437e-13
-0.499694775238, -4.0125971762, -4.88089688283, -2.34149525375e-11
-0.499695054498, -4.0125970998, -4.88089686566, -1.68454481083e-13
-0.499695063385, -4.01260732605, -4.88089832307, -2.70533534556e-08
-0.499694992699, -4.01259709526, -4.88089687351, -1.34763093936e-12
-0.499695057502, -4.01259709988, -4.88089688352, 0.0
-0.499696754871, -4.01257490122, -4.88089820084, -1.25597410756e-07
-0.499694979985, -4.01259708145, -4.88089736433, -6.16538647197e-11
-0.499695022976, -4.01260006892, -4.8808969898, -2.25573461353e-09
-0.499696136623, -4.01259699986, -4.88089733102, -3.4399149651e-10
-0.499695056786, -4.01259709932, -4.88089687243, 0.0
-0.49969548897, -4.01259590511, -4.88089883741, -1.36815220217e-09
-0.49969505592, -4.01259718183, -4.88089695397, -3.87446388374e-12
-0.499689595653, -4.01259827794, -4.88089691184, -7.92651988067e-09
-0.499689138772, -4.01259747919, -4.88089584646, -9.19119957598e-09
-0.499694950266, -4.01259706138, -4.88089686249, -3.53749565626e-12
-0.499695069776, -4.01259707561, -4.88089606811, -1.65926184496e-10
-0.499695049564, -4.01259708477, -4.88089688554, 0.0
-0.49969505778, -4.01259707384, -4.8808968755, 0.0
-0.499695067444, -4.01259707277, -4.88089686149, -1.68454074541e-13
-0.499695051791, -4.0125970777, -4.88089687565, 0.0
-0.499695062054, -4.01259708043, -4.88089687677, 0.0
-0.499695478758, -4.01259952917, -4.88093675499, -4.03624781077e-07
-0.499696305873, -4.0125995705, -4.88089091942, -1.09295872676e-08
-0.499695053707, -4.01259707539, -4.88089687747, 0.0
-0.499695055599, -4.01259707696, -4.88089687554, 0.0
-0.499695036937, -4.0125970839, -4.88089694675, -1.3476371564e-12
-0.499695265975, -4.01259690451, -4.88089688878, -1.83613192813e-11
-0.499694738184, -4.01259709568, -4.88089687153, -2.71207810097e-11
-0.499726694767, -4.0126018348, -4.8809043746, -2.72895172565e-07
-0.499698977247, -4.01259049476, -4.88089662866, -1.48664937408e-08
-0.499694983558, -4.01259516186, -4.88089692724, -9.37429241131e-10
-0.499694315412, -4.01259709955, -4.88089720761, -1.69798983219e-10
-0.499693000267, -4.01259704005, -4.88089672414, -1.08503389966e-09
-0.499695068128, -4.01259683706, -4.88089671279, -2.24041273258e-11
-0.499695057218, -4.01259696953, -4.88089683461, -3.87442367901e-12
-0.499696559694, -4.01259702871, -4.88089693658, -5.66353238986e-10
-0.499700205363, -4.01259699167, -4.88089702753, -6.68880469366e-09
-0.499694551453, -4.01260847781, -4.88089694417, -3.28958311187e-08
-0.499636658794, -4.0125991942, -4.8808993448, -8.65238175713e-07
-0.499750345383, -4.01259488262, -4.88089669089, -7.73867636664e-07
-0.499692023241, -4.0126045174, -4.88090972098, -5.8028978622e-08
-0.499695064846, -4.01259706603, -4.88089694331, -1.17918306604e-12
-0.499694826871, -4.01259706225, -4.88089769435, -1.83110054038e-10
-0.4996949249, -4.01259707098, -4.8808964719, -4.66613335457e-11
-0.499696227648, -4.01259707717, -4.88089651713, -3.74471905281e-10
-0.49963585971, -4.01258270029, -4.88088803271, -9.58398731564e-07
-0.499676921753, -4.01244808056, -4.88088772015, -5.71496003901e-06
-0.499691834338, -4.01259663192, -4.88090201718, -9.37176548873e-09
-1.16685096538, 4.99329664691, -4.86937999767, -221.491858869
-0.499695964589, -4.01263940492, -4.88089642054, -4.53271087796e-07
-0.499695418963, -4.01259683081, -4.88089677856, -5.03671412402e-11
-1.08444347306, 4.90027109451, -4.80674479906, -199.229642731
-0.457341119262, -2.73542854167, -4.90381789306, -278.987433067
-0.651744903421, 2.86288975118, -4.99942838948, -385.858155687
-0.499695030008, -4.01259665956, -4.88089691578, -4.63239946211e-11
-0.499508509432, -4.01259683892, -4.88089514049, -8.79467866837e-06
-0.499100664415, -4.01479739596, -4.87898844204, -0.00222967860567
-0.499696972867, -4.01260127022, -4.88089327791, -8.62783412734e-09
-0.499695714079, -4.01257557144, -4.88089838931, -1.17713264925e-07
-0.499696454029, -4.01266403149, -4.88090922415, -1.17256257014e-06
-0.49969338003, -4.01259749377, -4.88089119182, -8.93679237039e-09
-0.499763240174, -4.01259706336, -4.88089954199, -1.1768373208e-06
-0.499634875269, -4.01257218163, -4.8805495207, -3.15596083092e-05
-0.499695510312, -4.01259643359, -4.88089867974, -9.7821264598e-10
-0.49969507252, -4.01259706469, -4.88089685159, -3.36907872882e-13
-0.499695078901, -4.01259715099, -4.88088807191, -1.96106113927e-08
-0.499695060159, -4.01259714488, -4.88089696622, -2.86373080662e-12
-0.499695041505, -4.01259754051, -4.88099186691, -2.28145151988e-06
-0.517286555476, -4.01259832881, -4.88091004744, -0.0788080267445
-0.499692569956, -4.01259705106, -4.88089681298, -1.57609708745e-09
-0.499695077969, -4.01260380441, -4.88089729572, -1.14635071361e-08
-0.499695057221, -4.01259710467, -4.88089688375, -1.68454482732e-13
-0.499695078359, -4.01259710101, -4.88089679817, -1.68453552379e-12
-0.499695077543, -4.0125970957, -4.88089688634, -1.68454847681e-13
-0.499695077562, -4.01259709625, -4.8808968836, 0.0
-0.499695051359, -4.01259705214, -4.88089691852, -6.73816717598e-13
-0.499713664526, -4.01261112886, -4.88085049707, -6.81313756271e-07
-0.499698941624, -4.01259723853, -4.88089691736, -3.80611646197e-09
-0.499696188889, -4.01259602951, -4.88089636349, -6.67732733244e-10
-0.499695010435, -4.01259543038, -4.88089691715, -6.93343700523e-10
-0.499695317091, -4.0125956776, -4.88089133068, -8.29833280201e-09
-0.49969503034, -4.01259710428, -4.88089688086, -3.36908872693e-13
-0.499695133621, -4.01259077494, -4.88089682849, -1.00692930803e-08
-0.499695750118, -4.01259706945, -4.88089688562, -1.18591882632e-10
-0.499695346865, -4.01260024783, -4.88089032646, -1.34046355362e-08
-0.499693730757, -4.0125964576, -4.88089689924, -5.49991063753e-10
-0.499695038178, -4.01259708313, -4.88089417553, -1.84694538094e-09
-0.499707217046, -4.01241589418, -4.88090833224, -8.36490569264e-06
-0.499695159413, -4.0125970182, -4.88089689635, -3.36906745136e-12
-0.499690900627, -4.01261417052, -4.88091117821, -1.29941030802e-07
-0.499667826748, -4.01259759599, -4.88089377244, -1.90097908592e-07
-0.499695060222, -4.01259707999, -4.88089686856, 0.0
-0.499695424778, -4.01261060629, -4.88088084894, -1.11241977687e-07
-0.499695058028, -4.01259708004, -4.8808968683, 0.0
-0.499695056088, -4.01259708058, -4.88089667673, -1.0275613626e-11
-0.499695238689, -4.01259702908, -4.88084100561, -7.89219908078e-07
-0.499695055583, -4.01259708039, -4.88089689332, -1.68454832356e-13
-0.499695048422, -4.0125970816, -4.88089690163, -1.6845487782e-13
-0.499694606056, -4.01256084074, -4.88088914077, -3.47341037949e-07
-0.499695178206, -4.01259706329, -4.88089698167, -6.06433537282e-12
-0.499695045586, -4.01259708442, -4.88089688874, -1.68454523027e-13
-0.499991268969, -4.01259714711, -4.88089740164, -2.21588493509e-05
-0.49970003157, -4.01259718714, -4.88043218822, -5.45855390784e-05
-0.499695065772, -4.01259705027, -4.88089688708, -3.36908171406e-13
-0.499695068236, -4.01259705438, -4.88089691, -5.053633102e-13
-0.503635645272, -4.01260832353, -4.88091197377, -0.00393563909518
-0.499723713383, -4.01259536634, -4.88089230134, -2.13581138444e-07
-0.499694934843, -4.01261772168, -4.88089706273, -1.07724418359e-07
-1159.81739181, -1010.03161327, 1237.54851309, -2.02159133382e+21
-1600.41309291, 2294.84671674, 627.940042296, -5.77125077354e+22
2116.83698413, -475.946790673, -1562.10632329, -1.38359781217e+23
789.793227958, -2385.20630392, -451.972568392, -5.08657133996e+22
247.794799124, 56.3932076136, 416.153948349, -1.21116615495e+17
-1519.71755087, -779.375312287, -956.615595715, -1.23152358922e+22
-237.848509908, -93.8640462691, 2785.79313829, -1.07547618666e+23
-330.287243032, 2687.9066683, 72.2582762403, -1.64375459164e+23
2685.17065708, 1000.13075324, -381.782406519, -1.07021728975e+23
1035.78649686, -1705.11207455, 1460.94960648, -3.53242607264e+22
-139.841772756, -668.106403481, 1369.27755348, -2.29363344186e+20
431.707781113, -951.664197959, 2042.55086132, -4.83395137788e+21
953.673994178, -369.705424368, 1779.54475966, -7.21727019964e+21
2162.57362115, 635.953479097, 139.318906271, -2.4856833776e+22
-1731.26049389, -1744.34784008, 472.906040567, -2.11367266396e+22
1054.9474171, -1458.77680498, 2069.89090447, -4.0078575125e+22
2718.08385447, -395.486374309, 1188.72741128, -2.74582883411e+23
338.726192766, 1390.83124475, 1401.92939228, -1.50268227035e+21
-3283.5623401, 859.732001437, -919.280480623, -5.39959312626e+23
1730.38784431, -926.92742715, 98.2802166334, -1.30476891144e+21
-1453.04911855, -839.394695225, 278.616938636, -1.22880084759e+21
37.1618570279, 617.874903796, -1094.21663178, -4.20485401408e+19
-1266.69017123, -353.799819886, 1079.31300916, -2.12013391787e+21
-1870.72297084, 1393.49738784, 1711.75686077, -2.20047511653e+23
1514.04337854, -1496.56866929, 2677.50853427, -2.41585200721e+23
1177.3731605, -1977.85302245, 2719.28572004, -3.22667043346e+23
2079.96580251, -142.224641484, -1355.97670048, -6.23639952331e+22
1283.33520697, -90.4723589029, -1756.19034918, -3.44880723236e+22
870.880151336, -479.208160718, 210.919644451, -1.03638483327e+19
-2321.07452226, -686.435314268, -26.9879581121, -3.83375640268e+22
676.509257464, -27.8380882836, -293.469362638, -2.31414538665e+18
-554.955465612, 848.184305487, 1531.83763586, -6.30543897567e+21
-1426.87361402, -94.2666363858, -198.353222257, -6.8757951737e+20
285.660267105, -1002.82831336, -295.22314925, -3.88231798252e+19
-17.8963766778, -1203.39111377, 207.559041856, -3.66409701756e+20
-604.867396626, -1186.18456617, -791.143394578, -2.71639500637e+20
-104.122041955, 2742.28357032, 145.956147922, -1.76921603566e+23
-482.853170392, -504.176745396, 1173.22043028, -2.00152619351e+20
-157.045215751, -1182.9412596, -2112.40892449, -2.0464398687e+22
-1281.8076323, 2578.38791341, 814.990063687, -9.61869552961e+22
1324.41879023, 47.3860433075, -1046.31410929, -3.03640328519e+21
-1326.32962054, 1773.8395314, 1351.52140348, -4.18463935712e+22
1424.65989958, -355.540221588, -1101.71890881, -7.19728695694e+21
246.455074479, -2221.26836024, 2472.93551287, -2.83978615324e+23
290.557129223, -990.556611673, 111.060850515, -8.00784645677e+19
-1082.93311901, -3025.0843318, -408.029764618, -3.35622595568e+23
-745.901240535, 590.504839305, -91.8712889287, -5.96328564347e+18
169.106095767, -163.230250449, 1198.38073761, -6.52057730443e+19
-2390.86828792, 1503.99550938, -1424.92843152, -1.68419689761e+23
158.290183979, 1640.49554485, 2748.06465372, -1.91663138859e+23
979.424893191, -501.219380978, -1102.08674195, -2.35922333513e+21
-1078.02486028, 3178.99645163, 1926.75334894, -4.95126178522e+23
1515.59863489, 1127.2798299, -2980.52455588, -5.39569861242e+23
-47.447484938, -2725.51201043, 1472.82756583, -5.0216104698e+23
937.352146266, -949.255038856, 2692.2075523, -6.46091052304e+22
-1.12018918859, -68.3360214322, 2079.27457782, -7.97351213614e+21
2213.09909736, -774.664058029, -337.578595569, -9.57842336434e+21
-1245.16273257, 752.417961228, 155.950899155, -1.341234735e+20
2279.98413572, 2809.51858254, -530.953411154, -5.36001016467e+23
1437.02806622, 554.151974808, 915.807112512, -6.85657906355e+21
-713.297598597, -68.4559106871, 972.94662759, -2.63351825288e+20
26.9028273687, 1074.76065833, -1444.86244569, -1.23839064884e+21
2261.95648732, 3197.09720845, 2488.05798597, -3.06731873732e+24
1317.00606376, -846.698887407, 531.367097241, -6.77891094593e+20
-1403.73519259, 1630.10743151, 854.101112666, -1.09154630401e+22
1685.13185712, -840.294958589, 920.933580639, -7.48151995012e+21
-1130.35078571, -412.115633235, -240.626397962, -2.48776069095e+20
1574.50591752, -541.433356552, 44.505833448, -5.17311605433e+20
2620.44972818, -187.854316415, 1324.7462983, -2.97209881093e+23
1471.6428897, 142.47780087, 2903.24711296, -3.8252298156e+23
844.75543775, 103.294082831, 589.775742244, -8.99905003996e+19
-822.457226337, 1145.50722617, -986.883398078, -1.79163591207e+21
-2879.87249295, 1931.82695447, -3026.76927114, -4.05030149066e+24
-2901.73223041, 1158.36333099, -422.917717072, -9.67952994341e+22
657.177159002, 332.140559633, 311.190736764, -9.08875473498e+18
-525.561917577, -1521.87438202, 1988.86692698, -1.86342053647e+22
-180.250502382, 2727.16418584, 1110.47366282, -8.49811112132e+22
-364.529973563, 1145.9604785, -1118.41183111, -1.34929455631e+21
913.069797056, 887.862145089, -2320.03057983, -4.48527079788e+22
-500.113601203, -580.088328335, -600.975701344, -1.69562675326e+19
1704.38678321, 2325.84996668, 649.393715428, -9.54557226774e+22
661.771740519, 1372.78365309, -2627.71383182, -6.53243814086e+22
-1705.57336144, -2121.85567913, -2376.13296554, -5.37526333998e+23
-1141.70364418, -2514.77135756, 1959.58701929, -3.65466948009e+23
601.328057718, 1373.65733456, 2526.64444393, -7.83844894652e+22
-2187.00043898, 715.33881979, -2655.51458738, -8.06489929508e+23
-289.414559288, 1325.56381674, -1040.47234958, -2.83441665105e+21
1333.23548663, 104.480148755, -228.582809171, -2.09820017496e+20
2119.41844351, -702.897348739, 1099.85950315, -4.41267979413e+22
2396.38725311, 1480.25289438, 1198.82731704, -3.67136870149e+23
2130.63309535, -1363.70317097, -1167.02048379, -9.49677206385e+22
-1837.0484542, 2574.6038978, 207.957544715, -1.84147053807e+23
1062.88172971, -1159.01953059, -1599.29798621, -3.07547955147e+22
3088.63924935, -2000.32278633, -11.2595685502, -1.87982962214e+23
-1657.86955434, 654.619302935, 1541.13385577, -6.00678002297e+22
2657.946231, 984.80329639, -2181.89734852, -6.16036285967e+23
-3075.01808238, 603.641129711, 2438.87310749, -3.46556389462e+24
1330.12208018, -62.135967147, 2789.9036335, -2.20072223818e+23
-333.1551903, 1338.33403108, -1918.83142633, -1.01102926623e+22
917.883953405, 770.233420753, 2190.66192067, -3.46901308162e+22
-2088.20660907, -96.0342085471, -815.016754115, -3.57658437493e+22
-2268.24670398, -1652.77988647, -826.723824272, -1.9810013666e+23
2612.70650273, 1294.11989501, 2061.6583494, -1.52157778999e+24
-1106.9030813, 1023.52791947, 2175.51901403, -1.53635655706e+23
-232.324325114, -1065.36258749, 42.836589301, -1.04459025076e+20
-417.030426113, -1005.75471297, -853.170955376, -7.99477677738e+19
-1437.91917964, 1738.82995887, 2513.74341914, -8.1259458227e+23
1798.48160933, 2279.12961197, -3254.25444596, -1.19843602867e+24
-2431.19621514, -605.331545044, 48.7505819291, -4.59378890959e+22
3034.28094276, 296.137426553, -64.103474307, -1.89391849996e+23
-962.854468378, -1112.70946216, 533.879818747, -4.51415235134e+20
-1687.01961699, 731.430512689, 387.548139092, -1.725535936e+21
-1128.44020522, 1261.65100201, 403.399279547, -8.53658343992e+20
121.051952586, 2924.81231862, -1706.52053034, -9.52193438602e+23
2750.99348689, -840.805187913, -1388.59818436, -3.59071542973e+23
130.29997709, -21.5096124002, 74.263988774, -1.2862284419e+13
658.06981402, -987.076357606, 1913.33618437, -5.39108241859e+21
-140.678019985, -280.538568198, 716.768466283, -1.79378286484e+18
101.256465053, 396.503772567, -2105.98964992, -7.26209235901e+21
1775.65997684, 860.202413009, -2438.07279277, -2.71970994211e+23
-540.444447832, -2541.32291839, 79.0368773354, -1.08076592176e+23
1261.80801407, -118.645660651, 390.229734604, -3.70176652601e+20
2065.677512, -2388.70370922, 284.709877219, -1.78877834096e+23
-964.738774896, -359.996252919, -633.326467008, -2.98644424461e+20
1433.77233742, 516.110202585, 282.923007352, -1.56506460862e+21
-223.131290802, 24.925158768, -1056.30136519, -2.78838506909e+19
-2581.95639531, -1469.92803287, -2270.67578633, -1.98473300012e+24
-1059.25295807, 1220.13866881, 2997.58422834, -1.05295876105e+24
-2924.72341904, 524.39785922, -1082.03103788, -3.54899772674e+23
360.193366717, 846.425009538, -859.522633149, -9.29413435345e+19
1087.73888522, -2327.50731391, 661.481669252, -1.22837127781e+23
15.0024755597, -193.419905018, -616.464130855, -8.67142587366e+17
-2137.36196652, 962.432210622, 163.337849602, -6.14475024161e+21
-698.7226159, -520.833755764, 1132.8767975, -3.32512936866e+20
2901.61925984, -1061.76308055, -1911.26808962, -1.37821696311e+24
-1770.84235952, 2340.43267822, 923.855437638, -8.92889850395e+22
2561.97094829, -3112.58504741, 834.262474179, -1.87403165872e+24
2606.93177638, 1096.36761371, -1548.56618232, -1.66143856121e+23
80.7144419024, 1848.90137419, 2825.64681767, -2.81790418192e+23
2471.20763858, 1365.47140254, -114.509124904, -1.03264917505e+23
8.5829903358, 596.557880038, 1232.24282622, -2.99738528979e+20
-1361.02279658, 685.132946932, 1902.29391793, -9.2712688828e+22
780.711326186, -670.136661849, 186.415799754, -1.56957018058e+19
-2549.8450761, 834.150685943, -1625.4635412, -3.22917417391e+23
3106.5935252, 1931.25971313, -2443.24224726, -1.49110020002e+24
1019.82993845, 626.812884483, -472.513366535, -7.33507609759e+19
-715.768930994, 166.006583623, 2247.65288738, -5.52161841614e+22
-241.916977312, 168.430821643, 339.488287029, -1.13065984769e+17
275.078838756, -502.958057858, -483.072106225, -2.34057987484e+18
-39.3851982551, 2289.68518953, 758.943161824, -2.37398013896e+22
-350.752555228, 383.064014409, 781.156525326, -3.5829509887e+19
-1721.55639286, 983.886122, 2311.05093271, -5.27950209562e+23
1941.77944824, 994.582164572, -2114.32184154, -1.56879377081e+23
-2409.52301115, -505.545519088, 141.98294424, -3.56422087255e+22
-1207.4586175, 1124.89809393, -2962.06067503, -1.91588944163e+23
1246.40699665, 1768.4796832, -412.086989836, -1.09563775924e+22
1325.00750537, 8.78515898465, 401.887658599, -6.26545905214e+20
-117.225403707, -1047.78365947, -865.562818883, -5.58900187539e+19
1266.26663454, 795.381857581, -2383.07674265, -1.05488935859e+23
1720.05559725, -1203.45246588, 137.366903463, -2.47207465046e+21
810.117547859, -172.236722076, 542.496754482, -4.17843937225e+19
1111.61190711, 239.771283666, 1945.49693196, -2.37698333982e+22
1801.1279115, 27.1538847684, -1847.83662166, -1.13198304269e+23
316.925042571, 1792.51121959, -1188.26108142, -2.08162048086e+22
303.569339442, -2192.79589525, -447.227451042, -2.23497528564e+22
560.519043211, 2075.55706595, -781.432152279, -4.01308785289e+22
-1091.88646357, -1194.23409077, -94.3434505273, -8.82407126967e+20
183.829328579, 960.394353807, 55.6391401701, -3.84447179666e+19
-1817.21068625, -211.540223282, 842.676252248, -6.05210733792e+21
-703.712406416, -449.449639116, -859.433361516, -1.78070834562e+20
-24.2336829901, -827.585157011, 1172.36647418, -1.75971825303e+20
-725.997149758, 1384.12991446, 1096.02531142, -3.01275888753e+21
-498.544451897, -1891.21811578, -1164.58521811, -4.04846670988e+21
423.266055249, 546.289222419, 1361.93765313, -5.37124110218e+20
-74.3265919077, -3272.20568461, -1536.72598456, -3.1910900708e+23
2596.7792451, -1658.72710305, 1191.00866305, -1.91682190772e+23
-233.660777243, -2509.17906645, 41.174493683, -9.5764164261e+22
-70.6191306776, -2014.8087761, 862.329180625, -3.62699912362e+22
2195.48136959, 2748.96622664, -3022.90098984, -1.88526536195e+24
-1194.94596547, 396.607057883, -933.555936325, -1.34131640453e+21
1589.23981868, -2334.64842856, 1082.67812789, -2.26605286746e+23
1742.78971466, 2233.61226615, 1263.38499735, -1.45265123421e+23
259.326716586, -501.103049537, -514.236654584, -2.86113512209e+18
-1109.52328061, -2311.05888127, -258.788912011, -4.5085687707e+22
66.5129535019, 2183.68449994, -275.893136711, -3.98386661179e+22
-67.8659213091, 1597.58632381, -2764.97824239, -7.40104365054e+22
-908.18412415, 217.315332237, -83.6051621652, -8.67647360603e+18
-535.572716507, 1134.37550756, -3200.35424259, -1.29116821533e+23
1516.6274127, 901.731565331, -1435.38574759, -1.02976787637e+22
426.797225356, -1711.42616018, 1014.72953107, -1.55329370947e+22
295.835622851, 2024.1012237, 2028.08412714, -2.96558128034e+22
2881.15223999, 575.091036102, -1786.45966743, -5.06339133843e+23
-210.416937811, -413.093169971, -315.958194425, -7.78610512145e+16
2565.6304724, 935.119443304, -1005.04841963, -7.31794085288e+22
-8.6553753684, 2133.56529245, 36.8618566177, -2.52781227032e+22
1766.5079514, 657.496525442, 896.364820933, -2.27953906484e+22
-5.8972843025, 184.222097525, 958.562539858, -2.55525142076e+19
-1142.90302049, -109.516256782, 466.481547016, -1.14290249091e+20
420.830962857, 3011.45600406, -865.469313958, -6.84296973589e+23
-1257.85991385, 3377.18159045, 742.128476874, -8.14696523827e+23
1845.63100589, -1230.27718941, -1258.16178576, -6.16464359394e+22
271.450354588, 1581.30360286, -602.010078577, -4.66458037329e+21
-958.890507946, 47.6677959065, -1772.83022144, -8.29813269742e+21
478.436265396, 131.325388696, -1044.24818231, -1.46091070786e+20
-517.539973842, -815.164710558, -2637.32373124, -7.18385268596e+22
1700.77391183, 442.413259448, -2303.42472975, -2.23704628109e+23
1850.69876819, 1760.79612195, 1807.9127285, -2.69284684778e+23
-376.082742317, 2250.36972479, 242.161634246, -3.44284631779e+22
-1805.94315579, 1822.33879013, 563.497044249, -2.15354400112e+22
697.699234062, 2431.83385845, 125.824819219, -6.60900206435e+22
-1000.87261033, 1620.97281067, -1151.29046787, -1.84904286114e+22
1614.95497558, -1254.50549357, 829.116643689, -7.85378940674e+21
-540.244813539, -1807.78445019, -1274.01676483, -3.47088159456e+21
1184.42853325, 260.629128058, -837.955357791, -6.42234811117e+20
-227.210782776, -945.70837263, -2216.60727278, -2.28381815101e+22
814.08242397, -2065.81405049, 1599.0352007, -1.10137190985e+23
1008.87162351, 1817.39191718, -2026.08635862, -5.46356429716e+22
-949.011426758, -408.716580146, 44.9778172797, -3.61743534312e+19
1412.07111651, -168.258633733, 873.010190537, -3.16109955481e+21
-2329.17370223, 104.756130766, -1334.1888089, -1.56606130256e+23
1857.3653369, -3192.77407681, 1426.35564019, -2.38569341475e+24
-1640.41540754, 2698.22607145, 3254.53875054, -6.13654067095e+24
1228.08966234, 298.733632993, -522.275028244, -2.13306604425e+20
-1945.9612611, -2097.95086452, 558.573795809, -7.4313444358e+22
2273.96014688, 2932.79970355, -1545.75357553, -9.72727510344e+23
-1093.50356942, 744.473731852, -844.38497004, -6.74413253419e+20
510.977435169, 1055.83731438, 1541.05164679, -2.24796013957e+21
1355.20327278, -1831.46209837, 1263.24758145, -5.46821658145e+22
507.221669945, -1714.73652137, 1496.17255882, -2.70047729571e+22
2328.14114438, -300.939773151, 95.6865046185, -1.66589719129e+22
-121.056586755, -2129.4408721, 3093.33613068, -3.66060468768e+23
6.75822120852, 359.564518579, -240.88439903, -6.03254554535e+16
251.782767083, -342.39808404, -57.4320395803, -1.54696726647e+16
912.194407111, 2814.09551302, 859.038768952, -1.39665882231e+23
-2766.37198078, 1381.79774257, -573.593234736, -8.781262202e+22
-1563.09652024, -568.518933338, 180.459799321, -1.44725246153e+21
-1755.90281517, -978.793148577, 2443.3194783, -2.50648937633e+23
2112.01807477, 1084.24414496, -2795.85581588, -8.63659822362e+23
-2624.18771461, 2489.56706891, -793.37416685, -5.16465055826e+23
-1232.06370109, 363.124053046, 1218.46783131, -6.50939447811e+21
-240.531714211, -1824.58290902, 1678.20479714, -3.73401541665e+22
1095.83230167, 225.332672833, 1523.82366179, -7.58617842552e+21
1313.0305601, -67.293662889, -1134.1024592, -4.5630149771e+21
-2367.52053581, -408.397085526, 1727.7426113, -1.92400669595e+23
65.5345446987, 3184.44319335, -968.236964731, -1.14146962612e+24
427.457034254, 1370.04939151, 2532.19928176, -7.76469947361e+22
-986.141910632, 541.030188961, 1274.7324829, -4.97407651427e+21
-787.676993677, 328.208723209, -947.416378044, -2.11401386038e+20
-1363.69798397, -204.112915431, -111.284862515, -4.74197346099e+20
103.513120428, -1323.03943182, -530.612535095, -2.61114302646e+20
-1464.53634626, -236.751610245, 2066.71745364, -9.36615396808e+22
-790.459194087, -1452.46438014, 937.180598766, -3.65220772536e+21
2417.3635151, -1231.47535197, 1463.71093606, -1.72933254412e+23
1213.92556575, 2212.90749147, 2147.20864766, -1.36316141039e+23
107.289717229, 449.600855061, -314.63801716, -3.47358522673e+17
-1737.77565578, -213.857436925, 93.7880832319, -2.15754299479e+21
-257.528253968, -23.8324556648, -2751.44255553, -6.28298546524e+22
-630.569290501, 908.478513227, 1202.28259367, -2.07374726305e+21
-1820.12001492, 2900.32684668, -1209.40201608, -1.11846537008e+24
-1163.02647449, -280.357323509, 340.537091877, -9.56213473437e+19
-1986.26465151, -1901.86448507, 923.657684178, -5.17954913741e+22
2225.33044064, 518.312079401, -591.754429381, -1.67080281372e+22
-2472.67591805, -3038.90652702, 831.456705507, -1.06046055737e+24
2566.68164109, -2474.54708927, -1313.90080592, -6.11320398328e+23
-1245.23009887, -867.586742093, -842.547335835, -3.65778784682e+21
135.557951358, -4.77540556197, 371.978080763, -1.28458443339e+16
1898.95922771, 835.500521795, -162.70839537, -8.74960870246e+21
-463.260105227, -1088.03288081, -2035.35646649, -1.31175384082e+22
-1370.09611263, -357.203880459, 1373.4393963, -8.49947444703e+21
-860.510908162, -1463.49181298, 2133.39211274, -2.70472629761e+22
-811.959629782, -416.347862117, -574.081354467, -1.04575690129e+20
-1439.08590868, 773.36201262, 507.996316966, -1.1679738966e+21
1578.7280546, 492.972310145, 262.133087417, -2.79407364007e+21
-1535.8799311, -1245.05408392, -675.80854511, -1.22704979751e+22
-353.630320231, 125.181305095, -461.837136104, -5.01332333915e+17
1187.46886227, -1684.5065917, -94.8545680082, -6.22701485132e+21
-509.537400064, -198.972344592, -557.621187586, -7.61726807747e+18
1710.84448191, 936.935406805, -14.1765748873, -5.81725064827e+21
734.108983134, -1602.84871004, -1872.27250286, -5.24812227099e+22
-2216.6796133, 2804.01992869, 939.417985952, -3.78472075251e+23
-859.970113758, 878.264177629, -554.784620997, -2.12140868187e+20
397.623893406, -1519.24532148, 1731.25503475, -1.5941678014e+22
-708.28925186, 1459.39685718, 710.100334342, -1.08130882515e+21
1269.58565642, 430.093718097, -3046.95928451, -6.40578163342e+23
-292.424591553, 1850.13668017, 844.741204678, -3.80983355392e+21
333.072399697, 110.97850759, 1018.53562756, -3.83452342248e+19
-2207.84776674, 1264.94283029, -986.017667822, -4.48604502732e+22
-1095.70029228, 291.566206613, 176.468991529, -3.32084082282e+19
2203.12446383, 2234.96982087, 570.845261687, -2.33304284788e+23
2686.64462816, 1453.63951725, -38.3831173062, -2.09199621812e+23
2943.11569057, -695.752930502, -1543.39875569, -6.24237529759e+23
957.699128633, -1524.58313656, -259.496553466, -2.07100364932e+21
-2068.83289501, 2772.30296554, -2195.71264889, -1.90039285234e+24
644.867341149, -717.596648929, 556.496490804, -4.68617209652e+19
-1759.96461474, -228.335961052, -412.902420923, -5.84606289729e+21
-953.769624215, -1017.61695395, -1024.61862267, -1.95694571583e+21
-1035.10153556, 774.491718617, 1796.92187359, -3.98682797812e+22
599.031559288, -718.297985057, 314.997449084, -2.09918085231e+19
172.837076863, 1813.9212428, 137.730338146, -6.02433502321e+21
1012.40901666, -98.3336787359, -2701.44157635, -2.75760372365e+23
-1947.14956464, 1957.50910811, 928.188015893, -6.36068230799e+22
264.588541789, -540.767533252, 25.6683161977, -6.44813366109e+17
-529.007673486, -650.914637319, 563.639381571, -1.05208149655e+19
-2196.05154321, -1896.42342156, -1432.7607884, -4.00939748022e+23
-67.83549805, 2528.96421577, 980.932874926, -4.73783578738e+22
-579.603825361, -1983.44015163, -1545.44327031, -8.87112080793e+21
26.2502440985, 1943.71496657, 507.689719187, -7.32413033475e+21
-1685.0583957, 125.175630528, 1272.80987836, -1.98587047663e+22
-2947.08646593, -2063.01276643, 449.206698011, -5.26577800387e+23
840.512559553, -1.82143140351, -327.587672958, -9.96687620194e+18
-2819.46738967, -1583.18364004, 2283.43485827, -7.77441289187e+23
-569.787622694, 1440.98473131, -1104.57670031, -6.23216403146e+21
-1743.78841497, -179.122587279, 1700.22995066, -6.20085040717e+22
1240.67822969, -1149.09055365, -2319.04215544, -2.88204224961e+23
1573.67164006, 2961.70555523, 647.08217833, -3.21377896658e+23
-1085.82483901, -203.281375958, 2301.28587434, -9.2877143653e+22
1834.93584051, -3110.60080094, -789.178380313, -5.29572544403e+23
1428.32736688, 827.705285146, 1102.79864767, -1.26064739428e+22
-616.097010871, 368.24868204, -1035.22644981, -1.22634806565e+20
-1402.86317465, 400.068163092, 1799.32533468, -6.22243453594e+22
977.119978376, 2006.81454855, 1.01758732509, -1.71779129045e+22
651.080218148, 2883.92007177, -3248.17932739, -2.07073259237e+24
-1250.00798348, 255.863467485, -1554.04735696, -1.07775145521e+22
711.312567224, 1564.56359557, -996.844621731, -6.4932510308e+21
-2239.64302858, 731.007720651, 1362.84932226, -1.24932828246e+23
-1220.68199602, -10.0842279723, 1030.36235687, -2.12200758248e+21
94.0759044881, 136.185792426, -13.2867763083, -1.16779320586e+13
779.207964031, 332.745312855, -182.159049229, -5.47676563439e+18
-193.840086306, -1912.55780615, -760.000699231, -4.86541698599e+21
1381.62559222, 1132.15420293, 895.705826521, -9.09700649036e+21
664.239528267, 2088.44890192, 800.998592813, -1.14101285098e+22
-1414.02270537, -1305.87892183, 397.906405879, -2.90505468886e+21
2408.39636335, -1684.24364425, -1370.85456841, -3.0795474672e+23
1922.42588819, -2068.29787641, 1452.48109373, -2.05648022897e+23
-1681.69694147, -1118.44378062, 1461.92064952, -1.57718310565e+22
-2033.43568961, -1372.2632451, -2239.75640509, -6.28854734931e+23
111.943020985, 963.724465201, 2971.93636673, -2.36660671521e+23
937.7826138, -2932.68044622, -540.641617006, -2.66333397059e+23
1512.00560639, -1119.96700342, -429.999242294, -1.89209690601e+21
-1636.86076221, 519.299493095, 13.5069558518, -6.75231558051e+20
-2228.64561022, 1610.11118815, 1752.6710138, -4.87939686716e+23
-454.836245808, 2335.32878332, -209.609084497, -7.0155616518e+22
-1583.29835061, -1080.91233569, 3185.2883484, -9.36154711094e+23
1012.69047867, 1454.73447043, -1334.78450049, -6.54027858808e+21
1765.84879785, 711.646875246, 613.267549267, -1.42057026064e+22
-759.699207126, 54.337175748, -1333.97295927, -9.89117538892e+20
-693.768823103, 721.689488481, -295.356800146, -2.68701266222e+19
-940.988779829, -50.2422842909, 532.302283858, -5.70899022216e+19
582.886864815, -1444.26527322, 1156.6361972, -6.63487836685e+21
1618.83641194, 2083.7159926, 1588.79204852, -1.37940421205e+23
1627.68052201, -2258.93195051, -785.687996618, -5.534831846e+22
-100.296927203, -1063.35975772, 46.4136030731, -1.04427836409e+20
2223.39988661, 1884.15239802, 1069.62031612, -2.77630056728e+23
-554.886257967, -566.365804875, -2102.01144665, -1.21842126715e+22
-678.010242265, 2462.82363932, -2159.70965041, -4.92443777379e+23
-73.650490222, -2285.32618237, 997.068813422, -1.01053465368e+23
-854.091178452, -1669.22827788, -137.091057946, -3.61735803236e+21
971.59740712, -1194.1026776, 882.310582816, -2.20649104328e+21
-1304.18338024, -1964.20327535, 1937.98538989, -8.17212570773e+22
272.041187687, -3353.03924066, 102.434786763, -1.05213372518e+24
-1020.8533577, 39.1101637402, -2126.39552809, -2.54329893827e+22
-1663.92454832, -409.023351849, 1618.21291939, -3.55056568878e+22
-1974.97410344, -1817.4678558, -1350.48928324, -2.01844421345e+23
3179.78463397, -2455.98250386, -1396.77015702, -1.64620655781e+24
1613.1238818, 2626.87032369, -1608.43741713, -4.06612828674e+23
-1280.13838458, -721.623389683, 1539.0047529, -8.87439803704e+21
151.398667402, 842.15892744, -1690.9000723, -1.17063980816e+21
1619.43590578, 1197.35760467, 1096.87898148, -3.15302033561e+22
2636.01962276, -1450.80586008, -963.940252969, -1.66259352271e+23
-314.75420794, 1686.166808, 608.676154985, -2.104453447e+21
-993.88709637, -2134.87046028, 745.76050712, -4.83084531378e+22
2473.39862721, 162.678245998, 831.845718165, -1.15631501918e+23
-2389.33986474, 1123.98089588, -1865.45070411, -3.22643822933e+23
2530.47492108, 2305.80840516, 681.497510085, -5.58034549625e+23
1236.87334432, -346.006890082, 481.681955546, -3.49851459307e+20
-204.098342794, 1430.55362363, -940.935857025, -3.94352515237e+21
-890.580961589, 1047.44280139, -206.168826835, -2.87352894246e+20
-992.932247728, -2308.49178474, -427.690971379, -3.80802663727e+22
109.071389054, -321.832084219, -1229.40546818, -2.52353390111e+20
1382.8320789, 1182.17584882, 1317.239755, -2.2143292199e+22
-1492.53815046, 938.028929525, -1002.45021852, -5.21153539093e+21
-2922.60657853, -618.544796373, -1527.53154929, -1.08668582467e+24
-2904.64190386, -987.309230864, 316.587402982, -1.96430918118e+23
-1633.23320572, 2740.3130684, 882.440810662, -1.89027079597e+23
-1148.0217666, -1203.2644802, -2356.43914341, -1.02550684813e+23
1081.82020795, -254.850350812, 481.835096076, -1.60968940195e+20
-133.57965952, -750.27569987, 1837.41267774, -2.09596505998e+21
1458.50957489, 1545.84292672, 1340.10695984, -3.88115191822e+22
1510.96193774, 2426.13408292, -1821.32227757, -2.72203258098e+23
776.22174569, -1532.03579027, 2482.93813896, -6.14877250416e+22
-1906.9524334, 1039.83405523, 2856.95195356, -2.04295884377e+24
692.712031178, 2491.24528068, 523.768869464, -6.00409296149e+22
460.740328641, -4.88457047208, -853.147883387, -4.88731177444e+19
-849.514642344, 2142.73060943, 416.192224333, -2.30680708111e+22
-1491.02408844, 1003.95226636, 2018.76232496, -1.91473010468e+23
221.595509115, 711.311593015, -811.496325777, -2.92817686953e+19
1658.4814271, 991.442527891, -176.310142979, -4.26827745492e+21
76.7600002941, -988.73549622, -2991.98959642, -2.91272190638e+23
1624.16577686, 1295.26057558, -1072.16036438, -6.77161618302e+21
-550.465766865, 1063.54602413, 456.601404955, -8.57934971882e+19
1791.04921332, -2770.59298751, 502.975450649, -4.92740240308e+23
-2054.09201467, 905.158748845, 400.508758699, -7.01499233092e+21
-1831.46501648, -899.208244958, 2263.13747407, -1.94106058645e+23
1714.69439685, -305.219863602, 819.825797741, -7.87600540936e+21
1505.32625522, 2936.92244531, 655.788309426, -2.87153905171e+23
61.9142823901, -1389.78414845, -519.950473339, -4.00973598012e+20
308.461638923, 167.955484651, 490.545830388, -6.48796835746e+17
2374.38110664, 137.382989322, 2017.9417973, -5.71667621711e+23
-2284.91887039, 146.609172236, 2609.8819851, -1.38177444718e+24
52.9506955768, 1373.09379703, -1993.98867012, -1.0992984976e+22
872.53380418, -695.772985078, -1667.81915672, -1.77450038281e+22
2790.56667288, 904.26891684, 851.451219523, -4.21185026895e+23
-2052.83415243, 924.227887887, 1227.04589515, -6.95481441574e+22
687.914376629, -2324.44830054, -1963.02364579, -1.12483284698e+23
-1660.93199316, -541.003545672, 1417.38073066, -1.76552067994e+22
-448.665628714, 576.997367756, -1324.11824957, -2.25863537983e+20
-192.16560824, 1223.07993135, -2386.13541592, -1.64004930227e+22
143.079722963, 2754.94256846, 2334.27395544, -1.62487625307e+23
-2551.63790283, 2051.52173322, 1397.32720202, -5.08604319503e+23
1899.92129452, 642.366967283, 664.249410852, -2.30044570509e+22
2034.73075095, 589.920003133, 250.145883252, -1.7862415553e+22
-2278.37873406, 187.369244934, 1576.82772584, -1.61317815394e+23
-2371.20044508, 232.524192619, -401.518993848, -3.24041703423e+22
53.3133253632, 951.404096486, 166.921599272, -2.86391705943e+19
-2222.2814093, 1729.24128076, 2253.19233864, -1.37860294034e+24
2493.55774273, 295.76760422, 1371.07149932, -2.98894725259e+23
-81.2713903201, -1293.87571672, 1339.1374593, -2.98431190631e+21
270.163319668, 563.37952091, 581.575497251, -2.3028403106e+18
-1063.65630781, 166.130903921, -2564.64893339, -7.5724076765e+22
-933.270113527, 104.963622519, -1379.80843197, -2.2722952763e+21
-1514.19886046, 1260.92861983, 1757.29260291, -1.21817467848e+23
-290.725152898, 1986.50690541, 1406.49246832, -9.79124407214e+21
-105.628948547, 733.997615431, -1674.12630695, -7.5149348448e+20
-197.670281486, -1010.73220154, -2646.03983036, -9.19913573558e+22
648.519646156, -2538.32168576, -915.128075578, -5.78569875263e+22
762.249649465, 562.497703476, -465.105255102, -1.22034920318e+19
1818.45843225, -2160.14868709, -395.881200599, -4.99314243269e+22
339.094531375, -987.127504739, 752.391738783, -2.76923245819e+20
148.739868956, 776.95040032, -100.301621588, -1.00415356996e+19
2910.52361368, 438.049367784, -2212.02287475, -1.21806404441e+24
-157.871671391, -1299.81591051, -592.302334973, -2.00546086397e+20
-899.988965178, -456.91534957, 563.594799696, -3.69335728318e+19
1135.87642752, 400.444449574, -194.454750666, -1.004118456e+20
-1397.78443247, 1353.45301821, 1937.54408887, -1.66623138992e+23
-286.95081961, 304.353856498, -1240.4473867, -7.90088599489e+19
-94.6848412362, -12.7865775449, 191.192208908, -2.60315232247e+14
2370.71795807, -811.612794406, 155.492273955, -1.49941694925e+22
-159.885011738, 1794.40617741, -441.545513696, -1.09370678624e+22
102.32895132, -1026.50720496, -163.214917541, -5.52736256191e+19
-363.507825038, 2414.1682268, -1304.60779153, -2.100939422e+23
1216.30011382, 2501.10714467, 119.798476584, -9.3359153098e+22
2329.9849673, 665.587085053, -819.549629532, -2.91034329581e+22
1060.04834072, 2718.70397787, 2006.80837376, -1.3927513111e+23
1748.91621513, 896.13732864, -406.576174322, -4.3286206366e+21
-200.495505698, -499.672780219, 184.394483656, -4.41058722286e+17
1648.45647948, 1536.73097661, 683.344437451, -2.54095123803e+22
-1416.85454588, -2407.71253496, 1474.41501298, -2.00043030824e+23
-1023.69691143, 2683.6697879, -1219.08491995, -4.98245431854e+23
449.694719093, -845.580552784, -229.348439564, -1.38388959028e+19
-377.291208551, -1210.0651172, -1321.72127497, -8.1598264755e+20
-1412.33014267, -103.640767525, -237.118205599, -7.11580143343e+20
-989.210027481, 200.735073739, -253.260632645, -3.5844121081e+19
2884.72192489, -846.562238143, -2804.13250602, -5.46943182857e+24
-2254.14339145, 317.662913618, 653.924247836, -1.75397622439e+22
2599.89887775, -1567.80024313, 896.800698707, -1.12918973896e+23
1425.82729455, 2284.86144752, 434.5995348, -5.24362614936e+22
-284.907361374, -116.233396864, -66.4142735504, -4.74518938869e+15
-1628.56366735, -263.469267818, 642.42717689, -1.79159709067e+21
1923.51860239, -471.728171457, 1909.46549807, -1.40969747621e+23
-148.011735498, 1201.63423499, 1312.7631941, -1.41370826489e+21
-364.980581497, -289.318852947, -1442.31838763, -5.23549387854e+20
-1614.79532473, -2207.02421346, 736.412515243, -7.47181104633e+22
464.861983353, 135.69880279, -918.799886367, -6.13264854619e+19
1304.44627994, -1622.34714335, 1508.53973511, -3.77154598199e+22
-1227.4528931, -2059.68788174, -781.524960967, -2.16205643264e+22
-867.016623358, -1056.90146279, 545.658951679, -2.8882741514e+20
-161.517836587, -48.4343777151, -1047.46709295, -2.75815960156e+19
-85.05633912, -2642.07730115, -4.74477558441, -1.41376290895e+23
1150.83376528, 744.250165861, 3027.34162003, -3.40613665783e+23
917.574972013, -30.7572347218, -827.696658204, -3.06241748648e+20
-1161.39462587, 1158.0952457, -1361.12905089, -7.04108754623e+21
-1109.40800571, -1398.67824962, -461.05281105, -2.33940443546e+21
463.9629207, 53.2501128769, 1191.48324201, -1.64709593788e+20
1372.90737389, -426.798022241, 1922.1114744, -3.5580768503e+22
-1284.31847374, -30.5981489596, -1842.4495815, -2.76381115405e+22
-962.359007413, 890.797647907, -1350.31146588, -2.40289707953e+21
-104.496436813, 2482.00007233, -98.60676874, -9.60056723067e+22
1988.44018085, 1156.12199475, 2167.6007267, -4.70022993824e+23
-1275.07712401, 1093.80845378, 1528.8585224, -3.65731738861e+22
1774.71098104, 895.989468485, -580.152885451, -4.51447181448e+21
-1685.78936966, -1547.50830623, 490.035761159, -1.15459055105e+22
1655.91476049, 879.619458724, 643.442023359, -1.19781407333e+22
906.51411333, -100.446653244, -582.613927095, -8.24552751672e+19
-2595.6365892, -2902.96345614, 578.079736141, -8.89987246017e+23
-2145.70144515, -1133.58853659, -2375.91745621, -8.72425659303e+23
-2638.24856013, -239.696648197, 423.67902074, -4.99193948284e+22
-1637.50481942, -2996.66224542, -582.343527912, -3.72056464039e+23
-2178.99056419, 629.474154839, 367.128637232, -8.49946573803e+21
-432.963236372, 2296.3854472, 1413.11118227, -2.51494862042e+22
1871.10003835, -936.674443091, 102.862425661, -2.26993087232e+21
-3130.74498089, 1648.82682737, 2001.12512108, -2.81080947036e+24
-872.778538104, 935.132153591, -1679.38018415, -4.69398390138e+21
2342.9569044, -281.677795032, -109.454539842, -1.46904728306e+22
-176.892347948, 445.398543688, -2934.19170708, -8.2778693221e+22
-1351.6886243, -2311.9146147, 2239.87146911, -2.74754642237e+23
-1634.77314108, 1458.39103142, -136.129801502, -5.32715858691e+21
-1576.30980076, -1358.65147264, 1157.30972197, -7.6801183196e+21
78.041921639, -2650.56599467, -1131.81704178, -6.40107132813e+22
1819.1642452, -793.940337552, -188.435119634, -1.82027578991e+21
455.606684738, -607.161112339, 1199.92776328, -1.45789606993e+20
-952.26404674, 1308.85856114, 158.467844474, -7.94595125964e+20
897.130043041, 402.407769466, 1715.9203267, -7.42322165444e+21
-1125.77948186, -396.816339329, 548.874723264, -1.30184572377e+20
-146.848626547, 661.174997063, -167.214546127, -4.13789385334e+18
1554.46668275, -1705.44535993, 1673.95559818, -7.83988033787e+22
-219.069687588, -236.037054148, -1459.10700735, -4.83335553549e+20
694.391130897, -2374.49415911, -2022.55625363, -1.37331453463e+23
1760.02039876, 267.377199495, -2936.5040894, -1.05689676317e+24
-2084.77417643, 2712.6014778, -1822.72154204, -1.30095981639e+24
1812.64694981, 243.547516755, -2345.12508486, -3.31218975249e+23
-2054.47488351, -777.624681591, 1378.22858687, -3.61153222652e+22
2909.76043536, 213.462947692, 885.446927229, -3.80316843203e+23
50.3985251521, 249.668419091, 1541.87309299, -9.60287487285e+20
2163.77012302, 1402.63452362, -161.207145417, -4.33843284974e+22
1148.58866425, 2449.20051849, -3285.90691269, -9.98600316104e+23
-1132.98957249, -1805.00734601, -862.128201312, -9.79073120502e+21
-1579.58861792, -1039.61897959, 2456.51220103, -1.88124848152e+23
-870.041610178, 1187.47878558, -612.742002558, -1.23812628065e+21
-1849.87861154, -3389.28296347, 714.505344925, -1.62507678834e+24
1301.86180819, -336.199936659, 397.489740441, -3.70011495626e+20
-525.04215005, 480.975545627, 2447.52197177, -9.07450386273e+22
-1186.3388062, -2737.02542617, -439.765261186, -1.54454380224e+23
126.01040055, 577.561876821, 2733.36199057, -9.76119591084e+22
-2121.44928745, -961.292833203, 839.842594267, -1.77128852496e+22
-1919.30740492, -2693.9325498, 292.354134026, -2.877166436e+23
-371.844223293, 1045.0970774, 1194.6897285, -1.1607601829e+21
2137.79065598, 1925.80828399, 2103.26424528, -8.25964269767e+23
-529.067236703, 303.381569295, 1262.99247425, -1.03923086816e+21
1832.35289898, 645.068857612, 520.253293044, -1.43002722338e+22
971.950866701, -915.27074367, -3265.11102142, -1.38629424433e+24
1361.78561121, -2481.23086378, -1841.29839775, -2.69937956998e+23
151.926370685, 723.294262733, -530.735666239, -1.64986473654e+19
779.49690336, 581.154348385, 136.445827653, -2.54470105441e+19
1546.66391444, 395.519231541, -146.483588041, -1.06497951638e+21
-151.923568966, -407.605855627, -1579.40221078, -1.13605291714e+21
-475.206987682, 1587.07856323, 382.699615272, -1.75399570143e+21
-221.471631258, 938.652696977, -900.867577754, -2.47977848319e+20
-393.363978957, 505.569346898, 160.49082542, -4.06023323241e+17
-2615.39425652, 3251.40461116, -404.48247257, -1.9815207064e+24
15.7974546452, -42.6572758205, 2737.39712541, -7.25340637326e+22
-1004.25984632, 402.304809696, 16.13188731, -1.31365134477e+19
-150.138892368, -1831.51919096, -1832.05990312, -1.39881526214e+22
-599.417302323, -418.123754164, 2136.64188879, -2.02377501492e+22
-1611.81512431, -1027.17642331, -969.686394971, -2.13724333237e+22
-1802.89818655, 1792.37403109, 2401.15418133, -1.07901352803e+24
-486.314275995, -2500.93677662, 1375.3756377, -2.42575069003e+23
-261.131637392, 2390.59813978, -912.354846478, -1.41423472288e+23
400.19437147, -1634.93925752, -220.600318786, -2.59547939542e+21
2392.56735811, -1257.91549356, -832.025871411, -6.63319472696e+22
-2775.8977968, 808.874012563, -921.783062141, -1.72163196362e+23
158.807593632, -1439.28648449, -1314.83807024, -1.96444893188e+21
-910.307316389, 2451.05568062, 2585.21194242, -7.03458827872e+23
1599.90585714, -114.759748196, 191.562900378, -1.20867759196e+21
601.086445405, 3327.61107837, 2093.3075039, -3.38060591886e+23
676.783325905, 1663.17304387, 1148.38683397, -2.59024361793e+21
-1315.36072052, -2548.80948079, -2022.03360788, -1.85685551239e+23
-1002.63445257, -679.132581151, -1452.70058773, -5.90128672116e+21
-446.808324062, 1016.5685137, 2142.94631205, -4.81371929461e+22
-1225.06349789, -60.0835597451, -997.211831292, -2.50787434093e+21
409.759547862, 708.146908943, 1506.81176379, -1.19920557345e+21
-1240.11889073, 1542.79036368, 1106.48983939, -1.35147123194e+22
-2980.78834683, 650.558006951, 900.253656124, -1.87564919514e+23
180.918755414, 1129.71397217, -2377.14352222, -1.66700889858e+22
-242.085594694, -2088.25109468, 467.013338109, -3.24401113425e+22
1405.40719315, -1262.92185715, 3323.33831353, -5.25300613674e+23
-194.559523706, -3140.25105618, -764.998653999, -3.46987940465e+23
2368.07807107, 144.048651114, -1155.50468418, -6.11856865125e+22
-1002.28101419, 448.446995244, 584.913684437, -2.05955640855e+20
1120.67577018, -214.82529762, 587.890473614, -3.14254074993e+20
1548.09163529, -1557.16545927, -230.939853453, -5.25216572653e+21
1104.84926925, -321.856038323, -70.1155117266, -2.96135794623e+19
2716.65977628, 1243.66262562, -3103.17873275, -3.11263455432e+24
30.0609515922, -1063.6647643, -1298.57718542, -8.1238894055e+20
-508.646453042, -2135.14565965, 1257.32844796, -7.25393515611e+22
-918.45054091, 1394.99171822, 1241.61200932, -8.41398930388e+21
2211.64632869, 649.870605281, 627.586219896, -5.79091087277e+22
-428.133205267, 781.605106597, -2245.60918362, -7.89247255008e+21
1932.91792017, 1652.15090423, -1686.9416117, -5.7949487639e+22
429.347403582, 2324.64478584, -321.876810042, -6.51799452235e+22
2057.71658816, 563.026342251, 362.923466938, -2.21919271361e+22
1540.83512202, -1284.75562327, -540.409715126, -3.79843395404e+21
-742.008530283, -122.018356283, 1549.45912307, -4.10499404321e+21
-690.071107081, 2096.1975936, -1170.1840439, -8.01843758094e+22
-2115.01445935, -723.84641512, 1212.3297615, -2.92524703835e+22
-2883.39062706, 50.3676733405, -2559.2098094, -2.90747164578e+24
1403.99761457, 2099.42694827, -2849.88345265, -3.93021140828e+23
-34.901420163, 560.373581381, -2217.83222021, -8.12483974692e+21
835.408502868, -361.253520452, -1096.71730079, -1.27406215631e+21
-22.1863216888, -1410.10694331, -467.587247046, -4.82092263448e+20
-1191.570137, -2781.18445456, -2576.29443809, -4.04155958221e+23
