-0.499695065211, -4.01259706822, -4.88089688264, 0.0
-0.499695084737, -4.0125970787, -4.88089686499, -1.68454471166e-13
-0.499695056397, -4.01259708806, -4.88089688647, 0.0
-0.499695057686, -4.01259708041, -4.88089687783, 0.0
-0.499695093227, -4.01259721569, -4.8808969066, -4.71675570489e-12
-0.499695071171, -4.01259707507, -4.88089687391, 0.0
-0.499695078193, -4.0125970963, -4.88089685342, -1.68454376149e-13
-0.499695056397, -4.01259708806, -4.88089688724, 0.0
-0.499695298073, -4.01259708524, -4.88089686603, -1.3644763718e-11
-0.499695059902, -4.0125970822, -4.88089687479, 0.0
-0.499695076187, -4.01259708153, -4.88089687246, 0.0
-0.499695040758, -4.01259711561, -4.88089687651, -3.36909492425e-13
-0.499695055963, -4.01259708537, -4.88089956712, -1.82886931341e-09
-0.499695082146, -4.01259709352, -4.88089687153, -1.68454912581e-13
-0.49969507899, -4.01259708927, -4.88089689955, -1.68455232975e-13
-0.499695075087, -4.01259708155, -4.88089687207, 0.0
-0.499695056025, -4.01259710897, -4.88089687051, -1.68454691071e-13
-0.499695056036, -4.01259698905, -4.88089687187, -2.35834342361e-12
-0.499694993923, -4.01259721876, -4.88089685222, -6.06434951496e-12
-0.499695114536, -4.01259688133, -4.88089687565, -1.11178466631e-11
-0.49969478155, -4.01259704705, -4.88089669681, -2.89735783547e-11
-0.499695055985, -4.01259711056, -4.88089687119, -1.68454687273e-13
-0.499695056003, -4.012597094, -4.88089687158, 0.0
-0.49969505806, -4.01259708229, -4.88089686546, 0.0
-0.499695091786, -4.01259711503, -4.88089686114, -5.0536272374e-13
-2.98941998014, 1.13617409691, -4.9646544792, -448.699053112
-0.499695128021, -4.01259710017, -4.88089293323, -3.93614200829e-09
-0.499685460412, -4.01259591754, -4.88089715369, -2.36934083065e-08
-0.499695056319, -4.01259707959, -4.88089735099, -5.66003870688e-11
0.533508670837, -4.90068443842, -4.88445530831, -129.309175252
-0.499695062702, -4.01259709477, -4.88089685109, -1.68454294759e-13
-0.949812031869, -4.900618124, -4.91787119001, -103.045412746
-1.02217609118, 0.616670796064, -4.90366385968, -695.123481399
-0.49969509983, -4.0125971103, -4.88089696495, -2.35836469062e-12
-2.20155914008, 2.25876222603, -4.93214686188, -287.94959923
-0.499695064078, -4.01259708645, -4.88089684018, -3.36908457553e-13
-0.499695060753, -4.01259708827, -4.88089686732, 0.0
-0.49969490195, -4.01259709498, -4.88089689032, -6.73809625253e-12
-0.49969507193, -4.01259708615, -4.8808968892, 0.0
-0.49969506116, -4.01259708653, -4.88089688516, 0.0
-0.492209757259, -4.00322628364, -4.88026956989, -0.0366959808558
-0.499695063682, -4.0125970937, -4.88089686844, 0.0
-0.499695058867, -4.01259709216, -4.88089687226, 0.0
-0.499695118568, -4.01259707355, -4.88089691773, -1.17918161695e-12
-0.499694714257, -4.01259709079, -4.88089685733, -3.13320644877e-11
-0.499695059401, -4.01259710702, -4.88089698917, -3.20063109684e-12
-0.499695063536, -4.0125969987, -4.8808968816, -1.85298534425e-12
-0.499694934992, -4.01259709247, -4.88089685712, -4.37976793928e-12
-0.49969505597, -4.01259708789, -4.88089689016, 0.0
-0.499695073318, -4.01259707133, -4.88089685085, -1.68453962486e-13
-0.499695062235, -4.01259709064, -4.88089688051, 0.0
-0.499695065677, -4.0125970456, -4.88089687745, -3.36907897548e-13
-0.499695056172, -4.01259709353, -4.88089688602, 0.0
-0.499695031109, -4.01259709119, -4.88089683608, -6.73814945215e-13
-0.499695046065, -4.01259706411, -4.88089688365, -1.6845412179e-13
-0.49969505503, -4.01259709163, -4.88089687177, 0.0
-0.49969506641, -4.01259709538, -4.88089695074, -1.34763733318e-12
-0.499695056172, -4.01259709353, -4.88089688602, 0.0
-0.499695048929, -4.0125972011, -4.88089687567, -3.53755096575e-12
-0.499695022184, -4.01259707702, -4.88089687578, -5.05361798953e-13
-0.499695066832, -4.01259705939, -4.88089686678, -1.68453777857e-13
-0.499695063728, -4.01259708342, -4.88089689238, 0.0
-0.499708637824, -4.01259708029, -4.88089687597, -4.65837998804e-08
-0.499695073068, -4.0125970742, -4.88089687962, 0.0
-0.499695069521, -4.01259708235, -4.88089673357, -5.2220512856e-12
-0.499695067403, -4.0125970755, -4.8808968668, 0.0
-0.499695057238, -4.01259706433, -4.88089688365, -1.68454116865e-13
-0.499695058452, -4.01259708241, -4.88089686663, 0.0
-0.499695078511, -4.01259711646, -4.88089693853, -1.17918293971e-12
-0.499695052474, -4.01259692994, -4.88089697486, -8.42258333323e-12
-0.499695067403, -4.01259707548, -4.8808968668, 0.0
-0.499695070178, -4.01259709196, -4.88089687891, 0.0
-0.499695058157, -4.0125970369, -4.88089693043, -1.34763344236e-12
-0.499695072223, -4.01259709874, -4.88089688429, 0.0
-1.56688277589, 4.90086527205, -4.98926282591, -180.02951084
-0.499695167393, -4.01259709148, -4.88086952536, -1.8917720015e-07
-0.499695040546, -4.01259709221, -4.88089687916, -1.68454620834e-13
-0.499695058044, -4.01259707587, -4.88089686198, -1.68454038987e-13
-0.499694977888, -4.01259707258, -4.88089688533, -2.02143631469e-12
-0.499695053934, -4.01259708273, -4.88089686688, 0.0
-0.499695059044, -4.0125970894, -4.88089687932, 0.0
-0.49969512358, -4.01259710276, -4.88089688205, -1.01072826544e-12
-0.499695057968, -4.01259707363, -4.88089686463, -1.68454042014e-13
-0.499695052255, -4.01259708535, -4.88089688581, 0.0
-0.499695094236, -4.01259706336, -4.88089688037, -3.36909011418e-13
-0.499695077596, -4.012597102, -4.88089686927, -1.6845471867e-13
-0.499695067673, -4.01259709994, -4.880896883, 0.0
-0.499695117567, -4.01259708089, -4.88089689684, -8.42274282869e-13
-0.499695053616, -4.01259708533, -4.88089688589, 0.0
-0.499695083011, -4.01259709947, -4.88089686771, -1.68454648055e-13
-0.499695037536, -4.0125970824, -4.8808968697, -1.68454089466e-13
-0.499695059115, -4.01259709607, -4.880896883, 0.0
-0.499695050629, -4.01259707775, -4.88089687644, 0.0
-0.499695063194, -4.01259715812, -4.88089678514, -3.53753464715e-12
-0.499695070982, -4.01259707695, -4.88089686902, 0.0
-0.499695076075, -4.01259705452, -4.88089687972, -3.3690806802e-13
-0.499694943003, -4.01259708347, -4.8808975041, -1.02925792742e-10
-0.499695055891, -4.01259707752, -4.88089687646, 0.0
-0.499695061851, -4.0125969673, -4.8808967601, -7.07499045977e-12
-0.499695115868, -4.01259709308, -4.88089750964, -1.01579074316e-10
-0.4996950481, -4.01259707968, -4.88089687811, 0.0
-0.499695897198, -4.01259700771, -4.88089696939, -1.78562124328e-10
-0.499695447538, -4.0125970756, -4.88089688991, -3.70598509913e-11
-0.499695061273, -4.01259695621, -4.88089688869, -4.21133229131e-12
-0.499695095045, -4.01259721415, -4.88089689623, -4.54829350637e-12
-0.499695062107, -4.01259707136, -4.88089687552, 0.0
-0.499695058785, -4.01259699014, -4.88089683513, -2.69524668119e-12
-0.499694992781, -4.01259708174, -4.88089687524, -1.34762957375e-12
-0.499695069983, -4.01259720935, -4.88089692923, -4.54830378957e-12
-0.499695068329, -4.01259708803, -4.8808968784, 0.0
-0.499695074432, -4.01259715687, -4.88089687763, -1.34763883705e-12
-0.49969507148, -4.01259708945, -4.88089688611, 0.0
-0.499695053318, -4.01259707491, -4.88089687793, 0.0
-0.49969509274, -4.01259708005, -4.88089686953, -1.68454560776e-13
-0.49969506872, -4.01259708557, -4.88089684664, -1.68454039916e-13
-0.499695075514, -4.01259708218, -4.88089688071, 0.0
-0.499695068621, -4.01259710737, -4.88089688804, -1.68454840193e-13
-0.49969505298, -4.01259708488, -4.88089686868, 0.0
-0.499695061756, -4.01259706713, -4.88089688558, -1.68454311907e-13
-0.499695157653, -4.01259709286, -4.8808965862, -2.37518285152e-11
-0.499695048675, -4.01259708238, -4.88089689127, -1.68454635945e-13
-0.499695040801, -4.01259715001, -4.88089679128, -3.20062281103e-12
-0.49969505288, -4.01259708265, -4.88089686549, 0.0
-0.499695070911, -4.01259707593, -4.88089688046, 0.0
-0.49969504201, -4.01259710856, -4.88089687559, -3.36909141492e-13
-0.499695053678, -4.01259708887, -4.88089687939, 0.0
-0.499695032539, -4.01259707971, -4.88089688871, -3.36908391453e-13
-0.499695052879, -4.01259708263, -4.88089686547, 0.0
-0.499695049073, -4.01259709297, -4.88089688036, -1.6845446987e-13
-0.499695074238, -4.01259729064, -4.88089689062, -1.07811532957e-11
-0.499695063447, -4.01259707934, -4.88089687873, 0.0
-0.499694966602, -4.01259708135, -4.88089688327, -2.52679428721e-12
-0.499695094287, -4.01259708816, -4.88089687272, -1.68454904833e-13
-0.49969497295, -4.01259708208, -4.88089687071, -2.18988881183e-12
-0.499695068845, -4.01259745468, -4.88089688202, -3.45334040945e-11
-0.499695069199, -4.01259552341, -4.88089685506, -6.16699670307e-10
-0.499695082382, -4.01259708436, -4.88089687564, 0.0
-0.499695061603, -4.01259704036, -4.88089697608, -2.86371379716e-12
-0.499695063081, -4.01259704332, -4.88089688231, -5.05362043942e-13
-0.499695075509, -4.01259708242, -4.88089688072, 0.0
-1.60980425249, -4.93388823499, -4.95863667911, -154.572623861
-0.499695020768, -4.01259708661, -4.88089685167, -6.73816183768e-13
-0.499695062358, -4.01259706623, -4.88089688659, -1.68454344396e-13
-0.499694868958, -4.01259705044, -4.88089687214, -1.01071369606e-11
-0.499695080576, -4.01259706977, -4.88089688022, -1.6845455164e-13
-0.499695059973, -4.01259708278, -4.88089687288, 0.0
-0.499695098473, -4.01259708516, -4.88089688778, -3.36909906714e-13
-0.49969504604, -4.01259709453, -4.88089687281, -1.68454399951e-13
-0.499695065905, -4.01259707212, -4.88089686608, 0.0
-0.499695040522, -4.01259709058, -4.88089687866, -1.68454507337e-13
-0.499695113589, -4.01259694023, -4.88089720338, -3.26794645325e-11
-0.499695072495, -4.01259708456, -4.88089688592, 0.0
-0.499695058802, -4.01259709572, -4.88089688104, 0.0
-0.499695061981, -4.01259709053, -4.88089693275, -8.42273848983e-13
-0.499695040262, -4.01259709042, -4.88089688003, -1.68454421603e-13
-0.499695057813, -4.01260102044, -4.88089690529, -3.91743147211e-09
-0.49969507337, -4.01259708357, -4.88089688454, 0.0
-0.499695019872, -4.01259711298, -4.88089689171, -8.42272848256e-13
-0.499695081282, -4.01259703461, -4.88089686223, -8.42269109225e-13
-0.499694981265, -4.01259701766, -4.88089687679, -2.86369163271e-12
-0.499695073572, -4.01259708918, -4.88089687154, 0.0
-0.499695078287, -4.01259707647, -4.88089686027, -1.68454216946e-13
-0.499695059727, -4.01259708745, -4.88089686656, 0.0
-0.499695075124, -4.01259707924, -4.88089686948, 0.0
-0.499695074296, -4.01259707465, -4.8808969341, -8.42274703342e-13
-0.499695088069, -4.01259708429, -4.88089688209, -1.68455040499e-13
-0.499695058279, -4.01259712445, -4.8808968736, -3.36909204927e-13
-0.499695061802, -4.01259756926, -4.88089687277, -5.92964095812e-11
-0.49969506654, -4.01259710068, -4.88089688933, -1.68454837007e-13
-0.49969507253, -4.01259709092, -4.88089688039, 0.0
-0.499695049658, -4.01259708683, -4.88089685239, -1.68454007053e-13
-0.499695159994, -4.01259707809, -4.88089686797, -2.35836996847e-12
-0.499695113204, -4.01259731113, -4.8808968616, -1.36448680901e-11
-0.499695067979, -4.01259704886, -4.88089687857, -3.369081404e-13
-0.499695079061, -4.01259602509, -4.88089687966, -2.84007262242e-10
-0.499695046834, -4.01259707287, -4.88089685172, -3.36907379641e-13
-0.499695063597, -4.01259707577, -4.88089687879, 0.0
-0.499695169482, -4.01259724947, -4.88089685417, -9.77044685074e-12
-0.49969506474, -4.01259707005, -4.88089687713, 0.0
-0.499695067746, -4.01259714438, -4.88089685642, -1.01072749431e-12
-0.499695052425, -4.01259708469, -4.88089688403, 0.0
-0.499695055507, -4.01259707071, -4.88089688673, -1.68454288339e-13
-0.499695051433, -4.01259707897, -4.88089685103, -1.6845383075e-13
-0.499695064705, -4.01259707272, -4.88089687844, 0.0
-0.499695065724, -4.01259708512, -4.88089690464, -1.68455221567e-13
-0.499695059183, -4.01259703748, -4.88089469423, -1.20647214762e-09
-0.499695077438, -4.01259718677, -4.88089687861, -2.69527216937e-12
-0.499695062806, -4.01259708585, -4.88089688262, 0.0
-0.4996950647, -4.01259707848, -4.88089687698, 0.0
-0.499695070139, -4.01259707059, -4.8808967685, -3.03215238955e-12
-0.49969507326, -4.01259708369, -4.88089686867, 0.0
-0.499695067555, -4.01259707695, -4.88089689024, 0.0
-0.499695075397, -4.01259709186, -4.88089687757, 0.0
-0.4996950647, -4.01259707816, -4.88089687699, 0.0
-0.499695064677, -4.01259706608, -4.88089686842, -1.68454025946e-13
-0.499695068591, -4.0125974333, -4.88089688979, -3.08274110102e-11
-0.499695008602, -4.01259709004, -4.88089686637, -8.42270957185e-13
-0.499695056397, -4.0125970881, -4.88089688222, 0.0
-0.499695011362, -4.01259731916, -4.88089687166, -1.46555546733e-11
-0.499695056065, -4.01259709435, -4.88089687077, 0.0
-3025.05642868, -2633.3781781, 3232.23266287, -4.35679074147e+24
-4179.89360873, 5994.86251202, 1640.40620653, -1.24603155533e+26
5530.76615032, -1238.11916076, -4083.80638873, -2.99851329453e+26
2065.97771964, -6229.980735, -1185.98155356, -1.1055651708e+26
644.171937214, 153.222450395, 1081.88346994, -2.52367323561e+20
-3967.67767592, -2036.59843633, -2501.01129619, -2.6635957737e+25
-614.475818947, -246.275653432, 7278.88221361, -2.30335557883e+26
-860.999556244, 7024.92979417, 181.217154403, -3.57362738731e+26
7015.2295146, 2615.40096328, -997.913070653, -2.32500955073e+26
2702.52458486, -4455.69801125, 3821.71249305, -7.73719627114e+25
-364.297636946, -1751.85643877, 3581.38594204, -4.9424778214e+23
1122.2483132, -2484.68084643, 5339.58924395, -1.04447970072e+25
2497.47055665, -970.943454107, 4652.66224448, -1.57987327916e+25
5648.99917741, 1655.08313343, 358.62368477, -5.36740018643e+25
-4526.34954278, -4554.75588285, 1241.26672069, -4.58591514646e+25
2757.09502344, -3814.93708914, 5409.10663042, -8.78091311195e+25
7102.89074398, -1027.57278072, 3108.20289755, -5.98699563628e+26
879.163734556, 3633.82698232, 3665.67454255, -3.23230040448e+24
-8578.99015893, 2242.50073324, -2397.52580673, -1.16978879404e+27
4521.25045418, -2418.62672932, 263.951951795, -2.84352800602e+24
-3794.62495243, -2192.81895739, 724.475616631, -2.66115560906e+24
91.8130509674, 1617.78747534, -2854.58583134, -9.17471744306e+22
-3314.77783134, -929.847610337, 2821.36377004, -4.64994065138e+24
-4888.25595986, 3645.71182163, 4468.97020924, -4.77953635911e+26
3960.52717, -3906.16104072, 6994.67944918, -5.26283694594e+26
3076.55428839, -5170.76790089, 7105.83649909, -7.05677504347e+26
5435.48963405, -375.292693716, -3538.35935491, -1.34555364815e+26
3349.42850326, -242.016621798, -4588.36279084, -7.48376322413e+25
2275.39403857, -1248.01712738, 553.967310023, -2.27472972682e+22
-6062.18792242, -1787.30997842, -65.5577657703, -8.25894159393e+25
1768.81962858, -67.6533686855, -770.477375745, -4.99930773622e+21
-1455.34260835, 2221.87353325, 3998.9806456, -1.36277748633e+25
-3731.12434366, -243.394534226, -519.155023133, -1.49884572997e+24
752.957160876, -2619.35172967, -766.404557513, -8.54126766893e+22
-49.4059230323, -3149.10056469, 540.306772469, -8.08888190256e+23
-1576.55278207, -3094.34907697, -2071.63665123, -5.83966565006e+23
-269.565050597, 7163.83376383, 378.117221912, -3.82970658081e+26
-1261.27945948, -1319.1218175, 3070.50259896, -4.33903844568e+23
-417.745232694, -3089.85164897, -5516.91345251, -4.47256553556e+25
-3351.17349876, 6736.77468636, 2130.98027675, -2.08114428077e+26
3460.60799683, 123.540225448, -2728.23132343, -6.51457551618e+24
-3465.89065779, 4634.16829045, 3528.31265665, -9.07297938005e+25
3718.91321417, -931.260254595, -2875.73316071, -1.54666673501e+25
637.503525638, -5806.61385744, 6460.04323172, -6.20204537074e+26
764.22485574, -2587.00239323, 284.310376703, -1.74735106006e+23
-2828.54230353, -7903.83376969, -1061.90674032, -7.30040252621e+26
-1949.63956335, 1547.40187078, -232.999877711, -1.27873911254e+22
444.356981889, -428.242453825, 3129.23185196, -1.36732549738e+23
-6248.95324589, 3928.25073005, -3723.81703332, -3.65540298197e+26
409.872025475, 4287.28351685, 7180.28831451, -4.13027622019e+26
2553.47719808, -1312.44016311, -2878.65121325, -5.08273170634e+24
-2813.48789105, 8306.42499474, 5034.46380383, -1.07217313381e+27
3956.44588257, 2942.20630956, -7786.92190211, -1.1732895936e+27
-116.495772136, -7120.32209496, 3843.78983922, -1.0920018653e+27
2453.23283024, -2481.86804496, 7034.7107115, -1.40405557247e+26
2.7890780309, -176.137124207, 5435.90369846, -1.70803697085e+25
5782.67236105, -2027.95314122, -887.44100206, -2.07796326617e+25
-3249.7053077, 1962.47556437, 404.784059374, -2.89164767787e+23
5959.3860929, 7341.47783799, -1392.05737005, -1.16630205884e+27
3750.32849292, 1447.26105445, 2394.28751551, -1.48349685339e+25
-1861.16113038, -183.158509937, 2541.82866273, -5.67046650904e+23
65.7414048663, 2805.42040557, -3774.69458266, -2.665539138e+24
5912.96825946, 8353.27948403, 6502.54910533, -6.68385395556e+27
3443.01268223, -2211.39556632, 1390.17771676, -1.48837204186e+24
-3665.33704003, 4259.75333228, 2234.91288983, -2.37930979622e+25
4403.52788744, -2193.31757706, 2409.90536184, -1.63506922556e+25
-2948.73251623, -1074.26952134, -634.812024203, -5.3574373498e+23
4114.0184122, -1419.53291296, 108.831471074, -1.11724300883e+24
6846.429969, -487.65899347, 3465.10181672, -6.47519391615e+26
3842.62698688, 367.976500428, 7585.5641871, -8.27487304672e+26
2207.482533, 264.356148342, 1539.7603053, -1.94968975281e+23
-2152.052385, 2989.43959453, -2578.81103754, -3.83555749015e+24
-7525.60307288, 5050.2821072, -7907.98196168, -8.79424069381e+27
-7581.74386858, 3028.85981322, -1110.69335772, -2.10706228176e+26
1711.09062816, 863.757380262, 807.907622792, -1.91787350935e+22
-1374.36319491, -3972.77571315, 5193.44485925, -4.02269539012e+25
-477.907354684, 7126.21767395, 2900.47672336, -1.84315637811e+26
-949.74439656, 2995.50035277, -2916.99423913, -2.9000623734e+24
2383.36569293, 2314.15891263, -6059.63791284, -9.77359025326e+25
-1304.55987201, -1509.75764104, -1574.4169542, -3.66597209922e+22
4455.98882501, 6076.58544716, 1690.4362414, -2.07766441058e+26
1723.03991081, 3583.77715787, -6865.47997112, -1.42321156211e+26
-4452.746539, -5544.25475178, -6206.41398401, -1.16279178579e+27
-2982.39562014, -6569.94093557, 5117.5641348, -7.93797035271e+26
1566.05125268, 3594.02045583, 6600.38919648, -1.68536188796e+26
-5713.34417746, 1862.92916259, -6939.45909291, -1.75279574236e+27
-751.928444376, 3464.67682647, -2716.026384, -6.10974616648e+24
3487.51106639, 269.628050538, -603.828973282, -4.57768720913e+23
5535.36684992, -1839.52135852, 2870.50127869, -9.53958869591e+25
6259.20070099, 3864.00136431, 3129.22395932, -7.95029012607e+26
5568.08571005, -3560.45964103, -3051.05991634, -2.05802066901e+26
-4799.63050222, 6726.23421042, 537.222701737, -3.9807600082e+26
2772.1815135, -3033.43156363, -4177.13391335, -6.65775110635e+25
8070.39793291, -5228.45199869, -36.5310735002, -4.09437604003e+26
-4335.08051868, 1715.56368936, 4025.7193362, -1.31107782568e+26
6944.59959569, 2570.94746906, -5702.51101981, -1.33738433952e+27
-8034.86613202, 1573.00824926, 6371.24742122, -7.53168817833e+27
3470.94694903, -162.982401066, 7290.87176998, -4.75848373296e+26
-867.323175317, 3493.54899274, -5014.24877058, -2.17442720029e+25
2398.95192431, 2013.18143504, 5725.49641051, -7.52048229101e+25
-5454.25308892, -255.520082349, -2124.29397694, -7.72542366867e+25
-5928.97606723, -4322.21666519, -2159.01240194, -4.310032784e+26
6828.3305325, 3380.65737901, 5387.14056696, -3.31155630695e+27
-2897.01453191, 2675.94655289, 5681.95411996, -3.33203378579e+26
-609.24703973, -2780.59501088, 108.612792533, -2.25387635149e+23
-1091.29965943, -2633.61962457, -2230.3363203, -1.76188897509e+23
-3759.92013274, 4542.45469149, 6570.04385357, -1.76772661697e+27
4699.74222843, 5953.701995, -8502.67632627, -2.60618743906e+27
-6351.25443252, -1579.5636455, 125.199172734, -9.96030126397e+25
7927.47174999, 780.564660274, -166.746290966, -4.12119064158e+26
-2511.20693275, -2902.60109599, 1390.63594014, -9.67656471125e+23
-4406.26344162, 1913.46912182, 1010.96993335, -3.76634969395e+24
-2949.35185228, 3296.99776271, 1052.98517404, -1.85177174094e+24
314.769749213, 7641.00406915, -4457.3768997, -2.06054419176e+27
7187.26502603, -2193.33874143, -3631.43505436, -7.7812686452e+26
337.638405732, -54.5366070874, 189.13087633, -2.54342833983e+16
1714.438487, -2581.34980501, 4996.70271722, -1.16659800807e+25
-367.019827394, -728.613279075, 1867.1778039, -3.67267852228e+21
270.576695448, 1031.78689354, -5503.17009217, -1.6123440743e+25
4642.06538938, 2244.39864728, -6367.89871229, -5.91297039471e+26
-1415.96530014, -6637.90610657, 199.211906715, -2.34096664965e+26
3297.58334596, -308.848002245, 1026.30699494, -8.13763175361e+23
5398.52315799, -6239.74913216, 747.045643124, -3.90845183362e+26
-2522.28943601, -941.281138865, -1653.50448464, -6.48834473747e+23
3750.45685338, 1346.49471029, 740.508003078, -3.43235716048e+24
-585.974848516, 66.0245755045, -2754.66525827, -6.1347716486e+22
-6744.25765897, -3843.55441497, -5933.64031678, -4.3062734095e+27
-2767.09872031, 3191.96937203, 7831.19998832, -2.27816902911e+27
-7642.46094707, 1374.35030714, -2826.77816495, -7.70177506718e+26
937.75151515, 2211.07602087, -2243.67052247, -2.0045032768e+23
2836.61875594, -6081.83650754, 1727.38290336, -2.68107389173e+26
35.6472061541, -506.578039193, -1609.56479827, -1.94303769704e+21
-5581.59845157, 2511.77497046, 430.598972902, -1.33622433376e+25
-1823.57455404, -1354.37766833, 2955.93962645, -7.1234472437e+23
7580.98335552, -2769.13368307, -4995.59227698, -2.98617022049e+27
-4627.11537031, 6114.15559818, 2413.59552864, -1.93590581387e+26
6692.89078115, -8133.27684581, 2179.10616627, -4.09027162636e+27
6811.78094058, 2864.16697177, -4043.44427412, -3.59266267936e+26
208.773615562, 4832.71242948, 7383.01097576, -6.07587639502e+26
6454.94132825, 3569.96553546, -292.489239927, -2.24743337614e+26
18.0534371294, 1555.55066812, 3218.22068154, -6.36695751795e+23
-3557.28558108, 1796.29905551, 4970.09303633, -2.01660098629e+26
2043.19799606, -1754.31488508, 484.598699628, -3.51179086114e+22
-6662.52669162, 2179.87265255, -4246.96950789, -7.01178598463e+26
8116.77378999, 5045.10945839, -6383.78803224, -3.23312231526e+27
2664.94564499, 1640.51147523, -1234.34419096, -1.59147947275e+23
-1875.52431753, 426.432064171, 5872.60060983, -1.19288125324e+26
-635.550044196, 435.087446068, 889.112678348, -2.4829754695e+20
717.762185447, -1320.64008318, -1263.8322532, -5.16143561921e+21
-95.2045382509, 5982.46884045, 1978.20929724, -5.1466282054e+25
-918.783019277, 997.459456295, 2040.30842729, -7.70054848761e+22
-4501.02530843, 2570.41356229, 6036.80220954, -1.14670233832e+27
5073.55848943, 2596.37827595, -5523.06833225, -3.40272612445e+26
-6293.92278513, -1323.42680454, 375.342865836, -7.71921798998e+25
-3151.91438599, 2938.41484667, -7740.56527152, -4.16109808572e+26
3251.72075879, 4622.21532842, -1083.33990841, -2.38365817459e+25
3466.05420973, 18.7884360303, 1052.09866147, -1.37447813366e+24
-312.297797164, -2735.77734694, -2257.92101881, -1.22004756234e+23
3310.43224492, 2075.77008053, -6226.44678467, -2.30262605469e+26
4497.44415119, -3147.05487415, 358.934292673, -5.43897842356e+24
2113.69059561, -455.177162296, 1412.86095428, -8.91737971834e+22
2902.57753965, 624.433977727, 5083.28191484, -5.14288687317e+25
4707.79816714, 64.48500296, -4825.68725361, -2.45691222646e+26
826.785533487, 4684.33501669, -3100.87876938, -4.50549448653e+25
794.014850863, -5727.75419641, -1174.38682533, -4.85235680874e+25
1462.27184011, 5420.69732186, -2042.40011189, -8.671125454e+25
-2852.82333589, -3125.07456962, -244.079644791, -1.92210248112e+24
475.180716937, 2507.81754742, 140.547021176, -8.29756799436e+22
-4751.74405239, -559.402298559, 2199.52575708, -1.32343130757e+25
-1840.50726703, -1176.45108949, -2247.4174997, -3.89658624165e+23
-61.7690149784, -2161.08428155, 3066.41434683, -3.83503613323e+23
-1897.58755908, 3620.84861097, 2867.55354882, -6.58945203274e+24
-1300.04406302, -4939.60470464, -3040.24539788, -8.77801522492e+24
1103.78395743, 1425.16107904, 3555.27413854, -1.14159850858e+24
-198.027090308, -8549.8556324, -4017.46623672, -6.94357881949e+26
6784.36827021, -4336.01109939, 3116.32991294, -4.18809998121e+26
-613.662035492, -6556.18480888, 113.777973671, -2.08899364776e+26
-189.541089564, -5265.7471425, 2252.85487405, -7.91827008178e+25
5737.56204351, 7184.31394738, -7899.34492293, -4.10079675469e+27
-3118.57908638, 1038.28142904, -2438.76673516, -2.89175494985e+24
4149.24581481, -6098.66224352, 2824.60642894, -4.9339628029e+26
4553.69401241, 5833.85298715, 3298.24917731, -3.15422876891e+26
674.198380101, -1311.63997422, -1338.98911595, -6.11326873141e+21
-2902.80381125, -6038.54045806, -682.517751367, -9.79346214244e+25
177.577879234, 5707.88237816, -725.674468296, -8.66473142849e+25
-173.918307144, 4173.97641636, -7226.11966169, -1.61188653616e+26
-2375.80382687, 561.385100638, -222.51371166, -1.92251347914e+22
-1394.48345666, 2968.57398127, -8361.88560254, -2.82434690301e+26
3962.09064396, 2361.620854, -3749.06794289, -2.22464205665e+25
1111.83589733, -4475.55613903, 2649.57627198, -3.41014143396e+25
777.015775056, 5286.96022854, 5297.9243368, -6.36002660201e+25
7527.26186165, 1501.81944771, -4671.11145242, -1.09883868912e+27
-542.882287515, -1076.33292217, -822.834296209, -1.60462981986e+20
6702.49720337, 2447.60750333, -2630.0644369, -1.58662513675e+26
-19.2979555276, 5576.47573171, 95.2452122378, -5.48760575683e+25
4614.49337174, 1719.8650402, 2342.56028936, -4.95597754291e+25
-9.81419690021, 477.993856095, 2508.8665197, -5.40205116255e+22
-2989.2734803, -283.454836361, 1223.92563018, -2.54314873189e+23
1104.51624534, 7869.45653103, -2264.04778565, -1.48565243419e+27
-3285.61448473, 8824.11527834, 1943.22668113, -1.76192672211e+27
4824.41590791, -3214.06612125, -3286.92309674, -1.33554741856e+26
704.355832993, 4129.62092932, -1576.68417922, -1.00767075891e+25
-2502.73566326, 128.393407407, -4633.29174722, -1.80117840377e+25
1252.22577199, 344.932341699, -2730.91723245, -3.22640662595e+23
-1353.27985584, -2135.78252509, -6890.1001784, -1.57740839921e+26
4447.71442865, 1160.75248482, -6016.86517342, -4.8615888984e+26
4836.2227823, 4596.77842209, 4724.37959756, -5.85511910315e+26
-983.151243391, 5880.55697918, 625.270081213, -7.47420182297e+25
-4714.97543543, 4763.51443918, 1472.25783879, -4.67113520709e+25
1826.63569034, 6354.74502772, 326.531063068, -1.435928803e+26
-2614.00077044, 4231.26862053, -3004.59130525, -3.95546407077e+25
4222.29980859, -3275.28047386, 2164.28618757, -1.71476237381e+25
-1413.39898359, -4726.14822047, -3325.72218888, -7.58245997065e+24
3090.22432324, 687.778449231, -2192.17178633, -1.38012738706e+24
-595.920429199, -2466.35393895, -5792.99554978, -5.02339624664e+25
2131.10405045, -5399.05211126, 4179.73692148, -2.41263133264e+26
2639.09122176, 4751.37089744, -5292.53449079, -1.1894425206e+26
-2480.14113084, -1065.45740457, 116.712424024, -7.83982282384e+22
3685.5298866, -438.736068664, 2286.86712999, -6.87469153962e+24
-6086.11795322, 272.448134726, -3485.80633431, -3.40152968436e+26
4853.20850565, -8342.60720235, 3728.80132582, -5.20785306554e+27
-4285.15743452, 7051.39135565, 8503.16925792, -1.33047859642e+28
3206.34933718, 778.552753479, -1369.50999965, -4.60252467038e+23
-5086.08226298, -5481.86306984, 1455.58852019, -1.61556570545e+26
5941.0113695, 7662.04015238, -4036.22695218, -2.10926533254e+27
-2852.64099838, 1948.94185509, -2208.17216105, -1.45444269605e+24
1340.93396579, 2756.38212322, 4023.63437921, -4.8306371835e+24
3543.88041603, -4787.9318452, 3304.24114036, -1.20250044179e+26
1323.59764105, -4483.96318727, 3909.59517906, -5.93050030701e+25
6084.7930426, -791.402776992, 257.199686775, -3.63386985581e+25
-312.127558419, -5564.87856481, 8082.13084881, -7.96311732874e+26
15.7575498248, 933.256388513, -634.93053038, -1.23782765096e+20
658.599478229, -900.869786141, -153.590356743, -3.63433225882e+19
2384.64771797, 7352.71595394, 2244.82852129, -3.03164934516e+26
-7226.71594997, 3613.67721339, -1494.5948709, -1.89744716529e+26
-4085.95528348, -1482.75516048, 464.36803309, -3.15741240642e+24
-4590.69051867, -2555.01716205, 6384.91606256, -5.45533640798e+26
5515.99553055, 2835.08155363, -7304.42834778, -1.87283172744e+27
-6857.21081171, 6505.26157734, -2075.20888423, -1.11711790755e+27
-3219.08314778, 941.870619197, 3186.23886492, -1.41822719436e+25
-629.18598618, -4765.08352357, 4388.8062612, -8.12510955452e+25
2858.84550729, 590.115277495, 3985.91700656, -1.64544486989e+25
3427.81911818, -172.853815518, -2963.11039044, -9.83405917509e+24
-6184.79874097, -1061.30745585, 4512.3667875, -4.18528791443e+26
168.466187484, 8320.14862058, -2528.06542178, -2.47242051484e+27
1120.07952001, 3580.32052953, 6615.83300202, -1.66842541428e+26
-2571.47220695, 1419.20766481, 3328.64059068, -1.07352108124e+25
-2057.84030567, 863.650890122, -2470.63264777, -4.54873236432e+23
-3566.98514719, -539.075057466, -297.422488826, -1.04646369489e+24
275.913244076, -3460.9535238, -1383.86627057, -5.77380847804e+23
-3826.19198494, -616.442395345, 5398.19232707, -2.0290059479e+26
-2064.04391522, -3797.0225386, 2448.8722065, -7.97596497648e+24
6313.8049047, -3222.48490585, 3826.39218291, -3.75905860055e+26
3171.79729643, 5779.06989921, 5608.74442445, -2.95304730436e+26
273.421667459, 1169.02811029, -823.484610968, -7.22770939525e+20
-4538.1234092, -566.338848659, 243.637715035, -4.68778878662e+24
-670.528459406, -69.8028617523, -7188.38937733, -1.38415917715e+26
-1653.98819234, 2373.76741204, 3141.33462855, -4.51713064674e+24
-4755.81498958, 7577.37905788, -3164.53386351, -2.4195582431e+27
-3033.54520844, -725.322367232, 893.447865985, -2.05902471658e+23
-5191.33036567, -4969.70721823, 2411.98687549, -1.1268586022e+26
5812.00461532, 1359.00220608, -1544.09671673, -3.61258936612e+25
-6462.49093815, -7940.89931827, 2177.99214832, -2.30715452003e+27
6705.17939223, -6463.31611537, -3430.67050408, -1.32108913882e+27
-3254.75992003, -2269.62907013, -2204.37451346, -7.97477021341e+24
353.818327972, -18.9951180177, 967.555755495, -2.59052347983e+19
4959.43842747, 2178.26528164, -430.670769049, -1.88757829911e+25
-1214.12711916, -2845.15284955, -5315.52950227, -2.87631342616e+25
-3581.37284137, -930.990734968, 3589.61616692, -1.85596550905e+25
-2247.88762483, -3823.75827639, 5572.41767974, -5.84652578342e+25
-2118.79337932, -1083.99273413, -1503.00931961, -2.25677543412e+23
-3763.93562232, 2019.11661343, 1324.48434418, -2.55914124248e+24
4128.92009816, 1284.34296372, 684.674221267, -6.10801368704e+24
-4013.9959742, -3253.5920716, -1762.7275889, -2.6589502141e+25
-918.622081244, 325.80086873, -1203.90825516, -1.05536650346e+21
3100.84855176, -4401.98174843, -248.256220548, -1.36439582596e+25
-1325.45723698, -515.068169045, -1453.62726585, -1.60513986939e+22
4473.89744396, 2453.19366027, -29.3486972436, -1.28092664216e+25
1916.32037769, -4184.62857902, -4890.00016095, -1.13933975029e+26
-5794.68633378, 7326.5862268, 2457.04705114, -8.2219659212e+26
-2247.51022754, 2291.56804991, -1452.54117665, -4.53083608716e+23
1034.44127366, -3966.67272084, 4523.82007135, -3.46660614649e+25
-1847.65661036, 3810.1143278, 1859.88585693, -2.32996205468e+24
3313.42281145, 1127.21000777, -7962.22106276, -1.39424682993e+27
-764.276062493, 4830.94006625, 2203.42014897, -8.19679936892e+24
876.131750236, 285.340909173, 2665.13505107, -8.32940426668e+22
-5769.9913767, 3300.16761921, -2572.20188134, -9.6892033595e+25
-2857.75245196, 759.296478022, 461.826838247, -7.20164351034e+22
5756.70964704, 5839.58618964, 1487.6600969, -5.07113643567e+26
7018.23223923, 3799.71933792, -105.538115337, -4.53735694823e+26
7689.26854497, -1816.28395754, -4034.20948351, -1.35192446024e+27
2499.74603495, -3979.21132432, -674.083174797, -4.50336787413e+24
-5408.08382061, 7242.26547406, -5737.64695962, -4.10926941344e+27
1685.30799321, -1879.46438694, 1454.86160224, -1.04688462592e+23
-4598.09003924, -597.658308798, -1080.97544659, -1.26996578817e+25
-2489.78785104, -2654.76048297, -2674.21456595, -4.20859426515e+24
-2702.61469859, 2028.13124184, 4695.61003335, -8.6439614797e+25
1560.92181052, -1882.67249099, 830.080886408, -4.75327714062e+22
448.239996136, 4739.95264518, 364.889961726, -1.30281719387e+25
2649.96222593, -263.006361652, -7059.03851036, -6.04410242464e+26
-5087.29231746, 5112.31793034, 2429.10839943, -1.38686338405e+26
684.420374504, -1407.10339093, 64.9056611419, -1.38014141512e+21
-1383.15847319, -1704.57717294, 1466.69743316, -2.30095589209e+22
-5736.19276399, -4955.43141794, -3744.34110423, -8.68901501633e+26
-181.591583947, 6609.85248916, 2568.3244495, -1.02773184255e+26
-1520.91293712, -5182.9425443, -4034.5000754, -1.93807092279e+25
62.7395600414, 5081.9076387, 1331.47181483, -1.5914777022e+25
-4400.70080186, 327.022301326, 3325.31545001, -4.31869718475e+25
-7699.33642418, -5388.33507674, 1176.68717996, -1.14082661567e+27
2195.66320954, -12.6402571771, -860.897137172, -2.16321885716e+22
-7366.23805279, -4137.65161309, 5966.10218983, -1.69082043182e+27
-1490.4906396, 3762.03172229, -2887.12822641, -1.33753233093e+25
-4554.12173251, -471.839918648, 4442.23342526, -1.34514356821e+26
3246.13964001, -2998.92083184, -6061.08628146, -6.2940152773e+26
4107.76415424, 7738.1764396, 1685.56590684, -6.97538735603e+26
-2837.09021218, -534.98811081, 6015.08071886, -2.01181321431e+26
4792.85282411, -8127.12344764, -2057.0459608, -1.15445529462e+27
3729.24095819, 2164.36067166, 2885.29227831, -2.74188384389e+25
-1604.18742642, 957.965840216, -2707.65955429, -2.64877302285e+23
-3668.67319182, 1050.57058016, 4704.07160789, -1.36034734124e+26
2553.21537342, 5241.52358165, 4.78990999607, -3.71580188835e+25
1705.87948839, 7536.51897032, -8487.51408195, -4.49632992862e+27
-3264.2645746, 672.792154792, -4064.4232415, -2.34399614391e+25
1863.86545087, 4087.67119837, -2607.00985017, -1.40812969702e+25
-5854.55305304, 1905.19198337, 3558.98503766, -2.72141323633e+26
-3189.10515937, -30.4151943948, 2691.43250306, -4.61138737094e+24
242.007048308, 349.999173754, -38.3873089439, -2.2400510344e+16
2037.76819951, 873.229257666, -480.566864183, -1.19865012456e+22
-511.831970626, -4999.63860809, -1981.30939439, -1.06602324151e+25
3614.65921027, 2954.68679362, 2345.84588936, -1.99865393703e+25
1733.71769984, 5456.96204017, 2090.06194605, -2.47774761263e+25
-3693.04617259, -3412.24656586, 1037.79561948, -6.29837762782e+24
6293.02030464, -4400.10962453, -3584.88844472, -6.68315835838e+26
5025.64344665, -5403.15850515, 3793.79965072, -4.49055794988e+26
-4393.91726703, -2921.95980411, 3819.92614537, -3.43395576449e+25
-5309.79952402, -3581.23906873, -5850.65694927, -1.35998469138e+27
292.706908515, 2522.64389631, 7766.06362077, -5.09977483421e+26
2452.80523303, -7662.5149195, -1408.52128917, -5.81450226824e+26
3947.6934982, -2927.22037577, -1116.54726956, -4.04364215232e+24
-4276.7567755, 1354.66471581, 30.0527238626, -1.47289118785e+24
-5823.52568984, 4203.62290748, 4582.41343723, -1.06433531961e+27
-1184.17752886, 6103.51379543, -540.936686007, -1.51665617549e+26
-4140.04026367, -2821.37547704, 8322.71950403, -2.03164605142e+27
2645.07243936, 3802.39584581, -3490.09391948, -1.42357877272e+25
4614.95861066, 1860.12877793, 1604.88508991, -3.10140358205e+25
-1989.36645526, 148.933082334, -3486.2979816, -2.16728552571e+24
-1810.08586569, 1880.74972803, -776.143756413, -5.65925328634e+22
-2457.18680679, -129.799093824, 1397.00124997, -1.26670446099e+23
1523.13596313, -3775.86894252, 3023.25606051, -1.45872704623e+25
4234.08274278, 5442.6399904, 4147.67680294, -3.00544592464e+26
4249.09195876, -5903.6743678, -2050.16220098, -1.20388539048e+26
-268.105559576, -2778.29005972, 122.976173933, -2.2820500385e+23
5806.99219042, 4921.36387584, 2795.73180857, -6.02575079323e+26
-1448.50495671, -1481.27537539, -5495.07290675, -2.68338811565e+25
-1771.45286247, 6435.42767033, -5640.99961134, -1.06505212841e+27
-187.789132478, -5970.52220717, 2605.86250741, -2.20140819526e+26
-2229.71405743, -4364.21778624, -361.392991031, -7.88651545528e+24
2534.08082422, -3124.90782269, 2308.79908136, -4.87962718901e+24
-3404.56580916, -5129.04014335, 5064.92975133, -1.77076817012e+26
713.15836747, -8760.88356159, 270.209747067, -2.29251316202e+27
-2662.49526898, 96.3662116806, -5555.95871751, -5.51743604123e+25
-4347.22181167, -1067.72973188, 4228.75861619, -7.72987023663e+25
-5159.30857102, -4746.68757014, -3530.4477129, -4.3758653878e+26
8307.65011559, -6414.82093801, -3652.86157424, -3.57000233969e+27
4212.39175247, 6864.24936541, -4204.1529729, -8.83225734269e+26
-3342.54985289, -1887.07201813, 4025.58978482, -1.93347668833e+25
395.817768423, 2197.25374708, -4417.39132943, -2.56746494598e+24
4227.88281764, 3123.44860662, 2870.41402935, -6.8406814176e+25
6888.0385654, -3786.57946783, -2517.87839105, -3.59034189852e+26
-818.137349352, 4409.11094784, 1592.61670976, -4.5691752139e+24
-2591.35981088, -5580.85438405, 1948.88677904, -1.05441479482e+26
6463.98933979, 427.394193555, 2176.13436306, -2.52298036148e+26
-6244.24668308, 2933.93193188, -4877.71261625, -7.02752234152e+26
6610.06751908, 6022.41409933, 1779.30913051, -1.21071818683e+27
3229.99703854, -897.855331166, 1258.52912616, -7.59846317647e+23
-530.69393627, 3736.51449515, -2462.30269819, -8.50106027847e+24
-2331.75027808, 2738.17392835, -539.131743447, -6.19129345991e+23
-2588.84949235, -6033.37795954, -1112.22894732, -8.29438162746e+25
285.18459418, -848.149795584, -3210.71154652, -5.59296840398e+23
3615.4461164, 3088.77374573, 3446.09246665, -4.84560723525e+25
-3902.47881525, 2453.84927812, -2622.28726435, -1.13633867174e+25
-7635.44315535, -1613.88717653, -3994.37099462, -2.36004409459e+27
-7588.44159839, -2581.27937053, 820.365454834, -4.27116560959e+26
-4266.71928513, 7159.88602337, 2306.39425062, -4.09085578609e+26
-3003.05660961, -3146.58182764, -6155.31085793, -2.23718032032e+26
2825.19842763, -660.608932831, 1265.88796877, -3.53500386478e+23
-345.543145381, -1960.06777101, 4798.18971837, -4.4484560422e+24
3811.89151305, 4038.15242766, 3503.87958211, -8.46397170198e+25
3949.00336663, 6338.19672058, -4758.98124773, -5.90228114011e+26
2033.81106169, -4000.79026787, 6489.40357124, -1.34225454042e+26
-4984.95251653, 2717.4223226, 7465.49311019, -4.44185481987e+27
1810.28647024, 6509.45038525, 1373.67538403, -1.30110321731e+26
1199.81945676, -14.4709269465, -2228.00380656, -1.05912627056e+23
-2215.7422285, 5599.47110932, 1087.83244607, -4.98451953836e+25
-3892.60103352, 2618.19486696, 5275.9793673, -4.1492536473e+26
584.041875322, 1853.01365996, -2114.93180811, -6.18974772284e+22
4332.89769026, 2596.19629584, -453.121106358, -9.33755374414e+24
202.897581831, -2578.81406974, -7818.52779743, -6.3878000561e+26
4244.57080491, 3379.74989061, -2806.410972, -1.46826451447e+25
-1436.81272847, 2780.35731148, 1195.97874484, -1.85730867819e+23
4681.75017991, -7240.10105079, 1311.47218332, -1.07643134988e+27
-5364.34006081, 2369.33302259, 1049.03286529, -1.53483024143e+25
-4783.81929899, -2351.36434, 5912.34973498, -4.20606802284e+26
4476.73423813, -797.17595513, 2140.17413932, -1.701062633e+25
3932.38773046, 7672.6145593, 1717.71762744, -6.22765159891e+26
160.952774334, -3626.47610003, -1359.68974629, -8.64911772923e+23
799.875411979, 432.912393007, 1284.71255756, -1.37704571837e+21
6201.85391991, 353.384089399, 5275.08145578, -1.24094141573e+27
-5972.11071912, 390.710111521, 6817.27943722, -3.00559522912e+27
140.743256293, 3587.54850977, -5209.54757743, -2.38280743751e+25
2278.40123628, -1823.81734079, -4360.83920896, -3.88433769898e+25
7292.43202911, 2365.66053939, 2230.70949515, -9.19838921185e+26
-5365.2097297, 2413.09738718, 3207.21229681, -1.51966267625e+26
1800.40500085, -6075.40654437, -5129.83903651, -2.45987053974e+26
-4338.78420352, -1410.22986849, 3705.91583049, -3.85651158085e+25
-1171.62512168, 1509.65122794, -3461.6945165, -4.9329179323e+23
-498.33287917, 3193.26545371, -6234.5238128, -3.57144332357e+25
372.13423967, 7197.50089561, 6099.05415765, -3.50577808246e+26
-6665.07308226, 5360.11237474, 3646.20420114, -1.10289908844e+27
4962.50426816, 1681.41125418, 1741.09760581, -5.01686941015e+25
5313.39180013, 1540.99777521, 648.190253692, -3.8577265309e+25
-5951.47477826, 496.017538247, 4120.92604122, -3.51891794488e+26
-6195.40403534, 606.777865451, -1045.79968539, -7.01906246032e+25
134.480982965, 2488.54895539, 429.947524937, -6.26834583056e+22
-5804.55928354, 4515.78585182, 5888.34673179, -2.99585135946e+27
6515.6301092, 770.341232294, 3578.80396868, -6.48256475158e+26
-210.825258678, -3381.49584365, 3495.58196701, -6.51506846387e+24
708.136716288, 1469.34021422, 1525.59574174, -5.0574667737e+21
-2775.08312466, 440.717988953, -6700.6049944, -1.64262893232e+26
-2434.47222706, 275.552934865, -3602.71496195, -4.89466321752e+24
-3959.70319344, 3297.29813353, 4592.80376409, -2.65887154435e+26
-760.633476033, 5193.65893098, 3678.51740003, -2.12712418461e+25
-270.547610344, 1919.49801918, -4375.94270732, -1.66250696536e+24
-519.515620454, -2641.18262888, -6912.36937982, -2.01554707438e+26
1694.56639802, -6632.77625498, -2393.51937889, -1.26174885914e+26
1991.75705237, 1469.05134036, -1210.50785714, -2.62117781785e+22
4749.14863838, -5641.26742772, -1032.23528927, -1.08559331028e+26
884.529794871, -2584.24085387, 1960.9361837, -6.13368464097e+23
381.922277814, 2034.75882717, -266.708450893, -2.21575216871e+22
7604.34611438, 1149.01140176, -5781.29363635, -2.64071235901e+27
-416.387555878, -3393.5890049, -1548.81359972, -4.34218088974e+23
-2352.87910471, -1194.10029607, 1467.76010319, -8.04153043114e+22
2973.30591435, 1042.04807283, -504.190785026, -2.20665503886e+23
-3652.23360231, 3539.55114705, 5060.77036068, -3.6147982046e+26
-757.139849561, 795.115457907, -3244.65664599, -1.77606015965e+23
-252.09811401, -36.3037767565, 506.81821891, -5.96183415164e+17
6195.2488815, -2125.56394693, 402.796313109, -3.25252624988e+25
-420.64811929, 4690.90791219, -1159.32085976, -2.3794828134e+25
274.311811125, -2676.7037646, -422.924812075, -1.19445076035e+23
-942.615593704, 6309.49444823, -3413.44327235, -4.55685794583e+26
3173.9776465, 6534.47041425, 310.965509522, -2.02519467265e+26
6089.49416461, 1736.34463919, -2147.16429859, -6.32473404511e+25
2766.91972969, 7104.75377405, 5240.80105866, -3.01622015621e+26
4569.92645107, 2345.32307422, -1058.77130885, -9.43387803812e+24
-528.726600265, -1299.84665778, 484.895051962, -9.37684270667e+20
4304.26649345, 4017.01268015, 1783.7808722, -5.51126315947e+25
-3705.83565782, -6288.87213315, 3854.47103703, -4.3430158143e+26
-2673.98471705, 7013.88647228, -3187.78734732, -1.08010507414e+27
1176.08778076, -2215.18856309, -602.867257108, -3.10252219253e+22
-981.742810186, -3157.62536624, -3450.10812865, -1.7767826746e+24
-3692.52700063, -265.464200972, -612.799871732, -1.53589501554e+24
-2584.90243707, 519.406375156, -655.347760645, -7.71700840623e+22
7536.85350569, -2210.84966943, -7325.33626819, -1.18542797824e+28
-5891.02631535, 824.904172362, 1709.15285353, -3.83652137537e+25
6791.71115213, -4093.73198905, 2338.88747241, -2.44944864762e+26
3726.93217779, 5971.08969429, 1132.31303029, -1.1420479245e+26
-737.236064887, -300.546354244, -169.52128166, -9.35306484253e+18
-4258.22495643, -683.507993026, 1672.33884435, -3.91172415754e+24
5024.44554975, -1227.94340748, 4991.03087207, -3.06432474477e+26
-383.49742102, 3138.6521671, 3428.37809369, -3.01343822078e+24
-948.390808895, -761.530524953, -3768.59090518, -1.15427210134e+24
-4215.78079041, -5764.13083446, 1928.68447733, -1.6191901962e+26
1214.18142177, 348.966164304, -2395.79649951, -1.3296914649e+23
3409.86628285, -4239.01918869, 3944.51864927, -8.26561285107e+25
-3202.1344949, -5379.11760027, -2047.29235131, -4.66392392111e+25
-2261.87385481, -2764.38845082, 1426.47330052, -6.31158572029e+23
-421.899265117, -123.519830046, -2731.99679306, -6.07604180656e+22
-226.441785182, -6901.46709871, -6.80738057277, -3.07652355138e+26
3008.69672585, 1946.89388988, 7910.69171984, -7.38373634069e+26
2395.22071442, -87.1115752645, -2161.7593164, -6.61085712397e+23
-3036.9902113, 3026.19138008, -3557.23785411, -1.52462087255e+25
-2902.40131673, -3656.71856413, -1199.91156282, -5.09605077505e+24
1210.167852, 146.480357773, 3110.88769532, -3.52666585356e+23
3586.45239837, -1108.89309755, 5022.38136973, -7.72712536431e+25
-3355.14881736, -79.3985570171, -4810.91837934, -5.98642625474e+25
-2514.91334346, 2330.09687521, -3525.18499544, -5.19119436482e+24
-280.791878326, 6483.13852205, -260.261214253, -2.07649668514e+26
5196.04305227, 3025.30359366, 5661.15275441, -1.02108979194e+27
-3332.91147387, 2855.56472327, 3996.35548763, -7.96643505723e+25
4638.36983, 2339.49919198, -1514.10976255, -9.80537535585e+24
-4406.32716419, -4040.12049595, 1286.18258033, -2.50213179504e+25
4325.97217111, 2296.49081872, 1675.3164203, -2.59204086487e+25
2373.28375246, -258.245411075, -1516.31209427, -1.7621309666e+23
-6781.27871965, -7583.79446172, 1505.38602687, -1.93049450966e+27
-5606.86228434, -2965.30719245, -6206.68324211, -1.89503683544e+27
-6892.19748036, -630.110807007, 1104.65576937, -1.08569360349e+26
-4275.00858092, -7830.37419267, -1528.11570651, -8.07130845602e+26
-5691.29584845, 1649.97865374, 962.923263646, -1.85772023441e+25
-1129.73124678, 6000.34489972, 3691.512382, -5.43548931653e+25
4887.78046164, -2452.7304517, 262.19561603, -4.92301502619e+24
-8180.74571425, 4308.62462508, 5226.35673251, -6.11398022039e+27
-2282.09514177, 2440.80692707, -4388.58991188, -1.01749272107e+25
6120.04566994, -732.022688714, -279.125453931, -3.18753334444e+25
-466.865636499, 1170.41137962, -7667.63779512, -1.8181353817e+26
-3533.05210581, -6042.75140878, 5851.06800657, -5.98231037381e+26
-4274.14702286, 3809.50857243, -354.957075092, -1.14648568052e+25
-4122.42758375, -3546.27998369, 3028.92431812, -1.67693703305e+25
202.950369641, -6923.85611448, -2959.62796637, -1.39052041162e+26
4752.3708241, -2073.26279574, -497.405731186, -3.93806123774e+24
1185.60138048, -1591.05613562, 3138.67230064, -3.18072655474e+23
-2491.72137356, 3415.97759312, 413.704345371, -1.69805886682e+24
2341.38646633, 1052.01839093, 4483.57556528, -1.60362581554e+25
-2942.0606789, -1029.76848719, 1438.06800244, -2.86667721846e+23
-381.751254406, 1722.76000926, -438.141375951, -8.67235970554e+21
4057.27849141, -4458.66308724, 4377.42194719, -1.71588124984e+26
-574.396925898, -614.936651239, -3814.48943278, -1.07569141031e+24
1816.60268874, -6205.68273248, -5283.04078768, -2.99487731792e+26
4599.51755084, 703.915008998, -7673.25256471, -2.29920575358e+27
-5448.32702103, 7086.06815502, -4760.62706854, -2.80868751015e+27
4734.39309643, 632.411227387, -6129.45529107, -7.20744378594e+26
-5371.12587495, -2030.10092977, 3602.40989717, -7.90745341957e+25
7601.47812452, 552.151063881, 2317.98640133, -8.26670763473e+26
135.577609305, 655.810733548, 4025.02974938, -2.02736571531e+24
5653.72114461, 3664.28256261, -425.506913617, -9.42047703184e+25
3002.46142514, 6399.13840309, -8585.42141683, -2.17070115284e+27
-2962.69998006, -4719.89582809, -2257.02746937, -2.1381794321e+25
-4128.97173557, -2713.65370971, 6416.9361431, -4.07948160278e+26
-2279.2183545, 3097.94893811, -1596.57222353, -2.63441990157e+24
-4835.48338816, -8855.83589616, 1866.47642716, -3.53274111782e+27
3405.38180456, -878.185587084, 1034.7513122, -8.07211712051e+23
-1374.82551362, 1256.11568522, 6395.83220435, -1.96070024365e+26
-3100.78505451, -7152.89185637, -1152.18579309, -3.36051509274e+26
331.497496666, 1513.17775672, 7141.88801808, -2.09702646598e+26
-5541.06244584, -2514.5406107, 2193.22636178, -3.84945165858e+25
-5018.49124399, -7037.06683857, 763.568333813, -6.24652614771e+26
-972.316425123, 2729.9178614, 3119.4689429, -2.49174678242e+24
5585.11356856, 5034.8089089, 5494.0400475, -1.7943335337e+27
-1382.72120187, 787.724392982, 3305.1067726, -2.25681159373e+24
4787.33018476, 1680.31533778, 1362.33663791, -3.10990183793e+25
2544.7343351, -2390.21865686, -8530.76398201, -3.02903010003e+27
3561.26191918, -6482.56846928, -4807.99532955, -5.86094272569e+26
396.507899748, 1896.08042462, -1386.93520342, -3.63561010672e+22
2040.33693857, 1513.52540444, 363.737708256, -5.62247538622e+22
4042.33079049, 1033.51953132, -383.196834002, -2.31862592706e+24
-391.675577861, -1071.94930159, -4124.92843752, -2.51983575317e+24
-1235.51838851, 4146.26648787, 998.235249989, -3.77829562543e+24
-583.235582437, 2456.23414915, -2354.88141685, -5.39051812766e+23
-1022.21050696, 1320.68161064, 426.744468805, -8.64321534351e+20
-6832.63213424, 8495.77973566, -1054.81422665, -4.28312243263e+27
38.9136082193, -110.621065836, 7150.79268162, -1.55519744301e+26
-2627.61386403, 1053.85272344, 36.4246085817, -2.9016525266e+22
-399.771133779, -4783.27656774, -4787.80010358, -3.06346980648e+25
-1571.36044996, -1088.38967639, 5579.66888463, -4.36010138615e+25
-4214.63496038, -2687.187555, -2529.59605948, -4.64629866548e+25
-4708.93733346, 4683.4426443, 6275.49843139, -2.34451792642e+27
-1270.59122017, -6533.57380156, 3589.90039619, -5.27033254724e+26
-675.336968219, 6244.66697562, -2378.72017322, -3.04827391308e+26
1049.87810214, -4268.99289081, -570.099029022, -5.66349961499e+24
6253.46834991, -3290.95664748, -2176.09313184, -1.44017055234e+26
-7253.7956924, 2112.87274127, -2413.79256987, -3.75286873823e+26
421.003510688, -3760.06872401, -3431.01220147, -4.30067936714e+24
-2374.08572766, 6403.21028614, 6753.38945751, -1.51797939836e+27
4179.48698101, -297.017398054, 501.358873178, -2.6296640746e+24
1575.60259889, 8694.62689268, 5467.04586098, -7.32941773261e+26
1772.90209599, 4344.2437054, 2996.22981445, -5.6287086534e+24
-3435.17109452, -6661.56913483, -5280.01909587, -4.02387248162e+26
-2621.08062555, -1771.48707933, -3795.86310224, -1.28422094498e+25
-1161.65034221, 2660.71682443, 5600.57020998, -1.03690511661e+26
-3204.61039227, -157.351873007, -2601.04783055, -5.4493023998e+24
1069.7481803, 1854.2303978, 3937.9238463, -2.57526492185e+24
-3241.28836036, 4031.24221453, 2889.62941401, -2.9395556542e+25
-7789.51537818, 1696.13127261, 2349.78811865, -4.08762076716e+26
469.824231252, 2950.22637253, -6212.59165716, -3.65745461257e+25
-627.545430145, -5455.93579343, 1219.9408871, -7.06428582434e+25
3667.52959866, -3294.92917836, 8683.77318386, -1.13670332028e+27
-503.428872437, -8204.78195083, -2003.09074495, -7.54231788114e+26
6188.02913769, 382.432914662, -3015.36137178, -1.31817469417e+26
-2617.61223591, 1165.38940812, 1522.90931515, -4.43868736802e+23
2929.7857188, -554.675063934, 1534.16550859, -6.85428243076e+23
4041.16648969, -4065.80634181, -604.562342714, -1.14019220097e+25
2892.14130518, -833.843122719, -184.187829637, -6.49503813024e+22
7099.1922623, 3252.29015211, -8108.26057703, -6.76027250842e+27
82.1538483092, -2781.08018057, -3397.13167332, -1.81348589217e+24
-1322.43936144, -5578.75782789, 3283.40173063, -1.57897300062e+26
-2403.18219255, 3646.92971028, 3244.26142036, -1.83443881627e+25
5777.57941438, 1697.41224072, 1641.55719938, -1.25895577771e+26
-1124.12299391, 2038.13202465, -5868.17503797, -1.73716502576e+25
5053.60631119, 4316.76488969, -4410.00382433, -1.26134965794e+26
1122.60768316, 6073.84971455, -835.123559937, -1.40998062992e+26
5379.44804316, 1471.52602921, 946.716546318, -4.84199427597e+25
4024.13267353, -3361.10670293, -1418.04269261, -8.27487800168e+24
-1937.79401059, -321.649044595, 4044.3948514, -8.78998584146e+24
-1801.72864789, 5475.61922547, -3053.54974214, -1.72675746484e+26
-5529.02548233, -1887.50496563, 3168.09490892, -6.40305963902e+25
-7534.8179524, 139.316910584, -6688.96679797, -6.32003048945e+27
3671.88392037, 5488.10716426, -7444.8401072, -8.55960805614e+26
-90.6538977976, 1468.07297666, -5796.02976317, -1.79614698867e+25
2182.42396302, -943.772614568, -2864.38266845, -2.76066275806e+24
-64.7809698214, -3687.20451636, -1227.10953032, -1.05554381088e+24
-3109.08185016, -7268.37153252, -6730.65860984, -8.77360754563e+26
