-0.499697994674, -4.01245470807, -4.88205128071, -0.000341745845038
-0.499611295544, -4.01259510778, -4.88089420787, -1.77651519996e-06
-0.499652461366, -4.01266714206, -4.88087079408, -1.87229451879e-06
-0.499796060415, -4.01266822289, -4.88278199903, -0.00090254756535
-0.499799884814, -3.98855499909, -4.8776853126, -0.153522857073
-0.499692458418, -4.01259664404, -4.8808967673, -1.77098751545e-09
-0.499695024271, -4.01259706833, -4.8808926521, -4.51641464495e-09
-0.499795008507, -4.01258638277, -4.88064499067, -1.85863040367e-05
-0.499680823952, -4.01261764861, -4.88089654787, -1.5827246308e-07
-0.49968878733, -4.01258480528, -4.88093214406, -3.62507650384e-07
-0.499675719245, -4.01259026035, -4.88089590553, -1.06650721535e-07
-0.499693731076, -4.01262273222, -4.88014023637, -0.000144911448872
-0.499729643094, -4.01256104503, -4.84971061047, -0.245856244033
-0.49965059109, -4.01258937739, -4.88089370493, -5.17693464629e-07
-0.499694491645, -4.01258824405, -4.88089052512, -3.00528896985e-08
-0.499693327784, -4.0125765773, -4.88088734952, -1.30071112124e-07
-0.499741364515, -4.01204675832, -4.88084875932, -7.76290327774e-05
-0.499655030669, -4.01190716959, -4.88127926009, -0.000157812021767
-0.499675342739, -4.00830304802, -4.88175293943, -0.00487177268152
-0.489806664888, -4.01286671046, -4.8808127009, -0.0246060553933
-0.499072560286, -4.01262544981, -4.86059836013, -0.103637572468
-0.430936193713, -4.01980055201, -4.96641324071, -3.03795509298
-0.492430892407, -3.97987412152, -4.98288242596, -3.25129611388
-0.491046156697, -0.267698266193, -4.94371129976, -945.323665694
-1.27108721726, 3.87945265542, -4.94830710534, -83.3988901762
-1.46743442242, 3.74484470126, -4.94114380778, -86.5925447313
-0.969429376222, 2.40511508291, -4.93287752335, -435.492678011
-1.81297179769, 3.73799774142, -4.99709184381, -90.5260726359
-1.39421813911, 3.74784593484, -4.93032252593, -3.58759964516
-1.39399925541, 3.74759310125, -4.93035084809, -3.588970572
-1.40968228191, 3.74556241399, -4.93897165209, -12.2001043749
-1.4047934911, 3.74839791887, -4.93179785094, -8.42723089803
-1.39341745441, 3.74732971522, -4.92864691556, -3.61203496888
-1.3929012467, 3.74753437465, -4.92810970686, -3.60514504796
-0.83629761248, -2.45690468247, -4.96828835003, -353.78929477
-0.503551389811, -4.98231747023, -4.88763442739, -98.981798265
1.76093492344, -4.42061703355, -4.98465195381, -217.264811227
0.758485132069, -0.430070834233, -4.98788758908, -1455.15162138
-1.85933054577, -3.39722550641, -4.88337958758, -238.484040763
-0.471011359742, -4.06501731636, -4.87710033635, -0.89561636239
-0.633655741538, -0.829241041633, -4.99831921897, -874.793682731
-0.499771614882, -4.01263101551, -4.88106584618, -8.98697484412e-06
-3.39667930325, -0.292276940652, -4.90384687633, -696.665106195
-0.499776350261, -4.01260356353, -4.87947449535, -0.000513652098999
-0.499715732418, -4.01258620986, -4.8809070094, -1.63862320203e-07
-0.508287861952, -4.00692482652, -4.88083573465, -0.027028952221
-0.49969771321, -4.01259892504, -4.8808948036, -3.71760278542e-09
-0.776473114442, 4.90075799631, -4.79409759188, -253.830618518
-0.499641453308, -4.01260205944, -4.88088820452, -7.51976364175e-07
-0.499685763981, -4.01258030054, -4.88086023375, -4.32653365834e-07
-0.499858168147, -4.01250474581, -4.88088955754, -8.88728892091e-06
-0.499374792226, -4.01246356418, -4.88095778651, -3.13864100123e-05
-0.716530948345, -4.01262341695, -4.88087119654, -13.1199486402
-0.49967829553, -4.01253550897, -4.87933666366, -0.000617450189047
-0.499697395186, -4.012597222, -4.88125168821, -3.18202945101e-05
-0.50063260565, -4.00871008474, -4.88140867872, -0.00413090116145
-0.499200280992, -4.01263604386, -4.88534232371, -0.00503866132101
-0.499652102432, -4.01278065426, -4.88089974807, -8.98346123316e-06
-0.499436795086, -4.01245163936, -4.88094334635, -2.27600051296e-05
-0.499694809456, -4.01259728239, -4.88089713192, -4.27874324205e-11
-0.499693568859, -4.01259714, -4.88089744285, -6.47885859415e-10
-0.49963526495, -4.0126142266, -4.8809354435, -1.35468737113e-06
-0.499706133115, -4.01259601333, -4.88089235523, -3.64383666878e-08
-0.499703823708, -4.02970652201, -4.882372025, -0.0735318882288
-0.499692999717, -4.01259524991, -4.8809191435, -1.27297268182e-07
-0.504856000337, -4.00953022865, -4.88253406561, -0.00985441682248
-0.499685465175, -4.01259768522, -4.88082568033, -1.30477946046e-06
-0.499693553081, -4.01259013368, -4.88089632003, -1.28749772266e-08
-0.499699423503, -4.01253318133, -4.88088375788, -1.0807903991e-06
-0.501962381206, -4.01253498227, -4.88289365839, -0.00230626842917
-0.499694479905, -4.01259724246, -4.88089630898, -1.74854562286e-10
-0.499702941213, -4.01259670966, -4.88089776838, -1.59221101422e-08
-0.499767121468, -4.01240655188, -4.88088623328, -1.05130538538e-05
-0.499663679767, -4.01889176036, -4.88088318307, -0.00998121766032
-1.04404104322, -4.95763061867, -4.94987222831, -115.146260844
-0.499703182059, -4.01255740528, -4.88089112407, -4.2310338704e-07
-0.499748809979, -4.0125151821, -4.86538297846, -0.0607815745696
-0.499611637058, -4.01257712033, -4.8782429934, -0.00178515839518
-4.9427396522, -1.69776776706, -4.940996252, -1109.99217116
-0.500390255013, -4.01267952261, -4.88073918919, -0.000130024023682
-0.499814950769, -4.0125305078, -4.88092245035, -4.91790074545e-06
-0.499677998218, -4.01239635411, -4.88088307651, -1.03049936619e-05
-0.499567960288, -4.01260216978, -4.88088224063, -4.14454998585e-06
-0.499697032502, -4.01259505431, -4.88090204249, -8.76634443159e-09
-0.497803874321, -4.01261444323, -4.88085307598, -0.000906061075559
-0.499599124263, -4.01480216121, -4.88071658038, -0.00123667635766
-0.499889507911, -4.01990080725, -4.88082713368, -0.0134232714338
-0.499681372878, -4.01991367737, -4.88114497295, -0.0134879603677
-0.50332578299, -4.01163987334, -4.8809068351, -0.00358017518008
-0.498912541856, -4.01259792845, -4.88089695551, -0.00015491215966
-0.503692744368, -4.01236875753, -4.88018683722, -0.00418917289009
-0.499696058974, -4.01259878104, -4.88089755186, -1.0921509008e-09
-0.499717939028, -4.01280803887, -4.88386113382, -0.00223014493958
-0.499695791584, -4.01261525272, -4.88089525426, -8.42825834156e-08
-0.501028003401, -3.99132865683, -4.87967930507, -0.118550672735
-0.499730273143, -4.01259665544, -4.88089687717, -3.13505722914e-07
-0.499695082924, -4.01259709905, -4.880896824, -8.4226934368e-13
-0.499712982371, -4.01176239537, -4.88086351765, -0.000176597859291
-0.499696361122, -4.01259761499, -4.88089970301, -2.51416493717e-09
-0.49969511763, -4.01259809451, -4.88089690324, -2.58750479592e-10
-0.499209668962, -4.01245623446, -4.88085130808, -6.51070761683e-05
-0.499695076397, -4.01259890137, -4.8808967567, -8.38274548313e-10
-0.499695562413, -4.01259798472, -4.88091360724, -7.1042502704e-08
-0.499698528744, -4.01259646494, -4.88089606984, -3.29556842911e-09
-0.478356365274, -4.01260719442, -4.88088872983, -0.113618903765
-0.499671703293, -4.01255235117, -4.88089964728, -6.45824621185e-07
-0.499688668697, -4.0126290325, -4.8808834927, -3.13818234408e-07
-0.499695523334, -4.01259856931, -4.8809013986, -5.77906908745e-09
-0.499696515577, -4.012598233, -4.88089694366, -8.66406628505e-10
-0.499694941131, -4.0125968173, -4.88089710168, -3.4700760248e-11
-0.49969498336, -4.01259791057, -4.88089686672, -1.74183759389e-10
-0.499695623077, -4.01260489869, -4.88089653485, -1.5549983485e-08
-0.499691897582, -4.01259693388, -4.88091647359, -9.9644326441e-08
-0.499794874016, -4.01259156224, -4.88089452308, -2.52709886959e-06
-0.499631815846, -4.01255174364, -4.88088777636, -1.55226610718e-06
-0.499695201003, -4.01259701659, -4.88089696709, -7.91730654131e-12
-0.499693103909, -4.01259653678, -4.88089740394, -1.1188845166e-09
-0.499692084968, -4.01259726682, -4.88089780439, -2.47186949646e-09
-0.499689227307, -4.01257297889, -4.88089810785, -1.55939287179e-07
-0.499691594579, -4.01257917403, -4.88090536996, -1.02392958733e-07
-0.499684957952, -4.0126014812, -4.88087670038, -1.33679024515e-07
-0.499696141954, -4.01277639532, -4.88089596473, -8.12678470619e-06
-0.499691093236, -4.01260307192, -4.88089901056, -1.42064388624e-08
-0.499569300137, -4.01240037515, -4.88089956423, -1.37794754559e-05
-0.499522419464, -4.00750680242, -4.8808974607, -0.00659487526859
-0.499700329615, -4.01259607632, -4.88089739781, -7.33338167385e-09
-0.499644507429, -4.01229972783, -4.8807432703, -2.89512681592e-05
-0.499693656051, -4.01259271291, -4.88089274223, -9.66063988128e-09
-0.499704436092, -4.0123148082, -4.88097363231, -2.16469167347e-05
-0.499599856602, -4.01247840532, -4.88077925521, -9.34460123107e-06
-0.499511513007, -4.00927637372, -4.88086046877, -0.00281020628591
-0.499681563859, -4.01260470929, -4.88008832416, -0.00016540875677
-0.499651567878, -4.01271531048, -4.88113329546, -1.81337160361e-05
-0.49969772427, -4.01259779212, -4.88089673737, -1.91945114211e-09
-0.499756636613, -4.01260381037, -4.88086870837, -1.17060571637e-06
-0.499714969772, -4.01483894055, -4.88076293084, -0.00127187938524
-0.499701604513, -4.01263211077, -4.88088869227, -3.3805652604e-07
-0.499588458296, -4.01639151203, -4.88118867602, -0.00364829934263
-0.499402177027, -4.01328013047, -4.88031411093, -0.000225536199988
-0.499420305402, -4.01283494533, -4.87827692924, -0.00177037947356
-1.84104306456, 4.52790683243, -4.88672818328, -140.489273029
-0.500078858089, -3.99818908162, -4.8819608314, -0.0538036574404
-0.488028821871, -4.01832252978, -4.88096207243, -0.0422280541713
-2.28818815728, -2.46570701968, -4.91646812455, -418.420747417
0.160280990804, -2.58290560341, -4.94776300974, -334.159754213
-1.57332155403, 2.22872391783, -4.99841918091, -332.380828099
-0.499689769368, -4.01259608215, -4.88090565451, -2.68263009534e-08
-0.499020807472, -4.01377655764, -4.88130218875, -0.000507959174727
-1.16604586766, -2.37784859052, -4.9999860059, -368.493527372
-0.498984972473, -4.01267137247, -4.88091597989, -0.00012902475065
-0.499695041422, -4.01257431613, -4.88091811652, -2.45120760973e-07
-0.507340241383, -4.01082296835, -4.90179220215, -0.126940509773
-0.499558797592, -4.01393649165, -4.87970725729, -0.00081523291901
-0.499690063302, -4.01255650332, -4.88053180887, -3.41039569812e-05
-0.387529393868, -4.01190425089, -4.881486701, -3.11365340736
-0.499796871481, -4.01278301535, -4.8809334107, -1.16890522479e-05
-0.499702911412, -4.01259336618, -4.88090659624, -4.29487251556e-08
-0.499699030084, -4.01259615567, -4.88089615563, -4.32513830805e-09
-0.499663729965, -4.01259749941, -4.88090762125, -2.77502159672e-07
-0.499694606304, -4.01255715378, -4.88091134602, -4.56123920926e-07
-0.50099608751, -4.01260500791, -4.86893395, -0.0365274866013
-0.499376177417, -4.01968498906, -4.87822439542, -0.0144249563333
-0.499665236856, -4.01093140794, -4.87756729762, -0.00352412406658
-0.499695063559, -4.01259708314, -4.88089687276, 0.0
-0.499700583815, -4.01259612789, -4.88086388524, -2.83155125167e-07
-0.499685082046, -4.01259996937, -4.88087638672, -1.3348820447e-07
-0.499695008803, -4.01259735166, -4.88086605747, -2.40197691265e-07
-0.499696022003, -4.01259729803, -4.88089610648, -3.93341521506e-10
-0.49965650028, -4.01143028623, -4.87292950455, -0.0164297193828
-0.499831565878, -4.01257243027, -4.88088418391, -4.9035335308e-06
-0.499707029039, -4.01326031627, -4.88089891634, -0.0001110185344
-0.499694992476, -4.01259344845, -4.88089513225, -4.11572092312e-09
-0.499657938567, -4.01260539066, -4.88092237544, -5.30385874654e-07
-0.499723958226, -4.0126018925, -4.88090658065, -2.40746663014e-07
-0.499492772468, -4.01259565603, -4.88090355335, -1.03528724519e-05
-0.500025116893, -4.01311624109, -4.88119373865, -0.000117842331292
-0.499768199484, -4.01205277223, -4.87802639149, -0.00216633184336
-0.499688646931, -4.01260154736, -4.88089600246, -1.56485594408e-08
-0.50010284872, -4.01281149397, -4.8808977098, -5.3611087304e-05
-0.499703591521, -4.01374083982, -4.88085449465, -0.000330844772346
-0.499695071293, -4.01259752428, -4.88089734501, -1.03936546239e-10
-0.499693302965, -4.01277227638, -4.88094447248, -8.33009176027e-06
-0.499620153963, -4.01413057441, -4.88086800556, -0.000595177423913
-0.499694901967, -4.01259702007, -4.8809340734, -3.49816647944e-07
-0.499772980686, -4.01354417309, -4.87682574927, -0.00442676686957
-0.499695162867, -4.01259712886, -4.88089956536, -1.82937320867e-09
-0.499692952831, -4.01259696284, -4.88089645405, -1.1778427269e-09
-0.499753829877, -4.01259807717, -4.8809309749, -1.16733061773e-06
-0.499693192706, -4.01259768907, -4.88089529883, -1.60979318299e-09
-0.49969508313, -4.0125970381, -4.88089687664, -6.73816379027e-13
-0.499760141261, -4.01237789955, -4.88100151973, -1.5974514877e-05
-0.499702831489, -4.01260356393, -4.88090177936, -3.19454974888e-08
-0.499695059613, -4.01259716719, -4.88089710249, -1.44870601709e-11
-0.499693489536, -4.0125689663, -4.88088475859, -2.37720404123e-07
-0.499689577376, -4.01257261955, -4.88089688326, -1.58967479666e-07
-0.499321751599, -4.01259686881, -4.88170754836, -0.000201397896125
-0.499695096877, -4.01259716332, -4.88089695772, -3.3691026883e-12
-0.499254161911, -4.01259054405, -4.88089878317, -4.91655999642e-05
-0.499648748658, -4.017320031, -4.88015639268, -0.00575488970571
-0.49968688882, -4.01259312679, -4.88089869606, -2.17042264833e-08
-760.005304192, -662.068930641, 809.989997373, -6.83687495858e+19
-1047.5040718, 1501.75209986, 410.91895129, -1.94855626674e+21
1385.06474478, -312.575919493, -1021.58248287, -4.65641807048e+21
516.244382088, -1561.08282091, -294.638490082, -1.70758234551e+21
162.831763325, 35.6379580537, 273.455503508, -4.21670459301e+15
-994.999791558, -509.890816257, -625.575950441, -4.15150061865e+20
-157.118829848, -61.1947735203, 1822.70407166, -3.65624867446e+21
-216.529599279, 1758.27017897, 48.9030516916, -5.51684784911e+21
1757.02695157, 653.89922903, -249.715426253, -3.59406082481e+21
678.522885442, -1115.52678076, 954.922486414, -1.17802016505e+21
-91.7298868975, -435.805687324, 895.114373647, -7.76230671979e+18
283.691121446, -623.06364089, 1335.83404237, -1.63113781876e+20
622.762773523, -240.830665115, 1163.69495335, -2.40819492355e+20
1415.26185444, 417.504075778, 92.3111503842, -8.39089069552e+20
-1132.13600334, -1141.9397388, 308.208711436, -7.10622205028e+20
690.093811485, -953.736248063, 1354.13341494, -1.33629758148e+21
1778.20496407, -259.999296939, 777.28979597, -9.19248948836e+21
222.883956174, 910.047393122, 916.69792517, -5.09002786622e+19
-2148.49278106, 563.336932264, -602.420100714, -1.81764632039e+22
1132.16928665, -607.183201175, 62.7686489547, -4.37076628595e+19
-951.134723692, -549.289583228, 183.04758516, -4.13760770586e+19
25.4474292747, 403.544662597, -716.883286968, -1.40764980338e+18
-827.684667465, -230.324562766, 705.906203017, -7.06344535125e+19
-1223.9178483, 910.737518064, 1120.75098803, -7.39145490632e+21
989.642069831, -980.074998881, 1752.12734613, -8.09410855025e+21
770.285620248, -1293.45497056, 1779.03302869, -1.07746022568e+22
1360.71268716, -92.266741892, -888.185201478, -2.10678485657e+21
840.470213428, -57.9890005144, -1149.11707117, -1.15949488847e+21
569.824030245, -314.414741824, 137.387726764, -3.45018862257e+17
-1519.17067563, -450.46395136, -18.7205591278, -1.29677362068e+21
442.373642043, -19.3037234853, -191.223180909, -7.8114568816e+16
-361.9583987, 553.735418757, 1003.00804476, -2.12746119999e+20
-932.959817229, -62.3012233854, -129.589683008, -2.30229596555e+19
185.495653914, -656.328165672, -194.225894335, -1.29018667209e+18
-11.1423375123, -786.330274866, 136.234904736, -1.21380720743e+19
-396.587624015, -777.171446937, -516.670969326, -9.20563289548e+18
-68.6595015731, 1794.52879014, 96.1926581913, -5.96005358467e+21
-315.998288232, -329.494099293, 766.539929999, -6.73720925733e+18
-101.164432668, -774.196960014, -1382.65684674, -6.8381782568e+20
-838.241166683, 1687.04194436, 532.908901986, -3.2416451517e+21
866.528809713, 31.0624719363, -685.796867645, -1.03076189595e+20
-867.716891561, 1160.73097543, 884.928415648, -1.40783707827e+21
932.889038521, -232.135218942, -721.460760924, -2.43987366281e+20
162.634237295, -1452.75320495, 1618.3030346, -9.49394846696e+21
189.026934523, -648.360084537, 73.924991049, -2.67970632161e+18
-708.763568389, -1979.32935928, -267.871900915, -1.12592383459e+22
-487.881157168, 385.394935305, -61.6205196769, -2.02582655571e+17
110.106348697, -106.425154597, 784.504768014, -2.25796316122e+18
-1563.89170703, 984.358872183, -932.164001371, -5.66068223121e+21
104.363872516, 1073.15923908, 1798.0220267, -6.48166045139e+21
642.028384968, -327.335032638, -721.28195714, -7.98138105991e+19
-706.030127374, 2079.93736621, 1260.61877845, -1.66744894046e+22
992.405513596, 738.252187671, -1950.27818051, -1.81072065798e+22
-32.6470549097, -1783.48894537, 964.614217588, -1.68501879331e+22
612.424665733, -620.741002119, 1761.39642341, -2.16937092988e+21
-1.95813663511, -45.2289648587, 1359.78454487, -2.71042702384e+20
1447.96470426, -506.022819649, -219.716148828, -3.22060870783e+20
-815.49107342, 493.04334656, 102.613764724, -4.5344387408e+18
1491.30807404, 1838.0977324, -346.376654685, -1.79758348834e+22
941.174476086, 362.714953307, 598.896344111, -2.31066473502e+20
-467.254219773, -43.869525374, 636.658361422, -8.91501271692e+18
18.5778178431, 703.795504363, -945.465300294, -4.19281249985e+19
1479.36583288, 2091.87478977, 1627.5559037, -1.02742284888e+23
861.298710648, -554.177544363, 347.281915731, -2.25603008871e+19
-918.963140263, 1066.44551123, 558.125514726, -3.65559352728e+20
1102.44643699, -550.27593851, 601.773996005, -2.49967942175e+20
-740.582513981, -270.18362179, -156.133110495, -8.4171915106e+18
1030.16400103, -353.213611069, 30.717698545, -1.74609667328e+19
1714.61516815, -123.591489269, 865.963273097, -9.95678032687e+21
963.424863551, 94.1423843132, 1899.59721753, -1.28932058506e+22
552.656272957, 68.7705931466, 386.147518809, -3.02912361078e+18
-537.459858404, 750.262201243, -645.655330097, -6.09321680956e+19
-1884.06487529, 1263.38926894, -1980.48630293, -1.36085319742e+23
-1898.57650283, 757.424315307, -275.493709068, -3.24507643393e+21
431.271880404, 218.189035637, 204.7199782, -3.12880042092e+17
-343.622228371, -996.52617818, 1301.96891138, -6.29253125276e+20
-116.448059284, 1784.23155154, 726.788330088, -2.85799172408e+21
-239.089858093, 749.513490388, -732.887523986, -4.57345482271e+19
597.91336942, 582.136885793, -1518.44955716, -1.50260572552e+21
-327.681362464, -380.814658118, -392.319560342, -5.71873854471e+17
1114.58368833, 1521.88363695, 426.247310393, -3.20047348065e+21
434.289989225, 898.859447463, -1719.35297646, -2.18876300499e+21
-1116.7195891, -1388.26792397, -1555.11613075, -1.81176803823e+22
-747.153194069, -1645.54988911, 1282.6778413, -1.22758632701e+22
394.540623545, 897.724761181, 1653.44140574, -2.65585898694e+21
-1431.13225058, 469.353998747, -1737.25544625, -2.70746736351e+22
-190.275179136, 867.047122001, -681.319049018, -9.58345127405e+19
871.468710457, 69.0808642277, -148.149176119, -7.02051366228e+18
1387.21338209, -459.263150008, 720.324242145, -1.48812165801e+21
1568.39712523, 969.298837942, 785.048763066, -1.23634056828e+22
1393.81862879, -892.83065923, -763.178550512, -3.19618859042e+21
-1202.0220099, 1684.70616914, 137.379893696, -6.21054993284e+21
696.495062153, -757.24122058, -1046.74148101, -1.03609802372e+21
2020.80434995, -1308.37657784, -5.84264720571, -6.29923339526e+21
-1084.01211115, 427.206954385, 1008.56548884, -2.00933759028e+21
1739.10644866, 644.814908624, -1427.25739418, -2.07012855933e+22
-2011.87970504, 395.858275033, 1595.97267886, -1.16347921918e+23
871.238450188, -40.5196367585, 1825.12569814, -7.42060014831e+21
-218.656826815, 876.365899349, -1255.33187159, -3.42516145863e+20
600.418542459, 503.808779958, 1432.97374836, -1.16714909695e+21
-1366.69797477, -61.8485739501, -534.374515033, -1.20703363541e+21
-1483.57309379, -1080.58883204, -541.149124718, -6.64427138078e+21
1709.09178598, 846.872710661, 1348.84462341, -5.10196295974e+22
-723.194515273, 669.33366855, 1423.91822073, -5.1675430234e+21
-151.53132517, -697.704264669, 28.737527138, -3.52896730237e+18
-272.501502762, -656.823527314, -557.976962186, -2.65253736834e+18
-940.200640538, 1137.87585321, 1644.27955277, -2.72590679217e+22
1176.59935085, 1491.48876459, -2129.26056196, -4.02141304524e+22
-1590.93572921, -396.505886665, 32.3639043607, -1.54529315262e+21
1985.43047744, 192.300942443, -42.1020911082, -6.35142481622e+21
-630.966694793, -729.048013639, 350.235016819, -1.53344612236e+19
-1104.152473, 478.061740847, 253.91831251, -5.77175163301e+19
-738.129648452, 825.376497066, 264.161204731, -2.87097705058e+19
79.5287401998, 1913.90142081, -1116.87726959, -3.20848053528e+22
1800.08320127, -550.890998408, -907.848385831, -1.20846884247e+22
85.8571961058, -14.4303097304, 49.6423884299, -172738.441134
431.638264985, -645.345468083, 1252.41970878, -1.8169151187e+20
-92.1618841183, -184.494210331, 470.179396574, -6.34537288151e+16
64.9628461372, 260.331482685, -1377.8074825, -2.39405162843e+20
1161.24889638, 563.501360135, -1595.71860984, -9.12814483621e+21
-352.777444946, -1663.22448479, 53.2774821982, -3.63880188067e+21
825.441645317, -77.8759824698, 253.887221761, -1.23059653376e+19
1351.28544262, -1563.23604549, 185.608676733, -5.97783699053e+21
-630.879377208, -235.398429714, -414.652348082, -1.00285699263e+19
937.193371196, 338.118129189, 184.840129614, -5.21335588189e+19
-145.356143799, 16.1155406544, -692.258794667, -9.26638358343e+17
-1689.77135917, -961.143635644, -1485.52307032, -6.67254091345e+22
-693.177958546, 797.478766082, 1961.50361371, -3.54873119441e+22
-1913.4811854, 342.211417771, -708.046268389, -1.1929464343e+22
236.394365901, 553.913455292, -562.831942967, -3.14142600584e+18
712.868266339, -1522.77067542, 433.006825448, -4.10883504112e+21
10.5772985856, -126.29477794, -403.594014367, -2.84069194503e+16
-1399.09338425, 630.332168211, 106.050700055, -2.06204898236e+20
-457.611748736, -342.164467153, 742.105137092, -1.13059133818e+19
1898.60233233, -695.78993103, -1250.14634176, -4.63909727336e+22
-1158.60314906, 1531.53901425, 604.531166582, -3.0038876055e+21
1676.51248988, -2036.40487451, 545.996598638, -6.26851633662e+22
1705.6266411, 717.44162199, -1013.79160462, -5.60195690219e+21
53.2650884697, 1209.32451381, 1848.78045252, -9.52499775918e+21
1617.29838003, 892.940330648, -76.359268539, -3.46257741174e+21
6.5530097122, 390.998752743, 806.550495851, -1.02647046638e+19
-890.256105837, 446.955623394, 1244.71430177, -3.11060055588e+21
510.098594469, -437.744164044, 122.500598895, -5.14023082401e+17
-1668.29596099, 545.696553153, -1063.54640751, -1.0849053857e+22
2032.66648881, 1263.809192, -1598.59027209, -5.0159051627e+22
667.201062465, 409.527624111, -309.215705319, -2.46618976902e+18
-467.176545217, 110.184647137, 1470.64903545, -1.86344431144e+21
-157.542130381, 111.273245814, 221.676858597, -3.77314699344e+15
180.19011431, -327.688748622, -315.716964004, -7.77053804649e+16
-27.4203795846, 1498.14077542, 497.594707643, -7.98719177971e+20
-228.995803856, 251.368977264, 511.258597712, -1.21531070379e+18
-1125.78006198, 643.815581211, 1512.43994157, -1.77344649077e+22
1270.48580079, 651.238799689, -1383.66050341, -5.27596721571e+21
-1576.90587625, -330.233498645, 91.9624827468, -1.2001380971e+21
-790.666504148, 736.172625224, -1937.79308216, -6.43586740725e+21
816.570034355, 1156.78435447, -268.204610477, -3.67501470017e+20
866.076325162, 6.64096673925, 262.51559244, -2.08656672966e+19
-75.4118348708, -685.963931952, -567.112256986, -1.87000457931e+18
828.101818143, 520.931946197, -1559.254289, -3.52856142161e+21
1124.72518976, -786.843269422, 89.8741592751, -8.21281875974e+19
530.697992894, -111.588726918, 355.935074809, -1.42473214093e+18
727.720248049, 157.319227012, 1272.91591703, -8.01062371652e+20
1178.08610294, 19.1519976095, -1209.53737194, -3.80475650164e+21
207.636965687, 1172.6517343, -778.293428197, -7.01319113449e+20
198.442843637, -1435.08118411, -291.361579848, -7.51001060269e+20
367.229249723, 1358.52965946, -511.14495456, -1.35401320535e+21
-714.431438683, -780.36040088, -62.2476498082, -2.95666972488e+19
121.378455255, 628.705768462, 37.4392223637, -1.29848691144e+18
-1188.19644833, -136.976341779, 551.836942974, -2.02121670468e+20
-460.041585984, -293.617618752, -561.920375297, -5.9432777767e+18
-16.1880228119, -541.750977968, 766.379241955, -5.89580724299e+18
-474.867938903, 904.691540189, 716.30003821, -1.00612384092e+20
-326.743826661, -1237.79955554, -762.53936913, -1.36195914441e+20
277.397736091, 357.903935171, 891.798211615, -1.83818921629e+19
-47.811516077, -2140.94679412, -1004.98183839, -1.07021933691e+22
1699.17380304, -1084.85400551, 778.318014269, -6.40586409899e+21
-152.207894606, -1641.70750785, 25.6120117014, -3.20482373562e+21
-45.1283299244, -1317.97344867, 564.27141463, -1.21297532946e+21
1436.2399851, 1798.25396055, -1977.64019993, -6.32463984721e+22
-782.617165416, 259.064810036, -610.915534802, -4.53407903391e+19
1040.50514104, -1527.83590135, 709.297570886, -7.59557051699e+21
1140.27524162, 1461.90433481, 827.213933091, -4.88051075105e+21
170.3993981, -327.365285345, -337.451804583, -9.75808608348e+16
-725.135425508, -1512.0770021, -167.963066905, -1.51428572067e+21
42.7062998019, 1428.2762745, -179.482966433, -1.33663348017e+21
-45.1337004304, 1045.33973178, -1808.73712328, -2.48054469848e+21
-593.601335791, 143.56432785, -53.8302560732, -2.86476159931e+17
-351.466074243, 741.216933037, -2093.98525313, -4.31113910449e+21
992.44486003, 588.805783348, -939.450325744, -3.475257753e+20
279.9598838, -1118.93771476, 664.301797407, -5.16978681817e+20
192.695147356, 1324.71071956, 1327.19720886, -1.00706807974e+21
1885.26337512, 376.44774504, -1168.13749563, -1.7020153762e+22
-139.153328752, -270.928404664, -207.309818312, -2.73708795814e+15
1678.89730243, 610.919168259, -656.727891571, -2.46178385822e+21
-6.37414915181, 1395.58094675, 24.3474438099, -8.49473769669e+20
1156.04517751, 429.778916433, 586.37429537, -7.65029185832e+20
-5.05769807695, 121.252420312, 626.256460921, -8.78706521194e+17
-747.135393148, -72.232699423, 304.124179324, -3.76062167152e+18
274.28371896, 1970.14853946, -565.685443144, -2.29937263116e+22
-823.212787052, 2209.6369027, 484.674300231, -2.74662371511e+22
1207.13149634, -805.054052558, -823.298865252, -2.07526444827e+21
178.65750625, 1035.07437965, -393.089677907, -1.5741337339e+20
-627.968871465, 30.3643433085, -1159.69320706, -2.78893971411e+20
312.575272839, 85.5389559005, -682.712389448, -4.8399672025e+18
-338.39998142, -532.091627196, -1725.74543167, -2.39071222587e+21
1111.97001009, 288.437978191, -1507.45255316, -7.51085272418e+21
1210.75473682, 1152.90620464, 1182.77102584, -9.03668507037e+21
-245.958227472, 1472.24278452, 160.042728873, -1.15693914083e+21
-1182.39504979, 1191.90078564, 368.705093602, -7.24237268759e+20
455.712854593, 1590.9618452, 82.8036402892, -2.2193488824e+21
-655.100232346, 1061.45856267, -754.03732115, -6.29222779157e+20
1056.07326646, -821.354434903, 542.924411962, -2.62629248689e+20
-353.085106585, -1182.23614867, -834.235797054, -1.16013949772e+20
775.923146913, 169.070106159, -547.680445739, -2.177373156e+19
-148.178245633, -619.75954442, -1450.01208851, -7.58938303179e+20
531.780179853, -1351.3378674, 1045.86441555, -3.67261492593e+21
659.435713167, 1188.49651132, -1325.92652869, -1.83162690069e+21
-620.815334298, -267.944853388, 29.6015773929, -1.21726485644e+18
924.75754489, -110.282071064, 569.951395721, -1.06060702797e+20
-1523.87652885, 68.8115205284, -872.991783967, -5.26014933346e+21
1215.20940524, -2088.91259198, 932.828752751, -7.97892167916e+22
-1073.51764799, 1765.12952692, 2129.50014754, -2.06441439821e+23
804.051716097, 195.884893261, -340.671075117, -7.20583050768e+18
-1272.87952287, -1372.61273017, 366.299603337, -2.49414798115e+21
1487.93145257, 1919.09183055, -1011.92314404, -3.27194833207e+22
-716.434253385, 486.297216508, -552.0585748, -2.27913955123e+19
333.077098224, 691.327266782, 1008.91256685, -7.62232953546e+19
886.062556515, -1197.74581959, 825.762691049, -1.81735748691e+21
332.232312099, -1121.15560628, 978.857878479, -8.98558156996e+20
1522.90663653, -195.809527863, 61.0663185407, -5.5752070943e+20
-80.1007186037, -1393.05830201, 2023.99306444, -1.2280348222e+22
4.82922428634, 236.594250622, -156.421012151, -2.1286404169e+15
164.582019433, -222.690243554, -36.8206022434, -4.8642489457e+14
596.57553977, 1841.24684455, 561.996147104, -4.69380972713e+21
-1810.30179429, 903.396651391, -376.177472157, -2.96263456353e+21
-1022.32431412, -372.553329291, 119.604358602, -4.84257204114e+19
-1148.26895845, -640.931136833, 1598.44226538, -8.40484402225e+21
1382.37897441, 708.953929816, -1829.44788611, -2.90512414782e+22
-1716.84352551, 1628.80704142, -518.614200858, -1.7409370348e+22
-806.14810667, 239.070316103, 796.678114627, -2.18091781774e+20
-157.224066899, -1194.28959749, 1097.19013434, -1.25231069589e+21
717.932216848, 147.141893091, 996.076461229, -2.55112466559e+20
859.727786799, -44.6669516965, -742.056472169, -1.54310903397e+20
-1549.29084081, -268.446412701, 1130.86125556, -6.45442038811e+21
43.4712519138, 2083.60996626, -633.889323805, -3.84321369866e+22
278.994109937, 896.280024455, 1656.87655342, -2.6324048708e+21
-646.327976433, 352.793741526, 834.479372109, -1.68011727356e+20
-515.418781539, 213.437240133, -620.916522176, -7.15797344656e+18
-891.425624798, -132.314121478, -71.3864519156, -1.57114229161e+19
66.5593295314, -864.77972389, -347.718466021, -8.63842411982e+18
-958.317865689, -155.365277212, 1352.61920797, -3.15335363096e+21
-517.467606386, -949.910727042, 613.151042457, -1.22109155742e+20
1582.16527215, -804.704482142, 957.27261743, -5.804845724e+21
794.257754569, 1448.50421187, 1405.23197983, -4.58909071015e+21
71.67950292, 295.392355711, -205.567268088, -1.2108060358e+16
-1137.52396727, -138.303405357, 61.6679672918, -7.24461398574e+19
-169.002080614, -13.9787459454, -1800.38752375, -2.08503122226e+21
-411.200491346, 594.395330311, 786.648765116, -6.95051345757e+19
-1190.8567874, 1897.80546926, -790.321496083, -3.76979313031e+22
-762.082689181, -184.979519628, 222.021230642, -3.23650966186e+18
-1299.26208036, -1244.27552012, 604.635838033, -1.73729681779e+21
1456.53048468, 338.111007076, -387.620830143, -5.63399004048e+20
-1617.46313252, -1988.16936538, 542.828204923, -3.55691631811e+22
1679.5988636, -1619.55851149, -860.17337726, -2.06232492641e+22
-814.48942861, -567.0603972, -550.641067469, -1.22463208845e+20
88.7740619515, -1.72742468128, 244.316612839, -4.61021795482e+14
1242.94862865, 547.680263262, -105.270933518, -2.95590827541e+20
-302.312525625, -711.396005315, -1332.25471746, -4.37064208382e+20
-896.111198231, -234.213252655, 898.404162915, -2.84224882119e+20
-563.128122126, -957.571100719, 1396.24048544, -9.12363690111e+20
-531.84114671, -273.238863864, -374.966591344, -3.53204667639e+18
-940.756740655, 506.335782863, 332.982940007, -3.89415034246e+19
1032.09698769, 323.342816643, 171.561825777, -9.33302730939e+19
-1004.69828148, -814.52601216, -442.82855521, -4.12969887011e+20
-232.524911758, 82.178705981, -302.774947607, -1.72965173994e+16
777.337874796, -1102.01855988, -61.9730800414, -2.07607443982e+20
-334.645814117, -131.217526596, -365.563197383, -2.6255853408e+17
1118.58689395, 611.926994637, -10.9244459146, -1.93114343003e+20
480.703174911, -1049.44682493, -1225.42565321, -1.7637209686e+21
-1449.73751732, 1834.61244938, 614.115741687, -1.27111377262e+22
-562.552303719, 575.323932199, -362.351417747, -7.22967716466e+18
261.122736611, -994.641751382, 1132.67156366, -5.34951183014e+20
-464.067019126, 955.52296179, 463.644978748, -3.65782006447e+19
831.491244095, 280.667551488, -1993.37792902, -2.14795523019e+22
-191.283709385, 1211.20451062, 553.509756921, -1.29022866529e+20
216.668181069, 73.6041044158, 665.588718353, -1.2887588723e+18
-1444.30591234, 828.694469863, -646.020697342, -1.5141140124e+21
-718.006206681, 191.308699367, 115.302827751, -1.11702516607e+18
1441.41709949, 1462.32397389, 374.326935627, -7.83139662465e+21
1758.17323588, 950.759697406, -23.9885118823, -7.03527953495e+21
1925.78266067, -455.568246229, -1009.49601333, -2.101990769e+22
627.162944995, -998.436084804, -170.630333481, -6.95023116283e+19
-1353.06786047, 1814.17105495, -1436.5026372, -6.40770342198e+22
421.849947174, -468.551482765, 363.932844244, -1.53673913665e+18
-1151.61532091, -149.172092004, -269.701648371, -1.96333235803e+20
-624.525681885, -666.696906107, -671.029412502, -6.62908174008e+19
-677.67178759, 505.775363772, 1175.59101915, -1.34132484382e+21
392.851363718, -468.715495742, 204.589838958, -6.80395584265e+17
113.804741642, 1186.72939216, 89.0389042164, -2.0311327101e+20
661.401154263, -63.0362568886, -1767.39511219, -9.19136252741e+21
-1274.06316412, 1281.27905055, 606.467260521, -2.12964589115e+21
174.598016087, -355.06932461, 17.2578312761, -2.19415373789e+16
-345.921319608, -425.06314607, 370.069808069, -3.51473841396e+17
-1437.22587852, -1240.72817345, -937.275902279, -1.34927921866e+22
-43.45199691, 1654.22997116, 640.677107835, -1.59319614604e+21
-377.835176073, -1297.63007277, -1011.91647949, -2.96498528815e+20
18.4287963942, 1271.04656386, 331.112866091, -2.45930100628e+20
-1102.9632121, 81.9100022438, 832.857399764, -6.66370631177e+20
-1928.44652802, -1350.23331639, 293.271997717, -1.77255731539e+22
550.037398085, 0.497572880992, -213.273332534, -3.35062492718e+17
-1844.87172937, -1035.636032, 1494.05886691, -2.60848455155e+22
-372.435868849, 943.470673012, -722.488596396, -2.11492809289e+20
-1141.39633096, -116.378925462, 1112.48429889, -2.08517918241e+21
810.809619148, -752.581317754, -1516.93880867, -9.63598359404e+21
1030.49149087, 1937.87388649, 424.484248924, -1.08013375855e+22
-710.442890117, -132.180375219, 1505.23773228, -3.12722577561e+21
1200.90934802, -2035.31428145, -517.412255886, -1.77327095512e+22
935.128882288, 541.194564565, 720.722953596, -4.2293751789e+20
-404.300836767, 241.843409872, -676.742117411, -4.13959714575e+18
-917.189105424, 260.633632595, 1176.6959298, -2.07862184231e+21
639.285535859, 1313.45796219, 0.208993803054, -5.79026620524e+20
424.98506899, 1886.640237, -2125.13325953, -6.9572874326e+22
-818.254134891, 166.495228045, -1015.95084318, -3.61595955463e+20
464.264030606, 1023.73805095, -651.70734513, -2.18406810964e+20
-1464.79074698, 479.322519961, 892.109868644, -4.18614939792e+21
-798.752495997, -5.72630602878, 674.313663007, -7.12558528565e+19
62.3670144929, 90.3551119286, -7.90650270533, -201533.168439
509.436859525, 216.893129822, -118.195638052, -1.82743233326e+17
-125.678849808, -1250.84518075, -498.21442445, -1.62214726838e+20
902.977110765, 741.496198548, 584.869781164, -3.02567265064e+20
434.997971562, 1366.4115419, 524.689176087, -3.8333354627e+20
-925.516346587, -854.38116288, 260.746804735, -9.77274808339e+19
1575.73117841, -1102.10053776, -896.278662244, -1.03516420752e+22
1257.25436547, -1353.47389753, 950.621845908, -6.87611276719e+21
-1100.33527736, -731.861958049, 956.484573355, -5.28706050461e+20
-1331.15043901, -898.771527366, -1465.76355151, -2.12007965364e+22
73.196465819, 629.571673059, 1944.32007313, -8.00357671927e+21
613.039058571, -1918.84524469, -354.6124933, -8.90689561357e+21
989.918387771, -732.584083923, -282.838371967, -6.44527156481e+19
-1071.00174076, 340.23980851, 9.96038733225, -2.2597212121e+19
-1458.08672689, 1054.19459286, 1146.11860772, -1.63301596233e+22
-298.502684693, 1527.62216424, -138.589350604, -2.36601693387e+21
-1035.26332585, -707.845834181, 2084.08521318, -3.14688699956e+22
662.791068137, 951.515645941, -872.796121932, -2.19297133068e+20
1155.14501158, 465.470949251, 400.715339492, -4.75049043096e+20
-496.121285028, 34.0606395266, -872.624283093, -3.29754235785e+19
-454.487402106, 473.246106752, -192.300605799, -9.26710264894e+17
-615.993277151, -33.189363204, 346.954941256, -1.88323275624e+18
381.34542833, -944.488401678, 756.528130837, -2.20558826802e+20
1058.26102481, 1363.73405507, 1040.29770789, -4.62090053459e+21
1065.78365071, -1477.68512591, -514.649238907, -1.85701405303e+21
-64.327317784, -695.766194319, 30.0024939961, -3.48972411854e+18
1455.26052654, 1233.12921145, 699.630075926, -9.33102605178e+21
-363.340000132, -370.255870362, -1374.71217885, -4.04465960556e+20
-443.631930406, 1611.30001177, -1413.49869332, -1.66012233216e+22
-49.1849885161, -1495.4081682, 652.225523835, -3.38577889345e+21
-559.227815553, -1091.56002188, -89.0121670639, -1.21116047807e+20
636.680678212, -780.236561468, 576.544226174, -7.29824887581e+19
-853.968546052, -1285.8237164, 1267.72805112, -2.75064718351e+21
177.488169522, -2193.8733189, 66.4723949169, -3.52445498581e+22
-668.969086199, 26.8373881853, -1391.27215179, -8.5519747982e+20
-1088.76251313, -267.830310247, 1058.64510839, -1.19031747988e+21
-1292.41525389, -1189.59259374, -883.217414345, -6.79057792211e+21
2080.63189123, -1607.40951798, -913.179259797, -5.53689035391e+22
1055.97346134, 1718.59244229, -1052.04843174, -1.36570300349e+22
-838.06258712, -471.810663303, 1006.00778414, -2.97333486822e+20
99.0076820632, 551.69573315, -1106.47944853, -3.90130532619e+19
1060.31796719, 784.501960318, 716.72355049, -1.06007447232e+21
1724.60369351, -950.135166482, -630.855195914, -5.61225603559e+21
-206.854544325, 1102.50650522, 397.769499311, -7.0716313557e+19
-651.470447203, -1396.2273163, 487.871616238, -1.61588331064e+21
1618.01957279, 105.936652279, 543.698816425, -3.86879387188e+21
-1563.04451484, 736.019734933, -1219.77543153, -1.08113262598e+22
1656.01840317, 1509.15776036, 446.182707478, -1.87613118024e+22
809.649310664, -227.718738849, 315.165555823, -1.17514214327e+19
-134.092910003, 936.273259668, -614.832424285, -1.33324450233e+20
-581.667786574, 685.036306501, -134.798564816, -9.71929097252e+18
-650.849011945, -1510.06622734, -280.960953506, -1.27604755124e+21
71.3217029246, -209.016418896, -804.714528447, -8.33366045518e+18
904.273534098, 773.498531682, 860.922344705, -7.39017897915e+20
-975.969823727, 613.114381818, -655.23979771, -1.74473341395e+20
-1912.41485879, -405.194171042, -998.767026913, -3.65036759955e+22
-1900.67421025, -645.643355046, 208.603090716, -6.59162874378e+21
-1068.74814707, 1792.98210728, 577.217841246, -6.36914714844e+21
-750.396937539, -786.716386242, -1542.15486094, -3.43171521794e+21
708.128862364, -167.876412062, 313.774161451, -5.35581866469e+18
-88.1455022321, -490.958001716, 1202.77313494, -7.18243011499e+19
954.0645536, 1011.61892386, 876.304502276, -1.29913032728e+21
988.370240854, 1587.58744136, -1191.63806962, -9.15642553899e+21
506.658756787, -1002.86078267, 1624.15635454, -2.05656237827e+21
-1247.18625083, 680.244718912, 1869.1158509, -6.85636464969e+22
453.161088527, 1629.94710946, 341.592273782, -2.02071847597e+21
302.319470355, -2.82974472646, -558.448916684, -1.64599531959e+18
-556.665150892, 1401.78180431, 272.226826937, -7.78310556619e+20
-976.248516511, 657.941009189, 1320.58116974, -6.44441257875e+21
143.905499707, 466.588917904, -532.106257819, -1.00715042274e+18
1085.22302526, 647.465192334, -116.975994939, -1.42488118991e+20
49.7225381754, -647.90377364, -1957.42604934, -9.70347826285e+21
1062.48462824, 848.452414168, -700.425513151, -2.27798661679e+20
-360.478198478, 695.549273432, 298.11662528, -2.89089483958e+18
1171.43040561, -1812.55848679, 329.674999536, -1.64691850874e+22
-1344.5437178, 591.314484677, 261.498277038, -2.34167043537e+20
-1198.63088329, -587.940065153, 1480.93254304, -6.53342563659e+21
1122.65397028, -199.76957649, 536.810475632, -2.65822044945e+20
985.088100208, 1921.83166446, 428.164841791, -9.65764912174e+21
40.6854825225, -910.351506927, -339.953215541, -1.35497300419e+19
203.127597222, 111.16224123, 320.317001357, -2.22266433607e+16
1553.96620778, 91.0833735394, 1319.77722922, -1.92111827189e+22
-1494.57305339, 94.2863845415, 1708.03062689, -4.63564883033e+22
34.1324496129, 898.427684994, -1304.7368937, -3.69949214652e+20
571.187552127, -453.977826458, -1090.57305163, -5.92168270317e+20
1825.59641938, 591.021111119, 555.808613055, -1.4080855934e+22
-1342.82982143, 605.090227276, 802.599243955, -2.32419241355e+21
449.45314451, -1520.4342217, -1284.21999251, -3.75645422421e+21
-1086.93709953, -354.685768771, 926.835563108, -5.9019684832e+20
-293.699997804, 377.083962828, -865.930954088, -7.55293763497e+18
-126.538965578, 800.772671469, -1561.23728302, -5.49806436976e+20
93.982120622, 1802.68471622, 1527.29715391, -5.48932739906e+21
-1669.92726207, 1342.32869935, 915.282707971, -1.71076949025e+22
1243.45975366, 419.648882757, 433.428097142, -7.70009268346e+20
1331.9530947, 386.057451458, 164.825477897, -6.02895220429e+20
-1491.0543384, 121.210797652, 1031.50284336, -5.39879151493e+21
-1551.48630085, 152.303299062, -263.418083882, -1.09095196391e+21
35.9151206338, 621.918661716, 110.542260024, -9.55799791526e+17
-1454.42379586, 1131.94829033, 1474.00069723, -4.62870630138e+22
1631.43062787, 194.043230443, 897.846293316, -1.00520113489e+22
-53.5016506012, -846.396468969, 876.905775623, -9.98144938685e+19
176.284168223, 369.187769111, 379.225719425, -7.66616081992e+16
-696.813712878, 107.273441938, -1678.1109646, -2.54641232459e+21
-611.488969617, 68.3979771802, -903.330681526, -7.68689668547e+19
-990.007497675, 824.434888809, 1149.50367376, -4.0748988675e+21
-190.000782483, 1299.05713554, 919.486238496, -3.2885897353e+20
-70.2788013774, 479.88681144, -1094.9947136, -2.48597727398e+19
-128.683060909, -661.246813216, -1731.55643712, -3.06711413118e+21
424.300590399, -1660.67951946, -598.236405604, -1.93670984646e+21
498.705990028, 368.178854827, -305.328966622, -4.13929473852e+17
1190.26797177, -1413.97443091, -259.479349883, -1.67580836875e+21
222.181038225, -644.787885172, 493.34146804, -9.14763307011e+18
98.7574571373, 507.340445229, -64.632487229, -3.32805186304e+17
1904.40754179, 285.655379987, -1446.95332266, -4.09798604109e+22
-102.459054876, -851.017780442, -387.275119677, -6.75501522948e+18
-588.563443684, -298.900507185, 369.787887875, -1.23831959608e+18
742.025288621, 262.917366467, -128.063147199, -3.33903065392e+18
-914.545549302, 884.865111051, 1268.08371883, -5.60276281754e+21
-186.166279975, 199.159607126, -810.847173457, -2.5772870307e+18
-60.9434665584, -7.74568984856, 123.538095161, -8.48489515883e+12
1550.9336503, -529.968703253, 102.482905066, -5.04197356513e+20
-103.990705248, 1173.54398093, -287.691099392, -3.66857566471e+20
65.4646005022, -672.789253293, -107.546366189, -1.86516984476e+18
-239.376664704, 1579.20901901, -852.58105427, -7.06552082083e+21
796.673928788, 1636.55983622, 78.8220177963, -3.1392657707e+21
1524.13800029, 436.071293997, -534.976777529, -9.77097071978e+20
694.182197118, 1778.55867169, 1313.6053359, -4.68995573503e+21
1144.23554454, 585.505840217, -266.778811563, -1.4497176803e+20
-130.139504914, -328.156324621, 119.982492929, -1.50934219821e+16
1079.18630819, 1005.08511987, 447.467008569, -8.5448881002e+20
-926.213776092, -1575.78992843, 964.252428557, -6.72187598553e+21
-669.959401281, 1755.49225236, -797.095559965, -1.67634667033e+22
293.993106229, -552.006470858, -149.28506149, -4.52511600025e+17
-247.727623435, -792.607561608, -865.503720864, -2.73563441244e+19
-923.572268771, -68.9540793987, -156.591223133, -2.40295672218e+19
-647.174984858, 132.428204879, -167.073666325, -1.21308470324e+18
1887.54225921, -554.128616911, -1835.0170849, -1.84052333596e+23
-1474.58124124, 208.936266482, 427.737071061, -5.85610957981e+20
1701.38818652, -1026.36934631, 587.690867674, -3.79703550993e+21
932.58780674, 1494.72217761, 285.045357732, -1.75714470035e+21
-187.951164518, -76.7261021908, -44.313391387, -1.72947904557e+14
-1064.89844861, -173.434394921, 421.666660039, -5.99120387821e+19
1258.83806982, -309.634205897, 1248.93509904, -4.73175647837e+21
-97.5356186721, 786.436414288, 859.283295339, -4.82631573003e+19
-239.927193516, -188.100762048, -943.684243031, -1.7368615499e+19
-1057.27673953, -1444.56203251, 480.85023462, -2.51463100279e+21
304.246124985, 89.9851610833, -602.207166809, -2.06419620964e+18
853.151646895, -1061.46615578, 986.390136145, -1.25715059893e+21
-804.181903171, -1348.17150275, -510.209010157, -7.30481402607e+20
-568.030396598, -690.903366152, 356.857293203, -9.65175254703e+18
-105.705342606, -32.33988749, -686.3898676, -9.15718903018e+17
-54.7505127719, -1729.08143665, -4.30265830613, -4.7410689143e+21
752.602732101, 486.464708631, 1980.60050032, -1.14603795967e+22
600.84311226, -18.677739229, -541.741686295, -1.03432336598e+19
-759.362622615, 757.670742143, -890.395365874, -2.37138360503e+20
-725.081715836, -914.669608242, -302.679190211, -7.83814382773e+19
304.01465376, 33.2663048478, 780.060852546, -5.60144269671e+18
898.436252615, -280.591637631, 1257.57178028, -1.19526006746e+21
-840.438098933, -20.1378312007, -1206.16131837, -9.30538144279e+20
-629.570566915, 582.285324606, -884.129540151, -8.10837319358e+19
-66.7076884998, 1624.36012119, -63.9563030054, -3.23640405048e+21
1300.89377263, 755.464822976, 1418.7614081, -1.57849690419e+22
-833.982427229, 716.177791946, 999.953061301, -1.22557151001e+21
1160.88862369, 586.574629615, -379.960180174, -1.51637229695e+20
-1102.64486454, -1013.21942234, 319.382501425, -3.88564285307e+20
1083.59067425, 575.914525935, 422.260797441, -4.03604985782e+20
592.113535236, -66.6226502371, -382.476676026, -2.80870669236e+18
-1698.44846203, -1899.632098, 379.312577278, -2.99275368837e+22
-1403.80514481, -740.961508499, -1554.79671203, -2.93020998707e+22
-1726.41894215, -156.011770932, 277.712348315, -1.67481124539e+21
-1072.15857471, -1960.56101315, -379.618224795, -1.25099634316e+22
-1426.13150415, 410.730054986, 239.420665937, -2.8397610382e+20
-283.61172307, 1502.44551141, 924.738205894, -8.48407967906e+20
1224.4776624, -611.709381902, 68.7095186028, -7.63484120857e+19
-2048.28246762, 1078.7018787, 1309.8000104, -9.42962852857e+22
-570.692959639, 612.392299577, -1098.66383861, -1.57952807619e+20
1533.34177485, -185.146825793, -73.0857522333, -4.93902303735e+20
-114.736868914, 289.992780803, -1919.5823596, -2.75419561285e+21
-884.115583972, -1512.21354812, 1465.81516967, -9.20970701757e+21
-1069.02603798, 954.431381354, -89.2243983056, -1.80354995126e+20
-1030.55204746, -889.735529617, 756.131039715, -2.56832340057e+20
51.2679230416, -1734.59061027, -740.027631903, -2.14985110863e+21
1190.43440278, -519.718871758, -122.207583765, -6.13488701856e+19
299.133065278, -396.264216295, 784.359846505, -4.88015379209e+18
-622.282936827, 857.199742945, 103.758160491, -2.70657467217e+19
587.555149828, 263.16439445, 1122.67624545, -2.50501667631e+20
-736.461457344, -261.143691161, 358.277049605, -4.32266582625e+18
-96.4974875373, 433.62533103, -109.14165612, -1.43334937607e+17
1017.99152093, -1115.29594451, 1094.47034002, -2.61623713478e+21
-142.905655992, -154.820311459, -954.23318365, -1.59023753036e+19
453.846226559, -1553.28279086, -1323.67471489, -4.59726779757e+21
1151.37707652, 173.805764686, -1921.18687857, -3.54539735119e+22
-1363.80005031, 1775.15335035, -1192.98448498, -4.392434969e+22
1186.37363938, 160.194976478, -1533.95775987, -1.11083853131e+22
-1343.55412184, -509.157673567, 901.477588557, -1.20482657167e+21
1904.09552768, 140.865494974, 578.383550142, -1.27661386437e+22
32.1404752275, 162.612227684, 1009.61099304, -3.30527862375e+19
1415.70267641, 917.852570179, -104.554759319, -1.45755309098e+21
751.212926308, 1602.53535634, -2149.96137681, -3.35205724665e+22
-740.793010376, -1180.20396898, -563.132964048, -3.27326530114e+20
-1033.13094346, -680.791340357, 1607.59936314, -6.32823540659e+21
-567.98601042, 777.971454386, -401.858996823, -4.23272408161e+19
-1209.91726881, -2217.53291059, 467.581516846, -5.45442164249e+22
850.974439612, -220.025864557, 260.893371649, -1.23814014839e+19
-342.891951659, 314.825046265, 1601.20569517, -3.0620343044e+21
-775.979202936, -1790.48895486, -287.058645846, -5.18038373997e+21
81.9644508066, 377.013565983, 1788.3989271, -3.3097612796e+21
-1388.45869017, -628.355754235, 549.746162258, -5.94664067106e+20
-1255.00050585, -1762.98613892, 191.349850281, -9.66767345628e+21
-243.133618472, 683.957458508, 782.115264476, -3.93937358614e+19
1398.86050112, 1259.39716687, 1376.45490592, -2.77387667072e+22
-346.087378802, 199.563178389, 825.267354503, -3.49219446705e+19
1198.95652772, 423.16482909, 339.753585817, -4.79811117605e+20
634.826332289, -599.117160861, -2136.42367291, -4.63289191172e+22
890.330104981, -1623.54822381, -1205.3899323, -9.07019553903e+21
99.5005690613, 471.908743534, -347.210167569, -5.47500843165e+17
509.237126106, 381.301562234, 87.7260445656, -8.42295545973e+17
1011.72026165, 258.764517151, -95.7443448854, -3.56981347016e+19
-100.532970072, -265.204514686, -1033.77125695, -3.74861225594e+19
-312.235013368, 1038.51923837, 250.760178955, -5.93394864252e+19
-143.927896816, 613.360658514, -589.201192403, -8.3244445471e+18
-258.571366223, 330.850863438, 103.419628167, -1.39021261969e+16
-1711.43361311, 2127.27814515, -265.084523512, -6.6833414086e+22
10.8425306728, -28.0893066586, 1791.39028343, -2.46362263063e+21
-656.295566174, 262.646178052, 11.7821631756, -4.34924941094e+17
-96.6304756972, -1198.81300391, -1198.50000187, -4.66598034879e+20
-391.082278649, -274.452936468, 1398.6325593, -6.84638386741e+20
-1053.90334368, -671.354728124, -635.321347308, -7.17313785528e+20
-1179.9916555, 1172.6764187, 1570.69243774, -3.62324249136e+22
-318.205311876, -1636.54513797, 900.694511435, -8.14588283151e+21
-172.34714664, 1564.48241057, -598.04093233, -4.78167229958e+21
260.935325569, -1070.33254428, -145.685626246, -8.68435097392e+19
1564.98716324, -822.135193072, -543.926423207, -2.22882034704e+21
-1816.06494406, 529.363213317, -601.97234392, -5.76496916987e+21
102.606165884, -941.829175394, -861.238300746, -6.55489335441e+19
-596.547904939, 1603.9153666, 1691.76733777, -2.37617397678e+22
1046.97527081, -75.6930065971, 125.158449166, -4.05393031863e+19
392.199900549, 2177.19670541, 1370.15012355, -1.13732008201e+22
441.831384044, 1088.48827851, 752.303573313, -8.69780073136e+19
-860.981526095, -1667.2436382, -1323.68773712, -6.24928852073e+21
-655.722163942, -444.987507138, -950.446089486, -1.97895618277e+20
-293.582665609, 664.146998026, 1401.80815147, -1.62852550549e+21
-800.749637453, -39.2341958751, -653.431218519, -8.42068252416e+19
268.291656763, 462.485080507, 985.705365238, -4.06791251449e+19
-811.170253303, 1009.39324418, 724.275687881, -4.53446696208e+20
-1950.04260583, 426.440442478, 589.547420578, -6.28207507476e+21
118.992160948, 739.488993526, -1555.01912128, -5.55234634831e+20
-159.462671595, -1366.39130983, 305.624084916, -1.08725935413e+21
920.523559729, -827.363157654, 2174.33455922, -1.7700913161e+22
-128.35369342, -2054.67401764, -499.614875424, -1.16476005675e+22
1549.27545094, 92.9512270403, -756.846297647, -2.06959661269e+21
-656.036412195, 294.771119322, 383.855276436, -6.96564173169e+18
732.894895454, -141.978846381, 385.057383744, -1.05176299804e+19
1013.70357969, -1019.4408414, -150.854253453, -1.76505324654e+20
721.745041886, -212.112128293, -45.6642265766, -9.8657161148e+17
1777.26840195, 813.115361307, -2030.34453761, -1.04558272686e+23
18.8948922428, -695.538519188, -848.754168529, -2.66596630065e+19
-334.210772058, -1397.01089905, 823.041703584, -2.432095564e+21
-600.199823729, 912.291103449, 812.346147959, -2.81750979752e+20
1447.29220404, 425.331122752, 410.242573276, -1.94353883943e+21
-278.948503007, 512.26984161, -1469.11588269, -2.62146164003e+20
1264.00154229, 1080.99361062, -1103.25600013, -1.94300058577e+21
280.74776881, 1521.00652831, -211.862891995, -2.19699819215e+21
1345.7068343, 368.29035975, 237.788015025, -7.42503668685e+20
1008.54282134, -839.691884315, -352.289980359, -1.27272060033e+20
-485.693130607, -79.2277215873, 1014.67219104, -1.39603498614e+20
-451.788445543, 1371.82200909, -766.486524883, -2.7131803905e+21
-1383.22467409, -474.417390123, 793.113494298, -9.76100572616e+20
-1886.36191783, 31.3014949411, -1674.00060548, -9.75926345806e+22
917.878494994, 1373.06679568, -1864.95917417, -1.31712501471e+22
-22.9509333715, 365.809140587, -1450.84922163, -2.68843172342e+20
546.677111055, -236.391145983, -717.82002978, -4.28921383781e+19
-13.0562022485, -922.013397981, -304.784419276, -1.60831892134e+19
-780.55345446, -1819.36047505, -1685.81070952, -1.35819121644e+22
