-0.518084219584, -4.02672721986, -4.88582622246, -0.141016594054
-0.531971089727, -4.02730897901, -4.88528654162, -0.319624026588
-0.552572710004, -3.93711425358, -4.88199605417, -2.16335896723
-1.4903823955, -0.685750383427, -1.80080808148, -1029.54050421
-1.26583413223, -0.390465155972, -4.08639955164, -961.039794461
-1.36408600862, -1.78422800569, -0.580457977248, -1671.95416215
-1.1191175667, -0.958563743449, -1.96778362904, -969.240850481
-1.48727925531, -3.21199467522, -2.17538679225, -946.143249148
-2.18435935682, 1.68520674569, 0.587488065026, -0.0109801975339
-2.18439221329, 1.6897584758, 0.588564224851, -0.0218331489887
-2.18426221492, 1.6897577722, 0.588457287629, -0.0219711561544
-2.18351356091, 1.69086652733, 0.586968018806, -0.0458863857917
-2.17934986144, 1.6896067243, 0.586505455491, -0.0979925315515
-2.18404269894, 1.69184775386, 0.592842835505, -0.122868537265
-2.18434365834, 1.69227750726, 0.592636760735, -0.128071271202
-1.4944851405, -1.84220637249, -1.29953566959, -1562.08964197
-2.1891452398, 1.69372648636, 0.590005980093, -0.168709448466
-2.18959483902, 1.69393090157, 0.589955309485, -0.184311596097
-2.18930079723, 1.69407483174, 0.590214296898, -0.186335666433
-2.18348788071, 1.69724324437, 0.589595951157, -0.28717617997
-2.18730584958, 1.70070770247, 0.592729110553, -0.536839390576
-2.18473157487, 1.69751350486, 0.599392827325, -0.612433587401
-2.18410547221, 1.70007095999, 0.597135730814, -0.669847902871
-2.18190484082, 1.70370399593, 0.591679650064, -0.7933392551
-2.18209100841, 1.69701587375, 0.609428941926, -1.278048084
-1.05520814545, -1.40216834198, -1.91450498301, -1260.12296583
-1.39292718915, -1.08855016829, -1.4707416339, -1040.43474269
-1.32697196237, 0.0741180868544, -2.31907576385, -940.1835125
-1.35319182554, -1.53144938063, -2.78208430527, -841.971689531
-1.17301483531, -2.1852402854, -2.13843422213, -968.516892568
-0.496394178186, -4.01930712164, -4.89326234352, -0.0527179313248
-0.502652785864, -4.01913372491, -4.89399320048, -0.0562458118554
-0.494886441936, -4.02839013058, -4.89080240226, -0.092191042981
-0.49680098657, -4.02868042754, -4.89157718084, -0.0948297222878
-0.500687793209, -4.03824420996, -4.88439364701, -0.165409861825
-0.528399492694, -4.01626692741, -4.89127149343, -0.240614181376
-0.574008402537, -3.98674217297, -4.94564943991, -2.82070898038
-0.515675556146, -4.01849136122, -4.98141239762, -2.88524515719
-0.563637078515, -3.97600495745, -4.96510488326, -3.44553897408
-0.485985781457, -4.01777213816, -4.99203781357, -3.49835275789
-0.484665392979, -4.01972115412, -4.9921265234, -3.51127267347
-0.485903686351, -4.01588133741, -4.99251917631, -3.52677700064
-0.485757938455, -4.01475676989, -4.99322546314, -3.57906597139
-0.494103013041, -4.03201082347, -4.99247188806, -3.58267820591
-0.495238638838, -4.01542510219, -4.99616789336, -3.77444095013
-0.496132842093, -4.02388509925, -4.99628418489, -3.80057713304
-0.496142358113, -4.02663021113, -4.99628887437, -3.805040235
-0.509136115214, -4.0162662884, -4.99599535646, -3.83387402673
-0.526495042034, -4.01584631267, -4.9960715876, -4.02958075657
-0.4924148573, -4.03686399526, -4.99999997517, -4.16829936942
-0.51438240676, -4.04465695255, -4.99999997522, -4.43407553452
-0.520850134906, -3.92040107531, -4.9999999755, -7.16758860196
-0.500276721058, -3.907520994, -4.99999995536, -8.09346960563
-0.67643430762, -3.90545069189, -4.84482231691, -11.4918432159
-0.919153351012, 0.132996488769, -4.84260306486, -644.005695803
-1.39095983717, 0.56705248672, -4.96840642267, -610.559120074
-2.2989640569, -0.133925326126, -4.73256451996, -672.740682305
-1.52103317584, -0.036584994151, -4.84098530526, -832.381920617
-1.60776795474, -0.312241169876, -4.73662527559, -710.513049747
-1.60007686075, 3.67929818929, -4.92632107164, -14.1105156267
-1.59547632764, 3.66856972983, -4.92545752734, -15.1438070694
-1.6533239724, 3.43252151672, -4.86764331107, -39.3510810951
-1.64812273357, 3.54836817254, -4.91498060096, -124.850881048
-1.17592000186, 0.0409066345892, -4.93359018815, -727.888347653
-0.9182438012, -0.335300874201, -4.927880034, -859.49663063
-0.918698766205, 1.70565696597, -4.84101369252, -828.059913563
-1.02622719369, -1.07274449647, -4.74600904727, -795.075213447
-1.29951724832, -1.59875109385, -4.96608689764, -534.205561573
-0.508861797969, -4.00985936837, -4.91562887352, -0.333299428027
-0.511672678212, -4.01696334421, -4.91513922027, -0.339178428722
-0.512255287445, -4.0162723879, -4.91498616516, -0.339703769991
-0.513910039561, -4.0216392937, -4.91414445445, -0.352306749198
-0.514190458343, -4.02184712987, -4.91446313824, -0.360673854534
-0.511856795264, -4.0109241734, -4.91697223994, -0.373520991646
-0.510130963855, -4.00945480083, -4.91757883864, -0.376028305541
-0.496264304532, -4.01080887803, -4.92188514629, -0.426873510402
-0.480796257615, -4.02033441757, -4.92306307363, -0.536490818511
-0.480854261387, -4.02212285816, -4.92326869606, -0.54529267031
-0.479616454123, -4.02746668343, -4.92543828836, -0.633037624076
-0.475026650455, -4.03083227499, -4.92474546778, -0.694502992597
-0.462108158296, -4.03855070839, -4.92681190508, -1.01119948861
-0.45421721332, -4.03950827523, -4.920350782, -1.04816386145
-0.452602585652, -4.05961879801, -4.90417248581, -1.2096495767
-0.448119306984, -4.0600868629, -4.90354156335, -1.3195730837
-0.449915487691, -4.0802017947, -4.80826728268, -3.17099736955
-0.251213925295, -4.87833587018, -4.39275858968, -93.1962098674
-0.243456789833, -4.87071651502, -4.43125943111, -98.2378648747
-1.17255095727, -1.35263235607, -0.937881420398, -1266.19314358
-0.69589469478, -1.5207878509, -1.31293414947, -1426.12209558
-1.70850410414, -2.50470762533, -1.11284741433, -2009.10076498
-1.36404096732, -2.80141255234, -1.5170229108, -1590.23951017
-1.20374373701, -0.574594381931, -0.870843987386, -951.855201574
-2.17784443146, 1.69106798547, 0.585713029335, -0.17371145443
-2.18143838322, 1.6909693574, 0.57688361619, -0.367713529697
-0.941853121983, -1.3007982016, -0.153845185778, -1413.94536577
-1.66256189618, -2.04358566927, -1.45464325052, -1391.70233416
-2.17281794003, 1.69005961749, 0.586562522717, -0.380904148371
-2.16803831694, 1.68580546594, 0.589132700046, -0.607927369633
-2.17526064871, 1.68384268769, 0.566626309309, -1.4222176623
-2.17954718846, 1.68271501496, 0.562379062282, -1.76181909824
-2.17696347449, 1.72118420583, 0.576445126127, -3.1340424218
-2.17730025023, 1.72177618659, 0.575907377255, -3.26939423049
-2.17817899406, 1.72622279546, 0.574563952183, -3.6300920535
-2.18317998271, 1.72723081367, 0.57291335354, -4.02603865214
-1.91540192921, 2.81668411803, -3.44262351762, -510.660838777
-1.63824003737, 3.86397131513, -4.64143661431, -76.0250600122
-1.31215547836, -1.26595176053, -4.73802970884, -732.844865894
-0.996763034478, -1.16738652649, -4.82531926009, -692.071204627
-1.16527865581, 0.528171702224, -4.73104121111, -800.924717509
-1.17008485919, 0.387205867819, -4.65500125218, -683.815822429
-0.976859131956, -0.276898899932, -4.63755393132, -913.126139119
-0.601195729022, -4.06476818549, -4.94150846172, -4.92491855273
-1.70320467919, 0.520603327003, -4.69734576963, -655.061115771
-1.36129207983, -0.310882481415, -4.80663645935, -854.164928257
-0.120709049721, -4.18164514862, -4.85701032594, -37.0488458908
-0.165203788983, -3.86945714528, -4.68052528122, -47.2248333916
-0.628568994262, -4.37579161372, -4.37468613579, -66.8388286873
-0.621543028474, -4.37482530362, -4.37577328578, -67.719025824
-0.75030143081, -4.35228454949, -4.37679133422, -68.8482280914
-0.748144522401, -4.36372359382, -4.37563860767, -69.1247445027
-1.65402689412, -4.99902810237, -4.12618652879, -157.762655367
-1.98996255727, -4.92507060912, -4.11254407151, -179.427582807
-1.9642623597, -4.99999995345, -4.09551288461, -186.090977824
-2.1183044472, -4.78174367877, -4.17776379869, -189.71578689
-2.11939953482, -4.78390602772, -4.17906475688, -190.350387887
-2.14361635823, -3.38319313497, -1.64678553174, -1714.08790542
-2.247653404, -2.05642099473, -2.30154275677, -1077.32303494
-2.48975737601, -0.772212352989, -1.40114018786, -1064.99504493
-2.11916321593, -1.20748141138, -2.02933382609, -956.774273562
-2.11711354152, -0.591607145111, -0.724155490773, -1117.17241274
-2.18478085937, 1.68734989142, 0.587815406035, -0.000363269456996
-2.18467682441, 1.68696895509, 0.587518577892, -0.000612052578949
-2.18287367503, 1.68801456495, 0.587996913539, -0.0142116512014
-2.19278233587, 1.67541783726, 0.569288246232, -1.38436211634
-2.1874590682, 1.72158774442, 0.579095885438, -3.07502419594
-2.18119883625, 1.72282857702, 0.599883424544, -3.88856342404
-2.19927520789, 1.7278707933, 0.592978930778, -4.45193858652
-2.18885107718, 1.71077422293, 0.550792014852, -4.89096635187
-2.19662616391, 1.72316723693, 0.548548857928, -5.86661012056
-2.21306003071, 1.67237606099, 0.505083169347, -15.4392154374
-2.25203673922, 1.71353346342, 0.614928448726, -16.7446976191
-2.2638841516, 1.68619913869, 0.608558945287, -19.1898487689
-2.26046028581, 1.74103042213, 0.625036848671, -21.6228595179
-2.26954080052, 1.73476950772, 0.629284958443, -23.4840890899
-2.28790061881, 3.71389247524, -4.86339430525, -181.197069631
-2.31443062431, 3.61388417367, -4.85277214087, -67.0895549361
-2.31799053527, 3.59879527673, -4.85513365642, -70.0478601226
-2.3244015762, 3.58506842648, -4.85284642501, -75.6880957877
-2.34371702591, 3.62057529629, -4.9937180305, -138.580156943
-2.3469352712, 3.59980669514, -4.99625057934, -147.477627453
-2.36365438262, 3.68736097372, -4.99889331335, -79.7048677248
-2.36464714968, 3.68834396287, -4.99893431554, -79.9249279712
-2.32543577568, 2.81816539232, -1.70897540638, -718.270241385
-2.32776951056, 2.50084334018, -2.18747160022, -649.573294837
-2.27832279757, 2.66214474746, -1.83545169139, -818.700543908
-2.39161186294, 2.60133705543, -2.95533159466, -606.85945051
-2.40253688046, 2.58770141993, -2.19648435364, -744.019368393
-2.18491810892, 1.68677218471, 0.589562358599, -0.00814924091709
-2.7343468588, 3.47241436063, -2.05103740405, -618.47190126
-1.48826073765, -1.46560722541, -1.35696905834, -1151.87803763
-1.27638971389, -1.25290277424, -1.07294432258, -1204.63838448
-2.18524431737, 1.68709732217, 0.589615506543, -0.00854058417117
-1.58416473602, -0.144886428783, -2.09767910747, -949.986149557
-1.63831110586, -2.05049807978, -1.2114635821, -1508.35975816
-2.18537290607, 1.68709925806, 0.589612527828, -0.00875082437242
-2.18677241538, 1.68843475093, 0.588239558237, -0.014410526708
-2.18736733803, 1.68471286801, 0.590448755921, -0.0481223638145
-2.18532370651, 1.68723481756, 0.593468681323, -0.0806225259526
-2.18535682694, 1.68726948243, 0.59349648159, -0.0817007398907
-2.18591082638, 1.68700244375, 0.593802387716, -0.0937004961621
-2.18490551851, 1.68781754628, 0.593925193712, -0.0943667785531
-2.18296305763, 1.68468733197, 0.597140518341, -0.227435912247
-2.18757592802, 1.66941282357, 0.586266274078, -0.8195321967
-2.19005873289, 1.67142433382, 0.598053805592, -0.893246022855
-1.40656980534, 3.46473896049, -4.90953416014, -75.2592816297
-1.29465919901, 3.50145998124, -4.90588678727, -9.92638374719
-1.39631801984, 3.43962600936, -4.92032917534, -77.4881069945
-1.39264707244, 3.43653857196, -4.91004390737, -73.7132354325
-1.29525921414, 3.50159283603, -4.90568720836, -9.60549324223
-1.03485864908, -0.794370319182, -4.89472857019, -867.913213416
-0.91210302138, -2.27762273269, -4.87499800893, -391.393449938
-0.919338618513, -1.00768213342, -4.89312500226, -758.816594886
-0.756694347158, 0.151039303824, -4.83081382106, -896.844642008
1.62645970677, -1.57952704292, -0.788937087931, -1811.32438273
-0.498984805283, -4.01159410474, -4.88297588927, -0.00147563612228
-0.500090767784, -4.0138744406, -4.8841228256, -0.00307108505701
1.50577055567, 0.28340523993, -0.964641782833, -1268.44013229
-1.08948034289, -2.17809214827, -4.78526979416, -417.947017838
-0.497935956899, -4.01514014721, -4.88366984393, -0.00433063719685
-0.497779548836, -4.01546261562, -4.88327453215, -0.00440457225981
-0.868340278591, 0.678756581993, -4.59617924481, -936.888709284
-1.34597353594, -2.02331296651, -4.94431629853, -483.306060618
-0.496667892977, -4.01729667015, -4.88247608125, -0.00848510878993
-0.499011736635, -4.01691423732, -4.88528139715, -0.00963936732876
-0.500881146064, -4.01901982275, -4.88109176981, -0.0107563489435
-0.499750419055, -4.01964333947, -4.88140247037, -0.0125640037346
-0.50069888744, -4.01974562375, -4.88151936422, -0.0132181136964
-0.501008033099, -4.02100994417, -4.88165898508, -0.018423612275
-0.501296388837, -4.02112345402, -4.88175306857, -0.0191496588745
-0.501930320335, -4.02291986151, -4.88173056157, -0.0282081686292
