-0.518084219584, -4.02672721986, -4.88582622246, -0.141016594054
-0.531971089727, -4.02730897901, -4.88528654162, -0.319624026588
-0.552572710004, -3.93711425358, -4.88199605417, -2.16335896723
-1.4565252482, -1.52752548078, -2.62182589856, -945.711784015
-1.34871176019, -0.0932190845936, -2.26748397844, -954.442178082
-1.3689587757, -0.615592380984, -2.63279138517, -911.040175591
-1.36942163856, -0.859609408079, -1.88444542565, -804.848360092
-1.29997015861, -1.573425305, -1.12710830923, -1370.66336955
-2.18435935682, 1.68520674569, 0.587488065026, -0.0109801975339
-2.18439221329, 1.6897584758, 0.588564224851, -0.0218331489887
-2.18426221492, 1.6897577722, 0.588457287629, -0.0219711561544
-2.18351356091, 1.69086652733, 0.586968018806, -0.0458863857917
-2.17934986144, 1.6896067243, 0.586505455491, -0.0979925315515
-2.18404269894, 1.69184775386, 0.592842835505, -0.122868537265
-2.18434365834, 1.69227750726, 0.592636760735, -0.128071271202
-1.286534744, -2.47391154658, -1.01218988279, -2041.89364358
-2.1891452398, 1.69372648636, 0.590005980093, -0.168709448466
-2.18959483902, 1.69393090157, 0.589955309485, -0.184311596097
-2.18930079723, 1.69407483174, 0.590214296898, -0.186335666433
-2.18348788071, 1.69724324437, 0.589595951157, -0.28717617997
-2.18730584958, 1.70070770247, 0.592729110553, -0.536839390576
-2.18473157487, 1.69751350486, 0.599392827325, -0.612433587401
-2.18410547221, 1.70007095999, 0.597135730814, -0.669847902871
-2.18190484082, 1.70370399593, 0.591679650064, -0.7933392551
-2.18209100841, 1.69701587375, 0.609428941926, -1.278048084
-1.32169225737, -2.40666041247, -2.66074194735, -755.030651607
-1.40129525533, -1.88767821671, -2.53964814523, -946.121396075
-0.919985685988, -1.9188910835, -2.5511343058, -916.922389802
-1.20562609852, -0.277089260603, -2.04677025824, -908.297824945
-1.02323602996, -1.78401091321, -1.19706145489, -1377.92943069
-0.496394178186, -4.01930712164, -4.89326234352, -0.0527179313248
-0.502652785864, -4.01913372491, -4.89399320048, -0.0562458118554
-0.494886441936, -4.02839013058, -4.89080240226, -0.092191042981
-0.49680098657, -4.02868042754, -4.89157718084, -0.0948297222878
-0.500687793209, -4.03824420996, -4.88439364701, -0.165409861825
-0.528399492694, -4.01626692741, -4.89127149343, -0.240614181376
-0.574008402537, -3.98674217297, -4.94564943991, -2.82070898038
-0.515675556146, -4.01849136122, -4.98141239762, -2.88524515719
-0.563637078515, -3.97600495745, -4.96510488326, -3.44553897408
-0.485985781457, -4.01777213816, -4.99203781357, -3.49835275789
-0.484665392979, -4.01972115412, -4.9921265234, -3.51127267347
-0.485903686351, -4.01588133741, -4.99251917631, -3.52677700064
-0.485757938455, -4.01475676989, -4.99322546314, -3.57906597139
-0.494103013041, -4.03201082347, -4.99247188806, -3.58267820591
-0.495238638838, -4.01542510219, -4.99616789336, -3.77444095013
-0.496132842093, -4.02388509925, -4.99628418489, -3.80057713304
-0.496142358113, -4.02663021113, -4.99628887437, -3.805040235
-0.509136115214, -4.0162662884, -4.99599535646, -3.83387402673
-0.526495042034, -4.01584631267, -4.9960715876, -4.02958075657
-0.4924148573, -4.03686399526, -4.99999997517, -4.16829936942
-0.51438240676, -4.04465695255, -4.99999997522, -4.43407553452
-0.520850134906, -3.92040107531, -4.9999999755, -7.16758860196
-0.500276721058, -3.907520994, -4.99999995536, -8.09346960563
-1.36413904398, -1.30851671089, -4.88058392309, -628.2991016
-1.15285196191, 0.904261487272, -4.82495155748, -781.104176476
-1.41914251679, -1.4716778083, -4.95891555564, -644.823235356
-1.6001577158, 3.66754826679, -4.92893189504, -10.4118169639
-1.5929700833, 3.62636345698, -4.92273068615, -52.0011035312
-1.60447128173, -1.1405486925, -4.80019035499, -680.887822082
-1.60007686075, 3.67929818929, -4.92632107164, -14.1105156267
-1.59547632764, 3.66856972983, -4.92545752734, -15.1438070694
-1.6533239724, 3.43252151672, -4.86764331107, -39.3510810951
-0.919729125746, -0.358599524552, -4.89933307633, -888.995993179
-0.670348793348, -1.62752486619, -4.94288978869, -627.389710382
-1.05754616881, 0.535291688379, -4.92670529304, -747.650156462
-1.07279570424, 0.00700263286828, -4.78244237218, -722.338566697
-1.15063283231, -0.484232872858, -4.78693388433, -842.968864857
-0.499484735576, -4.01390037531, -4.91569101791, -0.305757806802
-0.508861797969, -4.00985936837, -4.91562887352, -0.333299428027
-0.511672678212, -4.01696334421, -4.91513922027, -0.339178428721
-0.512255287445, -4.0162723879, -4.91498616516, -0.339703769991
-0.513910039561, -4.0216392937, -4.91414445445, -0.352306749198
-0.514190458343, -4.02184712987, -4.91446313824, -0.360673854534
-0.511856795264, -4.0109241734, -4.91697223994, -0.373520991646
-0.510130963855, -4.00945480083, -4.91757883864, -0.376028305541
-0.496264304532, -4.01080887803, -4.92188514629, -0.426873510402
-0.480796257615, -4.02033441757, -4.92306307363, -0.536490818511
-0.480854261387, -4.02212285816, -4.92326869606, -0.54529267031
-0.479616454123, -4.02746668343, -4.92543828836, -0.633037624076
-0.475026650455, -4.03083227499, -4.92474546778, -0.694502992597
-0.462108158296, -4.03855070839, -4.92681190508, -1.01119948861
-0.45421721332, -4.03950827523, -4.920350782, -1.04816386145
-0.452602585652, -4.05961879801, -4.90417248581, -1.2096495767
-0.448119306984, -4.0600868629, -4.90354156335, -1.3195730837
-0.449915487691, -4.0802017947, -4.80826728268, -3.17099736955
-0.251213925295, -4.87833587018, -4.39275858968, -93.1962098674
-0.243456789833, -4.87071651502, -4.43125943111, -98.2378648747
-1.47038396265, -3.44707692904, -0.705760171421, -3274.41748054
-1.55415441994, -0.293932619078, -0.398080105768, -952.971549264
-1.66906089887, -2.41303792225, -0.943256398088, -1974.53027166
-1.17289439128, -2.88313955255, -1.2958282767, -1817.19255734
-1.559474567, -1.3776921853, -0.718921101781, -1536.99029011
-2.17784443146, 1.69106798547, 0.585713029335, -0.17371145443
-2.18143838322, 1.6909693574, 0.57688361619, -0.367713529697
-1.2198667827, -1.46618404961, -0.437598998048, -1549.38768038
-1.73919786913, -1.8944249481, -1.3718894378, -1457.10463636
-2.17281794003, 1.69005961749, 0.586562522717, -0.380904148371
-2.16803831694, 1.68580546594, 0.589132700046, -0.607927369633
-2.17526064871, 1.68384268769, 0.566626309309, -1.4222176623
-2.17954718846, 1.68271501496, 0.562379062282, -1.76181909824
-2.17696347449, 1.72118420583, 0.576445126127, -3.1340424218
-2.17730025023, 1.72177618659, 0.575907377255, -3.26939423049
-2.17817899406, 1.72622279546, 0.574563952183, -3.6300920535
-2.18317998271, 1.72723081367, 0.57291335354, -4.02603865214
-1.82044294479, 2.90540460211, -3.31386399182, -473.076661284
-1.63486887106, 3.8762958379, -4.63371665357, -72.1568442252
-1.39578491619, -0.0352315349228, -4.66706329079, -876.90244701
-1.12101530121, -1.42066765145, -4.75242819859, -576.583838099
-1.10959040971, 0.0962597701783, -4.71647553474, -837.267312747
-1.07732741332, 0.436703639786, -4.61697718231, -938.03180505
-1.11255138017, 0.796066402899, -4.65361793206, -778.783001202
-0.601195729022, -4.06476818549, -4.94150846172, -4.92491855271
-0.451461573421, -4.20866457678, -4.83182173421, -13.0499023347
-0.496642804408, 0.190333184468, -4.77881614179, -1106.74735079
-0.120709049721, -4.18164514862, -4.85701032594, -37.0488458908
-0.165203788983, -3.86945714528, -4.68052528122, -47.2248333916
-0.628568994262, -4.37579161372, -4.37468613579, -66.8388286873
-0.621543028474, -4.37482530362, -4.37577328578, -67.719025824
-0.75030143081, -4.35228454949, -4.37679133422, -68.8482280914
-0.748144522401, -4.36372359382, -4.37563860767, -69.1247445027
-1.65402689412, -4.99902810237, -4.12618652879, -157.762655367
-1.98996255727, -4.92507060912, -4.11254407151, -179.427582807
-1.9642623597, -4.99999995345, -4.09551288461, -186.090977824
-2.1183044472, -4.78174367877, -4.17776379869, -189.71578689
-2.11939953482, -4.78390602772, -4.17906475688, -190.350387887
-2.1392764652, -0.824162042267, -2.7365200186, -962.134288271
-2.22589731692, -2.4026023691, -2.20931721243, -1062.09571794
-2.38810633466, -2.00911223193, -1.56734018036, -1268.10039632
-2.12603850702, -1.47748329729, -2.24273789798, -950.144564377
-2.0800048482, -1.24952268996, -2.00708680246, -902.734442319
-2.18478085937, 1.68734989142, 0.587815406035, -0.000363269456996
-2.18467682441, 1.68696895509, 0.587518577892, -0.000612052578949
-2.18287367503, 1.68801456495, 0.587996913539, -0.0142116512014
-2.19278233587, 1.67541783726, 0.569288246232, -1.38436211634
-2.1874590682, 1.72158774442, 0.579095885438, -3.07502419594
-2.18119883625, 1.72282857702, 0.599883424544, -3.88856342404
-2.19927520789, 1.7278707933, 0.592978930778, -4.45193858652
-2.18885107718, 1.71077422293, 0.550792014852, -4.89096635187
-2.19662616391, 1.72316723693, 0.548548857928, -5.86661012056
-2.21306003071, 1.67237606099, 0.505083169347, -15.4392154374
-2.25203673922, 1.71353346342, 0.614928448726, -16.7446976191
-2.2638841516, 1.68619913869, 0.608558945287, -19.1898487689
-2.26046028581, 1.74103042213, 0.625036848671, -21.6228595179
-2.26954080052, 1.73476950772, 0.629284958443, -23.4840890899
-2.3147417307, 3.61036991149, -4.85364071667, -65.7915256566
-2.31443062431, 3.61388417367, -4.85277214087, -67.0895549361
-2.31799053527, 3.59879527673, -4.85513365642, -70.0478601226
-2.3244015762, 3.58506842648, -4.85284642501, -75.6880957877
-2.34874510389, 3.61434919447, -4.99239480212, -141.420269484
-2.3392616606, 3.58980543059, -4.99554369913, -140.894639619
-2.36365438262, 3.68736097372, -4.99889331335, -79.7048677248
-2.36464714968, 3.68834396287, -4.99893431554, -79.9249279712
-2.31996848081, 2.54022360445, -1.98502246047, -672.036339112
-2.25317125684, 3.29307242435, -2.08770327303, -780.209675516
-2.32918515973, 2.58176967776, -1.63591856191, -677.8617413
-2.32285239701, 2.57867512043, -2.49308489118, -619.402993458
-2.30044034538, 2.91750688633, -1.99736678568, -709.77254432
-2.18531569862, 1.68723682025, 0.587889550962, -0.000395922892666
-2.59457537376, 3.25768846693, -1.95501099859, -584.771974245
-1.76338195104, -0.654610329357, -0.332731941181, -952.759441817
-1.500746752, -1.05349908086, -0.936597671959, -1226.56078852
-2.18531113379, 1.687249522, 0.587916242275, -0.000407409370664
-2.18531111079, 1.68735037481, 0.587888445346, -0.000536209947896
-1.35776039244, -2.09574715494, -0.804962012903, -1885.731602
-2.18537290607, 1.68709925806, 0.589612527828, -0.00875082437242
-2.18677241538, 1.68843475093, 0.588239558237, -0.014410526708
-2.18736733803, 1.68471286801, 0.590448755921, -0.0481223638145
-2.18532370651, 1.68723481756, 0.593468681323, -0.0806225259526
-2.18535682694, 1.68726948243, 0.59349648159, -0.0817007398907
-2.18591082638, 1.68700244375, 0.593802387716, -0.0937004961621
-2.18490551851, 1.68781754628, 0.593925193712, -0.0943667785531
-2.18296305763, 1.68468733197, 0.597140518341, -0.227435912247
-2.18757592802, 1.66941282357, 0.586266274078, -0.8195321967
-2.19005873289, 1.67142433382, 0.598053805592, -0.893246022855
-1.38929392919, 3.44013715241, -4.90907387896, -73.8195603219
-1.29477617438, 3.50143221718, -4.90599885088, -9.92283817438
-1.29525921416, 3.50159283602, -4.90568720836, -9.60549666499
-1.45632241742, 3.46408057512, -4.92332444247, -73.4809977863
-0.893323115416, -0.313996672569, -4.89869369492, -953.696212852
-1.18794444852, -0.218707006717, -4.89590233434, -971.284437486
-0.955036180029, 0.884157039145, -4.86992329905, -1008.86167293
-0.962644485005, -2.09094163025, -4.89636378899, -425.617096448
-0.78897195206, 0.0829234494797, -4.7944592834, -965.906504387
-0.499727459163, -4.01215276573, -4.88198290166, -0.000348196207355
-0.498984805283, -4.01159410474, -4.88297588927, -0.00147563612228
-0.499423613192, -4.01540593528, -4.881991235, -0.00230595629982
1.76554808937, 0.191135825455, 1.34475924754, -1287.41927323
-0.796490617396, 0.335733736435, -4.79232033784, -836.875494069
-0.499295673565, -4.01575260806, -4.88183975673, -0.00276723895151
-0.500728110342, -4.01572756177, -4.88171672393, -0.00290183638999
-0.500667717154, -4.01577305611, -4.88172823749, -0.00294810012611
-0.495416900602, -4.01275504512, -4.88212506386, -0.00501379083517
-0.496667892977, -4.01729667015, -4.88247608125, -0.00848510878993
-0.499011736635, -4.01691423732, -4.88528139715, -0.00963936732876
-0.500881146064, -4.01901982275, -4.88109176981, -0.0107563489435
-0.499750419055, -4.01964333947, -4.88140247037, -0.0125640037346
-0.50069888744, -4.01974562375, -4.88151936422, -0.0132181136964
-0.501008033099, -4.02100994417, -4.88165898508, -0.018423612275
-0.501296388837, -4.02112345402, -4.88175306857, -0.0191496588745
-0.501930320335, -4.02291986151, -4.88173056157, -0.0282081686292
