-0.518084219584, -4.02672721986, -4.88582622246, -0.141016594056
-0.531971089729, -4.02730897901, -4.88528654162, -0.319624026772
-0.552572709998, -3.93711425357, -4.88199605397, -2.1633591844
-1.73831651355, -0.964980024383, -3.20948593901, -853.712735132
-1.44189183222, -1.25102749099, -2.13016752965, -1098.78743019
-1.09440143353, -0.792861973118, -2.57489133471, -1045.93411591
-1.35060594337, -0.247683863507, -1.71198229301, -977.162395047
-1.57349698842, -1.31306082335, -1.59349638323, -1254.16924554
-2.18435935682, 1.68520674569, 0.587488065027, -0.0109801975458
-2.18439221329, 1.68975847579, 0.588564224556, -0.021833179237
-2.18426221492, 1.6897577722, 0.588457287628, -0.0219711562313
-2.18351356091, 1.69086652733, 0.586968018801, -0.0458863861451
-2.17934986144, 1.68960672439, 0.586505455491, -0.0979925389649
-2.18404269895, 1.69184775386, 0.592842835508, -0.122868538639
-2.18434365831, 1.69227750727, 0.592636760735, -0.128071286192
-1.64488544168, 0.507259699381, -1.14639393183, -709.942653766
-2.1891452398, 1.69372648636, 0.59000598009, -0.16870945509
-2.18959483917, 1.69393090156, 0.589955309485, -0.184311616197
-2.18930079647, 1.69407483178, 0.590214296985, -0.186336277942
-2.1834878807, 1.69724324438, 0.589595950989, -0.2871765012
-2.18730584958, 1.70070770247, 0.592729110557, -0.536839395987
-2.18473157491, 1.69751350494, 0.599392827278, -0.612434064073
-2.18410547221, 1.70007095999, 0.597135730814, -0.669847903077
-2.18190484063, 1.70370399583, 0.591679649793, -0.793339826265
-2.18209100841, 1.69701587375, 0.609428941926, -1.27804808922
-1.29399256897, 0.249922327236, -1.22179954041, -854.816237114
-1.64197546794, -0.095677782431, -2.42166408936, -807.703811632
-1.25904413773, -1.34816723677, -3.11715824896, -817.132467325
-1.29929186869, -0.585992493374, -1.76914901349, -1051.14035675
-1.66023092845, -1.45221818729, -1.47108478529, -1141.56962579
-0.496394177933, -4.01930712363, -4.89326234316, -0.0527179536438
-0.502652785721, -4.01913372283, -4.89399320045, -0.0562458341375
-0.494886441966, -4.02839013058, -4.89080240225, -0.0921910452169
-0.496800986569, -4.02868042754, -4.89157718084, -0.0948297225436
-0.500687796749, -4.03824420988, -4.88439364701, -0.165410038922
-0.528399492697, -4.01626692726, -4.89127149337, -0.240614190233
-0.574008402545, -3.98674217297, -4.9456494399, -2.82070900366
-0.515675546591, -4.01849136116, -4.9814123983, -2.8852496524
-0.563637078512, -3.97600495743, -4.96510488327, -3.4455389786
-0.485985781457, -4.01777213816, -4.99203781357, -3.49835275815
-0.48466539298, -4.01972115415, -4.9921265234, -3.51127283503
-0.485903686356, -4.01588133744, -4.99251917631, -3.52677711678
-0.485757938455, -4.01475677095, -4.99322546314, -3.57906639456
-0.494103014385, -4.03201082354, -4.99247188806, -3.58267966849
-0.495238636871, -4.01542509448, -4.99616789327, -3.77444564177
-0.496132842141, -4.02388509925, -4.99628418489, -3.80057732958
-0.496142357939, -4.02663021118, -4.99628887437, -3.80504056678
-0.509136115222, -4.01626628835, -4.99599535646, -3.83387403227
-0.526495042036, -4.0158463127, -4.9960715876, -4.0295808331
-0.492414859055, -4.03686399518, -4.99999997517, -4.16830066573
-0.514382406775, -4.04465695254, -4.99999997522, -4.43407560903
-0.520850134902, -3.92040107531, -4.9999999755, -7.16758860767
-0.500276721058, -3.907520994, -4.99999995536, -8.09346960563
-0.67643430762, -3.90545069189, -4.84482231691, -11.4918432159
-0.99324354459, -1.0129828032, -4.87554519958, -760.368135022
-1.38070663048, 1.61925924845, -4.98386308967, -624.333380011
-2.03623459882, -1.54306492855, -4.75437435581, -579.014784528
-1.58046531964, 0.906576265679, -4.84793541425, -755.659902221
-1.60447864542, -0.158487553193, -4.86758384134, -747.777767365
-1.60007686086, 3.67929818937, -4.92632107164, -14.1105178898
-1.59547632764, 3.66856972996, -4.92545752733, -15.1438086706
-1.6533239724, 3.43252151673, -4.86764331132, -39.351102161
-1.63929299629, 3.54746771978, -4.91151590703, -127.310824317
-1.41420410403, -1.07692294988, -4.95137382791, -674.336262246
-1.1002033177, 0.301904750713, -4.92474239349, -882.083554191
-1.37549610464, -1.6496196728, -4.82528882267, -505.952381615
-1.31564664571, -0.167657127059, -4.77608262633, -724.079333609
-1.43123891695, 0.323975378481, -4.95424491068, -808.638706239
-0.508861797966, -4.00985936829, -4.91562887343, -0.333299448343
-0.511644825785, -4.01623825436, -4.91525776063, -0.340835245899
-0.512221546077, -4.01618491574, -4.91501143827, -0.339933242231
-0.513916719892, -4.02163214214, -4.91415402273, -0.352462415582
-0.514188273533, -4.02184681525, -4.91446693124, -0.360737326918
-0.511854421227, -4.01090196682, -4.916971937, -0.373589583234
-0.510171885026, -4.00910388979, -4.91757270615, -0.376634218564
-0.474241340332, -4.04473028025, -4.92633765849, -0.919626560526
-0.480796180637, -4.02033440892, -4.92306307068, -0.536492483158
-0.480854231756, -4.02212226948, -4.92326860847, -0.545300175028
-0.479616454131, -4.02746668343, -4.92543828836, -0.633037628366
-0.475026650455, -4.03083227499, -4.92474546778, -0.694502992598
-0.462108158295, -4.03855070839, -4.92681190508, -1.01119948982
-0.45421721332, -4.03950827523, -4.920350782, -1.04816386159
-0.452602585652, -4.05961879801, -4.90417248581, -1.2096495803
-0.448119306984, -4.0600868629, -4.90354156335, -1.31957308371
-0.449915487691, -4.0802017947, -4.80826728268, -3.17099736959
-0.251213925296, -4.87833587019, -4.39275858962, -93.1962135298
-0.243456789846, -4.87071651506, -4.43125943111, -98.2378663799
-1.88394827839, -3.09780480495, -1.20177688778, -2179.4925412
-1.58784503841, -0.538332072928, -0.051875637841, -960.414796629
-1.51394364041, -1.56941701181, -1.07370091438, -1321.53779187
-1.12731360624, -1.49116577604, -1.05814383063, -1230.28805415
-0.970742826002, -1.22856806162, -1.37883604969, -1145.80909469
-2.17784443145, 1.69106798544, 0.585713029326, -0.173711497968
-2.18143838322, 1.6909693574, 0.57688361619, -0.367713530059
-0.94842457491, -2.24416986035, -0.208933863094, -2211.83671777
-1.52941596017, -2.09887697504, -0.634678152422, -1976.38212764
-2.17281794003, 1.69005961751, 0.586562522729, -0.380904267605
-2.16803831694, 1.68580546595, 0.58913270005, -0.607927478972
-2.17526064871, 1.68384268769, 0.566626309309, -1.42221766241
-2.17954718846, 1.68271501525, 0.562379062277, -1.76182170147
-2.17696347451, 1.72118420582, 0.57644512549, -3.13405563844
-2.17730025023, 1.72177618659, 0.575907377254, -3.26939423178
-2.17817899406, 1.72622279546, 0.57456395218, -3.63009231956
-2.18317998271, 1.72723081367, 0.57291335354, -4.02603865281
-1.92359026436, 2.59327487792, -2.1065988875, -723.966104743
-1.63820752989, 3.83442723918, -4.62829718202, -81.6996727483
-1.65159603416, 3.74603750081, -4.51289584743, -114.118754397
-1.66162171088, 3.91333666456, -4.65317613515, -21.0960850311
-1.54334339441, 3.58827751454, -4.51926797513, -40.8751664768
-0.715815145927, 0.332537886882, -4.61594237155, -990.85486849
-0.754878560662, 0.349669337586, -4.63814604293, -990.202689925
-1.45451970275, -0.191482909356, -4.37912249548, -830.719276862
-1.37047494475, 1.49945328134, -4.40213755699, -677.27362048
-1.27538148147, -0.620092251994, -4.63349642641, -748.670868805
-0.119019102442, -4.19811926782, -4.85780228935, -37.8915401233
-0.165203788979, -3.86945714524, -4.68052528127, -47.2248370995
-0.628568994191, -4.37579161327, -4.37468613579, -66.83884073
-0.621543028474, -4.37482530361, -4.37577328578, -67.7190262902
-0.75030143081, -4.35228454949, -4.37679133422, -68.8482280998
-0.748144522361, -4.36372359382, -4.37563860768, -69.1247466917
-1.65402689412, -4.99902810237, -4.12618652879, -157.762655367
-1.98996255727, -4.9250706091, -4.11254407153, -179.42758473
-1.9642623597, -4.99999995345, -4.09551288461, -186.090977824
-2.11830444719, -4.78174367846, -4.17776379869, -189.71580729
-2.11939953484, -4.78390602771, -4.17906475688, -190.35039041
-2.13565754608, 1.53055083803, -0.972721761846, -665.042341012
-2.23278040526, -2.11765008957, -1.25485829452, -1617.70992427
-2.39683540198, -1.78048898799, -1.31853933957, -1448.48278499
-2.12247623013, 0.00374693754013, -2.01408239534, -794.692723838
-2.10898546547, -0.843463667309, -2.23752630585, -863.470331245
-2.18478085939, 1.68734989142, 0.58781540578, -0.000363269561149
-2.18467682441, 1.68696895509, 0.587518577892, -0.000612052579064
-2.18287367503, 1.68801456495, 0.587996913539, -0.014211651203
-2.19315485384, 1.6767203016, 0.568395044794, -1.45818183644
-2.18745906807, 1.72158774442, 0.57909588545, -3.07502851999
-2.18119883625, 1.72282857702, 0.599883424549, -3.88856351752
-2.19927520789, 1.7278707933, 0.592978930778, -4.4519385868
-2.18885107718, 1.71077422297, 0.550792014847, -4.89096867978
-2.19662616391, 1.72316723694, 0.548548857779, -5.86662115207
-2.21306003071, 1.67237606096, 0.505083169367, -15.4392181112
-2.25203673922, 1.71353346337, 0.614928448726, -16.7447072903
-2.2638841516, 1.68619913904, 0.608558945279, -19.1898652839
-2.26046028578, 1.74103042213, 0.625036849085, -21.6229057612
-2.26954080052, 1.73476950772, 0.629284958448, -23.4840894432
-2.28906504761, 3.71710796623, -4.8642253337, -181.558598865
-2.31443062431, 3.61388417461, -4.85277214089, -67.0897347726
-2.31799053527, 3.59879527672, -4.85513365642, -70.0478652035
-2.3244015762, 3.58506842648, -4.85284642501, -75.6880967212
-2.34669261351, 3.59114597599, -4.99373912247, -153.588629957
-2.34519670013, 3.59066766197, -4.99543423376, -150.456600928
-2.3636543827, 3.68736097372, -4.99889331335, -79.7049082368
-2.36464714964, 3.68834396287, -4.99893431554, -79.924954944
-2.27239884444, 2.46236952864, -2.00347672033, -809.682394966
-2.34878023821, 2.78086111778, -1.92320959914, -703.071223535
-2.25064910514, 2.99355737088, -2.41708132681, -638.919112026
-2.26518334436, 2.64263101669, -1.34570098978, -639.253683262
-2.3612523993, 2.6792368859, -2.04400269673, -576.904546032
-2.18491810897, 1.68677218472, 0.589562358599, -0.00814924402038
-2.39062394197, 2.13129312569, -3.0346626, -709.052164949
-1.33722511028, -2.37104037766, -1.30503975339, -1686.4592391
-1.42207101047, -1.66046375191, -0.903005213796, -1488.94776046
-2.18524431739, 1.68709732218, 0.58961550655, -0.00854058563016
-1.49668242847, -0.569800001634, -1.09690807094, -899.421254845
-1.71401005016, -0.955343200388, -0.955857788778, -940.931012814
-2.18537290607, 1.68709925806, 0.589612527828, -0.00875082437997
-2.18677241538, 1.68843475093, 0.588239558379, -0.0144105414915
-2.18736733803, 1.68471286801, 0.590448755921, -0.0481223638708
-2.18532370651, 1.68723481756, 0.593468681318, -0.0806225318153
-2.18535682694, 1.68726948243, 0.593496481579, -0.0817007489836
-2.18591082639, 1.68700244375, 0.593802387745, -0.0937005185564
-2.18490551852, 1.68781754628, 0.593925193712, -0.0943667790369
-2.18296305764, 1.68468733197, 0.597140518341, -0.22743591412
-2.18757592808, 1.66941282357, 0.586266274079, -0.819532347193
-2.19005873289, 1.67142433382, 0.598053805592, -0.89324602623
-1.43569764001, 3.4614674657, -4.91106202207, -74.3759759461
-1.2942847333, 3.49850665202, -4.90593080492, -10.5374953008
-1.35196047465, 3.41433817694, -4.92310795343, -87.6702578525
-1.41596546802, 3.46296186349, -4.92039024659, -71.5474214935
-1.29525921249, 3.50159283605, -4.90568721792, -9.60576265438
-0.975360523788, 0.274032373173, -4.9011241558, -654.693521843
-0.996783142208, -0.197892097633, -4.87230816363, -785.707989983
-0.939064555539, 1.43605247644, -4.89119830072, -955.791796836
-0.751607775633, -0.668702379112, -4.84411669826, -951.957022029
1.89680193583, 1.85547908148, 0.433874344341, -1186.30932113
-0.498984857856, -4.01159295283, -4.88297659403, -0.0014769206831
-0.500090766301, -4.0138744405, -4.884122826, -0.00307108649778
1.31037458815, 1.38332557549, -1.5802374841, -1218.87037295
-0.979835393611, 0.360023721877, -4.83919365616, -1009.16561563
-0.497935956899, -4.01514014721, -4.88366984393, -0.00433063719739
-0.497779548836, -4.01546261562, -4.88327453215, -0.00440457226071
-1.17657001021, 2.66746095228, -4.64742899268, -294.342534328
-1.70743000618, -1.97854603472, -4.92166306024, -465.652263703
-0.496667567895, -4.01729709424, -4.8824750877, -0.00848573251861
-0.499011792754, -4.01691436663, -4.88528135304, -0.00963953979741
-0.500881146238, -4.01901982262, -4.88109176995, -0.0107563512143
-0.499750418838, -4.01964333935, -4.88140247036, -0.0125640062305
-0.500698887361, -4.01974562378, -4.88151936422, -0.0132181144227
-0.501008033062, -4.02100994417, -4.88165898507, -0.0184236127527
-0.50129638892, -4.02112345415, -4.88175306856, -0.0191496601863
-0.501930320359, -4.02291986155, -4.88173056159, -0.0282081694768
