-0.518084219584, -4.02672721986, -4.88582622246, -0.141016594054
-0.531971089727, -4.02730897901, -4.88528654162, -0.319624026588
-0.552572710004, -3.93711425358, -4.88199605417, -2.16335896723
-1.55401118244, 0.00783063485065, -1.32206424285, -904.345843565
-1.72882512531, -1.17398696341, -1.57439304679, -1009.02012749
-1.3397878299, -1.49489017547, -1.7251702862, -1117.17917051
-1.63360831224, 0.605861558081, -1.56981264503, -874.876408561
-1.38002746471, -1.67268706329, -1.45265901091, -1188.22618873
-2.18435935682, 1.68520674569, 0.587488065026, -0.0109801975339
-2.18439221329, 1.6897584758, 0.588564224851, -0.0218331489887
-2.18426221492, 1.6897577722, 0.588457287629, -0.0219711561544
-2.18351356091, 1.69086652733, 0.586968018806, -0.0458863857917
-2.17934986144, 1.6896067243, 0.586505455491, -0.0979925315515
-2.18404269894, 1.69184775386, 0.592842835505, -0.122868537265
-2.18434365834, 1.69227750726, 0.592636760735, -0.128071271202
-1.60480329356, -0.815862898174, -1.02310811689, -1063.82791492
-2.1891452398, 1.69372648636, 0.590005980093, -0.168709448466
-2.18959483902, 1.69393090157, 0.589955309485, -0.184311596097
-2.18930079723, 1.69407483174, 0.590214296898, -0.186335666433
-2.18348788071, 1.69724324437, 0.589595951157, -0.28717617997
-2.18730584958, 1.70070770247, 0.592729110553, -0.536839390576
-2.18473157487, 1.69751350486, 0.599392827325, -0.612433587401
-2.18410547221, 1.70007095999, 0.597135730814, -0.669847902871
-2.18190484082, 1.70370399593, 0.591679650064, -0.7933392551
-2.18209100841, 1.69701587375, 0.609428941926, -1.278048084
-1.33059886668, -1.04292335911, -2.38413275143, -952.732339966
-1.33790179211, -0.546845605298, -1.39158566411, -1111.47971155
-1.332302464, -1.22774905599, -2.2047849841, -1003.34999637
-1.25538265067, -0.961307170067, -2.47653748215, -930.621150819
-1.49761121807, -0.823406206786, -1.68931997369, -943.997596711
-0.496394178186, -4.01930712164, -4.89326234352, -0.0527179313248
-0.502652785864, -4.01913372491, -4.89399320048, -0.0562458118554
-0.494886441936, -4.02839013058, -4.89080240226, -0.092191042981
-0.49680098657, -4.02868042754, -4.89157718084, -0.0948297222878
-0.500687793209, -4.03824420996, -4.88439364701, -0.165409861825
-0.528399492694, -4.01626692741, -4.89127149343, -0.240614181376
-0.574008402537, -3.98674217297, -4.94564943991, -2.82070898038
-0.515675556146, -4.01849136122, -4.98141239762, -2.88524515719
-0.563637078515, -3.97600495745, -4.96510488326, -3.44553897408
-0.485985781457, -4.01777213816, -4.99203781357, -3.49835275789
-0.484665392979, -4.01972115412, -4.9921265234, -3.51127267347
-0.485903686351, -4.01588133741, -4.99251917631, -3.52677700064
-0.485757938455, -4.01475676989, -4.99322546314, -3.57906597139
-0.494103013041, -4.03201082347, -4.99247188806, -3.58267820591
-0.495238638838, -4.01542510219, -4.99616789336, -3.77444095013
-0.496132842093, -4.02388509925, -4.99628418489, -3.80057713304
-0.496142358113, -4.02663021113, -4.99628887437, -3.805040235
-0.509136115214, -4.0162662884, -4.99599535646, -3.83387402673
-0.526495042034, -4.01584631267, -4.9960715876, -4.02958075657
-0.4924148573, -4.03686399526, -4.99999997517, -4.16829936942
-0.51438240676, -4.04465695255, -4.99999997522, -4.43407553452
-0.520850134906, -3.92040107531, -4.9999999755, -7.16758860196
-0.500276721058, -3.907520994, -4.99999995536, -8.09346960563
-1.11793143041, -0.236638083283, -4.89462950473, -873.934871364
-0.825547577274, -0.174614915539, -4.84194978769, -842.327286189
-1.43986819247, -0.432368152519, -4.96229803654, -864.284027735
-1.6001577158, 3.66754826679, -4.92893189504, -10.4118169639
-1.58127492952, 3.61755233933, -4.92108545792, -64.9098752499
-1.60833086679, -0.4245566872, -4.8074678964, -760.46356535
-1.60007686075, 3.67929818929, -4.92632107164, -14.1105156267
-1.59547632764, 3.66856972983, -4.92545752734, -15.1438070694
-1.6533239724, 3.43252151672, -4.86764331107, -39.3510810951
-0.881755984029, 0.224808063706, -4.89158352707, -936.543374694
-1.09304988161, 0.562703414006, -4.94322891632, -869.822422926
-0.996852972942, -1.44020970397, -4.93532706969, -626.847409039
-1.19287160191, -0.715768351555, -4.81424355752, -823.657006883
-1.23626946114, -1.16674934212, -4.72386163075, -762.631875855
-0.499484735576, -4.01390037531, -4.91569101791, -0.305757806802
-0.508861797969, -4.00985936837, -4.91562887352, -0.333299428027
-0.511672678212, -4.01696334421, -4.91513922027, -0.339178428721
-0.512255287445, -4.0162723879, -4.91498616516, -0.339703769991
-0.513910039561, -4.0216392937, -4.91414445445, -0.352306749198
-0.514190458343, -4.02184712987, -4.91446313824, -0.360673854534
-0.511856795264, -4.0109241734, -4.91697223994, -0.373520991646
-0.510130963855, -4.00945480083, -4.91757883864, -0.376028305541
-0.496264304532, -4.01080887803, -4.92188514629, -0.426873510402
-0.480796257615, -4.02033441757, -4.92306307363, -0.536490818511
-0.480854261387, -4.02212285816, -4.92326869606, -0.54529267031
-0.479616454123, -4.02746668343, -4.92543828836, -0.633037624076
-0.475026650455, -4.03083227499, -4.92474546778, -0.694502992597
-0.462108158296, -4.03855070839, -4.92681190508, -1.01119948861
-0.45421721332, -4.03950827523, -4.920350782, -1.04816386145
-0.452602585652, -4.05961879801, -4.90417248581, -1.2096495767
-0.448119306984, -4.0600868629, -4.90354156335, -1.3195730837
-0.449915487691, -4.0802017947, -4.80826728268, -3.17099736955
-0.251213925295, -4.87833587018, -4.39275858968, -93.1962098674
-0.243456789833, -4.87071651502, -4.43125943111, -98.2378648747
-1.28967315996, 0.0977510981318, -1.39527899764, -929.807066053
-1.18966573825, -2.20964302771, -0.701437941447, -1986.15339934
-1.60393989333, -0.925210710063, -1.13876703723, -999.223238283
-0.910518208285, -1.5284911454, -0.718151498568, -1414.4005087
-1.33154901646, -2.78865007447, -0.457108866063, -3097.45924254
-2.17784443146, 1.69106798547, 0.585713029335, -0.17371145443
-2.18143838322, 1.6909693574, 0.57688361619, -0.367713529697
-1.40953909118, -1.9508112891, -0.323035053646, -2087.25151676
-1.78462027657, -2.52478898888, -0.95144861385, -2177.92062565
-2.17281794003, 1.69005961749, 0.586562522717, -0.380904148371
-2.16803831694, 1.68580546594, 0.589132700046, -0.607927369633
-2.17526064871, 1.68384268769, 0.566626309309, -1.4222176623
-2.17954718846, 1.68271501496, 0.562379062282, -1.76181909824
-2.17696347449, 1.72118420583, 0.576445126127, -3.1340424218
-2.17730025023, 1.72177618659, 0.575907377255, -3.26939423049
-2.17817899406, 1.72622279546, 0.574563952183, -3.6300920535
-2.18317998271, 1.72723081367, 0.57291335354, -4.02603865214
-1.93265263451, 2.63221903394, -2.29625764528, -723.688523563
-1.63896889752, 3.85341451267, -4.63776104165, -79.2809767549
-1.20291562259, -0.891894209715, -4.75237317346, -711.207279955
-1.02165666205, 0.781005878, -4.80488174284, -946.019469077
-1.15166705519, -2.11223489217, -4.73013908865, -427.640128809
-1.30365003702, 0.443344111351, -4.66084813094, -961.398044795
-1.20255901436, 0.0818407705314, -4.73826932264, -834.498707762
-0.601195729022, -4.06476818549, -4.94150846172, -4.92491855271
-0.451461573421, -4.20866457678, -4.83182173421, -13.0499023347
-0.918121557406, -0.749666593998, -4.81381064331, -844.008979167
-0.120709049721, -4.18164514862, -4.85701032594, -37.0488458908
-0.165203788983, -3.86945714528, -4.68052528122, -47.2248333916
-0.628568994262, -4.37579161372, -4.37468613579, -66.8388286873
-0.621543028474, -4.37482530362, -4.37577328578, -67.719025824
-0.75030143081, -4.35228454949, -4.37679133422, -68.8482280914
-0.748144522401, -4.36372359382, -4.37563860767, -69.1247445027
-1.65402689412, -4.99902810237, -4.12618652879, -157.762655367
-1.98996255727, -4.92507060912, -4.11254407151, -179.427582807
-1.9642623597, -4.99999995345, -4.09551288461, -186.090977824
-2.1183044472, -4.78174367877, -4.17776379869, -189.71578689
-2.11939953482, -4.78390602772, -4.17906475688, -190.350387887
-2.1529831594, -1.64293601166, -2.04823135735, -957.347110454
-2.21897877723, -1.43845902538, -2.7240925845, -791.76503726
-2.47007575766, -2.90385351977, -1.98473526456, -1362.66004937
-2.12420515119, -0.712359374459, -1.97388082052, -981.239899444
-2.11445208372, -1.07342648963, -1.79433172608, -924.642435956
-2.18478085937, 1.68734989142, 0.587815406035, -0.000363269456996
-2.18467682441, 1.68696895509, 0.587518577892, -0.000612052578949
-2.18287367503, 1.68801456495, 0.587996913539, -0.0142116512014
-2.19278233587, 1.67541783726, 0.569288246232, -1.38436211634
-2.1874590682, 1.72158774442, 0.579095885438, -3.07502419594
-2.18119883625, 1.72282857702, 0.599883424544, -3.88856342404
-2.19927520789, 1.7278707933, 0.592978930778, -4.45193858652
-2.18885107718, 1.71077422293, 0.550792014852, -4.89096635187
-2.19662616391, 1.72316723693, 0.548548857928, -5.86661012056
-2.21306003071, 1.67237606099, 0.505083169347, -15.4392154374
-2.25203673922, 1.71353346342, 0.614928448726, -16.7446976191
-2.2638841516, 1.68619913869, 0.608558945287, -19.1898487689
-2.26046028581, 1.74103042213, 0.625036848671, -21.6228595179
-2.26954080052, 1.73476950772, 0.629284958443, -23.4840890899
-2.3147417307, 3.61036991149, -4.85364071667, -65.7915256566
-2.31443062431, 3.61388417367, -4.85277214087, -67.0895549361
-2.31799053527, 3.59879527673, -4.85513365642, -70.0478601226
-2.3244015762, 3.58506842648, -4.85284642501, -75.6880957877
-2.3538180673, 3.6206171786, -4.99421413469, -138.250944215
-2.33116548791, 3.61901843096, -4.99484730867, -132.138497057
-2.36365438262, 3.68736097372, -4.99889331335, -79.7048677248
-2.36464714968, 3.68834396287, -4.99893431554, -79.9249279712
-2.30746309509, 2.38324805278, -1.14996646197, -704.554944293
-2.35808763676, 2.11547521162, -2.46335480259, -688.2519435
-2.35288937403, 2.70350664283, -2.78963245933, -583.146796691
-2.43259082117, 2.27059100282, -2.3232266901, -603.765659018
-2.43775411364, 2.99397561625, -2.52848323804, -525.779273518
-2.18531569862, 1.68723682025, 0.587889550962, -0.000395922892666
-2.48299937709, 2.96831015557, -1.35177320747, -917.425241278
-1.75908719175, -1.46772333538, -1.17916541197, -1209.79959106
-1.69244208372, -2.45158948439, -0.789599124709, -2262.57231835
-2.18531113379, 1.687249522, 0.587916242275, -0.000407409370664
-2.18531111079, 1.68735037481, 0.587888445346, -0.000536209947896
-1.40493233077, -1.66749410425, -1.04031166692, -1420.91688485
-2.18537290607, 1.68709925806, 0.589612527828, -0.00875082437242
-2.18677241538, 1.68843475093, 0.588239558237, -0.014410526708
-2.18736733803, 1.68471286801, 0.590448755921, -0.0481223638145
-2.18532370651, 1.68723481756, 0.593468681323, -0.0806225259526
-2.18535682694, 1.68726948243, 0.59349648159, -0.0817007398907
-2.18591082638, 1.68700244375, 0.593802387716, -0.0937004961621
-2.18490551851, 1.68781754628, 0.593925193712, -0.0943667785531
-2.18296305763, 1.68468733197, 0.597140518341, -0.227435912247
-2.18757592802, 1.66941282357, 0.586266274078, -0.8195321967
-2.19005873289, 1.67142433382, 0.598053805592, -0.893246022855
-1.42399654656, 3.4452858729, -4.91056187777, -79.6712393187
-1.29459425751, 3.50146691388, -4.90581031767, -10.0291352018
-1.29525921415, 3.50159283602, -4.90568720836, -9.60549634952
-1.49446691719, 3.44420100954, -4.91795877537, -41.3627211286
-0.680400633732, -1.47597479022, -4.89690185629, -706.206691267
-0.727570190516, 0.111099383008, -4.89160570254, -883.445746055
-1.04944650399, -2.54186975713, -4.87293757088, -333.104319062
-1.0200100925, -0.382114056143, -4.89303891297, -749.19042863
-0.837640490604, -0.645030515802, -4.79558748682, -1053.60072533
-0.499727459163, -4.01215276573, -4.88198290166, -0.000348196207355
-0.498984805283, -4.01159410474, -4.88297588927, -0.00147563612228
-0.499423613192, -4.01540593528, -4.881991235, -0.00230595629982
1.08052170865, -0.702598276995, -0.66549480125, -1287.09219694
-0.947144018961, -1.61253220202, -4.81375444238, -509.793593055
-0.499295673565, -4.01575260806, -4.88183975673, -0.00276723895151
-0.500728110342, -4.01572756177, -4.88171672393, -0.00290183638999
-0.500667717154, -4.01577305611, -4.88172823749, -0.00294810012611
-0.495416900602, -4.01275504512, -4.88212506386, -0.00501379083517
-0.496667892977, -4.01729667015, -4.88247608125, -0.00848510878993
-0.499011736635, -4.01691423732, -4.88528139715, -0.00963936732876
-0.500881146064, -4.01901982275, -4.88109176981, -0.0107563489435
-0.499750419055, -4.01964333947, -4.88140247037, -0.0125640037346
-0.50069888744, -4.01974562375, -4.88151936422, -0.0132181136964
-0.501008033099, -4.02100994417, -4.88165898508, -0.018423612275
-0.501296388837, -4.02112345402, -4.88175306857, -0.0191496588745
-0.501930320335, -4.02291986151, -4.88173056157, -0.0282081686292
