-0.518084219584, -4.02672721986, -4.88582622246, -0.141016594054
-0.531971089727, -4.02730897901, -4.88528654162, -0.319624026588
-0.552572710004, -3.93711425358, -4.88199605417, -2.16335896723
-1.11755520108, -1.22309148221, -2.6223937358, -982.773284801
-1.6818549751, -0.793299804724, -3.38977322364, -753.491016194
-1.35446247505, -1.63099873912, -1.79383316699, -1136.7947089
-1.14790384951, -0.804229504662, -1.81769623338, -1016.83142517
-1.87705845217, 0.25481277456, -1.69918777898, -859.056746497
-2.18435935682, 1.68520674569, 0.587488065026, -0.0109801975339
-2.18439221329, 1.6897584758, 0.588564224851, -0.0218331489921
-2.18426221492, 1.6897577722, 0.588457287629, -0.0219711561544
-2.18351356091, 1.69086652733, 0.586968018806, -0.0458863857919
-2.17934986144, 1.6896067243, 0.586505455491, -0.0979925315536
-2.18404269894, 1.69184775386, 0.592842835505, -0.122868537266
-2.18434365834, 1.69227750726, 0.592636760735, -0.128071271203
-1.55059461543, -0.710763275296, -1.59878887404, -1071.10563133
-2.1891452398, 1.69372648636, 0.590005980093, -0.168709448466
-2.18959483902, 1.69393090157, 0.589955309485, -0.1843115961
-2.18930079723, 1.69407483174, 0.590214296898, -0.186335666465
-2.18348788071, 1.69724324437, 0.589595951157, -0.287176179971
-2.18730584958, 1.70070770247, 0.592729110553, -0.536839390579
-2.18473157487, 1.69751350486, 0.599392827325, -0.612433587416
-2.18410547221, 1.70007095999, 0.597135730814, -0.669847902871
-2.18190484082, 1.70370399593, 0.591679650064, -0.793339255107
-2.18209100841, 1.69701587375, 0.609428941926, -1.278048084
-1.14498754713, -1.64213779392, -2.71552081764, -907.946388386
-1.02140608946, -1.18008127937, -0.223424021419, -1478.2562068
-1.27320994215, -0.756354649356, -1.38910540682, -1076.27290701
-1.34387337391, -1.80972274808, -1.79068627714, -1144.70311182
-1.88995583778, -1.46921438019, -1.93006462462, -1239.14132655
-0.496394178186, -4.01930712164, -4.89326234352, -0.0527179313255
-0.502652785864, -4.01913372491, -4.89399320048, -0.0562458118626
-0.494886441936, -4.02839013058, -4.89080240226, -0.092191042981
-0.49680098657, -4.02868042754, -4.89157718084, -0.0948297222878
-0.500687793209, -4.03824420996, -4.88439364701, -0.165409861826
-0.528399492694, -4.01626692741, -4.89127149343, -0.240614181378
-0.574008402537, -3.98674217297, -4.94564943991, -2.82070898038
-0.515675556147, -4.01849136122, -4.98141239762, -2.88524515742
-0.563637078515, -3.97600495745, -4.96510488326, -3.44553897408
-0.485985781457, -4.01777213816, -4.99203781357, -3.49835275789
-0.484665392979, -4.01972115412, -4.9921265234, -3.51127267347
-0.485903686351, -4.01588133741, -4.99251917631, -3.52677700064
-0.485757938455, -4.01475676989, -4.99322546314, -3.57906597683
-0.494103013041, -4.03201082347, -4.99247188806, -3.58267820593
-0.495238638838, -4.01542510219, -4.99616789336, -3.77444095024
-0.496132842093, -4.02388509925, -4.99628418489, -3.80057713305
-0.496142358113, -4.02663021113, -4.99628887437, -3.80504023501
-0.509136115214, -4.0162662884, -4.99599535646, -3.83387402674
-0.526495042034, -4.01584631267, -4.9960715876, -4.02958075657
-0.492414857299, -4.03686399526, -4.99999997517, -4.16829936954
-0.51438240676, -4.04465695255, -4.99999997522, -4.43407553452
-0.520850134906, -3.92040107531, -4.9999999755, -7.16758860198
-0.500276721058, -3.907520994, -4.99999995536, -8.09346960563
-0.67643430762, -3.90545069189, -4.84482231691, -11.4918432159
-1.02896027875, -0.832565023649, -4.82604757636, -797.222106508
-1.4655970104, 1.64955248911, -4.95499969217, -481.467459938
-2.22296861378, -0.739369257128, -4.87162763439, -702.444636026
-1.53025627852, 0.0369375199816, -4.91051964586, -685.859431394
-1.60685905668, 0.330510667191, -4.71044943372, -723.260720971
-1.60007686075, 3.67929818929, -4.92632107164, -14.1105156268
-1.59547632764, 3.66856972983, -4.92545752734, -15.1438070695
-1.6533239724, 3.43252151672, -4.86764331107, -39.3510810956
-1.64382060636, 3.55054655613, -4.90691510708, -128.59856425
-1.18155475575, -1.90133161875, -4.94571412598, -447.128235939
-1.39795738575, -0.052387124168, -4.93378976215, -770.650833093
-1.44877535518, -1.00107150884, -4.84495200711, -646.910063148
-1.19999973471, 1.63666579428, -4.82198849811, -631.117334392
-1.5655100241, 0.168742841695, -4.94917299892, -751.148512286
-0.508861797969, -4.00985936837, -4.91562887352, -0.333299428028
-0.51167268012, -4.01696358973, -4.91513920474, -0.33918077926
-0.512255296314, -4.01627241259, -4.91498616199, -0.339704298308
-0.513910039561, -4.0216392937, -4.91414445445, -0.352306749246
-0.514190458334, -4.02184712987, -4.91446313823, -0.360673859675
-0.511856795147, -4.01092416482, -4.91697223977, -0.373521309984
-0.510130963954, -4.00945480496, -4.91757883873, -0.376028659198
-0.496263768714, -4.01081227836, -4.92188517652, -0.426892562508
-0.48079625763, -4.02033441757, -4.92306307363, -0.536490831141
-0.480854261392, -4.02212285837, -4.92326869608, -0.545292740503
-0.479616454123, -4.02746668343, -4.92543828836, -0.633037624076
-0.475026650455, -4.03083227499, -4.92474546778, -0.694502992597
-0.462108158296, -4.03855070839, -4.92681190508, -1.01119948861
-0.45421721332, -4.03950827523, -4.920350782, -1.04816386145
-0.452602585652, -4.05961879801, -4.90417248581, -1.2096495767
-0.448119306984, -4.0600868629, -4.90354156335, -1.3195730837
-0.449915487691, -4.0802017947, -4.80826728268, -3.17099736955
-0.251213925295, -4.87833587018, -4.39275858968, -93.1962098675
-0.243456789833, -4.87071651502, -4.43125943111, -98.2378648747
-1.78218482027, -2.23701383334, -1.57076251855, -1452.22084631
-1.10103699666, -1.07712375784, -1.79533303826, -1066.59287763
-1.42599964767, -2.11027536061, -1.26581270229, -1599.36424432
-1.36169398153, -1.78073487694, -1.55248927426, -1157.62319292
-1.0598183205, -1.6143485206, -0.555735045971, -1392.10076548
-2.17784443146, 1.69106798547, 0.585713029335, -0.17371145443
-2.18143838322, 1.6909693574, 0.57688361619, -0.367713529697
-1.24888281151, -0.879131241899, -1.32514375493, -1066.06263766
-1.46731496818, -1.94564742689, -0.996378955453, -1617.51496055
-2.17281794003, 1.69005961749, 0.586562522717, -0.380904148371
-2.16803831694, 1.68580546594, 0.589132700046, -0.607927369636
-2.17526064871, 1.68384268769, 0.566626309309, -1.4222176623
-2.17954718846, 1.68271501496, 0.562379062282, -1.76181909826
-2.17696347449, 1.72118420583, 0.576445126127, -3.13404242182
-2.17730025023, 1.72177618659, 0.575907377255, -3.26939423049
-2.17817899406, 1.72622279546, 0.574563952183, -3.63009205356
-2.18317998271, 1.72723081367, 0.57291335354, -4.02603865214
-1.85481831938, 2.68766383226, -3.0227997411, -551.709431447
-1.64327973986, 3.85142826652, -4.63243542191, -83.0005250454
-1.09931633184, 0.31417146388, -4.58947550943, -795.147206108
-1.05896154844, 0.328385471347, -4.80199004834, -855.995488919
-1.23342930251, -0.125379480993, -4.75484706765, -907.298971284
-1.09462479393, -1.12980824796, -4.70476229563, -737.08489298
-1.22211123185, -0.058763513387, -4.71220596667, -896.730250619
-0.601216427421, -4.0648602086, -4.94151917099, -4.93019968887
-1.60324182863, 0.209226825701, -4.51340921969, -865.546256119
-1.14592044292, -0.738692959335, -4.67392173426, -832.4133418
-0.120709058339, -4.18164508947, -4.85701015159, -37.0491770673
-0.165203788983, -3.86945714528, -4.68052528122, -47.2248333916
-0.628568994262, -4.37579161372, -4.37468613579, -66.8388286873
-0.621543028474, -4.37482530362, -4.37577328578, -67.7190258242
-0.75030143081, -4.35228454949, -4.37679133422, -68.8482280914
-0.748144522401, -4.36372359382, -4.37563860767, -69.1247445028
-1.65402689412, -4.99902810237, -4.12618652879, -157.762655367
-1.98996255727, -4.92507060912, -4.11254407151, -179.427582807
-1.9642623597, -4.99999995345, -4.09551288461, -186.090977824
-2.1183044472, -4.78174367877, -4.17776379869, -189.715786892
-2.11939953482, -4.78390602772, -4.17906475688, -190.350387887
-2.16632839649, -1.85860611725, -2.80590605065, -837.979844826
-2.22972371066, -0.413120756088, -2.08618063374, -943.162567359
-2.48477461668, -2.09923125709, -1.24420954193, -1584.9419927
-2.11659848498, -1.02677310929, -2.18547017063, -1006.46387846
-2.08889048905, -0.693472822048, -1.08068348906, -945.409963269
-2.18478085937, 1.68734989142, 0.587815406035, -0.000363269457001
-2.18467682441, 1.68696895509, 0.587518577892, -0.000612052578949
-2.18287367503, 1.68801456495, 0.587996913539, -0.0142116512014
-2.19278244348, 1.67541794471, 0.569287999195, -1.38453158033
-2.1874590682, 1.72158774442, 0.579095885438, -3.07502419594
-2.18119883625, 1.72282857702, 0.599883424544, -3.88856342405
-2.19927520789, 1.7278707933, 0.592978930778, -4.45193858652
-2.18885107718, 1.71077422293, 0.550792014852, -4.89096635189
-2.19662616391, 1.72316723693, 0.548548857928, -5.86661012062
-2.21306003071, 1.67237606099, 0.505083169347, -15.4392154374
-2.25203673922, 1.71353346342, 0.614928448726, -16.7446976206
-2.2638841516, 1.68619913869, 0.608558945287, -19.1898487689
-2.26046028581, 1.74103042213, 0.625036848671, -21.6228595182
-2.26954080052, 1.73476950772, 0.629284958443, -23.48408909
-2.28196644595, 3.7311815563, -4.86642244112, -169.312686184
-2.31443062431, 3.61388417367, -4.85277214087, -67.0895549378
-2.31799053527, 3.59879527673, -4.85513365642, -70.0478601231
-2.3244015762, 3.58506842648, -4.85284642501, -75.6880957877
-2.33403887363, 3.60380333958, -4.99334518895, -133.268734661
-2.35866130715, 3.63609534961, -4.99651383519, -113.063397439
-2.36365438262, 3.68736097372, -4.99889331335, -79.7048677256
-2.36464714968, 3.68834396287, -4.99893431554, -79.9249279714
-2.31262481664, 2.83520525184, -2.20125244685, -644.404654375
-2.2879337091, 2.31586018179, -1.97346681253, -529.645618421
-2.30530211409, 2.30368739371, -0.604575904948, -671.840778734
-2.3996906894, 2.25423331921, -3.41721535145, -384.858400243
-2.33278998634, 2.81211219789, -2.1356849504, -696.309093637
-2.18491810892, 1.68677218471, 0.589562358599, -0.00814924091714
-2.63425727069, 3.0873574515, -0.669882046497, -915.764198724
-1.4566030297, -0.584411966949, -1.00628977192, -794.435449347
-1.32381107558, -0.137545622632, -1.01918625244, -822.997726287
-2.18524431737, 1.68709732217, 0.589615506543, -0.00854058417118
-1.6680764493, -0.879103287448, -0.867871807981, -1115.56449114
-1.45154115895, -2.43860548192, -1.00237435997, -1944.72827047
-2.18537290607, 1.68709925806, 0.589612527828, -0.00875082437242
-2.18677241538, 1.68843475093, 0.588239558237, -0.014410526708
-2.18736733803, 1.68471286801, 0.590448755921, -0.0481223638164
-2.18532370651, 1.68723481756, 0.593468681323, -0.0806225259532
-2.18535682694, 1.68726948243, 0.59349648159, -0.0817007398907
-2.18591082638, 1.68700244375, 0.593802387716, -0.0937004961622
-2.18490551851, 1.68781754628, 0.593925193712, -0.0943667785539
-2.18296305763, 1.68468733197, 0.597140518341, -0.227435912247
-2.18757592802, 1.66941282357, 0.586266274078, -0.819532196745
-2.19005873289, 1.67142433382, 0.598053805592, -0.893246022855
-1.41993012442, 3.43897447275, -4.90916802049, -79.4479964491
-1.29494147941, 3.50145140314, -4.90604345136, -9.89086876174
-1.34223715437, 3.40945316282, -4.91261065107, -102.775042426
-1.37584612976, 3.45961228902, -4.92202021974, -79.5987753417
-1.29525921414, 3.50159283603, -4.90568720836, -9.60549326462
-0.955476426307, -1.29246034237, -4.89070723694, -618.837852326
-0.909555943418, -0.123554110292, -4.86822908593, -953.735934941
-1.03184034439, -1.49743729138, -4.89367699656, -623.978785424
-1.00073566485, 0.881900529324, -4.85224194294, -915.155280664
2.3413692873, 0.594198791164, 0.93652132359, -1525.17902178
-0.498984805283, -4.01159410474, -4.88297588927, -0.00147563612266
-0.500090767784, -4.0138744406, -4.8841228256, -0.00307108505704
0.997088269122, 0.42393698324, -1.09175933187, -1089.35980417
-0.788579623855, -1.41922380696, -4.79553733393, -617.30460017
-0.497935956899, -4.01514014721, -4.88366984393, -0.00433063719685
-0.497779548836, -4.01546261562, -4.88327453215, -0.00440457225981
-1.02692623133, 1.13677235349, -4.70287894117, -802.968571628
-1.07799642614, -0.00787840126316, -4.94207219616, -884.116485163
-0.496667892976, -4.01729667015, -4.88247608123, -0.00848510884068
-0.499011736634, -4.01691423732, -4.88528139715, -0.00963936733529
-0.500881146064, -4.01901982275, -4.88109176981, -0.0107563489437
-0.499750419055, -4.01964333947, -4.88140247037, -0.0125640037346
-0.50069888744, -4.01974562375, -4.88151936422, -0.0132181136964
-0.501008033099, -4.02100994417, -4.88165898508, -0.018423612275
-0.501296388837, -4.02112345402, -4.88175306857, -0.0191496588745
-0.501930320335, -4.02291986151, -4.88173056157, -0.0282081686292
