-0.518084219584, -4.02672721986, -4.88582622246, -0.141016594063
-0.531971089727, -4.02730897901, -4.88528654162, -0.319624026602
-0.552572710003, -3.93711425358, -4.88199605427, -2.16335920899
-1.09660419148, -1.76225532064, -2.51745000734, -866.834987579
-1.61798650546, -0.680010502698, -1.55709770651, -985.521769632
-1.32763690725, -0.889578586366, -2.86139446023, -911.073478877
-1.41816513849, -0.668030654201, -2.44756723748, -815.879669875
-1.3518795571, -1.72134416871, -1.30041013912, -1425.18566519
-2.18435935682, 1.68520674569, 0.587488065026, -0.0109801975425
-2.18439221329, 1.6897584758, 0.588564224586, -0.021833168205
-2.18426221491, 1.6897577722, 0.588457287626, -0.0219711566689
-2.18351356091, 1.69086652731, 0.586968018741, -0.0458863939072
-2.17934986144, 1.68960672442, 0.586505455491, -0.0979925767972
-2.1840426985, 1.69184775386, 0.592842835575, -0.12286873469
-2.18434365812, 1.69227750727, 0.592636760737, -0.128071499717
-1.64097479001, -3.49021533988, -1.43094366293, -1972.14809377
-2.18914523979, 1.69372648635, 0.590005980086, -0.168709469425
-2.18959483958, 1.69393090153, 0.589955309484, -0.184311858653
-2.18930079885, 1.69407483168, 0.590214296578, -0.186336969842
-2.18348788067, 1.69724324439, 0.589595951354, -0.287176552573
-2.18730584958, 1.70070770247, 0.592729110646, -0.53683987281
-2.18473157488, 1.69751350487, 0.599392827373, -0.612434120663
-2.18410547221, 1.70007095999, 0.597135730814, -0.669847903185
-2.18190484003, 1.70370399572, 0.591679652147, -0.793341523394
-2.18209100841, 1.69701587374, 0.609428941926, -1.27804823851
-1.17951114914, -0.373266454726, -1.5765858189, -947.279603936
-1.54864898649, -0.344630743522, -2.12460521657, -873.86820592
-1.06498302298, -1.20315602084, -3.05429407264, -989.039193271
-1.21469028746, -0.92911644241, -1.0347084694, -957.178509002
-1.6314945265, -0.969736477031, -2.22251775887, -1027.51246984
-0.49639417783, -4.01930712711, -4.89326234275, -0.052717988522
-0.502652785782, -4.01913372329, -4.89399320045, -0.0562458229657
-0.494886441839, -4.02839013051, -4.89080240226, -0.0921910449953
-0.496800986522, -4.02868042752, -4.89157718084, -0.0948297259268
-0.50068779554, -4.03824420989, -4.88439364701, -0.165409978414
-0.528399492692, -4.01626692756, -4.89127149348, -0.240614203127
-0.574008402533, -3.98674217297, -4.9456494399, -2.82070899729
-0.515675544946, -4.01849136104, -4.98141239885, -2.88525105989
-0.563637078527, -3.97600495753, -4.96510488326, -3.44553919283
-0.485985781457, -4.01777213816, -4.99203781357, -3.49835275875
-0.484665392979, -4.01972115419, -4.9921265234, -3.51127290438
-0.485903686357, -4.0158813373, -4.99251917631, -3.5267770893
-0.485757938405, -4.01475677942, -4.99322546317, -3.57907026624
-0.494103017852, -4.0320108237, -4.99247188805, -3.58267947259
-0.49523863591, -4.01542509326, -4.99616789322, -3.77444756783
-0.496132842165, -4.02388509925, -4.99628418489, -3.80057730455
-0.496142357906, -4.02663021121, -4.99628887437, -3.8050406867
-0.509136115215, -4.0162662884, -4.99599535646, -3.83387402716
-0.526495042031, -4.01584631264, -4.9960715876, -4.02958077239
-0.492414862273, -4.03686399503, -4.99999997517, -4.16830332675
-0.514382406765, -4.04465695253, -4.99999997522, -4.43407558016
-0.520850134917, -3.92040107531, -4.9999999755, -7.16758865846
-0.500276721058, -3.907520994, -4.99999995536, -8.09346960563
-0.67643430762, -3.90545069189, -4.84482231691, -11.4918432159
-1.10248827126, 0.256988733644, -4.85088061835, -815.449276569
-1.44995518602, 1.08564052972, -4.95691040444, -560.909937275
-1.96151456301, 0.0910891437167, -4.64973770486, -761.84954454
-1.53556089298, -0.0433825098003, -4.86968620671, -713.178116638
-1.60516718533, -0.596835212093, -4.81189384611, -702.178085706
-1.6000768608, 3.67929818932, -4.92632107164, -14.1105175845
-1.59547632764, 3.66856973016, -4.92545752732, -15.1438106388
-1.65332397241, 3.43252151673, -4.86764331102, -39.3510869815
-1.63861698159, 3.55048245692, -4.9069780776, -130.4151779
-1.15728872516, -2.30921915933, -4.9614552422, -382.640692975
-0.892754811866, 1.06047582747, -4.92801996501, -650.269228664
-1.3943057202, -1.40537718898, -4.83303355146, -604.290414605
-1.40008434603, 0.150294641727, -4.70202623716, -859.328612704
-1.37944862103, 0.0946375641268, -4.93221142737, -916.493350932
-0.508861797977, -4.00985936819, -4.9156288733, -0.33329951107
-0.511713908501, -4.01237699025, -4.91548107496, -0.344557150041
-0.511955881807, -4.01548557825, -4.915171178, -0.340737893681
-0.513927286544, -4.02162082868, -4.91416915692, -0.352783164491
-0.514184705397, -4.02184630216, -4.91447312196, -0.360789450879
-0.511860845888, -4.01094437478, -4.91697401025, -0.373643273717
-0.510212721746, -4.00880112821, -4.91758608134, -0.377877459579
-0.477433818105, -4.03296999081, -4.92594465611, -0.712176283286
-0.480796276332, -4.02033444147, -4.92306307451, -0.536491163668
-0.480854295522, -4.02212295398, -4.92326871627, -0.545296540541
-0.47961645416, -4.02746668343, -4.92543828836, -0.633037646965
-0.475026650455, -4.03083227499, -4.92474546778, -0.694502992601
-0.462108158298, -4.03855070839, -4.92681190508, -1.0111994925
-0.454217213321, -4.03950827523, -4.92035078201, -1.0481638811
-0.452602585655, -4.059618798, -4.90417248581, -1.20964958031
-0.448119306984, -4.0600868629, -4.90354156335, -1.31957308374
-0.449915487691, -4.0802017947, -4.80826728268, -3.17099736976
-0.25121392529, -4.87833587018, -4.39275858914, -93.1962285623
-0.243456789846, -4.8707165151, -4.43125943112, -98.2378678046
-1.18326054864, -1.67986744953, -1.35987150157, -1406.42625146
-1.6864742739, -0.189951451871, -1.22670257236, -960.817302003
-1.68212376149, -0.955578846829, -0.768040862379, -1084.19666927
-0.800378971315, -2.08304480337, -1.73036369587, -1155.45450115
-1.15716581007, -2.37707441287, -1.64790128393, -1303.21859513
-2.17784443147, 1.69106798547, 0.585713029338, -0.173711470638
-2.18143838322, 1.6909693574, 0.576883616189, -0.367713530098
-1.19523051726, -1.4533341701, -1.44468972618, -1254.09922216
-1.74631591886, -1.07198984556, -1.39846359837, -1078.87763828
-2.17281794003, 1.69005961749, 0.586562522719, -0.380904159985
-2.16803831694, 1.68580546593, 0.589132700102, -0.607927912857
-2.17526064871, 1.68384268769, 0.566626309309, -1.42221766271
-2.17954718847, 1.68271501432, 0.562379062265, -1.76182128399
-2.17696347455, 1.72118420581, 0.576445124861, -3.13406368284
-2.17730025023, 1.72177618659, 0.575907377254, -3.26939423393
-2.1781789941, 1.72622279549, 0.574563952198, -3.63009482461
-2.18317998271, 1.72723081367, 0.57291335354, -4.02603865283
-1.82824023042, 2.61431288945, -2.06674008809, -641.468742887
-1.64925580241, 3.82744924265, -4.63399044917, -91.5243292341
-1.65325898147, 3.72625740849, -4.44475928875, -138.978513815
-1.66162171088, 3.91333666456, -4.65317613515, -21.0960851101
-1.54334339449, 3.58827751453, -4.51926797513, -40.8751737093
-0.738886400639, 1.62717101706, -4.60273057266, -676.424348362
-0.67552302112, 0.628069881038, -4.71712088287, -895.404925435
-2.00146512247, 1.41266823743, -4.52784501979, -552.838065807
-1.48301671132, 0.216247532304, -4.44884806151, -834.442142498
-1.38073573532, -0.721388927528, -4.64033779068, -737.08310647
-0.118436539557, -4.2045228492, -4.86785223937, -37.5845419524
-0.165203789044, -3.86945714521, -4.68052528131, -47.2248380373
-0.628568994223, -4.37579161378, -4.37468613579, -66.8388309377
-0.621543028473, -4.37482530358, -4.37577328578, -67.7190284244
-0.750301430809, -4.35228454949, -4.37679133422, -68.8482281202
-0.748144522417, -4.36372359382, -4.37563860767, -69.1247454091
-1.65402689412, -4.99902810237, -4.12618652879, -157.762655371
-1.98996255727, -4.92507060912, -4.11254407151, -179.427583347
-1.9642623597, -4.99999995345, -4.09551288461, -186.090977824
-2.11830444716, -4.78174367821, -4.17776379869, -189.715802946
-2.11939953484, -4.78390602771, -4.17906475688, -190.350389841
-2.12094745052, 1.21251154297, -0.973574156798, -769.855457664
-2.24903355415, -1.56068514127, -1.38615742407, -1273.57874568
-2.43663546095, -2.53511782476, -0.896637660175, -2269.37542481
-2.0835909142, -0.679853431727, -3.07720599545, -884.386593285
-2.10087380207, -0.353583725424, -1.87677828007, -1125.92718993
-2.18478085935, 1.68734989142, 0.587815406251, -0.000363270046378
-2.18467682441, 1.68696895509, 0.587518577892, -0.000612052579238
-2.18287367503, 1.68801456495, 0.587996913539, -0.0142116512056
-2.19485713737, 1.68520210128, 0.563394135265, -1.90276632086
-2.18745906849, 1.72158774442, 0.579095885432, -3.07502845338
-2.18119883625, 1.72282857702, 0.59988342454, -3.88856361331
-2.19927520789, 1.7278707933, 0.592978930778, -4.45193858662
-2.18885107718, 1.71077422297, 0.550792014848, -4.89096888365
-2.19662616391, 1.72316723694, 0.548548857417, -5.86662617423
-2.21306003069, 1.67237606089, 0.505083169431, -15.4392245104
-2.25203673927, 1.71353346425, 0.614928448725, -16.7447274192
-2.26388415159, 1.68619914031, 0.608558945166, -19.1899444685
-2.26046028587, 1.74103042222, 0.625036846172, -21.6229881701
-2.26954080052, 1.73476950772, 0.629284958447, -23.4840893526
-2.28119832548, 3.71605249578, -4.86587797554, -175.993291834
-2.31443062431, 3.61388417418, -4.85277214087, -67.0896767613
-2.31799053527, 3.59879527663, -4.85513365642, -70.0478851575
-2.32440157621, 3.58506842648, -4.85284642501, -75.6880984955
-2.35677795406, 3.6112038088, -4.99418432416, -145.028176676
-2.35083412828, 3.59030655334, -4.99527432238, -152.717225511
-2.36365438268, 3.68736097372, -4.99889331335, -79.7049005135
-2.36464714972, 3.68834396288, -4.99893431554, -79.9249698365
-2.25692832023, 2.03150497221, -2.51690068452, -657.985863397
-2.29915166213, 2.78754647365, -3.51804448239, -387.534731012
-2.32481525083, 2.71843517877, -1.89995294496, -694.110341517
-2.21907355071, 2.37347771748, -2.83057895384, -610.324794304
-2.31319951753, 2.83577259866, -2.27027442541, -723.652228986
-2.18491810908, 1.68677218478, 0.589562358599, -0.00814924971361
-2.47114487566, 2.68178320035, -2.28780557518, -780.55957648
-1.5101485335, -3.27645198254, -1.53197931767, -1773.02401613
-1.24940297229, 0.216701329567, -1.11431016758, -737.935109168
-2.18524431743, 1.68709732218, 0.589615506562, -0.00854058744205
-1.5172565412, -0.443897149253, -0.477632320922, -860.986057841
-1.15838726779, -0.310363388909, -0.862686703291, -1080.78591232
-2.18537290607, 1.68709925806, 0.589612527829, -0.00875082439013
-2.18677241537, 1.68843475093, 0.588239558514, -0.0144105397885
-2.18736733803, 1.68471286801, 0.590448755906, -0.0481223676433
-2.18532370651, 1.68723481756, 0.593468681326, -0.0806225293516
-2.18535682694, 1.68726948244, 0.593496481567, -0.0817007707637
-2.18591082659, 1.68700244379, 0.593802387709, -0.0937005210333
-2.1849055185, 1.68781754628, 0.593925193712, -0.0943667835803
-2.18296305764, 1.68468733196, 0.597140518341, -0.227435934165
-2.18757592709, 1.66941282353, 0.586266274107, -0.819534319857
-2.19005873289, 1.67142433382, 0.598053805592, -0.89324602377
-1.44191840445, 3.46424150248, -4.90964188007, -73.7704730288
-1.27236354426, 3.49549825328, -4.90970250629, -40.5552745991
-1.39108812913, 3.42099763557, -4.91806559678, -79.1784978837
-1.4364646262, 3.44604699773, -4.92660209086, -81.8552285497
-1.29525921488, 3.50159283602, -4.90568720401, -9.60569379304
-0.814539712764, 0.612510795123, -4.89955462312, -1065.75453856
-1.09159828866, 0.5376454737, -4.87084356314, -719.25758428
-1.00294682499, 0.703706056013, -4.8928643673, -893.852650107
-1.02629658853, -0.60588105343, -4.80057054803, -720.567918229
1.30217360794, 1.36641837448, 0.674450978525, -1285.77782063
-0.498984940984, -4.01159113145, -4.88297770838, -0.00147896857982
-0.500090761451, -4.01387444021, -4.88412282727, -0.00307108862655
1.55203383874, -0.700223765333, -1.22705555974, -1581.80479153
-0.975154723401, 0.819841800576, -4.81784561751, -793.872117707
-0.497935956899, -4.01514014722, -4.88366984394, -0.00433063720326
-0.497779548836, -4.01546261562, -4.88327453215, -0.00440457226221
-1.06187780236, 2.03457094604, -4.56037443672, -581.134304274
-1.68773858497, -1.40123820403, -4.93271751115, -601.037038076
-0.496667034261, -4.01729783514, -4.88247338056, -0.00848699650823
-0.499011907229, -4.01691461971, -4.88528126537, -0.00963984283766
-0.500881146212, -4.01901982268, -4.88109176995, -0.0107563508382
-0.499750419125, -4.01964333949, -4.88140247037, -0.0125640046643
-0.50069888732, -4.0197456238, -4.88151936422, -0.0132181145802
-0.501008033285, -4.02100994416, -4.88165898505, -0.0184236131609
-0.501296388716, -4.02112345408, -4.88175306858, -0.0191496593167
-0.501930320301, -4.0229198617, -4.88173056155, -0.0282081710808
