-0.499695063119, -4.01259708435, -4.88089682837, -6.73814389301e-13
-0.499695063119, -4.01259708435, -4.88089686001, 0.0
-0.499695063119, -4.01259708435, -4.88089686001, 0.0
-0.499695063119, -4.01259708435, -4.88089686001, 0.0
-0.499695063119, -4.01259708435, -4.88089686001, 0.0
-0.499695063119, -4.01259708435, -4.88089686001, 0.0
-0.499695063119, -4.01259708435, -4.88089686001, 0.0
-0.499695056037, -4.01259697137, -4.88089682597, -3.87441967156e-12
-0.499694615731, -4.01259707007, -4.8808967272, -5.69367766444e-11
-0.499693654298, -4.01259608007, -4.88090615833, -2.25400247436e-08
-0.499694978062, -4.01259758189, -4.88092788669, -2.43193775495e-07
-0.499695063447, -4.01266289628, -4.88088249987, -1.14783202662e-06
-0.499851883292, -4.01262072218, -4.88089670305, -6.35606560654e-06
-0.499390558736, -4.01252675593, -4.88089722689, -2.4693181333e-05
-0.498631667661, -4.01262903636, -4.87960849485, -0.000706984663995
-0.502292253993, -4.01305450653, -4.88081806713, -0.00176110859137
-0.49350172167, -4.01381767382, -4.88108708872, -0.010070292959
-0.507784934315, -4.01246228527, -4.89105082643, -0.0429009896636
-1.47629678962, 3.61576501153, -4.99999999485, -3.69961295217
-1.06094477665, -1.51933963916, -4.99999987567, -632.61149268
-1.47629678962, 3.61576501153, -4.99999999485, -3.69961295197
-1.50136808814, -4.90019218187, -4.99999999874, -148.905655171
-1.47629678962, 3.61576501153, -4.99999999485, -3.69961295201
-1.47629678962, 3.61576501153, -4.99999999485, -3.69961295459
-1.47629678962, 3.61576501153, -4.99999999485, -3.69961295261
-4.2974846047, 4.99912404938, -4.99999999621, -436.132998178
-1.47629678962, 3.61576501153, -4.99999999485, -3.69961295194
-1.47629678962, 3.61576501153, -4.99999999485, -3.69961295206
-1.47629678906, 3.61576501158, -4.99999999215, -3.69965655982
-1.47629678962, 3.61576501153, -4.99999999485, -3.69961295196
-2.56805901429, -1.1441288906, -4.99999508439, -693.988643962
-0.976890212035, -1.44250040548, -4.8658463179, -645.229038037
1.03131549119, -3.49468366379, -4.99980387975, -245.477661477
-0.828266898713, -4.99900065526, -4.95634406544, -110.70557123
-1.70362085987, -3.00344172863, -4.83338829568, -266.834000106
-0.548935828859, -2.8146529594, -4.83093474642, -247.331384136
0.0894287842232, -0.898535955831, -4.98548585459, -1112.76985767
-0.646724459661, 4.99031514567, -4.88386354125, -325.606641458
-0.91598434961, -4.83995904431, -4.91843676183, -112.257528779
-1.7679481004, 4.95370477288, -4.92892448725, -225.945410201
-0.499695171704, -4.01259690829, -4.8808968951, -1.0780961077e-11
-0.0435021568347, 3.70321327781, -4.91775621037, -343.777408827
-0.504076078696, -4.01220758767, -4.87789411776, -0.00717697040533
-0.584158253746, -1.69455483279, -4.98108501671, -657.153407323
-1.22935023337, -4.61342384188, -4.99998118409, -102.619853075
-0.499695090535, -4.01259708539, -4.88089701897, -5.22206946799e-12
-1.77005815726, -4.36348161173, -4.99998835833, -159.04811184
-0.499695366514, -4.01259709054, -4.88090025413, -2.90574498081e-09
-0.49969507298, -4.01259708557, -4.88089688574, 0.0
-0.499695084193, -4.01259708447, -4.88089688027, -1.6845492616e-13
-0.470618021953, 4.90014140783, -4.98660581707, -288.532467113
-0.44557410819, 2.35070959513, -4.96440999946, -650.484732401
-0.499695073909, -4.01259708623, -4.88089688572, 0.0
-2.36563015681, -3.65712576631, -4.9250074033, -259.345845909
-0.49969505811, -4.01259708448, -4.88089688502, 0.0
-0.499695037717, -4.01259708364, -4.8808968816, -1.68454330253e-13
-0.49969509023, -4.0125971073, -4.88089688223, -3.3690965632e-13
-0.499695042747, -4.01259663925, -4.88089686894, -5.03670626143e-11
-0.499695103324, -4.01259710717, -4.88089686358, -5.05363005487e-13
-0.499695060181, -4.01259708381, -4.88089724571, -3.41958820077e-11
-0.499695051914, -4.01259709318, -4.88089688221, 0.0
-0.499695066695, -4.01259709819, -4.88089687471, 0.0
-0.499695076824, -4.01259722744, -4.88089686722, -5.22210827441e-12
-0.49969507803, -4.01259706701, -4.88089688779, -1.68454443693e-13
-0.499695032827, -4.01259707619, -4.8808968943, -3.36908166146e-13
-0.499695067584, -4.0125970933, -4.88089688057, 0.0
-0.499695004882, -4.01259711786, -4.88089688316, -1.17918097598e-12
-0.499695075225, -4.01259708052, -4.8808968624, -1.68454263069e-13
-0.499695076932, -4.01259708274, -4.8808968959, -1.6845514711e-13
-0.499695066063, -4.0125971015, -4.88089690187, -1.68455032733e-13
-0.499695062089, -4.01259709319, -4.88089687873, 0.0
-0.499695618382, -4.01259708999, -4.88089688602, -7.73203718632e-11
-0.499695075298, -4.01259708821, -4.88089686722, 0.0
-0.499695054319, -4.01259707423, -4.88089680849, -1.34762257687e-12
-0.499695086273, -4.01259708903, -4.88089688186, -1.68455106251e-13
-0.499695061706, -4.01259709319, -4.88089687874, 0.0
-0.499695090038, -4.01259714627, -4.88089686692, -1.17918214838e-12
-0.499695075296, -4.01259708821, -4.88089686722, 0.0
-0.499695072312, -4.01259709807, -4.88089687213, 0.0
-0.499695073961, -4.01259708154, -4.88089687508, 0.0
-0.499695061695, -4.01259709319, -4.88089687874, 0.0
-0.49969508083, -4.01259707822, -4.88089686095, -1.68454289578e-13
-0.499695014942, -4.01259704231, -4.88088946804, -1.38855487949e-08
-0.499695072127, -4.01259709763, -4.88089687627, 0.0
-0.499695073962, -4.01259708184, -4.88089687574, 0.0
-0.499695061695, -4.01259709319, -4.88089687874, 0.0
-0.499695001559, -4.0125970778, -4.8808968651, -1.01072193723e-12
-0.499695059038, -4.01259709026, -4.88089686944, 0.0
-0.499695126097, -4.01259709847, -4.88089688231, -1.01072843924e-12
-0.499695078767, -4.01259709251, -4.88089588947, -2.47120831024e-10
-0.499695078112, -4.01259875705, -4.88089685941, -7.07376697295e-10
-0.499695079167, -4.0125970784, -4.88089686888, 0.0
-0.499695058786, -4.01259675769, -4.88089673375, -3.23428076632e-11
-0.49969507429, -4.01259711274, -4.88089687799, -1.68454542707e-13
-0.499695063391, -4.01259707272, -4.88089683129, -5.05360522824e-13
-0.49969506528, -4.01259709078, -4.8808963899, -6.0306227223e-11
-0.49969507172, -4.01259707832, -4.8808968884, 0.0
-0.499695059209, -4.01259708474, -4.8808968937, 0.0
-0.499695079655, -4.01259709054, -4.88089680617, -1.34762764357e-12
-0.499695065456, -4.01259706743, -4.880896873, 0.0
-0.499695200963, -4.01259707525, -4.8808968903, -4.71672337787e-12
-0.499695071645, -4.01259707832, -4.88089688839, 0.0
-0.49969505921, -4.01259708392, -4.88089689371, 0.0
-0.499695087826, -4.01259705757, -4.88089661487, -1.78559394058e-11
-0.499695088723, -4.01259708008, -4.88089687102, -1.68454659595e-13
-0.499695054133, -4.01259708144, -4.88089687093, 0.0
-0.499695078553, -4.01259710129, -4.88089679724, -1.68453576084e-12
-0.499797136142, -4.01259710803, -4.88089679371, -2.63355189132e-06
-0.499695066486, -4.01259714191, -4.88089758412, -1.27016697671e-10
-0.499695071205, -4.01259708148, -4.88089687387, 0.0
-0.499695064798, -4.01259708833, -4.88089686417, 0.0
-0.499695075324, -4.01259710683, -4.88089684365, -5.0536305581e-13
-0.499695049461, -4.01259706342, -4.88089687811, -1.68453936846e-13
-0.499695042879, -4.01259709673, -4.88089690028, -3.36909590683e-13
-0.499695039549, -4.012597095, -4.88089703737, -6.56967623329e-12
-0.49969502121, -4.01259709123, -4.88089682163, -1.3476262141e-12
-0.499695071271, -4.0125970999, -4.88089689686, -1.68454991146e-13
-0.499695059419, -4.01259708805, -4.88089689689, -1.68455129967e-13
-0.499695053542, -4.01259710098, -4.88089687614, -1.68454534237e-13
-0.499695065491, -4.01259709232, -4.88089688787, 0.0
-0.499695057174, -4.01259709408, -4.88089688233, 0.0
-0.499695029246, -4.01259707945, -4.88089685585, -5.0536191562e-13
-0.499695062363, -4.01259708749, -4.88089688662, 0.0
-0.499695065847, -4.01259709189, -4.88089691479, -3.36910185584e-13
-0.499695075372, -4.01259635248, -4.88089698379, -1.38464975561e-10
-0.499695057037, -4.01259709406, -4.88089687617, 0.0
-0.499695065481, -4.01259711327, -4.88089687186, -1.68454474009e-13
-0.49969542881, -4.01259709804, -4.88089690872, -3.36907965597e-11
-0.499695114204, -4.01259708083, -4.88089689075, -6.73819624631e-13
-0.499695061317, -4.01259706877, -4.88089687354, 0.0
-0.499695057004, -4.01259709405, -4.88089687641, 0.0
-0.499695076893, -4.01259702509, -4.88089687625, -1.01072298404e-12
-0.499695061751, -4.01259709271, -4.88089687228, 0.0
-0.499695056161, -4.01259709223, -4.88089686982, 0.0
-0.499694979362, -4.01259703517, -4.88089682674, -3.2006037979e-12
-0.49969505786, -4.01259709391, -4.88087623925, -1.07707827631e-07
-0.499695055444, -4.01259704985, -4.88089687591, -3.36907773548e-13
-0.499695060656, -4.01259709259, -4.88089687324, 0.0
-0.499695065454, -4.01259709895, -4.88089687317, 0.0
-0.499695068157, -4.01259709583, -4.88089687999, 0.0
-0.499695056973, -4.01259609693, -4.880896884, -2.4678036161e-10
-0.499695060297, -4.01259709404, -4.88089677434, -2.69525270974e-12
-0.499695060656, -4.01259709259, -4.88089687324, 0.0
-0.499695066076, -4.01259709948, -4.88089687974, 0.0
-0.499695075106, -4.01259715082, -4.88089689569, -1.17918452296e-12
-0.499695060653, -4.01259708163, -4.88089690731, -1.68455117919e-13
-0.499695128258, -4.01259708844, -4.88089684737, -1.17918323022e-12
-0.499695060656, -4.01259709259, -4.88089687324, 0.0
-0.499695066165, -4.01259707559, -4.88089654284, -2.8468409857e-11
-0.499695090789, -4.01259797388, -4.88089689431, -2.00126398238e-10
-0.49969508743, -4.01259601998, -4.88089694643, -2.88049842386e-10
-0.499695059614, -4.01259708121, -4.8808968759, 0.0
-0.499693182354, -4.01259701971, -4.88089687028, -8.97706388608e-10
-0.499695012435, -4.0125970875, -4.88089686297, -8.42271016403e-13
-0.499695064194, -4.01259705093, -4.88087718037, -9.81058645844e-08
-0.499695058398, -4.01259707531, -4.88089688563, 0.0
-0.499695053042, -4.01259712007, -4.88089687568, -3.36909326836e-13
-0.49969508899, -4.01259709728, -4.8808968652, -1.6845464244e-13
-0.49969506076, -4.01259708189, -4.88089686247, 0.0
-0.499695044349, -4.01259708033, -4.88089689669, -1.68454703046e-13
-0.499695091913, -4.01259701165, -4.88089687018, -1.51608207675e-12
-0.499695066353, -4.01259708603, -4.88089687073, 0.0
-0.499695059564, -4.01259709085, -4.88089686727, 0.0
-0.499696385128, -4.01259710476, -4.88089692097, -4.4101861007e-10
-0.499695062848, -4.01259711919, -4.88089686249, -3.3690927705e-13
-0.499695085851, -4.01259707339, -4.88089687472, -1.68454624205e-13
-0.49969506638, -4.01259708603, -4.88089687073, 0.0
-0.499695054643, -4.01259709085, -4.88089686751, 0.0
-0.499695064841, -4.01259706831, -4.88089676837, -3.03214958461e-12
-0.499695059895, -4.01259708681, -4.88089682559, -6.73814745905e-13
-0.499696179007, -4.01259702089, -4.88089688926, -3.146742254e-10
-0.499694874128, -4.01259133338, -4.88089689285, -8.37357856481e-09
-0.499682339897, -4.01259708917, -4.88089945606, -4.26294198035e-08
-0.499695075822, -4.01259711549, -4.88089685831, -3.36909108404e-13
-0.499695063617, -4.0125970826, -4.88089687984, 0.0
-0.499695064885, -4.0125970785, -4.88089688228, 0.0
-0.49969505836, -4.01259706673, -4.88089688168, -1.68454149396e-13
-0.499696379287, -4.01259709836, -4.88089673525, -4.41690795435e-10
-0.499695063119, -4.01259708435, -4.88089686023, 0.0
-0.499695065401, -4.01259708237, -4.88089687965, 0.0
-0.499695061171, -4.0125970759, -4.88089688634, 0.0
-0.499695063119, -4.01259708438, -4.88089689684, -1.68455054242e-13
-0.499695042986, -4.01259706882, -4.88089687111, -1.68453890031e-13
-0.499695063119, -4.01259708435, -4.88089686001, 0.0
-0.499696905307, -4.01259707538, -4.88089699261, -8.59474358087e-10
-0.499695073403, -4.01259708282, -4.88089692172, -5.05364879656e-13
-0.499695063119, -4.01259708436, -4.88089685772, -1.68454004233e-13
-0.499695063635, -4.01259708436, -4.88089687569, 0.0
-0.499695063119, -4.01259708435, -4.88089686001, 0.0
-0.499695063542, -4.01259708584, -4.88089706756, -9.09647899265e-12
-0.499695104119, -4.01259708402, -4.88089689348, -5.05364903198e-13
-0.499695063119, -4.01259708435, -4.880896861, 0.0
-0.499695063119, -4.01259708435, -4.88089686001, 0.0
-0.499695063119, -4.01259708435, -4.88089686001, 0.0
-0.499695063122, -4.01259708436, -4.88089684224, -3.36908310985e-13
-0.49969506311, -4.01259708438, -4.8808968647, 0.0
-0.499695063119, -4.01259708435, -4.88089686001, 0.0
-0.499695063119, -4.01259708435, -4.88089686001, 0.0
-0.499695063119, -4.01259708435, -4.88089686001, 0.0
-0.499695063119, -4.01259708435, -4.88089686001, 0.0
-3011.83950017, -2621.8752795, 3218.09849706, -4.20674228808e+24
-4161.61562456, 5968.64450816, 1633.23195559, -1.20311236241e+26
5506.57533249, -1232.71847081, -4065.93783202, -2.89520064848e+26
2056.93478259, -6202.73698349, -1180.78042701, -1.06746490203e+26
641.363241816, 152.536326443, 1077.16616598, -2.43698080264e+20
-3950.33163429, -2027.68985794, -2490.06783684, -2.57183688063e+25
-611.807069193, -245.195677473, 7247.04455851, -2.22406600014e+26
-857.238972979, 6994.1980094, 180.445080865, -3.45046976006e+26
6984.54707805, 2603.95529306, -993.547220066, -2.24488756024e+26
2690.71421754, -4436.20758832, 3804.98432379, -7.47039825978e+25
-362.707161381, -1744.17707626, 3565.71112618, -4.77225487701e+23
1117.35520048, -2473.8180181, 5316.22670448, -1.00850061977e+25
2486.53134275, -966.683131487, 4632.30357319, -1.52539767949e+25
5624.2946562, 1647.86166555, 357.069709369, -5.18252035307e+25
-4506.54377449, -4534.84156545, 1235.82218088, -4.42789584666e+25
2745.03374722, -3798.24153354, 5385.4452258, -8.47811852825e+25
7071.82036744, -1023.09386907, 3094.60165407, -5.78062079612e+26
875.334239131, 3617.93330127, 3649.63383289, -3.12099601026e+24
-8541.46719831, 2232.70254914, -2387.05108343, -1.12948532055e+27
4501.47463409, -2408.05667226, 262.778015674, -2.74551287786e+24
-3778.03274103, -2183.22870575, 721.31629916, -2.56947182865e+24
91.4257971574, 1610.70217811, -2842.11200176, -8.85843466043e+22
-3300.2652527, -925.765783655, 2809.01974339, -4.48958172003e+24
-4866.87397234, 3629.75281767, 4449.43282502, -4.61483099315e+26
3943.19158954, -3889.0868698, 6964.08833553, -5.08143635727e+26
3063.09684904, -5148.1431719, 7074.75376549, -6.81346774595e+26
5411.71267156, -373.641192903, -3522.89517312, -1.2992088589e+26
3334.78833818, -240.942791768, -4568.29425272, -7.22588688839e+25
2265.44177011, -1242.56941105, 551.536502827, -2.19627885747e+22
-6035.67870435, -1779.50927221, -65.2844633245, -7.97451350738e+25
1761.07960824, -67.3712409235, -767.09733668, -4.82709772799e+21
-1448.96254003, 2212.13968576, 3981.49867564, -1.31583283434e+25
-3714.79661484, -242.337826358, -516.881848282, -1.44718070955e+24
749.645933994, -2607.89717933, -763.065805285, -8.24663982983e+22
-49.1826490103, -3135.31342952, 537.948949754, -7.80978910074e+23
-1569.66750034, -3080.82798212, -2062.56318262, -5.63858546792e+23
-268.392735212, 7132.5030273, 376.472147871, -3.69776750346e+26
-1255.76359561, -1313.34718458, 3057.05861548, -4.18953174505e+23
-415.89793408, -3076.33944072, -5492.78941688, -4.31836524551e+25
-3336.51014453, 6707.30870391, 2121.65527966, -2.00944819413e+26
3445.47113797, 123.000603254, -2716.31339808, -6.29029022691e+24
-3450.72990642, 4613.90023901, 3512.88809506, -8.7603618678e+25
3702.6563262, -927.180750375, -2863.16264342, -1.4934111731e+25
634.732588871, -5781.20839776, 6431.79091839, -5.98823055103e+26
760.868485667, -2575.69011134, 283.082744985, -1.68711486378e+23
-2816.17306219, -7869.26335737, -1057.27342251, -7.04879961836e+26
-1941.10997381, 1540.62137808, -231.999852281, -1.23471556312e+22
442.406577027, -426.364599416, 3115.55000173, -1.32033255587e+23
-6221.6151771, 3911.0726594, -3707.52730009, -3.52944332646e+26
408.089337492, 4268.52859765, 7148.88194667, -3.98803047211e+26
2542.3235945, -1306.69192019, -2866.06262532, -4.90768579309e+24
-2801.19054451, 8270.09246299, 5012.4428263, -1.03523407721e+27
3939.1502422, 2929.34589163, -7752.86417069, -1.13285390331e+27
-116.006501722, -7089.18083661, 3826.98939796, -1.05436757899e+27
2442.49142592, -2471.0080768, 7003.94009567, -1.35566910428e+26
2.76137728887, -175.373254568, 5412.11890398, -1.64923925765e+25
5757.3786621, -2019.07243912, -883.544722829, -2.00636230849e+25
-3235.50128591, 1953.90119694, 403.020848318, -2.79205604888e+23
5933.31415697, 7309.36475203, -1385.95565909, -1.12610530079e+27
3733.9366387, 1440.93255787, 2383.81112647, -1.43239011932e+25
-1853.02746497, -182.345736869, 2530.71169525, -5.4751864507e+23
65.4661979398, 2793.15709469, -3758.18558611, -2.57374624663e+24
5887.09749402, 8316.74320573, 6474.1027555, -6.45346882978e+27
3427.94797634, -2201.72543928, 1384.09225622, -1.43703986301e+24
-3649.31151764, 4241.11988037, 2225.12857255, -2.29729515266e+25
4384.2655595, -2183.73017143, 2399.35463177, -1.57869753355e+25
-2935.84761469, -1069.57755402, -632.018857675, -5.17293873063e+23
4096.0236381, -1413.31077261, 108.375664961, -1.07875901965e+24
6816.48502486, -485.53460249, 3449.93543572, -6.2520041967e+26
3825.82639098, 366.378635418, 7552.38567816, -7.98980565639e+26
2197.82636226, 263.214875956, 1533.02879378, -1.8825156595e+23
-2142.63098441, 2976.3736433, -2567.53077083, -3.70352826509e+24
-7492.68381279, 5028.18499363, -7873.39409496, -8.49119574319e+27
-7548.58169577, 3015.60563089, -1105.81983679, -2.03443983384e+26
1703.62268507, 859.990387733, 804.387928294, -1.85192900602e+22
-1368.34865973, -3955.40883038, 5170.73748683, -3.88413570932e+25
-475.798183011, 7095.0463472, 2887.79291071, -1.77964735071e+26
-945.597615884, 2982.39466721, -2904.24963393, -2.80020476565e+24
2372.94729863, 2304.05229249, -6033.13936664, -9.43670308516e+25
-1298.85963272, -1503.1700817, -1567.51923053, -3.53968485426e+22
4436.49120204, 6050.00804783, 1683.05950074, -2.00605582841e+26
1715.51985292, 3568.11024198, -6835.45151309, -1.37415527762e+26
-4433.28029859, -5520.0039169, -6179.27293162, -1.1227339072e+27
-2969.35263005, -6541.20634157, 5095.18697189, -7.66442454016e+26
1559.21530444, 3578.28714762, 6571.52298034, -1.62732845591e+26
-5688.35679933, 1854.79743297, -6909.10341883, -1.69239083514e+27
-748.651109494, 3449.51924978, -2704.15354762, -5.89932324761e+24
3472.246049, 268.457826256, -601.170010206, -4.41988485041e+23
5511.16172392, -1831.46733542, 2857.95465849, -9.2109682794e+25
6231.82912652, 3847.11032112, 3115.54532943, -7.67638303074e+26
5543.72820702, -3544.89360758, -3037.70976978, -1.9871126597e+26
-4778.63789249, 6696.81610369, 534.889556249, -3.84363103138e+26
2760.06955755, -3020.14963603, -4158.8675826, -6.42837934909e+25
8035.09760566, -5205.57774386, -36.3520017202, -3.95325217519e+26
-4316.11002469, 1708.04592577, 4008.11377035, -1.26588052487e+26
6914.22472686, 2559.70818352, -5677.56424446, -1.29129919066e+27
-7999.7210617, 1566.13939456, 6343.38294424, -7.27213127505e+27
3455.77724225, -162.267811632, 7258.97828451, -4.59456090769e+26
-863.53810545, 3478.27731896, -4992.314901, -2.0995514631e+25
2388.45719998, 2004.3740089, 5700.44886762, -7.26136033834e+25
-5430.40156381, -254.389978726, -2115.01654755, -7.4593153459e+25
-5903.03644376, -4303.30125843, -2149.57191601, -4.16148827163e+26
6798.45897162, 3365.87234812, 5363.57647685, -3.1974212288e+27
-2884.32995122, 2664.23765204, 5657.10781274, -3.21722302159e+26
-606.576196756, -2768.44101673, 108.146707833, -2.17624578804e+23
-1086.52184379, -2622.08470934, -2220.57784119, -1.70110584298e+23
-3743.46662732, 4522.58844007, 6541.30124641, -1.70680263273e+27
4679.18413724, 5927.66428104, -8465.4864458, -2.51636863297e+27
-6323.47722638, -1572.66031795, 124.657464385, -9.61711146251e+25
7892.79900734, 777.132049229, -166.018972513, -3.97915284861e+26
-2500.2354361, -2889.9180729, 1384.56503759, -9.34344135139e+23
-4386.99510628, 1905.09329465, 1006.55241843, -3.63651088885e+24
-2936.44902396, 3282.57546502, 1048.38226247, -1.78796471213e+24
313.397081035, 7607.58552707, -4437.8845605, -1.98955701649e+27
7155.82997526, -2183.75480128, -3615.54249904, -7.51316953562e+26
336.16922289, -54.3025805529, 188.316939128, -2.45641340564e+16
1706.95314654, -2570.0529161, 4974.85423869, -1.12640764858e+25
-365.415988192, -725.43825898, 1859.02609911, -3.54667914582e+21
269.376906393, 1027.28533024, -5479.0979544, -1.55668875085e+25
4621.75427928, 2234.59034801, -6340.05229302, -5.70919144992e+26
-1409.76143228, -6608.87805918, 198.360356463, -2.26031295152e+26
3283.15801146, -307.500244289, 1021.79980443, -7.8569486067e+23
5374.90689123, -6212.46094493, 743.769570381, -3.77370373587e+26
-2511.25276171, -937.162202561, -1646.27558815, -6.26474944239e+23
3734.04101979, 1340.6106748, 737.265593896, -3.31398972938e+24
-583.403769276, 65.7333484594, -2742.63079312, -5.92315432273e+22
-6714.76393877, -3826.73509606, -5907.68485509, -4.15788961807e+27
-2754.99706743, 3177.99714384, 7796.94938949, -2.19968551182e+27
-7609.03145175, 1368.32761486, -2814.41503208, -7.43638650834e+26
933.658986197, 2201.40621743, -2233.86256577, -1.93546373144e+23
2824.22633879, -6055.23364346, 1719.83001597, -2.58864859027e+26
35.5009193119, -504.359026727, -1602.52776963, -1.8759155743e+21
-5557.19287861, 2500.79645667, 428.705182835, -1.2901731669e+25
-1815.60394686, -1348.47124557, 2943.02155504, -6.87822347265e+23
7547.82577114, -2757.03539714, -4973.73701259, -2.88328477053e+27
-4606.87605757, 6087.41531177, 2403.03935439, -1.86920263201e+26
6663.61942715, -8097.70064175, 2169.57671584, -3.94926688185e+27
6781.9857295, 2851.6404927, -4025.76577569, -3.46889997465e+26
207.866198919, 4811.56939277, 7350.71787278, -5.86661575986e+26
6426.71292301, 3554.34467358, -291.22808765, -2.16997408335e+26
17.9863303319, 1548.75532507, 3204.14820781, -6.14791938818e+23
-3541.72304585, 1788.42542498, 4948.3548672, -1.94710026088e+26
2034.25212063, -1746.63248846, 482.485800426, -3.39049865509e+22
-6633.38457211, 2170.33697874, -4228.39373488, -6.77016241218e+26
8081.27206978, 5023.04497835, -6355.8656529, -3.12172216115e+27
2653.28849207, 1633.32849142, -1228.94592117, -1.53664077679e+23
-1867.30638742, 424.586710899, 5846.91453208, -1.15179066359e+26
-632.760793057, 433.197939429, 885.218085673, -2.39732763723e+20
714.62536811, -1314.84605643, -1258.2998518, -4.98335344439e+21
-94.8090070552, 5956.30208295, 1969.56967892, -4.96929835516e+25
-914.758002703, 993.105901348, 2031.38618175, -7.43538850135e+22
-4481.33022311, 2559.17156094, 6010.4018462, -1.10718643814e+27
5051.36696389, 2585.02808207, -5498.91423843, -3.28547887062e+26
-6266.39825174, -1317.63136585, 373.689296861, -7.45326931444e+25
-3138.13613431, 2925.56441795, -7706.7051858, -4.01770529151e+26
3237.51127243, 4601.99399524, -1078.58346612, -2.30150597048e+25
3450.88293104, 18.717553642, 1047.49132044, -1.32707717256e+24
-310.915530426, -2723.81636421, -2248.05488453, -1.17798731165e+23
3295.9474576, 2066.69735618, -6199.21298454, -2.22324625968e+26
4477.76380714, -3133.28266931, 357.3642846, -5.25136435376e+24
2104.45358553, -453.172269894, 1406.69362603, -8.61049630831e+22
2889.8869063, 621.708289903, 5061.0478317, -4.96571320329e+25
4687.20174371, 64.2204777647, -4804.58645197, -2.37225047637e+26
823.172704499, 4663.84379404, -3087.32611968, -4.35027457905e+25
790.539594804, -5702.70577621, -1169.23423455, -4.68514771125e+25
1455.88209487, 5396.99393652, -2033.46499791, -8.37243366073e+25
-2840.34548383, -3111.39279475, -243.018626586, -1.85585153533e+24
473.116225257, 2496.85263551, 139.945371001, -8.01176692174e+22
-4730.95019329, -556.937376856, 2189.91123446, -1.2778017324e+25
-1832.45203329, -1171.29961774, -2237.58235966, -3.76223209304e+23
-61.5030427411, -2151.63521778, 3052.99328131, -3.70284297412e+23
-1889.28576698, 3604.99940851, 2855.00064723, -6.36225431074e+24
-1294.36470351, -4918.00409108, -3026.95462601, -8.47556050653e+24
1098.96186424, 1418.93346624, 3539.73233882, -1.10232348228e+24
-197.150558876, -8512.45864428, -3999.88791784, -6.70426723727e+26
6754.69536304, -4317.0400879, 3102.68724687, -4.04371108196e+26
-610.969378215, -6527.50806314, 113.263511457, -2.01698235112e+26
-188.698418464, -5242.71126391, 2243.00172476, -7.64529656082e+25
5712.46315477, 7152.88544271, -7864.79084723, -3.95946577358e+27
-3104.94838225, 1033.73457787, -2428.10093677, -2.79216056607e+24
4131.10582546, -6071.99075502, 2812.26327003, -4.76390460006e+26
4533.77617859, 5808.34198116, 3283.83029915, -3.04553531796e+26
671.258634035, -1305.89657706, -1333.14498868, -5.90285436473e+21
-2890.09677472, -6012.12783396, -679.51524409, -9.45597329433e+25
176.790882418, 5682.91020542, -722.487355229, -8.36610996602e+25
-173.166828768, 4155.72033068, -7194.50838503, -1.55632835463e+26
-2365.40439585, 558.947050906, -221.529417244, -1.8561622876e+22
-1388.39728667, 2955.5770036, -8325.31142107, -2.72696575233e+26
3944.76229511, 2351.27620005, -3732.67338349, -2.14801113779e+25
1106.98177033, -4455.96974414, 2637.99188409, -3.29253031635e+25
773.60617256, 5263.8398813, 5274.75452132, -6.14106905249e+25
7494.3399157, 1495.25272734, -4650.67105004, -1.06097468849e+27
-540.526465728, -1071.6332605, -819.242614354, -1.54955352313e+20
6673.18371015, 2436.89013886, -2618.5497087, -1.53195686179e+26
-19.2225430907, 5552.079555, 94.8315126409, -5.29850775451e+25
4594.31278417, 1712.33718536, 2332.31266868, -4.78518006844e+25
-9.78644198366, 475.912213873, 2497.88119477, -5.21627472574e+22
-2976.19025295, -282.222322068, 1218.55844447, -2.45534870177e+23
1099.67170835, 7835.03314377, -2254.13757504, -1.43445792637e+27
-3271.24598467, 8785.51875974, 1934.71579926, -1.70122993419e+27
4803.30848611, -3200.00915805, -3272.547463, -1.28953280905e+26
701.288300817, 4111.56376491, -1569.7777197, -9.72960337057e+24
-2491.79610503, 127.821392445, -4613.022755, -1.73911206704e+25
1246.74276397, 343.418740615, -2718.965636, -3.11507942128e+23
-1347.35787262, -2126.42473721, -6859.96535858, -1.52300503767e+26
4428.24983686, 1155.66239287, -5990.55204362, -4.69404904538e+26
4815.06760771, 4576.68288764, 4703.71375615, -5.65333304919e+26
-978.849606537, 5854.83377454, 622.555406656, -7.21664720591e+25
-4694.3622749, 4742.67351341, 1465.81843547, -4.51018239864e+25
1818.63614061, 6326.9476058, 325.108875335, -1.38644490027e+26
-2602.5702786, 4212.77228176, -2991.45896982, -3.81931554331e+25
4203.82438019, -3260.9614306, 2154.82528735, -1.6556474531e+25
-1407.21188584, -4705.46893777, -3311.18397507, -7.32104958231e+24
3076.72001295, 684.751704705, -2182.57592147, -1.33260600023e+24
-593.307783343, -2455.57877108, -5767.65356022, -4.85012084496e+25
2121.77174486, -5375.43306389, 4161.45028395, -2.32943703669e+26
2627.53962142, 4730.58096667, -5269.38871129, -1.14844650006e+26
-2469.29167324, -1060.80379377, 116.204118574, -7.56970572599e+22
3669.42034704, -436.81948808, 2276.84865743, -6.63776407083e+24
-6059.49655906, 271.259883147, -3470.56015167, -3.28431159197e+26
4831.98021039, -8306.1159136, 3712.48638739, -5.02831952935e+27
-4266.41701272, 7020.54518889, 8465.97789914, -1.28463598195e+28
3192.33155384, 775.152795141, -1363.50656318, -4.44399933383e+23
-5063.83162701, -5457.88494969, 1449.23234854, -1.55988881847e+26
5915.02694985, 7628.52914832, -4018.57966519, -2.03658842147e+27
-2840.17589703, 1940.40709425, -2198.50847857, -1.4043492361e+24
1335.05296292, 2744.33220429, 4006.04300466, -4.66430510389e+24
3528.37163202, -4766.98254673, 3289.77882994, -1.16102263081e+26
1317.81286889, -4464.34067768, 3892.49386731, -5.72596072607e+25
6058.17372003, -787.927396982, 256.055217813, -3.50860422829e+25
-310.773645422, -5540.53533936, 8046.7806648, -7.68867188751e+26
15.6937813315, 929.191255688, -632.138352301, -1.19535553159e+20
655.716808885, -896.912502158, -152.908986913, -3.5083350694e+19
2374.2140364, 7320.55566738, 2235.00893049, -2.92718246108e+26
-7195.11032397, 3597.86230129, -1488.06872998, -1.8320862266e+26
-4068.07851634, -1476.2769587, 462.356282984, -3.04857010668e+24
-4570.60344902, -2543.84816992, 6356.98623734, -5.26731314367e+26
5491.87522971, 2822.67526553, -7272.4809782, -1.8083010515e+27
-6827.21596249, 6476.8067004, -2066.12591014, -1.07863377474e+27
-3205.00329342, 937.769669215, 3172.29540321, -1.36934270431e+25
-626.432014368, -4744.24738104, 4369.59916491, -7.8450755865e+25
2846.3529425, 587.53045833, 3968.47081811, -1.58874819549e+25
3412.83390253, -172.105825066, -2950.15019252, -9.49537285778e+24
-6157.74982544, -1056.68098733, 4492.63517243, -4.04104431503e+26
167.736822434, 8283.75743951, -2517.0126072, -2.38723791309e+27
1115.17165474, 3564.65873227, 6586.89671348, -1.61097792659e+26
-2560.23868847, 1412.98497233, 3314.08676884, -1.03654482006e+25
-2048.8400342, 859.856791508, -2459.83926411, -4.39209370652e+23
-3551.3728378, -536.701543617, -296.103533104, -1.01035851552e+24
274.691631154, -3445.80444254, -1377.82018564, -5.57456779131e+23
-3809.45748971, -613.751938054, 5374.5857735, -1.9590992978e+26
-2055.01939993, -3780.40919469, 2438.16048563, -7.70099511579e+24
6286.19504542, -3208.37677792, 3809.65042031, -3.62951214998e+26
3157.92398036, 5753.80036931, 5584.21627014, -2.85130439038e+26
272.244470291, 1163.93030866, -819.878966371, -6.97945143094e+20
-4518.28037817, -563.841194723, 242.57589302, -4.52624181995e+24
-667.601974337, -69.4771192822, -7156.94954157, -1.33640877253e+26
-1646.73633121, 2363.3844969, 3127.59466727, -4.36143224298e+24
-4735.01289942, 7544.23785532, -3150.67996203, -2.33620490011e+27
-3020.29086843, -722.169381979, 889.529986275, -1.98811584659e+23
-5168.61953687, -4947.96874005, 2401.44069876, -1.08802173003e+26
5786.58974074, 1353.04514583, -1537.34849857, -3.48814103123e+25
-6434.21944111, -7906.16420549, 2168.45071028, -2.22763899806e+27
6675.85434174, -6435.05203015, -3415.67125024, -1.2755814205e+27
-3240.52055903, -2259.69431492, -2194.72471946, -7.69987757964e+24
352.271753115, -18.8943583192, 963.335541679, -2.50174726148e+19
4937.75212667, 2168.75056235, -428.772009979, -1.82256537938e+25
-1208.80653801, -2832.70204375, -5292.28646925, -2.77712245386e+25
-3565.70391858, -926.92492909, 3573.91252284, -1.79198177792e+25
-2238.05678893, -3807.03362474, 5548.04903091, -5.64512471104e+25
-2109.53326418, -1079.26185816, -1496.4270134, -2.17904438552e+23
-3747.46193081, 2010.28930005, 1318.698778, -2.47089300317e+24
4110.84964966, 1278.73537716, 681.680129973, -5.89742586307e+24
-3996.43625024, -3239.35973865, -1755.02577105, -2.56733813637e+25
-914.618596667, 324.379295206, -1198.650001, -1.01908492497e+21
3087.29050259, -4382.72594572, -247.16922921, -1.3173467229e+25
-1319.67569695, -512.828340351, -1447.27824138, -1.54995406202e+22
4454.31868072, 2442.44958053, -29.2411888478, -1.2367393422e+25
1907.94332618, -4166.33430182, -4868.61679402, -1.10007890858e+26
-5769.33287606, 7294.53969856, 2446.29325794, -7.93862900949e+26
-2237.67823382, 2281.55349634, -1446.17974845, -4.37490143845e+23
1029.92883873, -3949.33045406, 4504.03218801, -3.34713458954e+25
-1839.58314812, 3793.45733952, 1851.73857244, -2.2497184958e+24
3298.94035153, 1122.27029979, -7927.39192704, -1.3461927124e+27
-760.932562256, 4809.81834164, 2193.79266309, -7.91453800859e+24
872.283676893, 284.105391713, 2653.46738465, -8.04235826957e+22
-5744.75032366, 3285.74618581, -2560.96231207, -9.35545212339e+25
-2845.26669707, 755.982180262, 459.804816304, -6.95350056265e+22
5731.5292383, 5814.04417817, 1481.16362331, -4.89637330755e+26
6987.53897006, 3783.09521164, -105.062260613, -4.38101496234e+26
7655.63770101, -1808.34396798, -4016.55980607, -1.30534688026e+27
2488.81921896, -3961.81803335, -671.145448517, -4.34816575823e+24
-5384.42216658, 7210.59169189, -5712.54910799, -3.96771062161e+27
1677.93551737, -1871.23148889, 1448.49586185, -1.01073093138e+23
-4577.97931878, -595.041321392, -1076.24153675, -1.2262017915e+25
-2478.90375377, -2643.15982023, -2662.52566644, -4.06367420175e+24
-2690.79883915, 2019.24805656, 4675.07017039, -8.34612628377e+25
1554.10593629, -1874.42183019, 826.431048057, -4.58895702686e+22
446.28851398, 4719.21903029, 363.280327546, -1.25793640145e+25
2638.35866024, -261.839504731, -7028.16094129, -5.83567559018e+26
-5065.04152736, 5089.96321769, 2418.47300255, -1.33905732563e+26
681.445481092, -1400.96460717, 64.6276285825, -1.33263349094e+21
-1377.10603174, -1697.11100794, 1460.29843899, -2.22162048312e+22
-5711.10761805, -4933.75554197, -3727.96143857, -8.38963930268e+26
-180.785517793, 6580.93565463, 2557.07632497, -9.92319245917e+25
-1514.24289913, -5160.27113674, -4016.86282612, -1.87125444897e+25
62.4809997867, 5059.67066671, 1325.63456349, -1.53663289251e+25
-4381.45798587, 325.592032622, 3310.77156642, -4.16985853811e+25
-7665.66237665, -5364.77211971, 1171.53231384, -1.10152092697e+27
2186.06072487, -12.5635958784, -857.118150711, -2.08867683633e+22
-7334.02001443, -4119.55086572, 5940.00711574, -1.63254820304e+27
-1483.96661468, 3745.58497656, -2874.49721471, -1.29148246183e+25
-4534.20794461, -469.765748009, 4422.80381694, -1.29879366952e+26
3231.92910743, -2985.81308851, -6034.57046834, -6.07703025879e+26
4089.80778567, 7704.3307646, 1678.20729761, -6.73502579879e+26
-2824.68089155, -532.637664505, 5988.7650778, -1.94249942658e+26
4771.89327063, -8091.57678584, -2048.06195669, -1.11466112921e+27
3712.93687606, 2154.88924288, 2872.66167685, -2.64738763816e+25
-1597.1859, 953.787153533, -2695.80883256, -2.55753354769e+23
-3652.61785068, 1045.9611742, 4683.48881765, -1.31344573555e+26
2542.04729268, 5218.60270276, 4.7631796317, -3.58779380563e+25
1698.40526858, 7503.5510419, -8450.38859211, -4.34138790971e+27
-3249.9917201, 669.837832827, -4046.63492699, -2.26321290242e+25
1855.69855709, 4069.79266797, -2595.60035343, -1.35961066736e+25
-5828.93810158, 1896.87181145, 3543.42340283, -2.62761137879e+26
-3175.15707672, -30.2711308595, 2679.6622983, -4.45246972817e+24
240.95882054, 348.484109936, -38.2094486595, -2.16358718523e+16
2028.85014647, 869.399433433, -478.452371252, -1.15732038414e+22
-509.578706609, -4977.76381056, -1972.65530266, -1.02926316848e+25
3598.83611997, 2941.77247942, 2335.57031762, -1.92971938007e+25
1726.13946656, 5433.09303654, 2080.92775046, -2.39236479585e+25
-3676.89720205, -3397.32102011, 1033.26141779, -6.08136325233e+24
6265.49418283, -4380.86522431, -3569.19998502, -6.45286860885e+26
5003.6543054, -5379.52796039, 3777.20926237, -4.33574856369e+26
-4374.69869962, -2909.18023973, 3803.21751475, -3.31559797715e+25
-5286.58348268, -3565.58644996, -5825.07040865, -1.31313455684e+27
291.426030658, 2511.59752301, 7732.09283421, -4.92414032127e+26
2442.06990889, -7628.99970623, -1402.37156607, -5.61405365875e+26
3930.43441659, -2914.41432884, -1111.6824474, -3.90446755725e+24
-4258.05069215, 1348.74538739, 29.9354819281, -1.422118247e+24
-5798.0526689, 4185.24549937, 4562.36211802, -1.02764592588e+27
-1179.00947725, 6076.81275017, -538.588926208, -1.46441022208e+26
-4121.92340335, -2809.04270013, 8286.3160946, -1.9616389518e+27
2633.5055167, 3785.76051277, -3474.82157639, -1.37451355334e+25
4594.77005574, 1851.99073079, 1597.85857058, -2.99448612856e+25
-1980.65313552, 148.262783616, -3471.04678569, -2.09255000986e+24
-1802.17573607, 1872.53672368, -772.736940071, -5.46469077085e+22
-2446.44315381, -129.235360896, 1390.87406509, -1.22298201109e+23
1516.4734363, -3759.34739305, 3010.02934757, -1.4084120196e+25
4215.55132502, 5418.83893461, 4129.54475862, -2.90185240216e+26
4230.51685558, -5877.84802649, -2041.20224204, -1.16239430707e+26
-266.916481579, -2766.13820639, 122.43365793, -2.20337271808e+23
5781.59915372, 4899.84244819, 2783.50072625, -5.81811270766e+26
-1442.17284901, -1474.79240235, -5471.02995575, -2.59081914787e+25
-1763.7048191, 6407.27812893, -5616.33148053, -1.02836190228e+27
-186.980355562, -5944.40921497, 2594.46272924, -2.12552951795e+26
-2219.96650824, -4345.12131497, -359.803606208, -7.61466473313e+24
2523.00919681, -3111.22629819, 2298.69110263, -4.7112418453e+24
-3389.68267414, -5106.61437281, 5042.77248394, -1.70975777731e+26
710.032647861, -8722.56402699, 269.020907668, -2.21349305565e+27
-2650.86273108, 95.960500092, -5531.6571183, -5.32731988678e+25
-4328.20819068, -1063.06219332, 4210.26050673, -7.46344737762e+25
-5136.7446421, -4725.93136313, -3515.00070897, -4.22509297282e+26
8271.31448773, -6386.76893848, -3636.8750983, -3.44699321737e+27
4193.97355675, 6834.22365032, -4185.75994859, -8.5278925812e+26
-3327.93577694, -1878.81374618, 4007.97005032, -1.86683224955e+25
394.085835023, 2187.65165801, -4398.07163939, -2.47892152472e+24
4209.39958, 3109.80048614, 2857.84690766, -6.60496922391e+25
6857.90911319, -3770.02837052, -2506.86731478, -3.46667184154e+26
-814.570418323, 4389.81639237, 1585.64458891, -4.41172337371e+24
-2580.04025223, -5556.43642888, 1940.36152645, -1.01806561924e+26
6435.71234626, 425.518438391, 2166.60884564, -2.4360073192e+26
-6216.93113432, 2921.10676954, -4856.36797914, -6.78529930313e+26
6581.15986559, 5996.07854082, 1771.53012877, -1.16899989738e+27
3215.87392998, -893.944979059, 1253.02445178, -7.33661821067e+23
-528.379707086, 3720.17464841, -2451.52241943, -8.20827800106e+24
-2321.5382723, 2726.19354835, -536.772395942, -5.97806938523e+23
-2577.54095563, -6006.98372624, -1107.37836822, -8.00849201562e+25
283.936670672, -844.420352102, -3196.67217662, -5.39993253034e+23
3599.62599922, 3075.26375178, 3431.00759359, -4.67853060655e+25
-3885.40217635, 2443.10830134, -2610.80923391, -1.09716840342e+25
-7602.04838776, -1606.8342633, -3976.8911757, -2.27871671486e+27
-7555.25258372, -2569.98463083, 816.795725503, -4.12396737859e+26
-4248.05862203, 7128.56929739, 2296.3042351, -3.94992196077e+26
-2989.91198716, -3132.81164271, -6128.39236925, -2.16006041963e+26
2812.84499472, -657.733761302, 1260.33223539, -3.41308398401e+23
-344.041189768, -1951.49528512, 4777.20989877, -4.29542912548e+24
3795.21564458, 4020.49213004, 3488.54726946, -8.17221023731e+25
3931.72760805, 6310.47617044, -4738.16524085, -5.69891230748e+26
2024.8998885, -3983.29687919, 6461.01409077, -1.29598202065e+26
-4963.14206421, 2705.53507181, 7432.83737126, -4.28877453378e+27
1802.36743081, 6480.97771843, 1367.65301723, -1.25627450165e+26
1194.58240359, -14.4029988227, -2218.26169196, -1.02263336942e+23
-2206.06125357, 5574.97693394, 1083.07325938, -4.81281855198e+25
-3875.58365924, 2606.7564783, 5252.89899853, -4.00629345085e+26
581.473610548, 1844.92365417, -2105.69577281, -5.97688323292e+22
4313.94699929, 2584.82514425, -451.159646919, -9.01560161404e+24
202.003781431, -2567.54690536, -7784.32734959, -6.16751136793e+26
4226.00283305, 3364.97937288, -2794.12221658, -1.41767408434e+25
-1430.5321477, 2768.19212964, 1190.73957857, -1.79332008882e+23
4661.26691354, -7208.43048878, 1305.74324279, -1.03932074524e+27
-5340.88391876, 2358.95800559, 1044.43747747, -1.48190980756e+25
-4762.89916235, -2341.07448281, 5886.49172073, -4.06115089039e+26
4457.16265378, -793.689995225, 2130.8182609, -1.64246859208e+25
3915.18977492, 7639.05783927, 1710.19288471, -6.01306879732e+26
160.250995826, -3610.62708709, -1353.73942372, -8.35122160701e+23
796.393294898, 431.034930414, 1279.08515825, -1.32967580911e+21
6174.73276623, 351.853523588, 5252.00163535, -1.19818000647e+27
-5945.98358468, 388.980432589, 6787.46616918, -2.90200952737e+27
140.121165517, 3571.85706805, -5186.76239474, -2.30070713053e+25
2268.43937671, -1815.8241124, -4341.75669309, -3.75040143076e+25
7260.53218602, 2355.30524003, 2220.93618585, -8.88127684291e+26
-5341.73851215, 2402.54738187, 3193.18100255, -1.46727048152e+26
1792.52198492, -6048.82756656, -5107.39924632, -2.37505801678e+26
-4319.80916571, -1404.07060314, 3689.69946132, -3.72355672184e+25
-1166.5022909, 1503.04252034, -3446.54782904, -4.76285368578e+23
-496.16340338, 3179.30488314, -6207.25445303, -3.44834400738e+25
370.511178436, 7166.02129719, 6072.37723859, -3.38502879716e+26
-6635.92562306, 5336.66797693, 3630.26884596, -1.0648974184e+27
4940.8030602, 1674.04867288, 1733.46714916, -4.84393278195e+25
5290.15948091, 1534.2585173, 645.369744424, -3.72484559591e+25
-5925.44752551, 493.830482139, 4102.89877237, -3.3976147011e+26
-6168.3060471, 604.125935085, -1041.23436605, -6.77723321346e+25
133.905835701, 2477.6568749, 428.083745128, -6.05220827036e+22
-5779.17556078, 4496.04062899, 5862.58833043, -2.8926090189e+27
6487.13003929, 766.978443079, 3563.16016022, -6.25919793854e+26
-209.907250754, -3366.70314124, 3480.30158077, -6.29046814468e+24
705.033273265, 1462.92065218, 1518.90649289, -4.88303285995e+21
-2762.95609672, 438.772287731, -6671.29795411, -1.58602867982e+26
-2423.83483387, 274.3441532, -3586.96363136, -4.72609789485e+24
-3942.37455335, 3282.86858871, 4572.71156809, -2.56721123383e+26
-757.30374478, 5170.93331875, 3662.41802053, -2.05382099201e+25
-269.379010437, 1911.09766202, -4356.79786126, -1.60513474415e+24
-517.235051179, -2629.62939291, -6882.13852385, -1.94604413872e+26
1687.15419783, -6603.7632908, -2383.0436212, -1.21825500796e+26
1983.04486529, 1462.62757676, -1205.22599636, -2.53092701502e+22
4728.38201159, -5616.60051016, -1027.72613718, -1.04818040099e+26
880.664886007, -2572.92384166, 1952.37253839, -5.92199903661e+23
380.269966679, 2025.84610138, -265.529305955, -2.13930389489e+22
7571.08607894, 1143.97358399, -5756.00208091, -2.54972522634e+27
-414.555733844, -3378.75270308, -1542.03584054, -4.19258283455e+23
-2342.58404615, -1188.87666492, 1461.35326313, -7.76436121948e+22
2960.28604199, 1037.50172297, -501.996021275, -2.13054489326e+23
-3636.2587632, 3524.06063772, 5038.63943936, -3.49024162178e+26
-753.808129243, 791.63796206, -3230.45498605, -1.71469556101e+23
-250.982696665, -36.1371358409, 504.581719282, -5.75540769231e+17
6168.14857381, -2116.25339846, 401.043937278, -3.1404540035e+25
-418.800373621, 4670.38354206, -1154.23476342, -2.29747436819e+25
273.0931549, -2665.01060917, -421.084529386, -1.15330499886e+23
-938.512084272, 6281.89249095, -3398.50023972, -4.39984342441e+26
3160.10570649, 6505.89033793, 309.610915843, -1.95541240945e+26
6062.85459545, 1728.75734032, -2137.75693158, -6.10677215666e+25
2754.82498114, 7073.67459038, 5217.88525576, -2.91230313926e+26
4549.93700741, 2335.05426469, -1054.14990842, -9.10869823743e+24
-526.400782057, -1294.17669231, 482.765729955, -9.05423625662e+20
4285.44764482, 3999.4376105, 1775.98327124, -5.32136322025e+25
-3689.61612824, -6261.37055938, 3837.6061582, -4.19335877926e+26
-2662.29091506, 6983.20291739, -3173.83728584, -1.04288968805e+27
1170.94062001, -2205.48363476, -600.220533865, -2.99534849137e+22
-977.459716463, -3143.82511647, -3435.02655662, -1.71554151383e+24
-3676.36971554, -264.317533596, -610.137822725, -1.48299283376e+24
-2573.59549351, 517.148296847, -652.498604733, -7.45125631941e+22
7503.88888865, -2201.18244228, -7293.29939477, -1.14458429159e+28
-5865.25566576, 821.309903035, 1701.67559149, -3.70424239018e+25
6762.00831936, -4075.833447, 2328.6689656, -2.36504796939e+26
3710.62674017, 5944.96938785, 1127.36909055, -1.10268426871e+26
-734.030901355, -299.240327974, -168.790673985, -9.03316561066e+18
-4239.59139548, -680.531633591, 1665.04097602, -3.77687066391e+24
5002.47263958, -1222.58492928, 4969.1951564, -2.95872048745e+26
-381.828789058, 3124.92661931, 3413.38702265, -2.90974196464e+24
-944.256812599, -758.184472361, -3752.1071318, -1.11444934866e+24
-4197.35042396, -5738.9254731, 1920.23613747, -1.5634019338e+26
1208.87180662, 347.454969537, -2385.33062448, -1.28387457322e+23
3394.94745201, -4220.47766844, 3927.2575055, -7.98058149691e+25
-3188.14206548, -5355.59639766, -2038.32322897, -4.50328738845e+25
-2251.99001261, -2752.28934019, 1420.23192338, -6.09398440471e+23
-420.054223994, -122.987780783, -2720.06035585, -5.86642851855e+22
-225.439939683, -6871.28541724, -6.79276512556, -2.97048993397e+26
2995.53206359, 1938.37205658, 7876.08870762, -7.12932733469e+26
2384.75023971, -86.7122530994, -2152.30625948, -6.38314832601e+23
-3023.69989714, 3012.95420641, -3541.67640997, -1.47209408985e+25
-2889.69631541, -3640.71827847, -1194.67607122, -4.92039982894e+24
1204.88030599, 145.81973602, 3097.28695517, -3.40526746212e+23
3570.76740263, -1104.05982863, 5000.41311538, -7.46084831795e+25
-3340.47508596, -79.0527613887, -4789.88405659, -5.78017521577e+25
-2503.9120727, 2319.89812072, -3509.77402269, -5.01237681999e+24
-279.542663506, 6454.78678813, -259.115744312, -2.0049627223e+26
5173.31424538, 3012.05872848, 5636.39773562, -9.85902120733e+26
-3318.329831, 2843.08106503, 3978.87100958, -7.69184751254e+25
4618.07818183, 2329.27060226, -1507.49182188, -9.46747853926e+24
-4387.04965989, -4022.4580535, 1280.54115026, -2.41592218099e+25
4307.0523666, 2286.45098623, 1668.00464424, -2.5027434356e+25
2362.89034492, -257.127262216, -1509.6959868, -1.7014819409e+23
-6751.61960801, -7550.62648294, 1498.8152117, -1.86397566917e+27
-5582.33678681, -2952.32778656, -6179.5387547, -1.82973281596e+27
-6862.05435249, -627.344364783, 1099.83042482, -1.04827640925e+26
-4256.31944887, -7796.12291227, -1521.41404359, -7.79319370033e+26
-5666.40794564, 1642.74744383, 958.701512529, -1.79367158273e+25
-1124.79400667, 5974.09895143, 3675.3678208, -5.24825027405e+25
4866.40451533, -2441.98780505, 261.066594309, -4.75338438306e+24
-8144.96182952, 4289.77751934, 5203.50300984, -5.90326651742e+27
-2272.10884166, 2430.13784099, -4369.39267732, -9.82434724311e+24
6093.28153343, -728.831582293, -277.923179961, -3.0776978669e+25
-464.81090992, 1165.27399903, -7634.09699024, -1.75542817086e+26
-3517.5951458, -6016.31500988, 5825.47936858, -5.77611879501e+26
-4255.44463929, 3792.84874928, -353.406483251, -1.10700492551e+25
-4104.38600513, -3530.7786302, 3015.66221292, -1.61912561591e+25
202.065278779, -6893.57593648, -2946.67625034, -1.34260192519e+26
4731.5863665, -2064.19762331, -495.216391157, -3.80239495847e+24
1180.42869885, -1584.0843374, 3124.93451826, -3.07107807432e+23
-2480.81290712, 3401.04672309, 411.895760776, -1.63961537552e+24
2331.15258557, 1047.41530415, 4463.96419069, -1.54838700937e+25
-2929.19066156, -1025.28344097, 1431.7672529, -2.76778593628e+23
-380.086753943, 1715.23770625, -436.221610992, -8.37431747397e+21
4039.54377531, -4439.15401566, 4358.26540973, -1.65671677986e+26
-571.879106672, -612.251800241, -3797.79938902, -1.0385534763e+24
1808.65079108, -6178.53524923, -5259.93726573, -2.89164063625e+26
4579.39711043, 700.821738426, -7639.6883594, -2.21996450818e+27
-5424.49316562, 7055.07813428, -4739.80931459, -2.71194361794e+27
4713.6898465, 629.65577151, -6102.63984231, -6.95903653771e+26
-5347.62436216, -2021.22598736, 3586.64953359, -7.63479208571e+25
7568.2330036, 549.751148088, 2307.83554588, -7.98181744524e+26
134.974037406, 652.932842922, 4007.43430806, -1.95765284099e+24
5628.99164224, 3648.25671291, -423.634107465, -9.09585091978e+25
2989.32503711, 6371.14947211, -8547.86949829, -2.0958932068e+27
-2949.73480446, -4699.24117099, -2247.1433293, -2.06446629849e+25
-4110.90701905, -2701.79163899, 6388.87290879, -3.93891781793e+26
-2269.23304542, 3084.41150568, -1589.6008845, -2.543779351e+24
-4814.32764129, -8817.10035722, 1858.31365599, -3.41099340111e+27
3390.476437, -874.34512189, 1030.23572976, -7.79385556605e+23
-1368.80401946, 1250.62310672, 6367.85480678, -1.8931603926e+26
-3087.21944779, -7121.60139451, -1147.13764051, -3.24469524212e+26
330.041432211, 1506.54806049, 7110.6495697, -2.02482238242e+26
-5516.83135172, -2503.53442627, 2183.63639708, -3.71679227653e+25
-4996.53068534, -7006.29175061, 760.229349227, -6.03127550318e+26
-968.061529096, 2717.9793616, 3105.83011764, -2.40595599307e+24
5560.68612542, 5012.77878932, 5470.01329248, -1.73249922884e+27
-1376.67228095, 784.29238006, 3290.63652071, -2.17904098821e+24
4766.39146174, 1672.97966742, 1356.36970544, -3.00272329304e+25
2533.58972239, -2379.76729875, -8493.45200355, -2.9246009122e+27
3545.67661318, -6454.21532416, -4786.9735621, -5.65897745939e+26
394.774815397, 1887.77015952, -1380.86824479, -3.51018613169e+22
2031.40273105, 1506.91870076, 362.127136914, -5.42846992233e+22
4024.6467028, 1028.99871431, -381.51950365, -2.23871083607e+24
-389.976715087, -1067.24181924, -4106.89105061, -2.43286146875e+24
-1230.13088523, 4128.13229532, 993.87361573, -3.64817569145e+24
-580.672153199, 2445.48069333, -2344.57839584, -5.20474607363e+23
-1017.75455282, 1314.90579301, 424.857817657, -8.34579546929e+20
-6802.74913776, 8458.61853017, -1050.20602998, -4.13557877817e+27
38.7498090797, -110.139480079, 7119.51972816, -1.5016574736e+26
-2616.11091262, 1049.23590917, 36.2808160484, -2.80153221551e+22
-398.002260501, -4762.36066073, -4766.85597461, -2.9578340969e+25
-1564.47334174, -1083.64022787, 5555.271882, -4.20994230882e+25
-4196.19159574, -2675.42485433, -2518.54266948, -4.48617446249e+25
-4688.34538202, 4662.95677282, 6248.04515061, -2.26372242962e+27
-1265.03389904, -6504.99887136, 3574.20845813, -5.08871050036e+26
-672.401943731, 6217.35736474, -2368.32963061, -2.94329049941e+26
1045.27449732, -4250.32820607, -567.622510261, -5.46826352034e+24
6226.11032694, -3276.55068714, -2166.56918314, -1.39054313515e+26
-7222.06568074, 2103.63271485, -2403.22031473, -3.62350795336e+26
419.14561225, -3743.62385429, -3416.01716777, -4.15238568708e+24
-2363.71351571, 6375.20564766, 6723.85409868, -1.46569518467e+27
4161.20828394, -295.725935522, 499.163684709, -2.53903328576e+24
1568.69725856, 8656.59666547, 5443.13983188, -7.07687750199e+26
1765.13508965, 4325.24586192, 2983.13615294, -5.43473304975e+24
-3420.1502947, -6632.42646235, -5256.93328196, -3.88523243914e+26
-2609.61245072, -1763.74674631, -3779.25964775, -1.23995969276e+25
-1156.58503119, 2649.06652639, 5576.06977492, -1.00119545127e+26
-3190.58348779, -156.662637837, -2589.68318219, -5.26151168505e+24
1065.0715558, 1846.10934562, 3920.6971885, -2.48659663046e+24
-3227.10824011, 4013.6092519, 2876.99423545, -2.8382459534e+25
-7755.44113881, 1688.72242751, 2339.51683814, -3.94672362187e+26
467.777071104, 2937.32637324, -6185.41399101, -3.531319027e+25
-624.814093844, -5432.07266004, 1214.60570517, -6.82079918477e+25
3651.50038763, -3280.53054366, 8645.78958867, -1.09754323026e+27
-501.240249948, -8168.89510658, -1994.31772748, -7.2823913924e+26
6160.96128248, 380.743743618, -3002.18258214, -1.27277806467e+26
-2606.16613337, 1160.30921387, 1516.26275621, -4.2858177114e+23
2916.96651633, -552.266916786, 1527.46028248, -6.61800567385e+23
4023.50076885, -4048.03032139, -601.914884863, -1.10090211581e+25
2879.47670263, -830.215224867, -183.37952269, -6.27104870146e+22
7068.13800199, 3238.05718469, -8072.79498381, -6.52731157505e+27
81.7847223803, -2768.91071793, -3382.26149095, -1.750861419e+24
-1316.67289264, -5554.35667877, 3269.04514404, -1.52455189426e+26
-2392.66150769, 3630.97266517, 3230.07081337, -1.77120462453e+25
5752.31150943, 1689.98944791, 1634.37228544, -1.21556862666e+26
-1119.19126822, 2029.22837953, -5842.50583794, -1.67724051588e+25
5031.49337308, 4297.88365684, -4390.70843222, -1.21787590125e+26
1117.69529854, 6047.28316058, -831.4867362, -1.36140713073e+26
5355.91053063, 1465.08847607, 942.579837164, -4.67507969685e+25
4006.53623384, -3346.39385206, -1411.82385841, -7.98965620971e+24
-1929.32077423, -320.234478159, 4026.71594456, -8.4874056356e+24
-1793.85153511, 5451.67292515, -3040.20436961, -1.66729156441e+26
-5504.83408448, -1879.25937802, 3154.23651992, -6.18227690176e+25
-7501.85832565, 138.686623695, -6659.70368379, -6.10222669153e+27
3655.81386683, 5464.09525839, -7412.28062692, -8.26457889084e+26
-90.258840383, 1461.64109432, -5770.6749533, -1.73416734644e+25
2172.87912362, -939.644932767, -2851.85713883, -2.66554551796e+24
-64.4791476912, -3671.06919255, -1221.72761866, -1.01914696567e+24
-3095.49452181, -7236.57569849, -6701.22113121, -8.47127734297e+26
2981.08722134, -3595.67155733, 943.424611277, -5.93447397094e+24
-2117.63372137, 4292.86930106, 2537.92638784, -8.60442558215e+24
-1579.30883971, -2232.05199169, 862.517032469, -8.45001336554e+22
-1820.64374277, 1849.05130514, 3793.65715523, -1.2138122346e+25
2707.20545168, 4442.971985, 1190.75843196, -1.01722109645e+25
609.145350047, -3766.12521583, 1127.24659254, -4.68454300515e+24
4461.32269666, -3412.71893444, -5395.85629482, -7.82564903404e+26
-397.31527358, -1515.36070106, -5963.28883581, -5.03045494073e+25
-3847.61940415, -263.841537147, -8682.56731824, -1.68518668516e+27
2828.74596353, -6609.81328759, 3379.78715637, -7.76301374546e+26
-923.725216153, 3053.80200975, 1034.2131064, -2.77678688966e+23
-2197.89271974, -1764.09742649, 7252.26538428, -3.56130323318e+26
7549.51559732, -3682.49173448, 145.598582644, -1.4827477216e+26
-1183.6546061, 5126.77209094, 3385.00087595, -2.00266613583e+25
-1921.79901904, 7076.64650807, -6702.65823322, -2.56917596668e+27
-3362.59350105, -5658.97390677, 453.602234288, -8.62309283259e+25
-1987.23052275, 1643.62771485, 1508.23861611, -1.95277390505e+23
-153.745391311, -3082.96121566, 3516.1050442, -3.77648652519e+24
704.08790772, -801.478908801, 886.336080913, -2.2793286545e+20
8171.8469195, 2342.52118759, -154.776946637, -8.19811028717e+26
3080.66761132, 170.895192932, 1562.55689991, -1.27586779037e+24
236.255094375, -4855.37025093, -5940.49917427, -1.66019746216e+26
2105.63843567, -1020.1175642, 2076.49782698, -2.53969982602e+23
426.794953716, -3114.88356405, -74.1983618559, -5.36114296356e+23
-2337.95288859, -6158.478365, -2763.18850579, -6.80078298267e+25
-457.678662808, -753.028106349, -6680.65499197, -9.67264496907e+25
4332.87767441, -1980.99903638, 235.086473544, -1.78252205169e+24
-928.756837404, -2498.17943536, -4637.85863185, -9.52843351858e+24
-6050.17522767, -1103.16312661, -5490.85045206, -1.38268738082e+27
-2212.0883348, 8448.07668631, 2096.65520098, -1.07383768721e+27
2765.22867615, 2720.65923795, -2444.85393121, -1.51783369291e+24
3845.31484806, -4205.658896, 3112.40345033, -6.36179788433e+25
101.898834223, -4146.36835457, 1566.72618144, -1.09339135721e+25
1024.75254453, 1961.31597637, -768.393323409, -2.68077534187e+22
-392.323663305, 4761.81799265, 195.358130199, -1.51983888274e+25
-7749.44157583, -3835.33985167, -2040.45345269, -1.80740976212e+27
-27.3052901297, -8362.04643219, 6360.56569962, -5.86136076457e+27
-4373.32868876, -5808.99864253, 596.912095899, -1.47420502248e+26
-777.219524509, 1454.62219194, -6044.57815037, -2.19420064975e+25
4896.2900012, 3421.85423874, 1879.71406065, -9.26476173614e+25
-1466.55976747, 473.512389877, 1500.398251, -3.15042989893e+22
4248.76214829, 3428.93298248, 5919.54793205, -5.75041613596e+26
6718.96100654, 3983.84171167, 3266.10895802, -1.29679100826e+27
6427.33089121, -7347.36018595, -1436.67373533, -9.66663828424e+26
-233.49569986, -273.176409129, -3354.79686619, -3.65873798751e+23
-4498.52644873, 2491.34807021, -1965.86085522, -1.24766732982e+25
-2540.55865657, -421.509789612, -6801.54530005, -1.71901269368e+26
-348.556967874, 4644.61922355, -90.300296722, -1.4011708703e+25
1148.99466808, 624.520823917, -379.69088207, -1.52143897958e+20
3298.86002399, -7468.22921276, 3195.22118515, -1.78575297829e+27
-8340.12516112, -5781.09459169, -2574.80304862, -5.37303476886e+27
1477.23786746, 2930.81466428, 1530.41779845, -2.78515662402e+23
1816.4033902, 3608.95208147, 6662.23469254, -1.91093576108e+26
4501.58445182, 2149.71245781, -515.804944503, -9.08488619054e+24
-1099.89442612, 8163.04571732, -3224.88754609, -2.70724471012e+27
-3850.4566889, 2754.39724741, -3027.44716657, -1.75868999371e+25
3856.89905488, -1742.51379412, -7796.95622846, -2.78690977533e+27
3215.94200949, -5306.63229833, 2871.35177418, -1.71572612708e+26
-374.196619109, 6354.85442818, -597.713263229, -1.97906085643e+26
7379.96333381, 278.804245896, 5626.24443383, -3.56326785356e+27
1297.52832167, -1191.27300862, -3022.44289251, -1.43269034728e+24
5160.4827523, -586.711531914, -410.294232924, -7.96759176397e+24
-2884.20268988, -3734.61829677, -233.566676437, -4.42560984513e+24
625.985537932, -2283.55602359, 1664.2499908, -2.0375290953e+23
-179.140715594, -1479.91594793, 172.78657972, -1.68583634495e+21
5570.55288485, -2509.81686263, 465.585057088, -1.42843421149e+25
-4190.5696191, 5216.57958148, 5019.13727646, -7.18403849864e+26
2156.34637889, 1208.7130132, -5902.00937962, -9.32994292951e+25
7090.1006836, 1877.27324179, 198.771939713, -2.81446470374e+26
-7041.33828549, -7940.72613419, -1295.94564843, -3.21639646024e+27
2416.07548962, -1226.45146717, 2302.13525953, -6.73497473995e+23
1704.61929229, -6908.97668001, -980.165298659, -2.62549140969e+26
-610.182837131, -61.6582659846, 4612.81027462, -7.40047691216e+24
1723.77893312, -6846.4567867, 1960.3620407, -5.78960569162e+26
4037.83910078, 2583.03961852, 6562.94190318, -6.46465162712e+26
818.252838043, -1530.02849078, -1165.15447248, -5.92454988215e+21
54.99369424, -4494.56258547, 1725.8985947, -2.0974303675e+25
-609.184985396, 1775.7033689, 3663.479638, -3.07519095586e+24
67.453437514, 653.799618057, 7909.65902549, -4.13703326347e+26
7786.8353086, -6044.8390355, 1022.32855424, -7.55837397035e+26
-720.864635658, 6609.14495164, -2746.8756508, -5.1210451697e+26
1557.96270333, 712.167917002, -4737.01313129, -1.51782165291e+25
1873.13109998, -2801.57998091, -4113.51931291, -2.77139686077e+25
546.096223795, -338.570221298, -4577.99245558, -7.63119389119e+24
4583.70975733, -171.827546877, -232.584154693, -3.62894375691e+24
-7512.14841939, 4060.17570334, -2386.49490237, -4.40615541163e+26
658.250384237, -3294.69258145, -4303.01451959, -1.63529823638e+25
3649.53610303, -334.196157106, 3459.87489338, -2.24366760553e+25
-916.136652694, 2385.24976824, -1610.07128007, -2.92827347458e+23
3220.18449587, 5980.82486212, -615.749731112, -1.29978364435e+26
561.01909795, -4975.23193846, 5689.04172562, -1.90552488918e+26
5066.24447342, -2161.83604236, 1870.98563424, -2.2703634287e+25
697.797605073, 2923.46335212, 6812.93084091, -1.87758751177e+26
3035.14402049, -4241.90831787, 4609.50052099, -9.80740468856e+25
660.873786229, -1264.16488755, -7686.41020889, -5.05738736787e+26
3514.30752873, 3165.86538607, 6934.36492324, -6.0462163255e+26
649.43667885, -3672.88316452, -6648.58146721, -3.17476197354e+26
-1060.99153211, -1790.84265153, -377.396407357, -6.77167937649e+21
-977.143555734, -948.409875987, 266.425218318, -1.85157840337e+20
-7177.28612496, 1000.5357587, 686.057183122, -1.07227976177e+26
-2626.92320797, -2969.86950464, 3901.9640265, -8.17320391269e+24
-3727.55636696, -329.956785282, 315.94033751, -8.46563300691e+23
-4681.07425883, 274.660950675, 1665.42680422, -7.92763019103e+24
-7693.20266696, 102.597956514, 2215.18161399, -3.03903588411e+26
-6170.18439589, -1628.05190528, 3614.28086686, -1.74268359427e+26
-644.373000035, 790.831185016, 2487.10534035, -1.4748914697e+23
349.761037349, -1641.21083102, 4624.08573879, -2.44174741797e+24
-5114.43709883, 531.121673564, -165.929449013, -9.2558093172e+24
469.266785666, -1324.65850482, 5682.60104251, -1.42125950021e+25
4941.05763214, 2858.45503602, -2485.60290911, -2.20778629937e+25
5867.27085722, -1905.99755086, 51.318563275, -1.8808913033e+25
7841.58581143, -1897.50290598, 1417.73101473, -3.79102058725e+26
-1552.90697618, -572.36022585, 2483.18551723, -2.50904016081e+23
1071.16216814, -5188.01926637, 6897.63748076, -4.01026469688e+26
2215.91773665, 3074.38887975, 2290.41226173, -2.18252209324e+24
-726.434675656, -7795.01328985, 1131.26648933, -1.06452052612e+27
14.9614477802, 2661.76335155, 868.128123564, -7.95703980005e+22
3258.63718577, 2165.94024327, 386.018252768, -1.75481502182e+24
-5637.53773796, -3033.90795801, 136.748963851, -7.66240729447e+25
-3290.73742351, 94.7051322896, -108.622451984, -3.17626660443e+23
-769.27637859, 6742.27439884, 253.22448687, -2.50317997077e+26
-5500.7208965, -1452.19019606, 1762.5331808, -2.5772976595e+25
2056.0330203, -2574.73034952, 699.802393312, -3.99064981198e+23
-2483.15482679, -2056.94230209, 7874.18391168, -7.01229125365e+26
1502.77031996, 2433.62694316, 1943.72801483, -2.26050656783e+23
1235.27273592, 3957.51485054, 265.17378937, -3.18113018247e+24
-943.045557059, 4577.53691351, 779.827081608, -9.02405324937e+24
6279.18799581, -4342.83298898, 3806.53710364, -4.41595134908e+26
-4484.86886883, 152.752011588, -1332.28716179, -9.89000988895e+24
6267.01178261, 1735.35607673, -1402.61830051, -7.01501397527e+25
1956.99890584, 5090.18202273, -6255.54307129, -2.4636888376e+26
-7585.44213827, 490.717946379, -582.180635728, -2.69613779584e+26
-4212.56583652, -1365.03853114, 421.695488844, -3.7608329758e+24
-1007.32114603, -337.048651391, 4712.94424908, -1.07495613516e+25
-5506.12919594, -1011.64695152, -3217.94139089, -2.0802779073e+26
262.434241312, 301.516423993, -4474.19512132, -3.96747878946e+24
-1833.07456861, -1729.10503325, 2296.84302969, -1.70282380426e+23
-2220.92612033, -2581.26555144, 2507.97479918, -8.84638981167e+23
6274.95854725, -4551.62431076, -1461.52732506, -1.26303002014e+26
-3393.39515268, -1778.67890181, 3000.88575115, -5.05487109692e+24
-212.510480873, -1446.64459067, -3798.27239183, -1.73119462683e+24
-242.155677152, 1491.94798762, -1274.59750666, -7.90026745444e+21
-201.073024583, 1753.70849888, 820.053892796, -2.36701017769e+21
-5330.61013884, 1858.33298824, 5032.34152444, -6.96216555713e+26
-2173.17159446, 4224.19188351, 2211.63862063, -6.38617060984e+24
-2130.90279379, 7565.21075297, -8108.22283374, -5.50599889685e+27
5116.33414298, 3577.24480755, -4576.30224494, -1.30012966412e+26
-1230.31752463, 2737.83303892, 583.737610894, -1.6719347602e+23
3088.40420397, -3778.72198898, -7647.42811669, -2.54833745888e+27
3777.91410763, -150.853077166, -4233.54729672, -6.85755358988e+25
-4318.19279559, 2588.10781179, -1838.64834676, -9.14587067719e+24
-8036.39561373, -27.6707970131, 2134.35543769, -3.98479636119e+26
506.679880493, -1149.77673955, 1022.83988043, -1.3025960393e+21
-1095.65707506, 3442.51913513, 2289.35418783, -1.10881847805e+24
-3276.69368092, 5528.87370231, 5905.10743961, -9.77445738327e+26
-5750.64089535, 556.148343007, -934.152258334, -3.78118702674e+25
7334.29366781, -597.479457339, 4692.25497341, -1.89560052407e+27
-2288.63347557, -1034.75291307, 4755.63073828, -2.61078472305e+25
4813.59658942, -2631.62530514, 2726.82300928, -3.68685234632e+25
-1196.9239681, 4067.64250999, 3407.64183434, -9.55469438274e+24
888.003205693, -92.5350996558, -1614.61267596, -9.05482322032e+21
-996.460904061, -587.059233102, -2479.20096202, -7.45902779711e+22
-940.259013524, -2433.78991607, 1463.46711268, -2.08109609367e+23
-4314.50740251, -305.49481865, 298.881765789, -2.69557823617e+24
7721.83728088, -7771.98083371, 3714.15377628, -5.75068562605e+27
-1074.02401001, 3750.20574475, -831.644054582, -4.27538970763e+24
3798.82472526, 5385.95724304, -1997.17260982, -9.51159749745e+25
-153.867120631, 6310.2652403, 156.330692426, -1.46182213566e+26
633.086684805, 2462.30599764, 1812.55904296, -4.05520651825e+22
2937.46789248, 2528.06960718, 2468.95325191, -6.77885915797e+24
6303.5701388, -7797.99084847, -1773.81821248, -1.32360127773e+27
2576.71336226, -3082.02931538, 3071.11219219, -7.90083662281e+24
-440.094556722, 614.225799933, -3383.98377485, -2.29539491998e+23
-4690.66528242, 159.868424534, 8781.02092901, -6.20554821876e+27
2196.58371879, 4854.66792484, 2592.41044511, -1.28845751169e+25
955.928870554, -23.7582230144, 5666.05036686, -1.97527021745e+25
-2288.36513294, -1123.03722737, 3811.88962044, -6.37449164701e+24
-5365.65254162, -3506.35258814, -1964.7571979, -1.6988521e+26
1368.97968696, -6846.75084453, -5075.40933797, -2.63995598406e+26
-2779.39139155, -731.983117821, 4937.68073118, -5.41459075141e+25
1397.33826147, -1950.69790807, -5501.96959122, -8.67497348474e+25
-246.437367323, 4378.53716937, -662.259649316, -1.12332271544e+25
-4409.01565506, -1420.50842, 1122.06087209, -4.55549501966e+24
-4533.90035053, 2065.55195847, -2643.72667227, -2.41265305762e+25
-1509.92225049, -1150.75343788, 4530.02460752, -9.18365699374e+24
1848.65613813, -5275.02342487, 3843.00159073, -1.76976389661e+26
-907.48123074, 1805.3049886, -4770.98037544, -3.3586379927e+24
-685.354828193, -4016.95959984, -1942.1624393, -1.63346224738e+24
-599.193924876, -1360.80660757, -1735.27977253, -6.77446597192e+21
-4236.18512275, 2833.08458026, 1119.14983146, -5.32933643016e+24
-4509.21504851, 1362.59649238, 4412.52159368, -2.02182230498e+26
-1982.55981684, -2775.91295066, -4911.23726321, -2.62139810041e+25
-1890.65880581, 2222.26841803, -191.842812199, -9.43122950287e+22
4938.82015967, 1858.35930031, 794.821198802, -2.89312438462e+25
1756.4384666, 3814.30381371, -1108.06817156, -4.56303581513e+24
3477.67809966, 4049.82945526, -6517.27237194, -2.63496781526e+26
-6624.93193898, -2227.68166736, -661.111247362, -2.34436957845e+26
6868.4372911, 2440.51649699, -6925.17200599, -3.13001015685e+27
-3137.37030856, -2964.09342329, 2556.05477734, -3.05512808484e+24
3591.87067505, 4059.01541878, 3434.64369699, -6.27492559717e+25
