-0.499695055553, -4.01259713145, -4.88089685715, -6.73817809726e-13
-0.499695054775, -4.01259708586, -4.88089689317, -1.68454847755e-13
-0.499695054775, -4.01259708587, -4.88089689245, 0.0
-0.499695055391, -4.01259704554, -4.88089703893, -6.90657005285e-12
-0.499695258452, -4.01259710074, -4.88089698022, -1.21287150551e-11
-0.499696352088, -4.01259550556, -4.88088736124, -2.39516247392e-08
-0.499695369232, -4.01259708619, -4.88089686002, -2.34151336811e-11
-0.499695492472, -4.01259697137, -4.88089682832, -5.00304536863e-11
-0.499694615731, -4.01259707007, -4.8808967272, -5.69367766444e-11
-0.499693654298, -4.01259608007, -4.88090615833, -2.25400247436e-08
-0.499694978062, -4.01259758189, -4.88092788669, -2.43193775495e-07
-0.499695063447, -4.01266289628, -4.88088249987, -1.14783202662e-06
-0.499851883292, -4.01262072218, -4.88089670305, -6.35606560654e-06
-0.499390558736, -4.01252675593, -4.88089722689, -2.4693181333e-05
-0.498631667661, -4.01262903636, -4.87960849485, -0.000706984664237
-0.502292253993, -4.01305450653, -4.88081806713, -0.00176110859137
-0.49350172167, -4.01381767382, -4.88108708872, -0.010070292959
-0.507784934315, -4.01246228527, -4.89105082643, -0.0429009896636
-1.47629677815, 3.61576501296, -4.99999999469, -3.69972716472
0.530816752912, -1.73377400445, -4.99999793856, -697.703597051
-1.47629678946, 3.61576501152, -4.99999999614, -3.69963487
0.548643309768, -1.91577598663, -4.9999999972, -677.672997052
-1.4762967874, 3.61576501098, -4.99999999457, -3.69965707784
-1.47629678992, 3.61576501118, -4.99999999991, -3.69968114028
-1.47629678672, 3.61576501164, -4.99999999334, -3.69966639039
-1.05479536804, 1.2863293245, -4.99999999687, -561.119887785
-1.47630020648, 3.61575170873, -4.99999999999, -3.70786660891
-1.47629679075, 3.61576501125, -4.99999999301, -3.69964748359
-1.47610558892, 3.61577811819, -4.99999999381, -3.73598412458
-1.4762967851, 3.61576501204, -4.99999999434, -3.69967830131
-1.47629684419, 3.61576889035, -4.99999999636, -3.70311080122
-1.47629677957, 3.61576497996, -4.99999999232, -3.69985358584
-1.47629678963, 3.61576501158, -4.99999999532, -3.69962786496
-1.47629679381, 3.61576501167, -4.99999999431, -3.69966507049
-1.47629678368, 3.61576501189, -4.99999999665, -3.69965744617
-1.47629678928, 3.61576501152, -4.99999999487, -3.6996247205
-1.54637332036, 3.47171811248, -4.99999999445, -77.0999687707
-1.47629678959, 3.61576501183, -4.99999999785, -3.69965086874
-1.47629679001, 3.61576501155, -4.99999999466, -3.69962279023
-1.47629678811, 3.61576501178, -4.99999999581, -3.69962936556
-0.951452208514, -0.361066788959, -4.88845100511, -899.214846909
-0.0139432332747, -4.39890952046, -4.95342037314, -70.4049851771
-1.91385212411, -4.99900981391, -4.97662520486, -177.374497525
-0.376983896362, -0.925942270978, -4.98077752441, -973.429449269
-1.15357623439, -1.17044134012, -4.99846291858, -658.787448317
-0.507674341227, -4.02269217984, -4.87218368162, -0.0604657778638
-1.17133654953, -2.49793060341, -4.96636035486, -327.93793708
-2.05174951443, 2.30343199085, -4.78699818105, -362.565680991
-0.497573406526, -3.97945547669, -4.88677995912, -0.301608627814
-0.499695063127, -4.01259695023, -4.88089728225, -4.59874700734e-11
-0.711133620044, 4.39712741877, -4.99342186495, -249.321865712
-0.936337240373, -2.94267050774, -4.95515868897, -217.784591706
-0.499694241134, -4.01259750845, -4.88089684051, -2.17472821582e-10
-0.685249523961, 0.975756431944, -4.94278384276, -882.010276538
-0.499695120934, -4.01259357117, -4.88089683705, -3.12301043582e-09
-0.499695076429, -4.01259707749, -4.88089687424, 0.0
-0.508971154848, -3.99111366314, -4.85948627081, -0.256616489728
-0.499695065793, -4.0125970826, -4.88089692295, -5.05365047538e-13
-0.499695007804, -4.01259707214, -4.88089622435, -1.08821290056e-10
-0.49962572539, -4.01261606471, -4.8841549733, -0.00268090159318
-0.499695077697, -4.01259706052, -4.8808968813, -1.6845402698e-13
-0.499695049043, -4.01259708414, -4.88089684297, -3.36907676095e-13
-0.499695235407, -4.0125970935, -4.88089687254, -7.4120072421e-12
-0.499695251829, -4.01259707185, -4.88089690973, -9.09652336055e-12
-0.499695076889, -4.01259762472, -4.88089689387, -7.37838619625e-11
-0.499695243572, -4.01259713001, -4.88089694166, -9.60192285389e-12
-0.499695149383, -4.0125970869, -4.88089685589, -1.85300526686e-12
-0.499695095342, -4.01259706071, -4.88089687121, -3.36907972116e-13
-0.499694559832, -4.01259534403, -4.88089687172, -8.30973374835e-10
-0.499695141809, -4.01259713618, -4.88089269321, -4.43070416982e-09
-0.499695055571, -4.01259708692, -4.88089687163, 0.0
-0.499698713749, -4.01259634816, -4.8808919652, -9.60609042517e-09
-0.499695068252, -4.01259707374, -4.88089687111, 0.0
-0.499695062544, -4.01259708713, -4.88089687791, 0.0
-0.499695060168, -4.01259729748, -4.88089661781, -2.86372740756e-11
-0.499695062126, -4.01259708703, -4.88089687814, 0.0
-0.499695028648, -4.01259719963, -4.88089687684, -3.7059986103e-12
-0.499695102032, -4.0125971448, -4.88089687325, -1.17918059505e-12
-0.499695062098, -4.01259708685, -4.88089687772, 0.0
-0.499695062087, -4.01259708685, -4.8808968777, 0.0
-0.499731391811, -4.01259585737, -4.880892817, -3.38207354493e-07
-0.499695060347, -4.01259553936, -4.88089711773, -6.18556380326e-10
-0.499694989269, -4.01259708789, -4.88089684779, -1.68453280815e-12
-0.499680230524, -4.0125971021, -4.88089687994, -5.56507844218e-08
-0.499723796136, -4.01258666904, -4.88089612333, -2.36293838311e-07
-0.499695087212, -4.01259707907, -4.88089672544, -6.06431782977e-12
-0.499542086629, -4.0125058566, -4.88089699879, -8.01885041215e-06
-0.499695058706, -4.01259709498, -4.88089688991, 0.0
-0.499695029316, -4.01259709431, -4.88089686671, -3.3690914021e-13
-0.499695052055, -4.01259707208, -4.88089686566, -1.68454015388e-13
-0.499695138553, -4.01259725027, -4.88089696146, -1.01073263431e-11
-0.499695059989, -4.01259709499, -4.88089688766, 0.0
-0.499693612076, -4.05330849437, -4.88091276149, -0.413625876422
-0.499695049933, -4.01259719191, -4.8808968579, -3.03217697621e-12
-0.499695067393, -4.0125970507, -4.88089686916, -3.36907769633e-13
-0.49971364715, -4.012595902, -4.88089688018, -8.76670399651e-08
-0.499695059995, -4.01259709499, -4.88089688766, 0.0
-0.499695075692, -4.01259703856, -4.88089687684, -5.05361933493e-13
-0.498187366043, -4.01259710647, -4.88089686176, -0.000575639416105
-0.499695058938, -4.01259709834, -4.88089688517, 0.0
-0.499706993521, -4.01259708943, -4.88089754111, -3.60911096331e-08
-0.499695073494, -4.01259700859, -4.88089673961, -6.40119080017e-12
-0.49969505667, -4.01259709555, -4.88089686675, 0.0
-0.49969506132, -4.01259696904, -4.88089686825, -3.3690599835e-12
-0.499695058943, -4.01259709832, -4.8808968852, 0.0
-0.499695063757, -4.01259709867, -4.88089688619, 0.0
-0.499695082575, -4.01259709829, -4.88089687203, -1.68454755755e-13
-0.499695060396, -4.01259709702, -4.88089688152, 0.0
-0.499695035349, -4.01259692007, -4.88089731179, -5.47468102665e-11
-0.499695058946, -4.01259709832, -4.8808968852, 0.0
-0.499695110083, -4.01259710261, -4.88089680269, -2.02145215471e-12
-0.499695150181, -4.01259712932, -4.88089682621, -3.03218260675e-12
-0.499695052023, -4.01259705533, -4.88089701909, -5.22205630531e-12
-0.49969506271, -4.01259706582, -4.88089687765, -1.68454184932e-13
-0.499694852607, -4.01259706068, -4.88089692689, -1.2128543519e-11
-0.499695047679, -4.0125970571, -4.88089686947, -3.36907525613e-13
-0.499695078949, -4.01259607794, -4.88089651374, -2.89906368746e-10
-0.499695072795, -4.01259705222, -4.8808968773, -3.36908183803e-13
-0.499695095302, -4.01259707227, -4.88089688009, -3.36909305834e-13
-0.499694991975, -4.01259704563, -4.88089655315, -2.84683514872e-11
-0.499695112301, -4.01259706796, -4.88089687117, -6.73817131853e-13
-0.49969507579, -4.01259777247, -4.88089687076, -1.19604006733e-10
-0.499695123181, -4.01259709854, -4.880896961, -2.69527413723e-12
-0.499695275542, -4.01259707712, -4.88089687339, -1.11179477838e-11
-0.499695067761, -4.0125970394, -4.88089687698, -5.05361478307e-13
-0.499695045628, -4.01259751232, -4.88089739153, -1.13033531858e-10
-0.499694995714, -4.01259713359, -4.8808973921, -6.8729517988e-11
-0.499695057803, -4.01259715187, -4.88089687011, -1.1791819866e-12
-0.499695071107, -4.01259705938, -4.88089686827, -1.68453876215e-13
-0.499695080686, -4.01259710161, -4.88089686663, -1.68454645358e-13
-0.499693792418, -4.01259707323, -4.88089687244, -4.09845220445e-10
-0.499695062023, -4.01259707651, -4.88089687027, 0.0
-0.499690195865, -4.01260105398, -4.88089615641, -1.01131040637e-08
-0.499717656564, -4.0125942919, -4.88089628279, -1.3110898149e-07
-0.499695071487, -4.01259708417, -4.88089686733, 0.0
-0.499695013647, -4.01259711193, -4.88089692006, -1.34763311421e-12
-0.49969569435, -4.01259678453, -4.88056334286, -2.81115641095e-05
-0.499695067528, -4.01259711549, -4.88089689985, -3.36909674753e-13
-0.499695061875, -4.01259708829, -4.88089686754, 0.0
-0.499695057733, -4.01259708778, -4.88089687912, 0.0
-0.499695135677, -4.01259571763, -4.88089743162, -5.5151429953e-10
-0.499799776868, -4.01267078792, -4.88089996522, -4.1472753287e-06
-0.499695149033, -4.01259703778, -4.88089689237, -2.35835292929e-12
-0.499671315518, -4.01259705137, -4.88089683009, -1.42619997683e-07
-0.499695023837, -4.01259707755, -4.88089682157, -1.17917018419e-12
-0.499695068505, -4.01259708877, -4.8808968846, 0.0
-0.49969506298, -4.01259709999, -4.88089732489, -5.05359554227e-11
-0.499695061602, -4.01259708551, -4.88089686705, 0.0
-0.499696137018, -4.01260158669, -4.88089654383, -5.44412496418e-09
-0.499697504744, -4.01259584791, -4.88089781033, -2.11157107241e-09
-0.499695086955, -4.01259700386, -4.88090349257, -1.10674947962e-08
-0.499695052649, -4.01259709082, -4.88089686433, -1.68454244592e-13
-0.499695094899, -4.0125970359, -4.88089686682, -8.42269901418e-13
-0.499695069841, -4.01259710992, -4.8808965272, -3.13322235356e-11
-0.499695026084, -4.0125970935, -4.88089684656, -6.73815783148e-13
-0.499695051218, -4.01259709518, -4.8808968735, 0.0
-0.499695070498, -4.01259707726, -4.88089686662, 0.0
-0.49967423768, -4.01259992262, -4.88089654822, -1.1175460298e-07
-0.499695038874, -4.01259708588, -4.88089683381, -6.73815113431e-13
-0.499694915106, -4.01259709669, -4.88089687277, -5.72738596119e-12
-0.499644259334, -4.01177484157, -4.88087843642, -0.000171733075981
-0.499695363368, -4.01259711578, -4.88089683851, -2.30782488077e-11
-0.499695078809, -4.01259706213, -4.88089685546, -3.36907845915e-13
-0.499695059294, -4.01259708763, -4.88089686958, 0.0
-0.499695094072, -4.01259738007, -4.88089682676, -2.29099117738e-11
-0.499694478737, -4.0125971266, -4.88089686903, -8.74267522637e-11
-0.499695282101, -4.01256078467, -4.88089764601, -3.33362916889e-07
-0.49969384918, -4.01259679145, -4.88062886027, -1.81449748545e-05
-0.49969492146, -4.01259708529, -4.8808970475, -1.24655624394e-11
-0.499694897862, -4.01259675059, -4.88089447416, -1.49654915486e-09
-0.499695264505, -4.0125970586, -4.8808983671, -5.71073768446e-10
-0.499695654427, -4.01259711288, -4.88089699828, -9.16396595272e-11
-0.499696655103, -4.01260074854, -4.88089430935, -5.70227166594e-09
-0.49969506006, -4.01259709109, -4.88089688239, 0.0
-0.49969498856, -4.01259716803, -4.88087110074, -1.68017190725e-07
-0.499695060338, -4.01259693494, -4.88089711958, -2.03825638302e-11
-0.49969505698, -4.01259709196, -4.88089688168, 0.0
-0.49969505754, -4.01259709194, -4.88089688166, 0.0
-0.499695057539, -4.01259709196, -4.88089688161, 0.0
-0.499695300185, -4.01258880718, -4.88089710201, -1.73525480876e-08
-0.499695055049, -4.01259709226, -4.88089688026, 0.0
-0.499695057539, -4.01259709194, -4.88089688166, 0.0
-0.499695069161, -4.01259707029, -4.88089693598, -8.42273671647e-13
-0.49969546351, -4.01259652301, -4.88089647082, -1.61881241447e-10
-0.499681105899, -4.01259717259, -4.88088784388, -6.99137655712e-08
-0.499695077033, -4.01259710368, -4.88089680564, -1.51608144222e-12
-0.499695550852, -4.01259672629, -4.88089687652, -9.21428629526e-11
-0.499700859767, -4.01262741231, -4.88073986643, -6.47008406017e-06
-0.499694740478, -4.01259710464, -4.88089722638, -5.74425802128e-11
-0.499694511201, -4.01259802466, -4.88089285556, -4.39267151008e-09
-0.499695072365, -4.01259716697, -4.88089687167, -1.68454677142e-12
-0.499702108859, -4.01260231401, -4.88090061603, -2.29957298876e-08
-0.499695024762, -4.01259667321, -4.88089688025, -4.32920013882e-11
-0.499694991263, -4.01259706893, -4.88089688171, -1.51608142056e-12
-0.499695081076, -4.01259709313, -4.88089746542, -8.74281958641e-11
-0.499944065656, -4.01294294394, -4.88105667479, -5.23025916022e-05
-0.499695054605, -4.01259708169, -4.88089685004, -1.68453928942e-13
-0.499705977158, -4.01240147557, -4.88089719151, -9.69842585998e-06
-0.499695046267, -4.01259708554, -4.88089683463, -5.05361204919e-13
-0.499695012684, -4.0125970851, -4.88089689281, -8.42270775532e-13
-1407.63480149, -1225.71096201, 1502.56412201, -9.53376879149e+21
-1943.12529607, 2786.43428919, 762.457247464, -2.72315310984e+23
2570.41481843, -577.209727354, -1897.14176157, -6.5355166057e+23
959.348297711, -2896.02664463, -549.493691311, -2.40467769798e+23
300.457837843, 69.258031721, 504.60339763, -5.65691986493e+17
-1844.95583143, -946.411156933, -1161.80545849, -5.81389432455e+22
-287.887567796, -114.113595494, 3382.74917133, -5.06294264341e+23
-400.798179243, 3264.12763276, 86.7346550928, -7.77144500774e+23
3260.46634231, 1214.7370699, -463.642105031, -5.05879667876e+23
1257.23088411, -2070.55750458, 1774.60278007, -1.67364740252e+23
-169.66318961, -812.094450685, 1663.1803509, -1.08155039045e+21
523.453644543, -1155.3422292, 2480.59847637, -2.28137487625e+22
1158.78425491, -449.586473492, 2161.26984622, -3.41890647287e+22
2625.78339391, 771.356001816, 168.455945045, -1.17292082945e+23
-2102.61864919, -2117.74129129, 574.99116193, -9.9873678069e+22
1281.09634619, -1771.8184725, 2513.54224095, -1.89904445001e+23
3300.65341463, -479.465967721, 1443.75072655, -1.29927495062e+24
410.529231977, 1688.83776436, 1702.69269834, -7.08278465144e+21
-3987.1178519, 1043.4479534, -1115.68154255, -2.55029916004e+24
2101.18447095, -1125.11599697, 120.291518914, -6.172912322e+21
-1764.15308231, -1019.2119134, 337.854141204, -5.80321306486e+21
44.4228659658, 750.724226854, -1328.10093642, -1.98991552365e+20
-1538.80102067, -430.334070167, 1310.76350883, -1.00487020176e+22
-2271.63523687, 1692.72871208, 2078.08281495, -1.04007391408e+24
1839.08551204, -1816.70937408, 3251.09191535, -1.14284280831e+24
1429.70014827, -2402.06669097, 3302.086975, -1.52811751181e+24
2525.78384922, -173.190281728, -1645.93010895, -2.94207280376e+23
1557.83830213, -110.606671954, -2132.47543886, -1.62964649021e+23
1057.48518507, -581.35284185, 256.497279381, -4.91323325358e+19
-2818.12236107, -832.698555741, -32.1123789701, -1.80782149902e+23
821.634638923, -33.1279838197, -356.845095115, -1.09207131758e+19
-674.581746756, 1030.69394602, 1859.62457249, -2.97601282853e+22
-1733.01852938, -114.079908907, -240.975250717, -3.2532885833e+21
347.745771149, -1217.60113218, -357.824753537, -1.84168322665e+20
-22.0827645902, -1461.89989821, 251.768217757, -1.73992313765e+21
-733.966429237, -1439.70509462, -961.270930891, -1.28014502465e+21
-126.102955415, 3329.73488035, 176.801286184, -8.35422335913e+23
-586.275618012, -612.451112815, 1425.29512054, -9.45464889957e+20
-191.682064769, -1436.2951643, -2564.73459252, -9.68972829154e+22
-1556.74552421, 3130.8750843, 989.833758956, -4.54133270295e+23
1608.23489385, 57.5039594467, -1269.77520949, -1.43013873729e+22
-1610.59370875, 2153.86549585, 1640.73193313, -1.97688564043e+23
1729.47654899, -432.030925708, -1337.41610791, -3.39147042308e+22
298.410138849, -2697.62072922, 3002.66638783, -1.34436037715e+24
353.489068087, -1202.66189709, 134.078945226, -3.78987942354e+20
-1314.85639419, -3673.2795627, -494.904473525, -1.58701298266e+24
-905.831044274, 717.639077321, -110.621765738, -2.80816467233e+19
205.676186926, -198.440020605, 1454.91542951, -3.05103121425e+20
-2903.45707773, 1826.0843341, -1730.36092954, -7.95883258847e+23
191.715583647, 1992.15027984, 3336.93405064, -9.03870394062e+23
1188.55496027, -608.998935734, -1338.1227656, -1.11248980472e+22
-1308.60010794, 3860.23142192, 2339.64667776, -2.33822911734e+24
1839.89189189, 1368.41266599, -3619.10701995, -2.55113786007e+24
-56.6213052035, -3309.41060448, 1787.83583953, -2.37431691381e+24
1138.75347717, -1152.87944179, 3269.15659914, -3.05423659613e+23
-0.600800275463, -82.6585771596, 2525.23947427, -3.75381810986e+22
2687.35595259, -941.177222315, -410.633831153, -4.52578585833e+22
-1511.48814114, 913.187350485, 189.011106447, -6.32592727034e+20
2768.83293428, 3411.63894421, -645.360491609, -2.5347697881e+24
1744.37533283, 672.811285655, 1112.23940698, -3.23724806812e+22
-865.803825141, -83.6954057159, 1181.38976778, -1.24160863465e+21
32.0629572399, 1304.69773724, -1754.40613085, -5.83808783036e+21
2747.03333924, 3882.15242664, 3021.42704523, -1.45114175041e+25
1599.46929917, -1028.01376946, 645.469482474, -3.21402234028e+21
-1704.21373742, 1979.48465482, 1037.5570618, -5.16449031591e+22
2046.30050597, -1020.05881401, 1118.75976946, -3.54247191535e+22
-1371.94268968, -500.090020494, -292.998270359, -1.17299919523e+21
1911.90793187, -658.09848805, 53.0521980572, -2.44115077635e+21
3181.91743068, -227.68664729, 1609.11594202, -1.40602150587e+24
1786.65406293, 172.437769811, 3525.34415558, -1.80593981855e+24
1025.80863907, 124.692940073, 715.991583216, -4.2504441149e+20
-999.108487453, 1390.49381187, -1198.38839889, -8.43333285246e+21
-3497.1086196, 2346.14783393, -3675.2917721, -1.91422525134e+25
-3523.52297065, 1406.87924979, -514.29623443, -4.57802394871e+23
797.201092017, 402.771669548, 377.185008601, -4.26063452801e+19
-638.334452209, -1847.50343398, 2414.63015979, -8.79213852764e+22
-219.797471244, 3311.62656247, 1348.29515005, -4.01505900615e+23
-442.282111251, 1391.6920827, -1357.3731785, -6.35838199145e+21
1108.41469022, 1077.36127275, -2816.87832115, -2.12192808573e+23
-606.993088025, -703.605066073, -730.308020147, -8.00384186691e+19
2069.96721392, 2824.17620413, 787.707602847, -4.5145210557e+23
802.772826032, 1666.538326, -3190.74741986, -3.09026797857e+23
-2070.56536909, -2576.55883316, -2885.02769784, -2.53772915428e+24
-1386.25970831, -3053.54499503, 2379.15882383, -1.7274109296e+24
729.502087163, 1668.65686352, 3067.88599653, -3.69419214835e+23
-2655.5137789, 867.808750188, -3224.68347651, -3.81263268222e+24
-350.864588307, 1609.76837959, -1263.08803174, -1.33679151898e+22
1619.45456277, 126.421854041, -278.438366847, -9.93004962843e+20
2573.26455597, -853.910281837, 1335.10863188, -2.08290571121e+23
2909.60427453, 1796.95995416, 1455.30162735, -1.73381849905e+24
2587.33627711, -1655.56629808, -1417.3357317, -4.48580405092e+23
-2230.65988662, 3126.19339903, 251.704022618, -8.69207843221e+23
1289.98090382, -1408.05567315, -1941.79168778, -1.45224842832e+23
3750.52038534, -2429.21506432, -14.6171644249, -8.89224582156e+23
-2013.56631666, 795.577370219, 1871.23821544, -2.84310905081e+23
3227.4750217, 1195.53990038, -2649.64938634, -2.91133788146e+24
-3733.98815098, 732.432155337, 2961.33205085, -1.63830536869e+25
1614.55408224, -75.5345190406, 3387.906486, -1.03885232675e+24
-404.125250311, 1624.67791438, -2330.09148093, -4.76520043139e+22
1114.66003457, 935.372660916, 2660.30334979, -1.63876592067e+23
-2535.42270471, -117.223651479, -988.968555199, -1.6878332386e+23
-2754.61464419, -2007.44376318, -1003.73293557, -9.3679361999e+23
3172.7982693, 1571.33922415, 2503.48503907, -7.19604164593e+24
-1344.73896934, 1243.06981054, 2641.38727434, -7.25856436479e+23
-282.402630865, -1293.24997766, 51.5756774186, -4.92795162471e+20
-506.614469513, -1222.0343735, -1036.14243876, -3.79447050258e+20
-1746.42240636, 2111.32217313, 3052.66730325, -3.84250019492e+24
2183.94581913, 2767.33674878, -3951.56470463, -5.6664633463e+24
-2952.01883038, -734.768936601, 58.9076134798, -2.1702172598e+23
3684.39486755, 360.498883647, -77.740695298, -8.95650872235e+23
-1168.57003052, -1350.51614514, 647.709241429, -2.12564208663e+21
-2048.30090458, 888.477272095, 470.376543999, -8.16734826363e+21
-1370.36823627, 1532.06908359, 489.703871375, -4.03333137727e+21
146.789480924, 3551.40998255, -2072.00189031, -4.49587700686e+24
3340.40068873, -1020.50406571, -1686.58359667, -1.6960738852e+24
157.847155386, -25.8976099229, 89.5253113013, -5.91935342117e+13
798.41994772, -1198.89302467, 2322.99515685, -2.54537829146e+22
-170.750005026, -340.070194975, 869.612930979, -8.33517227791e+18
123.752509835, 480.908084477, -2557.34223304, -3.45407252087e+22
2156.49329117, 1044.10802429, -2960.19315408, -1.28584471313e+24
-656.766970283, -3085.59880699, 95.0034445692, -5.10431047956e+23
1532.28303602, -143.916122333, 474.739556615, -1.75571480958e+21
2508.48251368, -2900.3572198, 346.136241157, -8.46922949916e+23
-1171.67641809, -437.226308625, -768.86827626, -1.41168590728e+21
1741.56921731, 626.435867913, 343.718179503, -7.41794107272e+21
-271.339026548, 30.3856658632, -1281.94758659, -1.32275629599e+20
-3134.96364912, -1785.29026256, -2757.34069294, -9.37818746945e+24
-1286.15894951, 1482.11794736, 3639.78295642, -4.97135638406e+24
-3551.52645642, 637.323339457, -1313.8397793, -1.67705419477e+24
436.928284578, 1027.73382415, -1043.42182128, -4.38398290863e+20
1320.09670684, -2826.31101546, 803.098307974, -5.81410563667e+23
17.7453538495, -235.026388743, -748.408417934, -4.13444166767e+18
-2594.96645966, 1168.27934435, 198.846413371, -2.9053252492e+22
-848.171500506, -631.579182589, 1375.0906366, -1.56539578657e+21
3523.32396697, -1288.60594182, -2321.05429698, -6.50969644306e+24
-2150.32947345, 2841.81304846, 1121.78370482, -4.21814501497e+23
3110.80883574, -3779.6388736, 1012.93966976, -8.87012331115e+24
3165.5919842, 1331.23909618, -1880.038028, -7.84296508392e+23
97.7285039475, 2245.33331245, 3431.14249855, -1.3291171213e+24
3000.49023685, 1658.3625628, -138.155730088, -4.88372452747e+23
9.84124278844, 723.970562246, 1496.10170868, -1.40769712272e+21
-1652.82033216, 832.763519374, 2309.88458911, -4.38389160093e+23
948.446490474, -814.181598505, 226.03265979, -7.48184621518e+19
-3096.25981687, 1012.9445699, -1973.75928523, -1.52617659561e+24
3772.25077916, 2344.96871383, -2966.78685996, -7.04435282396e+24
1238.40155579, 761.493830995, -573.730925139, -3.46590520552e+20
-869.855120525, 200.606957478, 2729.26684519, -2.60580002207e+23
-294.215436154, 203.859071123, 412.511899693, -5.35903266277e+17
333.894163825, -611.59605945, -586.804632395, -1.11091635981e+19
-46.8014081748, 2780.31189248, 920.936005324, -1.12147488083e+23
-426.221615997, 464.693169664, 948.448629219, -1.68825289499e+20
-2090.83924258, 1194.67364728, 2806.0577454, -2.49538275934e+24
2357.87055203, 1207.39829983, -2567.21110072, -7.4120684546e+23
-2925.60801212, -614.209994569, 172.987362521, -1.68327578873e+23
-1465.80083652, 1365.84363238, -3596.93728218, -9.05544063636e+23
1512.83486585, 2147.62968035, -501.270282826, -5.18106501419e+22
1609.4689807, 10.1142037648, 488.275302913, -2.96988429186e+21
-143.142905052, -1272.05208562, -1050.55283659, -2.64535261081e+20
1537.85639677, 965.495439018, -2893.71049491, -4.99305704067e+23
2089.06204817, -1461.68130666, 166.80455482, -1.17275292398e+22
983.311486887, -209.828454612, 658.134159238, -1.96508328341e+20
1349.56128256, 290.877930352, 2362.3859908, -1.12226017548e+23
2187.31085069, 32.1137321809, -2243.47665247, -5.34929169978e+23
384.665586094, 2176.72164436, -1442.37326317, -9.82909014339e+22
368.730390561, -2662.45377406, -543.838528228, -1.05625144497e+23
680.326766448, 2519.99554105, -948.965539295, -1.8939939281e+23
-1325.84618974, -1450.76736962, -114.237541882, -4.17419989279e+21
222.538547581, 1165.98645216, 66.9200809592, -1.81381524456e+20
-2207.09554446, -257.757505205, 1022.94855138, -2.86609869243e+22
-854.748038915, -546.039734382, -1043.84223727, -8.43460034363e+20
-29.2206624394, -1004.7551027, 1424.01145283, -8.32511617385e+20
-881.655751527, 1681.3024605, 1331.3922163, -1.42681352474e+22
-605.032442746, -2296.22962005, -1413.78719062, -1.91257801109e+22
513.680302661, 663.056962448, 1653.34639787, -2.52303024028e+21
-90.7615562656, -3973.39921178, -1866.31946359, -1.50907369905e+24
3153.14625463, -2014.43356846, 1446.80865196, -9.07539993366e+23
-284.148101191, -3046.86804906, 50.8206602005, -4.53195860421e+23
-86.4192137891, -2446.73149971, 1047.0757298, -1.71683999425e+23
2666.08553353, 3338.25068909, -3670.78990921, -8.91458429716e+24
-1450.52166798, 481.860517293, -1133.53965628, -6.32639916278e+21
1929.36461888, -2834.73883799, 1314.11235743, -1.07182089585e+24
2116.24909877, 2711.94362855, 1533.7389628, -6.86551759335e+23
314.446955317, -608.791746351, -623.814040948, -1.34580061218e+19
-1347.7802156, -2806.29558324, -315.08592344, -2.13106693057e+23
81.2691438118, 2651.91273886, -335.651506717, -1.88373465612e+23
-81.956140862, 1939.88793044, -3357.68967985, -3.50082286645e+23
-1103.17345578, 263.028764708, -102.06068247, -4.12451954015e+19
-649.688403861, 1378.06883888, -3886.12014516, -6.11511289409e+23
1841.53395361, 1095.69382689, -1742.78373634, -4.85973448426e+22
517.812106486, -2078.67106437, 1231.936804, -7.36431577948e+22
359.765669645, 2457.60773453, 2462.5181674, -1.39661936398e+23
3498.43872648, 698.217042958, -2169.71721194, -2.3926726318e+24
-254.588596319, -501.211826153, -383.302229206, -3.62504676632e+17
3115.25847031, 1136.07002701, -1220.94957339, -3.45712856339e+23
-10.0693585605, 2590.99360591, 44.6187240606, -1.19461303674e+23
2144.89396828, 798.643803754, 1088.50770868, -1.07774634799e+23
-6.41768898776, 223.252889187, 1164.53738218, -1.19840845389e+20
-1388.21353331, -132.625899773, 567.116279056, -5.43944307351e+20
511.666031388, 3656.89451517, -1051.28576281, -3.23398731648e+24
-1527.26928996, 4100.86631426, 901.707511983, -3.84599833239e+24
2241.39516471, -1493.84524944, -1527.70491831, -2.9116335267e+23
328.966582897, 1919.87543543, -731.506194694, -2.20133247319e+22
-1164.00722477, 58.3930764424, -2152.8738254, -3.92143509071e+22
581.242665741, 159.705409025, -1268.34061589, -6.9376564214e+20
-628.577159227, -990.623233303, -3202.35160287, -3.40607742263e+23
2065.73500795, 537.852483367, -2796.79591359, -1.05752205882e+24
2247.35829177, 2137.587393, 2195.39725495, -1.2731888504e+24
-456.738433336, 2732.67981173, 293.061782204, -1.62705878611e+23
-2192.4399157, 2213.10614829, 684.235856633, -1.0174892616e+23
847.690791584, 2953.03551956, 152.490839216, -3.12407887746e+23
-1215.19433222, 1967.77916273, -1397.52175716, -8.70172299627e+22
1961.36925809, -1522.98755472, 1006.50852286, -3.71769890021e+22
-656.252896362, -2195.52100071, -1546.60827378, -1.64324685764e+22
1437.63435123, 317.380587913, -1017.87782394, -3.02626729166e+21
-276.197892575, -1147.74277028, -2691.76957707, -1.08335482722e+23
989.063153794, -2508.67118877, 1941.9096543, -5.21840720531e+23
1225.46412992, 2207.20311917, -2460.06972427, -2.58409746111e+23
-1152.4387568, -495.971782683, 54.5085444823, -1.70875547614e+20
1714.12498322, -204.194519685, 1060.85655096, -1.49467157064e+22
-2828.32484275, 127.035847855, -1620.05473345, -7.4021677276e+23
2255.39587305, -3876.98574097, 1732.26073571, -1.1292418531e+25
-1991.79831635, 3276.59169823, 3951.87672761, -2.89900178291e+25
1490.9231001, 362.482851836, -634.839462, -1.0063032027e+21
-2363.16068562, -2547.54061722, 677.752014283, -3.51341488369e+23
2761.16801525, 3561.13102979, -1876.64020662, -4.59550587233e+24
-1327.22421986, 904.500497561, -1025.57901668, -3.18119754627e+21
621.24623906, 1281.7732943, 1870.88991947, -1.05923619459e+22
1645.99297295, -2224.26144471, 1534.41590194, -2.59377040886e+23
615.686147949, -2082.65857619, 1816.82215407, -1.28043383003e+23
2827.25344264, -366.103148329, 117.145297642, -7.883650151e+22
-146.442455444, -2585.87634943, 3756.15208083, -1.73096478228e+24
7.9538804578, 435.785759049, -293.237738005, -2.80513023161e+17
305.83281728, -416.597158721, -70.20772388, -7.47669883239e+16
1107.82593645, 3417.10088604, 1043.15609654, -6.60024730189e+23
-3358.97746827, 1678.32734454, -695.95837683, -4.1444091713e+23
-1898.28590419, -689.985216839, 218.180113816, -6.84928794418e+21
-2132.535371, -1188.2117509, 2967.00370119, -1.18540252481e+24
2564.27371548, 1316.86204691, -3394.8689955, -4.08025010255e+24
-3186.59113761, 3023.09601157, -963.679930895, -2.43822431617e+24
-1496.06097036, 440.016865201, 1479.90773834, -3.07940339974e+22
-292.168685686, -2215.26058146, 2038.33785259, -1.76582945372e+23
1330.06789143, 273.798032177, 1850.9396952, -3.58426435797e+22
1594.00335347, -81.318483876, -1377.10617017, -2.15192382233e+22
-2874.68770213, -495.143370335, 2097.71039379, -9.09789403082e+23
79.2101394001, 3866.77783825, -1175.47723803, -5.39098819001e+24
519.479508004, 1663.70809009, 3074.7546919, -3.65874428456e+23
-1196.77038224, 657.705672909, 1547.61664248, -2.34672730903e+22
-956.432083844, 399.348072223, -1149.79232176, -9.96531405229e+20
-1656.4287851, -248.616300112, -136.015282309, -2.25156873265e+21
126.41836272, -1607.08470534, -643.976627496, -1.24048941282e+21
-1778.30813173, -287.197684439, 2509.3403332, -4.42363213864e+23
-959.668855886, -1763.96457834, 1138.02536507, -1.72893110352e+22
2935.04837643, -1496.00275063, 1777.6189848, -8.17566754383e+23
1474.0502421, 2686.71117718, 2607.11154095, -6.43827166359e+23
129.362164116, 545.18463565, -382.243853361, -1.62173155407e+18
-2109.8324875, -260.688448227, 113.697246005, -1.01988674365e+22
-312.399849021, -29.9401269784, -3340.93947605, -2.98175850582e+23
-766.54168667, 1103.15817206, 1459.90686757, -9.80942747799e+21
-2210.15920553, 3521.72439467, -1469.16266897, -5.28045167314e+24
-1411.54534968, -339.475796988, 413.997336444, -4.50832816671e+20
-2412.09269148, -2309.46095095, 1121.3984979, -2.44931915864e+23
2701.85933896, 630.006958941, -718.283519817, -7.88696363231e+22
-3002.76648759, -3690.18989166, 1010.35866868, -5.01474835003e+24
3116.52633787, -3004.49868707, -1595.13681542, -2.8852780827e+24
-1512.21811762, -1053.86340215, -1023.48097325, -1.73075775812e+22
164.556229916, -6.6646499095, 451.107089806, -5.94216673622e+16
2305.57736763, 1013.90150849, -198.310127922, -4.12759565745e+22
-563.021001675, -1321.48548959, -2471.16333573, -6.21693331094e+22
-1663.88841494, -433.437740668, 1667.88272278, -4.02342249176e+22
-1044.83908132, -1777.07903133, 2590.30427842, -1.27663662257e+23
-985.586788712, -505.051786654, -697.499596072, -4.93375727699e+20
-1747.9676244, 938.874138502, 616.47568285, -5.53430952568e+21
1917.54896384, 598.114558184, 318.272299178, -1.32308854014e+22
-1865.12475525, -1511.91032675, -820.217629758, -5.79591477403e+22
-428.695656061, 151.835808678, -560.429401701, -2.34849362272e+18
1441.68228426, -2045.55289242, -115.235655591, -2.95061236275e+22
-617.94127565, -240.969132606, -676.66539639, -3.56937354384e+19
2077.94629264, 1138.38690195, -16.1923573084, -2.76036999816e+22
891.178698974, -1945.86640743, -2273.21063281, -2.48019409366e+23
-2692.05694551, 3404.89233322, 1141.05160843, -1.78896731614e+24
-1044.31999601, 1066.03705703, -674.061399871, -9.97879739019e+20
482.232048444, -1844.41282361, 2102.2778474, -7.53747010832e+22
-859.666668844, 1771.71538737, 862.861918388, -5.09910509803e+21
1541.13177976, 522.713242855, -3700.00557922, -3.02953208086e+24
-355.115220996, 2246.16901668, 1025.25656486, -1.7958551819e+22
405.223774879, 134.14445997, 1237.30437293, -1.8123142581e+20
-2681.1175112, 1535.34470658, -1196.75959167, -2.11696589723e+23
-1329.80819658, 353.709289617, 214.381902962, -1.56890961514e+20
2675.25712768, 2713.88253594, 692.654141476, -1.10297001435e+24
3262.14342502, 1765.34188492, -47.3053933954, -9.8840093349e+23
3573.6940149, -844.627734803, -1874.33020757, -2.94806881415e+24
1162.57692841, -1850.7073422, -314.578921225, -9.79185753492e+21
-2512.48890815, 3366.1863812, -2666.29736688, -8.97092062586e+24
783.101263034, -871.96348746, 675.85412297, -2.23282330995e+20
-2137.04062331, -277.404474924, -501.663230356, -2.76332719216e+22
-1157.84644797, -1235.12938031, -1243.78548847, -9.22354295233e+21
-1256.6489, 941.051442695, 2182.04430403, -1.88342481414e+23
726.82920117, -872.997875128, 383.431918171, -1.00408089251e+20
209.427367289, 2202.67652213, 167.910979011, -2.8439105227e+22
1229.97587352, -120.212245997, -3280.39599628, -1.30678282238e+24
-2364.35187901, 2376.65997023, 1127.60170724, -3.009710407e+23
320.367793257, -655.869728692, 30.8814266863, -3.03485130905e+18
-642.490950683, -790.905231069, 683.620522172, -4.98227975835e+19
-2666.39802958, -2302.84609602, -1739.87951947, -1.89387300579e+24
-82.949238426, 3071.15486325, 1191.8352099, -2.2385480761e+23
-704.667037729, -2408.52904348, -1876.14169437, -4.19999311858e+22
31.0982488739, 2360.65819139, 617.138181849, -3.46222186474e+22
-2045.86119546, 151.993168721, 1545.50769568, -9.38966246048e+22
-3578.47485719, -2504.81821067, 545.860437863, -2.48711506497e+24
1020.55914724, -3.25883075341, -398.44366909, -4.70980890582e+19
-3423.55560886, -1922.57265329, 2772.71749754, -3.67601490716e+24
-692.113089954, 1749.36121372, -1341.40816967, -2.93562324529e+22
-2117.17193812, -218.013286752, 2064.53510672, -2.92981646159e+23
1507.12571556, -1394.86074118, -2816.21365136, -1.36433848188e+24
1910.35355071, 3596.31196148, 785.056101516, -1.51871437165e+24
-1318.49960073, -247.352244185, 2794.7041442, -4.38645760188e+23
2227.9274681, -3777.10070971, -957.628457437, -2.50568670711e+24
1734.02890691, 1005.29457476, 1339.622425, -5.9609114495e+22
-747.375631183, 446.599057352, -1257.4274823, -5.78706885671e+20
-1703.90082086, 486.494524971, 2185.25265176, -2.94653984716e+23
1186.52149233, 2436.58102771, 1.51878165693, -8.10978152881e+22
791.221839526, 3502.06872968, -3944.282262, -9.78666688945e+24
-1517.62400533, 311.257004329, -1887.57825393, -5.0960274666e+22
864.441825458, 1899.78604059, -1210.77268574, -3.06770000391e+22
-2719.92336841, 887.010944219, 1654.62997532, -5.90992699064e+23
-1482.20854563, -12.7854192596, 1251.05369605, -1.00311468511e+22
113.730175146, 164.593239015, -16.6216566408, -5.32636619695e+13
946.421458559, 404.554517214, -221.805791694, -2.59432439368e+19
-236.088786614, -2322.7102599, -922.264919137, -2.30541409996e+22
1678.30853528, 1374.29759408, 1088.37279678, -4.31391556466e+22
806.331402259, 2535.99272011, 972.264760206, -5.39275683376e+22
-1716.81590296, -1585.73290465, 482.922687579, -1.37239405896e+22
2924.5111474, -2045.07614827, -1665.01318794, -1.45522137874e+24
2334.72228657, -2511.37059059, 1763.55087544, -9.73496318136e+23
-2042.04508038, -1358.06061279, 1775.2074736, -7.4597904737e+22
-2468.73646477, -1665.749847, -2719.5040416, -2.96867252366e+24
135.959480798, 1170.84396446, 3608.88861483, -1.11606526275e+24
1139.06994142, -3561.09069511, -655.948925088, -1.26069259402e+24
1835.61338652, -1360.08038327, -521.214657786, -8.90165657137e+21
-1987.5998251, 630.286900896, 15.7052421243, -3.19545484467e+21
-2706.26475277, 1954.68759018, 2128.63324898, -2.30909744866e+24
-551.737213441, 2835.97338191, -253.629580712, -3.31151483937e+23
-1922.98948167, -1312.15190274, 3867.85227519, -4.42373749322e+24
1229.57027858, 1766.64696494, -1621.14093349, -3.09317779944e+22
2144.38420257, 864.235259127, 745.01478673, -6.72436104523e+22
-923.073952228, 66.9052767116, -1619.93288252, -4.68688326647e+21
-842.083753473, 875.683320131, -359.234606559, -1.25889997066e+20
-1142.43227323, -60.8122767001, 647.187000347, -2.71484329568e+20
707.809242802, -1754.04432583, 1404.63706478, -3.14694414834e+22
1966.30049486, 2529.98578859, 1928.76787949, -6.52571070134e+23
1975.9637067, -2743.17585006, -953.687226603, -2.61712402917e+23
-122.592139653, -1291.20700777, 56.5857781209, -4.94442654844e+20
2699.51932467, 2287.67916655, 1298.95310962, -1.31197348493e+24
-673.613277286, -687.921549408, -2552.81677793, -5.78179352054e+22
-823.286055401, 2990.6275407, -2622.23710314, -2.3247504757e+24
-88.815057395, -2774.9447862, 1210.81465408, -4.78042182422e+23
-1036.8577257, -2027.28711425, -166.892023369, -1.71161166583e+22
1179.19042091, -1450.63126198, 1071.83518404, -1.04829882255e+22
-1583.24216176, -2384.68647304, 2353.43415359, -3.85998374015e+23
330.64843035, -4071.53051448, 124.72552551, -4.9775215394e+24
-1238.96344335, 46.7172560264, -2582.05051339, -1.2016927805e+23
-2020.42994204, -496.539699949, 1965.05247167, -1.67931100646e+23
-2398.04777053, -2206.64673725, -1640.12060693, -9.53526890718e+23
3861.07765632, -2981.95749512, -1696.51658092, -7.77747346468e+24
1958.46505151, 3189.85248158, -1953.30662294, -1.92192960543e+24
-1554.15230862, -876.465988679, 1869.37477485, -4.19820054206e+22
183.872418644, 1022.19809745, -2053.14426058, -5.54820294513e+21
1965.99661152, 1453.25986356, 1332.51251308, -1.48982833444e+23
3200.94685163, -1761.13893463, -1170.39793296, -7.84541480143e+23
-381.634164726, 2047.93972295, 739.403420898, -9.94570523252e+21
-1206.12882106, -2592.70711977, 905.608993203, -2.28653731824e+23
3003.59225599, 197.848655328, 1010.44916966, -5.47255798351e+23
-2901.50640393, 1364.45268986, -2265.66264992, -1.52622924744e+24
3072.49342391, 2799.60012715, 827.353792693, -2.63677553054e+24
1501.68162965, -419.325992086, 584.894600002, -1.65358871695e+21
-247.490139978, 1736.92575005, -1143.06608393, -1.85991870852e+22
-1082.05607007, 1272.07492631, -250.40659255, -1.35506721084e+21
-1204.96731123, -2803.38365916, -518.639329564, -1.80134063636e+23
132.469954837, -391.759149502, -1492.64365397, -1.19963136546e+21
1679.45927608, 1435.48823548, 1600.08112501, -1.04886385104e+23
-1812.72512984, 1139.42224422, -1217.66328927, -2.46600518934e+22
-3548.75847093, -750.786919512, -1855.27815408, -5.13617621917e+24
-3526.93592881, -1199.08560017, 383.51982794, -9.28742009116e+23
-1983.12063876, 3327.50168066, 1071.62860162, -8.92526897013e+23
-1394.4834375, -1461.45544753, -2861.1608061, -4.853221529e+23
1313.44707504, -308.759816979, 586.005096877, -7.63239731978e+20
-161.741327261, -911.009810296, 2230.78429519, -9.84125096438e+21
1771.18210875, 1876.973507, 1627.58782197, -1.83658345941e+23
1834.88241102, 2945.89439793, -2211.62240647, -1.28597001577e+24
943.306242944, -1860.03682803, 3015.2408979, -2.91043652511e+23
-2315.89841433, 1262.72000749, 3469.24705851, -9.65901108263e+24
841.194020424, 3025.1077835, 636.688246953, -2.83602335533e+23
558.935075512, -6.15822279375, -1035.81253217, -2.30831968293e+20
-1031.03292217, 2601.99639772, 505.426974785, -1.08871497107e+23
-1810.09985617, 1218.42205386, 2451.51923936, -9.04414238922e+23
269.750473625, 862.999201555, -984.671987735, -1.37324720813e+20
2013.80688279, 1204.65162018, -213.087507467, -2.02158937269e+22
93.5187578057, -1199.9948284, -3633.24799336, -1.38052156201e+24
1972.31524914, 1572.20778307, -1302.57452837, -3.19907103332e+22
-668.226656361, 1291.64318365, 554.835772522, -4.05110536209e+20
2175.11045778, -3364.41602515, 610.393085637, -2.33282839757e+24
-2493.89467802, 1099.69031754, 486.67228039, -3.3226171281e+22
-2223.71757837, -1092.14306715, 2747.97524124, -9.16834893151e+23
2081.66160339, -370.581611812, 995.248518057, -3.71668480595e+22
1827.78792155, 3566.11094584, 796.877235647, -1.35667747319e+24
75.0726294155, -1686.95314113, -631.519021561, -1.89146874703e+21
373.751334191, 203.157908259, 596.05956739, -3.0464459596e+18
2882.90273816, 166.081098278, 2450.6884304, -2.70159340318e+24
-2774.80264125, 179.040652212, 3168.88076084, -6.53377322987e+24
64.6148976205, 1667.30832928, -2421.21084558, -5.19279583767e+22
1059.31867116, -845.64601728, -2025.61632929, -8.40586409247e+22
3388.68873084, 1098.43077989, 1034.70076899, -1.99389278122e+24
-2492.91948156, 1122.04048744, 1490.13266242, -3.29287635457e+23
835.720925463, -2822.80413453, -2383.76971188, -5.3269635443e+23
-2016.71395202, -656.489771024, 1721.43765269, -8.35834773501e+22
-544.718705724, 700.910635274, -1608.11863933, -1.06921147207e+21
-232.843279311, 1484.84062963, -2897.43591152, -7.75732103427e+22
173.512121108, 3345.18503885, 2834.4661878, -7.66544979161e+23
-3098.15276281, 2491.10419224, 1696.11511156, -2.40284318216e+24
2306.8189438, 780.415366783, 807.32047307, -1.08858997173e+23
2470.33673623, 716.281088883, 303.030432026, -8.42914881827e+22
-2766.3897231, 228.376546969, 1914.83901664, -7.63417821097e+23
-2879.28772457, 282.247886972, -487.118731431, -1.53042395107e+23
64.0973365592, 1155.63060564, 201.867470707, -1.35660511083e+20
-2698.22621101, 2099.46420871, 2736.1623643, -6.51701897599e+24
3027.9340536, 358.819902015, 1664.39290801, -1.41216780794e+24
-98.4840389062, -1571.23888682, 1625.64470124, -1.41260076192e+22
328.352876349, 683.746309215, 706.998913259, -1.09183583647e+19
-1291.03808153, 202.612801844, -3114.15593884, -3.57783807061e+23
-1132.72123579, 127.628278721, -1675.1458806, -1.07147595327e+22
-1839.11086218, 1531.48258533, 2134.021278, -5.76583267363e+23
-353.157613899, 2412.61213467, 1708.35583392, -4.62813500562e+22
-127.540196793, 891.50431212, -2033.09217059, -3.57049372806e+21
-240.430955396, -1227.35537612, -3212.86837989, -4.35887264387e+23
787.498399725, -3082.31476404, -1111.54853217, -2.73781640851e+23
925.60315738, 682.943270821, -564.140144655, -5.74955349664e+19
2207.83268462, -2622.65339134, -480.427802283, -2.36071143314e+23
411.561572583, -1199.32148381, 912.960088418, -1.31623797646e+21
179.720702728, 944.064008848, -122.410589166, -4.76761798588e+19
3534.14927808, 532.50845113, -2686.23953927, -5.75420913964e+24
-192.21833452, -1577.99656964, -719.38531966, -9.47034688879e+20
-1093.02131321, -554.858433693, 683.723050824, -1.74685504935e+20
1379.99903427, 485.688509351, -235.606570998, -4.76199377366e+20
-1697.31266584, 1643.9000681, 2352.49886369, -7.87287251133e+23
-349.420575582, 369.55690363, -1506.72851061, -3.77122239511e+20
-115.59891645, -15.9110947121, 233.126576933, -1.24675043281e+15
2878.84872735, -986.185578178, 188.349320787, -7.08451309939e+22
-194.530243034, 2179.23811737, -536.909820082, -5.17193678087e+22
125.178755545, -1245.75386922, -197.720217966, -2.60867487773e+20
-440.448626898, 2931.70492584, -1584.78965346, -9.92627298845e+23
1476.39898885, 3036.98357552, 145.197108064, -4.41110523365e+23
2829.476889, 807.848939013, -995.937760939, -1.37581625192e+23
1286.82487602, 3301.43867178, 2436.47967822, -6.57744457967e+23
2123.71828368, 1088.67750742, -493.22743223, -2.04795541785e+22
-244.104597093, -605.984632862, 224.319271296, -2.07189794583e+18
2001.30989143, 1866.26353244, 829.549455354, -1.20052765019e+23
-1720.9707255, -2923.36704313, 1790.63149093, -9.45400882567e+23
-1242.95569871, 3258.98644216, -1480.64857283, -2.35370095976e+24
546.203983266, -1027.54795894, -278.974500354, -6.60037079344e+19
-457.599215854, -1468.81980042, -1604.50075066, -3.859462268e+21
-1715.27923806, -125.140780826, -287.031624483, -3.35733294954e+21
-1201.21521919, 243.074042041, -306.682305984, -1.68994154443e+20
3502.80849453, -1027.82274717, -3404.82388275, -2.58359411923e+25
-2737.34307133, 385.055463495, 794.122911126, -8.30700852898e+22
3156.82699215, -1903.39790645, 1088.39770141, -5.33525407029e+23
1731.55424981, 2774.61719332, 527.298404883, -2.48039543974e+23
-345.004177607, -140.72138943, -80.1131674533, -2.18187711994e+16
-1977.94293516, -319.276007217, 779.262207996, -8.4807576198e+21
2335.51066802, -572.199637713, 2318.88516689, -6.66460034826e+23
-179.29858477, 1458.98825608, 1593.84577598, -6.64608670229e+21
-442.493012064, -352.057339042, -1751.38913841, -2.48507852481e+21
-1960.36469573, -2679.62473883, 894.818887531, -3.52931885474e+23
564.417267466, 164.033704674, -1115.03504312, -2.89698707649e+20
1584.17435827, -1970.00064805, 1832.18618074, -1.78723070587e+23
-1489.81094471, -2500.71043071, -949.696004857, -1.01991692978e+23
-1052.33866474, -1283.75978715, 662.684773048, -1.36753172669e+21
-196.112357649, -58.4103014084, -1271.27529049, -1.30887324962e+20
-103.840942228, -3207.98382872, -5.01881521971, -6.68589063356e+23
1397.67118254, 904.034540177, 3676.14809919, -1.60903842364e+24
1113.89637269, -38.2445253165, -1004.9414755, -1.44489281465e+21
-1410.58801632, 1406.29225204, -1652.90612837, -3.32508626914e+22
-1347.62678042, -1698.68360584, -559.218278513, -1.10666598721e+22
563.104408472, 65.6367707462, 1446.49711977, -7.75322154651e+20
1667.00104411, -517.421814354, 2334.01624349, -1.68169413275e+23
-1559.45093746, -37.0818169921, -2236.84313303, -1.30530850762e+23
-1168.63283417, 1082.02429458, -1639.26720497, -1.13400956356e+22
-127.919214694, 3013.59508336, -120.084330146, -4.53233904399e+23
2414.60530992, 1404.46321693, 2631.75732915, -2.2217313017e+24
-1548.4829278, 1327.87704583, 1856.6924859, -1.73005705409e+23
2155.17938436, 1087.77552564, -704.23927302, -2.13380354285e+22
-2047.24257531, -1878.67910203, 595.812575044, -5.45376654067e+22
2010.66109494, 1067.86631789, 780.537824547, -5.65560158097e+22
1101.39050471, -121.411944364, -706.665942221, -3.87922967935e+20
-3151.74493248, -3524.8630583, 701.282520559, -4.20501767929e+24
-2605.55452387, -1376.95239698, -2884.87659517, -4.12368237805e+24
-3203.43220763, -291.56743989, 514.15423092, -2.36038848319e+23
-1987.92604548, -3638.87375303, -707.999707531, -1.75795147656e+24
-2645.63874191, 765.059340698, 446.286470679, -4.02453980708e+22
-525.536488418, 2788.49697765, 1715.82170482, -1.18701900871e+23
2271.8990317, -1138.0990678, 124.031582929, -1.07243779095e+22
-3801.69281969, 2002.21006002, 2429.6324211, -1.32910560419e+25
-1060.02166525, 1135.17751765, -2039.32833221, -2.21735568601e+22
2844.78446404, -341.511040428, -131.997176789, -6.94151016634e+22
-215.418471316, 541.724429773, -3563.08179849, -3.92508430336e+23
-1641.5066245, -2807.59709398, 2719.65843157, -1.29955764741e+24
-1985.44283308, 1770.76271534, -165.203398525, -2.51131429029e+22
-1914.58939992, -1649.30185055, 1405.97419444, -3.63550553152e+22
94.6373753151, -3218.31933211, -1374.66171732, -3.02564208741e+23
2208.87282521, -963.912320481, -229.485245172, -8.59398473936e+21
552.594465395, -737.882328896, 1457.51118277, -6.89933808245e+20
-1156.79779255, 1588.81237407, 192.378805621, -3.73828620912e+21
1089.01530743, 488.715646543, 2083.63360021, -3.5032222072e+22
-1367.09230698, -480.910955962, 667.013777185, -6.17730621489e+20
-178.058010231, 802.218178489, -203.210139106, -1.93589564394e+19
1886.9926095, -2071.24045213, 2033.14067555, -3.71368260209e+23
-266.278798081, -286.37801036, -1772.04532782, -2.30044717301e+21
843.489212099, -2883.50947001, -2455.74729004, -6.49851911351e+23
2137.27865634, 325.376022724, -3565.83293909, -4.99774233309e+24
-2531.65896535, 3293.66436671, -2213.05442864, -6.13850709106e+24
2200.83288603, 295.212314447, -2847.9147491, -1.56635485386e+24
-2495.12824818, -944.029851854, 1673.735404, -1.7109353642e+23
3533.10645252, 258.461368797, 1075.77546675, -1.79799157481e+24
61.7154982458, 303.62886831, 1871.78761776, -4.50212311637e+21
2627.44829241, 1703.11920551, -196.322260767, -2.05044365757e+23
1394.89593983, 2973.99297438, -3990.00538534, -4.7210304453e+24
-1376.08661513, -2192.28216648, -1047.45582771, -4.63490663518e+22
-1918.30205251, -1262.03280555, 2982.69784435, -8.88768956764e+23
-1057.26615548, 1441.30564375, -743.454609419, -5.81777101083e+21
-2246.54886529, -4115.57431857, 867.557304479, -7.68298468232e+24
1581.33744987, -408.208659036, 482.15691118, -1.7510994986e+21
-637.945165581, 583.96139234, 2972.09817628, -4.28268144536e+23
-1440.6939322, -3323.72158607, -534.418121935, -7.30400761454e+23
153.311609068, 701.868681059, 3319.08289768, -4.59925732967e+23
-2575.78230229, -1167.65879124, 1019.65443229, -8.37353803479e+22
-2331.06787955, -3270.9654491, 354.960095025, -1.35975242962e+24
-451.623523802, 1268.94394861, 1450.41770207, -5.46785742464e+21
2595.80521478, 2338.87302601, 2553.76590191, -3.90420860928e+24
-642.484503997, 367.731811591, 1534.30969724, -4.911593445e+21
2224.95395555, 782.612676944, 632.133276861, -6.7615837927e+22
1180.91235497, -1111.23370822, -3964.7106176, -6.5635923371e+24
1654.01009854, -3012.85233484, -2235.4565375, -1.27574721221e+24
184.42170227, 879.111733312, -644.491140621, -7.83024403892e+19
947.01329422, 705.030042281, 166.644040311, -1.20867761642e+20
1878.24055874, 480.284550378, -177.933532146, -5.03715421328e+21
-183.777245967, -495.871149599, -1917.60321522, -5.40185095279e+21
-576.22267424, 1927.09467368, 464.480257617, -8.27073541429e+21
-269.535929466, 1140.27999355, -1094.04922157, -1.17234842848e+21
-476.913119082, 613.865927555, 195.865534462, -1.90761449639e+18
-3175.70044045, 3948.17721407, -490.886160003, -9.35290952539e+24
18.8686885125, -51.6870087721, 3323.76500268, -3.41570985151e+23
-1219.94018526, 488.870077244, 18.8279973107, -6.23904431813e+19
-183.305266338, -2223.6924474, -2224.76232125, -6.6271683732e+22
-728.55058146, -507.175913894, 2594.08568806, -9.54314795699e+22
-1957.62821148, -1247.72706083, -1176.93745757, -1.01045098236e+23
-2188.99727604, 2176.48412142, 2915.90319596, -5.10059300378e+24
-590.514047143, -3036.71671793, 1669.59947629, -1.14665047307e+24
-316.163346537, 2902.65334383, -1107.17752054, -6.66986041086e+23
486.511961904, -1984.90209631, -267.035045567, -1.22838464433e+22
2905.53028882, -1528.02725006, -1010.59990955, -3.13488266024e+23
-3370.83551543, 982.124507963, -1120.01284616, -8.14583640298e+23
193.643189343, -1747.62779177, -1595.99495216, -9.3059876914e+21
-1104.78629043, 2976.14265213, 3138.99992051, -3.31875165439e+24
1942.63142719, -138.974670675, 232.722684187, -5.71568328931e+21
730.561576515, 4040.67783846, 2541.54554957, -1.59704024938e+24
822.414694827, 2019.38260917, 1393.89298726, -1.22445259922e+22
-1597.00071707, -3095.23458983, -2454.89261869, -8.77084766306e+23
-1217.66273064, -824.263825374, -1764.01535936, -2.79082339968e+22
-541.782905747, 1235.01160193, 2602.32946944, -2.26983833956e+23
-1488.06795685, -73.0067191687, -1210.29898797, -1.18550874777e+22
497.44625722, 860.416637312, 1829.81159761, -5.64968527115e+21
-1505.99614533, 1873.40841295, 1343.39943744, -6.39034884141e+22
-3619.68033505, 789.473852699, 1092.84016576, -8.873940186e+23
219.303008183, 1371.58895893, -2886.72476247, -7.90181525578e+22
-293.298150334, -2535.68484562, 567.047999179, -1.53444088867e+23
1705.95489982, -1532.89625767, 4035.53072323, -2.48023209718e+24
-235.596195371, -3813.12938585, -929.492731628, -1.64042370007e+24
2875.60035627, 175.720608184, -1402.60698989, -2.88526319194e+23
-1216.89543692, 543.700637343, 709.536664603, -9.71277719433e+20
1361.0358165, -259.978056652, 713.613463203, -1.48713332115e+21
1879.32390115, -1890.46584225, -280.579688165, -2.48210012466e+22
1342.31056721, -389.879123052, -85.2712669849, -1.40359139564e+20
3298.92715706, 1510.53076466, -3768.15860577, -1.47118691257e+25
36.9820627592, -1291.84218896, -1577.39310498, -3.86992364819e+21
-616.767742909, -2592.66720547, 1526.51444655, -3.43074873227e+23
-1115.71338214, 1694.18631416, 1507.68589032, -3.98116566508e+22
2685.41954645, 789.047970485, 762.303356231, -2.73785936618e+23
-520.60306204, 948.548452663, -2726.9066842, -3.74456414707e+22
2347.53550977, 2006.1740201, -2048.73021391, -2.74069095368e+23
521.454615217, 2822.76767273, -390.067255112, -3.07721139447e+23
2499.04494799, 683.730463636, 440.486763578, -1.05028509434e+23
1870.76836624, -1560.62157716, -657.012856511, -1.79687631451e+22
-900.8817119, -148.541476962, 1880.93862639, -1.93232748206e+22
-837.76697167, 2545.19072449, -1420.40977883, -3.78071344017e+23
-2568.60316923, -878.451182681, 1472.17455523, -1.3857050515e+23
-3501.38362866, 62.1855525137, -3107.89320027, -1.37455496611e+25
1705.31111844, 2549.65018334, -3460.3737079, -1.85907967227e+24
-42.3087466867, 680.971375262, -2693.23490528, -3.85965562501e+22
1014.37424159, -438.647554214, -1331.57098117, -6.0176797017e+21
-27.8454866311, -1712.6442648, -568.498090705, -2.28386929582e+21
-1446.33254353, -3377.35634269, -3128.24716242, -1.9099806722e+24
1391.01542415, -1678.49033874, 438.103027041, -1.32386286006e+22
-987.178979233, 2003.94775354, 1183.87318764, -1.93473496758e+22
-736.038728025, -1040.2295753, 401.753647613, -1.87813279558e+20
-850.455694522, 863.913811779, 1769.72979561, -2.74011687246e+22
1262.47181295, 2074.13960453, 557.140152299, -2.28779382944e+22
284.057742455, -1759.37600034, 525.052259942, -1.05576199801e+22
2081.38478217, -1592.31260845, -2517.81847508, -1.75851031463e+24
-186.500757137, -705.961155727, -2782.63326889, -1.11838865782e+23
-1795.09911368, -124.754329842, -4052.72673478, -3.78834710069e+24
1319.33177375, -3085.50115446, 1578.08294892, -1.74421481299e+24
-432.286136163, 1425.77404981, 483.321498857, -6.31096494351e+20
-1027.8596794, -823.407055065, 3385.09893365, -8.08145818543e+23
3523.55060024, -1719.21629854, 69.6815041043, -3.34160812304e+23
-551.717229935, 2392.13643511, 1579.9115884, -4.51538662627e+22
-895.157539414, 3303.25683262, -3129.20283273, -5.80472754745e+24
-1570.34079361, -2641.76610024, 211.337975806, -1.94469542856e+23
-925.917177491, 769.388365776, 702.779405037, -4.33917369391e+20
-72.0813118336, -1438.69128905, 1642.11866392, -8.47584430029e+21
330.420611024, -373.526290583, 411.709141301, -5.00037655978e+17
3814.41140253, 1093.9051451, -72.2950929366, -1.84718495976e+24
1437.55066056, 77.8263992838, 730.331423586, -2.86984506266e+21
109.417143347, -2265.94509388, -2772.84675667, -3.71403348621e+23
983.804493389, -474.572171191, 967.766892008, -5.71393138663e+20
199.995180434, -1454.64585718, -36.0804075233, -1.20430099009e+21
-1092.63344021, -2873.936381, -1289.62408694, -1.53150308868e+23
-212.283924047, -351.586044965, -3118.10766361, -2.16059011118e+23
2023.14482682, -925.650237456, 111.306770947, -4.03467158419e+21
-431.685247183, -1165.1595495, -2165.40076565, -2.12818195182e+22
-2823.96117367, -516.08718726, -2563.91487768, -3.12047798669e+24
-1033.00731013, 3943.51510276, 980.555916015, -2.42423495089e+24
1292.10100496, 1269.9202886, -1142.81778289, -3.44444954473e+21
1794.42634022, -1964.17635249, 1451.27168799, -1.42700835606e+23
45.3851707368, -1934.41833402, 729.949624906, -2.44175504881e+22
480.249361022, 915.539762646, -359.784711705, -6.0745930397e+19
-184.098584899, 2221.5090193, 89.1089258524, -3.42841697834e+22
-3617.08749624, -1790.58787051, -954.217523509, -4.08135287013e+24
-14.7765629195, -3903.29695962, 2969.27968014, -1.31866937334e+25
-2042.63858164, -2711.81548617, 276.219049354, -3.32750416719e+23
-363.530037269, 679.446083907, -2821.88543379, -4.89761418978e+22
2285.78120154, 1597.24823215, 876.184724393, -2.08402824051e+23
-682.450945252, 221.872859019, 698.346367497, -6.93487584645e+19
1982.48315156, 1599.12717401, 2762.4367298, -1.29244059521e+24
3135.58840187, 1860.73606895, 1525.70812902, -2.92148830471e+24
3000.83100859, -3429.10982759, -671.390326393, -2.17267891764e+24
-109.510918532, -125.446252564, -1566.24999031, -8.08431924771e+20
-2099.57847125, 1163.88728541, -917.41974869, -2.81679495286e+22
-1185.45768318, -198.473398431, -3174.81438347, -3.86151027964e+23
-160.181618828, 2169.23548446, -41.3895244021, -3.17876335438e+22
538.526285116, 291.733485913, -176.458394101, -3.54079377762e+17
1540.68808562, -3485.78167225, 1491.5083567, -4.01147362995e+24
-3893.09055463, -2699.07613007, -1201.50258495, -1.21204730043e+25
690.024635443, 1368.74069122, 713.779874268, -6.29069319472e+20
847.596363271, 1685.18739726, 3109.31971362, -4.32720495287e+23
2100.67149229, 1004.35088588, -242.899776831, -2.0407399455e+22
-515.412527879, 3810.11785658, -1505.6041441, -6.11438540028e+24
-1795.91362301, 1287.21031972, -1414.53115572, -3.97858887906e+22
1798.90702511, -815.267587482, -3639.75127505, -6.26960441039e+24
1500.791985, -2477.62058238, 1339.58250831, -3.85220977211e+23
-175.202393571, 2965.91816308, -281.160943775, -4.47284482777e+23
3445.13803108, 129.829824983, 2626.84348523, -8.0374988603e+24
607.79925538, -555.073618335, -1410.4831958, -3.22345405608e+21
2409.02385103, -272.781369283, -192.221699242, -1.80084931811e+22
-1346.98236559, -1743.39931709, -110.379046648, -1.000347753e+22
293.318106786, -1067.31315808, 775.969148277, -4.58932756524e+20
-83.4298619188, -691.477045876, 82.1382559634, -3.81807464348e+18
2600.41193221, -1170.27144334, 217.957023227, -3.2209110458e+22
-1955.40737152, 2434.76912293, 2343.65580075, -1.61948170314e+24
1006.02786795, 563.513642208, -2754.56930523, -2.09061570221e+23
3309.39178787, 876.14481848, 90.9892691054, -6.32795780265e+23
-3287.20639804, -3706.4701504, -603.861098819, -7.25496137285e+24
1125.98042629, -573.665215822, 1072.96302406, -1.49731427831e+21
793.696940631, -3224.95846569, -456.190916281, -5.90325029411e+23
-283.613906302, -26.3073375294, 2152.24617775, -1.68031344949e+22
805.892749921, -3196.04000216, 916.121220696, -1.30303556264e+24
1883.62664097, 1204.24165621, 3063.41434206, -1.45413645092e+24
380.319935852, -714.022121021, -544.917956805, -1.33244830704e+19
25.7363318248, -2098.0925873, 806.359758947, -4.71713189192e+22
-283.797269645, 826.986506084, 1711.00568099, -7.00207924055e+21
29.2236462043, 303.816975495, 3692.18624768, -9.40582882563e+23
3634.73533359, -2821.41813454, 478.064465794, -1.6980250287e+24
-335.644908248, 3084.52668998, -1282.09797397, -1.1555134118e+24
728.639741796, 332.50893116, -2210.10898442, -3.39731683561e+22
875.066905492, -1308.3091417, -1919.36309337, -6.22648179428e+22
256.922833808, -159.179254526, -2138.06328868, -1.71675302795e+22
2140.12126558, -81.0863768176, -108.878657479, -8.1931470736e+21
-3506.24986123, 1895.30778697, -1112.28788578, -9.92093781149e+23
309.323709672, -1539.08385908, -2007.65466658, -3.66585211135e+22
1702.36169599, -157.569366728, 1615.92921891, -5.0461474038e+22
-427.165334022, 1112.73655964, -750.748740907, -6.62335453116e+20
1503.16005146, 2791.99617255, -285.053338178, -2.92929761406e+23
259.781010817, -2321.14931092, 2655.79651778, -4.26725564498e+23
2365.81744184, -1009.37200426, 871.851522595, -5.1097105093e+22
324.042864243, 1364.87570399, 3179.45098698, -4.26181146757e+23
1415.62545703, -1980.47162909, 2152.73030599, -2.20307386269e+23
307.967816523, -588.750597587, -3587.60477668, -1.13082104567e+24
1641.70583395, 1479.12349569, 3236.21495378, -1.36659593831e+24
301.461996425, -1715.94732235, -3104.01886365, -7.11730664837e+23
-494.264941036, -836.339528946, -176.419751298, -1.52756623685e+19
-456.223201166, -443.177341124, 122.460466767, -4.20569318735e+17
-3350.47527755, 468.036138473, 322.265652175, -2.41377035703e+23
-1227.76607494, -1386.41113664, 1820.11504259, -1.84297189923e+22
-1738.92035643, -153.263086111, 149.976491571, -1.8917356343e+21
-2184.02125757, 128.970017894, 779.463707984, -1.78216986162e+22
-3591.19383275, 49.8428353797, 1035.13224082, -6.84187640608e+23
-2879.96605415, -760.902153935, 1686.46203532, -3.91083451487e+23
-301.454016956, 370.871999291, 1160.95349947, -3.37925451312e+20
164.258876037, -764.718598081, 2158.50154339, -5.57768261763e+21
-2386.25326713, 245.914688519, -77.8565362748, -2.08287612605e+22
218.536760772, -620.277096106, 2651.79862013, -3.23229981603e+22
2306.43419535, 1336.06039114, -1160.61429335, -4.99378946389e+22
2738.42689475, -888.550059268, 23.3402762911, -4.23966118476e+22
3660.31630765, -884.847488998, 659.58797453, -8.52248998943e+23
-725.541297604, -268.134795694, 1160.89665023, -5.73433657677e+20
498.149697856, -2421.27992743, 3219.85814159, -9.00296765778e+23
1033.22489254, 1433.36594669, 1069.83083483, -4.886021729e+21
-341.046334512, -3638.79120627, 530.225093435, -2.39924670186e+24
4.49438367378, 1243.94621971, 406.814911205, -1.81670573334e+20
1521.04892779, 1009.16688322, 182.011987301, -3.94649200215e+21
-2632.31392251, -1415.94754684, 65.5380112764, -1.72920940146e+23
-1536.5930413, 45.8087371458, -50.4267313247, -7.16124674283e+20
-360.421614821, 3147.42739907, 119.944172419, -5.6536418592e+23
-2567.8983521, -677.805390886, 820.83082196, -5.79319061401e+22
958.077453399, -1202.35695379, 328.164604407, -8.93048690256e+20
-1160.8777449, -958.628391596, 3675.55941762, -1.59151383085e+24
702.272459155, 1134.13861446, 908.525856042, -5.10896462629e+20
578.164040119, 1846.87608582, 121.914283812, -7.18239264943e+21
-440.367617517, 2137.27630337, 364.03393781, -2.04651533486e+22
2930.6711158, -2027.62334239, 1775.94641997, -9.91874204323e+23
-2092.39705722, 71.0388175041, -619.901913833, -2.21510339129e+22
2925.44680883, 808.744683431, -653.040845947, -1.58178041489e+23
912.730735165, 2375.34456313, -2920.11693313, -5.54700249748e+23
-3540.4592961, 231.499303134, -272.911539711, -6.07238373928e+23
-1965.10550503, -639.187264369, 195.545911997, -8.47085031521e+21
-471.198307938, -156.288188858, 2200.74015299, -2.45703098881e+22
-2570.24290422, -471.501253297, -1501.14349125, -4.68411565974e+23
123.097019489, 140.942906771, -2088.69214256, -8.84224072736e+21
-856.241465937, -805.441931219, 1071.80324964, -3.83636851208e+20
-1038.67559077, -1204.15466125, 1171.48779821, -1.99599151426e+21
2928.27377918, -2125.16213128, -683.609178537, -2.85621065269e+23
-1584.56142977, -831.338776278, 1402.28306096, -1.14331634995e+22
-99.1271910175, -675.306371236, -1771.55545563, -3.82608845156e+21
-110.931180058, 694.307282467, -593.375339281, -1.75693526597e+19
-93.9952273536, 819.039512081, 383.698488464, -5.40555524419e+18
-2488.25960446, 865.975279588, 2348.9974134, -1.56642247484e+24
-1014.17975164, 1970.96148989, 1032.41533112, -1.43849350969e+22
-992.705072912, 3531.15068716, -3784.54845676, -1.24285880937e+25
2389.26827402, 1671.12827397, -2137.19474562, -2.94519079217e+23
-574.330983396, 1277.06608075, 270.153732664, -3.79144961253e+20
1441.04984285, -1763.24372462, -3569.87553989, -5.72901118184e+24
1764.72579516, -68.5622960971, -1974.98093159, -1.54381191456e+23
-2016.21730842, 1209.29741209, -859.634215973, -2.07873264563e+22
-3751.46529681, -10.4454707149, 995.056664947, -8.95336042329e+23
237.020822238, -538.373156425, 479.52274838, -2.96165794897e+18
-509.610202702, 1607.03927359, 1068.63293331, -2.50062707405e+21
-1530.64136337, 2580.62677645, 2756.28147203, -2.20761509748e+24
-2683.52155531, 261.50396259, -435.49296952, -8.49017591612e+22
3423.23914731, -276.547435381, 2190.47562961, -4.27330257172e+24
-1066.94139116, -482.083342714, 2220.12845806, -5.90111791569e+22
2247.39919245, -1228.44193125, 1274.30269325, -8.3291139084e+22
-559.63736682, 1897.81178748, 1590.29467182, -2.16145849601e+22
416.117297761, -41.8239860429, -754.566683987, -2.05479691839e+19
-464.250737518, -273.11977964, -1157.90965605, -1.66655351425e+20
-437.515993364, -1137.72844356, 682.188899088, -4.71909905063e+20
-2015.27154303, -140.752239147, 139.992977869, -6.09043134933e+21
3604.11576045, -3627.92766348, 1733.78034703, -1.29213714426e+25
-499.681975786, 1749.18409155, -387.111846612, -9.61601979922e+21
1774.66624193, 2515.00791802, -933.94863587, -2.15326659325e+23
-72.6492765631, 2945.0244853, 74.837950551, -3.29363340767e+23
296.952113068, 1147.54090956, 845.344480965, -9.13138510816e+19
1372.61755262, 1181.56570788, 1152.58305332, -1.53579176378e+22
2942.77145395, -3640.02082742, -828.82962883, -2.97764095648e+24
1203.17000851, -1437.761898, 1435.041556, -1.77067043359e+22
-206.53154259, 288.255652155, -1580.2393251, -5.08508367643e+20
-2189.53813865, 77.1656998399, 4098.86601915, -1.40194479271e+25
1023.8131273, 2265.963568, 1211.911962, -2.89586048627e+22
445.225710102, -12.3368464903, 2644.575158, -4.49089539522e+22
-1069.38052566, -525.665801085, 1779.12709857, -1.44201366048e+22
-2504.38921339, -1636.16729844, -918.259010624, -3.83448595329e+23
636.790808105, -3195.54911465, -2369.53388928, -5.92093346029e+23
-1298.48667956, -339.768632946, 2305.65274465, -1.2297942979e+23
650.634270629, -909.8900666, -2567.35171563, -1.93582557008e+23
-113.961818122, 2044.18897691, -309.007775257, -2.54320110952e+22
-2057.1332018, -663.587567861, 521.851294159, -1.02253350391e+22
-2117.15951464, 964.031699235, -1235.46804941, -5.47032909794e+22
-706.553429117, -538.365443263, 2113.48616853, -2.08218451629e+22
864.493614405, -2461.96891317, 1794.45927358, -3.97394105439e+23
-425.878259428, 842.019459681, -2226.68055355, -7.51910198868e+21
-318.42078016, -1875.45524793, -906.600511854, -3.67948224272e+21
-279.905269537, -634.209285917, -810.841040498, -1.51339351923e+19
-1978.42246001, 1324.06051782, 522.220711701, -1.20115306246e+22
-2104.68784192, 634.147220506, 2058.42337631, -4.53405205009e+23
-926.269299461, -1296.44880845, -2293.6683264, -5.9146171392e+22
-880.636172779, 1038.98132504, -88.830439196, -2.16611034349e+20
2306.51286107, 867.820030466, 373.10947611, -6.55458963953e+22
818.322670507, 1781.73842301, -516.787950764, -1.0346902384e+22
1622.81864121, 1889.05020641, -3042.2842642, -5.92431091049e+23
-3092.69920472, -1039.22909148, -309.472023582, -5.29314771167e+23
3205.73951133, 1138.20358055, -3232.34016255, -7.05681328777e+24
-1462.80059319, -1383.52739827, 1193.09094953, -6.85444037691e+21
1676.77017386, 1895.50803679, 1603.53971649, -1.41478669107e+23
