-0.499695063119, -4.01259708435, -4.88089686001, 0.0
-0.499695063119, -4.01259708435, -4.88089686001, 0.0
-0.499695063119, -4.01259708435, -4.88089686001, 0.0
-0.499695063119, -4.01259708435, -4.88089686001, 0.0
-0.499695063119, -4.01259708435, -4.88089686001, 0.0
-0.499695063119, -4.01259708435, -4.88089686001, 0.0
-0.499695063119, -4.01259708435, -4.88089686001, 0.0
-0.499695056037, -4.01259697137, -4.88089682597, -3.87441967156e-12
-0.499694615731, -4.01259707007, -4.8808967272, -5.69367766444e-11
-0.499693654298, -4.01259608007, -4.88090615833, -2.25400247436e-08
-0.499694978062, -4.01259758189, -4.88092788669, -2.43193775495e-07
-0.499695063447, -4.01266289628, -4.88088249987, -1.14783202662e-06
-0.499851883292, -4.01262072218, -4.88089670305, -6.35606560654e-06
-0.499390558736, -4.01252675593, -4.88089722689, -2.4693181333e-05
-0.498631667661, -4.01262903636, -4.87960849485, -0.000706984663995
-0.502292253993, -4.01305450653, -4.88081806713, -0.00176110859137
-0.49350172167, -4.01381767382, -4.88108708872, -0.010070292959
-0.507784934315, -4.01246228527, -4.89105082643, -0.0429009896636
-1.47629678962, 3.61576501153, -4.99999999485, -3.69961295198
-4.90000999932, 3.82154893723, -4.99997506714, -431.552280701
-1.47629678962, 3.61576501153, -4.99999999485, -3.69961295194
-1.40132361772, -3.39094334135, -4.99999999397, -184.02856342
-1.47629678962, 3.61576501153, -4.99999999485, -3.699612952
-1.47629678962, 3.61576501153, -4.99999999485, -3.69961295198
-1.47629678962, 3.61576501153, -4.99999999484, -3.69961370519
-0.27851398622, -2.27768465253, -4.99999999493, -388.795727988
-4.47210396072, 1.70749237831, -4.94463263599, -512.60536497
-1.68584940059, -4.94199058902, -4.87609528652, -154.344917468
-0.509981595367, -4.05150683399, -4.99997981414, -4.47977201522
-3.37289636151, -3.61586678703, -4.85917482545, -510.02723672
-1.816075313, 2.26926696917, -4.92379226584, -298.077598926
-0.499453525822, -4.01467127239, -4.87704609247, -0.00485663263334
-3.33755843549, 2.02606005544, -4.87332145416, -351.254712665
-1.3287651864, 0.447402660271, -4.94438349707, -736.651886949
-1.15389879694, 4.90321600567, -4.96950206292, -261.366607229
-0.499685980892, -4.01327161514, -4.88148401889, -0.000202041292509
-1.70870299568, -4.10161277803, -4.89085750948, -166.856391078
-1.36906910958, 0.890851770466, -4.75143998593, -775.918429509
-0.358012046258, 4.91932911616, -4.92125743576, -343.084684787
-0.957921663796, 4.29679521342, -4.90416559645, -136.6199863
-0.499695008445, -4.01259706826, -4.88089694018, -1.85299271036e-12
-3.54399065337, 0.439537643153, -4.90617821004, -562.200176709
-0.499707511418, -4.01259344668, -4.88097697128, -1.66425640334e-06
-0.167009368199, -2.36387454402, -4.98341686682, -377.18185453
-1.34296261468, -2.4296393545, -4.83520740694, -333.399980828
-0.499695071871, -4.01259708136, -4.88089687974, 0.0
-1.46937262516, -4.91979019344, -4.88592553484, -137.822581417
-0.499695098747, -4.0125970882, -4.8808968568, -3.36908630312e-13
-0.49969506499, -4.0125970897, -4.88089687296, 0.0
-0.499695072219, -4.01259710691, -4.88089687748, -1.68454550669e-13
-1.23159298339, -4.91594675037, -4.95346003555, -129.775341548
-1.68040770335, -2.93077651275, -4.87472236114, -286.125008716
-0.499695093547, -4.01259709143, -4.88089688312, -1.68454952753e-13
-2.02173009912, -1.69009624444, -4.88867895192, -528.730589577
-0.499695072218, -4.01259709463, -4.88089687676, 0.0
-0.499695052579, -4.01259682768, -4.8808968778, -1.6676792829e-11
-0.499695061325, -4.01259707879, -4.88089687021, 0.0
-0.499695075416, -4.01259708452, -4.88089692925, -6.73820121367e-13
-0.499695018631, -4.01259719825, -4.88089678999, -5.72743889835e-12
-0.499695074147, -4.01259638111, -4.88089685339, -1.25326751309e-10
-0.499695077256, -4.01259708318, -4.88089687871, 0.0
-0.499695072963, -4.01259708806, -4.88089686634, 0.0
-0.499695075296, -4.01259708821, -4.88089686722, 0.0
-0.499695077034, -4.01259708761, -4.88089686986, 0.0
-0.499695067347, -4.01259708631, -4.88089687218, 0.0
-0.499695078653, -4.01259706716, -4.88089687886, -1.68454387875e-13
-0.499695040425, -4.01259705604, -4.88089687733, -3.36908016045e-13
-0.499695075296, -4.01259708821, -4.88089686722, 0.0
-0.499695066669, -4.01259707717, -4.88089693015, -6.73820167091e-13
-0.499695063092, -4.01259707976, -4.88089704907, -7.41194543702e-12
-0.499695076293, -4.01259707701, -4.8808968789, 0.0
-0.49969506223, -4.01259707063, -4.88089687123, 0.0
-0.499695075296, -4.01259708821, -4.88089686722, 0.0
-0.49969507221, -4.01259710183, -4.88089688032, -1.68454526455e-13
-0.49969508325, -4.01259708173, -4.88089687129, -1.68454603452e-13
-0.499695052311, -4.01259709021, -4.88089687885, 0.0
-0.499695051098, -4.01259709686, -4.88089724154, -3.35221152722e-11
-0.499695075296, -4.01259708821, -4.88089686722, 0.0
-0.499695072181, -4.01259709799, -4.88089688033, 0.0
-0.499695066315, -4.01259708193, -4.88089687632, 0.0
-0.499695060388, -4.01259708819, -4.88089690311, -1.6845514223e-13
-0.49969504329, -4.01259704943, -4.88089687555, -5.05361346684e-13
-0.499694781635, -4.01259700498, -4.88089689811, -2.20670795855e-11
-0.499695072181, -4.01259709799, -4.88089688033, 0.0
-0.499695066099, -4.01259708192, -4.88089687726, 0.0
-0.499695042264, -4.01259714064, -4.8808968739, -1.01072762184e-12
-0.499695082296, -4.01259709117, -4.88089688029, 0.0
-0.499695073684, -4.01259713465, -4.88089692088, -1.17918464134e-12
-0.499695065561, -4.01259737937, -4.88089687292, -2.18991382788e-11
-0.49969521023, -4.01259695667, -4.88089675185, -1.34762455135e-11
-0.499695073469, -4.01259710717, -4.88089687001, -1.6845451727e-13
-0.499695057948, -4.01259709108, -4.88089686627, 0.0
-0.499695071467, -4.01259708729, -4.88089688407, 0.0
-0.49969506808, -4.0125970972, -4.88089687605, 0.0
-0.499707309205, -4.01259708516, -4.88089687295, -3.79094602209e-08
-0.499695065681, -4.01259705654, -4.88089677514, -2.8636961765e-12
-0.499695078782, -4.01259708104, -4.88089680423, -1.34762562735e-12
-0.499694697584, -4.01259707638, -4.88089682553, -3.48694198833e-11
-0.499695043242, -4.01259711487, -4.88089656058, -2.57733147165e-11
-0.499695045718, -4.01259708617, -4.88089687679, -1.68454285812e-13
-0.499695070037, -4.01259708073, -4.88089686995, 0.0
-0.499695077862, -4.01259707676, -4.88089687033, 0.0
-0.499695064514, -4.01259708739, -4.88089692549, -5.05365020597e-13
-0.499695057375, -4.0125970939, -4.88089689357, -1.68454999445e-13
-0.499695052349, -4.01259708793, -4.88089688669, 0.0
-0.499695052163, -4.0125970961, -4.88089664372, -1.39815508751e-11
-0.499695075883, -4.01259707089, -4.88089686368, -1.68454102722e-13
-0.49969506328, -4.01259707708, -4.88089688935, 0.0
-0.499695062187, -4.01259709065, -4.88089689014, 0.0
-0.499695040246, -4.01259712023, -4.88089688422, -5.05363903594e-13
-0.499695061759, -4.01259709441, -4.88089687937, 0.0
-0.499695079721, -4.01259707818, -4.88089680849, -1.34762522088e-12
-0.499694978747, -4.01259706653, -4.88089684412, -2.1898853182e-12
-0.499695133607, -4.0125970723, -4.88089679268, -3.03217532514e-12
-0.49969505388, -4.01259708889, -4.88089747164, -8.91125748068e-11
-0.499695061775, -4.01259709172, -4.88089680473, -1.34762546582e-12
-0.499695065971, -4.01259708237, -4.88089687999, 0.0
-0.499695080006, -4.01259709037, -4.88088861852, -1.72506011479e-08
-0.499695102883, -4.01259708683, -4.8808968608, -5.05363268137e-13
-0.499693488167, -4.01259709878, -4.88089686897, -6.29179381466e-10
-0.499695066582, -4.01259713816, -4.88089687588, -6.7381851025e-13
-0.49969511851, -4.01259707919, -4.88089697868, -3.36908756149e-12
-0.499695078582, -4.01259708854, -4.88089687057, 0.0
-0.499695056042, -4.01259708604, -4.88089687877, 0.0
-0.499694849891, -4.0125970914, -4.88089686586, -1.17916609707e-11
-0.499695081275, -4.01259708144, -4.8808968767, 0.0
-0.499695025119, -4.01259710243, -4.88089688089, -5.0536332549e-13
-0.49969509784, -4.01259707931, -4.88089651999, -3.26797635124e-11
-0.499695083264, -4.01259709206, -4.8808968783, -1.68455194172e-13
-0.49969506825, -4.01259708255, -4.8808968659, 0.0
-0.499695076166, -4.01259708124, -4.88089687279, 0.0
-0.499695209706, -4.01259709635, -4.88089691878, -5.72745640152e-12
-0.499695093833, -4.01259704987, -4.88089687141, -5.05362951806e-13
-0.49969507591, -4.01259709022, -4.88089688819, 0.0
-0.499695066366, -4.01259708148, -4.88089686533, 0.0
-0.499695068027, -4.01259704304, -4.8808970106, -4.88513963368e-12
-0.499695075506, -4.01259708656, -4.88089689306, -1.68455001797e-13
-0.499695069133, -4.01259756258, -4.88089689487, -5.77803189128e-11
-0.4996950692, -4.01259709335, -4.88089683776, -5.05362268064e-13
-0.499695757576, -4.01259718734, -4.88089695897, -1.25499949116e-10
-0.499695070045, -4.01259726593, -4.88089689326, -8.42278908969e-12
-0.499695053833, -4.01259702693, -4.880896708, -8.25416815939e-12
-0.499695098633, -4.01259704428, -4.88089689414, -8.4227225576e-13
-0.499695081005, -4.01259711964, -4.88089687202, -3.36908615121e-13
-0.499695049071, -4.01259708913, -4.88089687334, 0.0
-0.499695052829, -4.01259709664, -4.88089689653, -1.68454965119e-13
-0.499695064928, -4.01259706922, -4.88089689294, -1.68454572829e-13
-0.499695069901, -4.01259708462, -4.88089684562, -3.36907940785e-13
-0.499695060873, -4.0125970821, -4.8808968623, 0.0
-0.499695045777, -4.01259707417, -4.88089673538, -5.22203054284e-12
-0.499695035185, -4.01259707365, -4.88089691982, -6.73819043137e-13
-0.499695046451, -4.012597084, -4.88089688826, -1.68454510269e-13
-0.499695078322, -4.01259709298, -4.88089688989, -1.68454939034e-13
-0.499695063008, -4.0125970819, -4.88089686248, 0.0
-0.499695053868, -4.01259707362, -4.88089687292, 0.0
-0.499695055318, -4.01259708149, -4.88089688774, 0.0
-0.499695079056, -4.01259708831, -4.88089683535, -5.0536123407e-13
-0.49969505464, -4.01259709082, -4.88089697931, -2.6952716342e-12
-0.499695062985, -4.01259708189, -4.88089686248, 0.0
-0.499694535211, -4.01259708058, -4.8808968771, -7.10868645836e-11
-0.499695009512, -4.01259707638, -4.88089686474, -8.42269157196e-13
-0.49969506826, -4.01259708042, -4.88089666425, -1.16232339807e-11
-0.499695054643, -4.01259709085, -4.88089686751, 0.0
-0.499698044779, -4.01259714362, -4.88089687096, -2.24571109766e-09
-0.499695054559, -4.01259708836, -4.88089687965, 0.0
-0.499695056957, -4.01259707978, -4.88089687073, 0.0
-0.499695061715, -4.01259710731, -4.88089688858, -1.68454677826e-13
-0.499695054643, -4.01259709085, -4.88089686751, 0.0
-0.499695064064, -4.01259708436, -4.88089687934, 0.0
-0.499695311618, -4.01259710022, -4.88089687966, -1.53292986796e-11
-0.499695059216, -4.01259707978, -4.88089687148, 0.0
-0.499695276165, -4.01259708258, -4.88089687185, -1.1286411127e-11
-0.499698396937, -4.01259709017, -4.88089688277, -2.80680745035e-09
-0.499695061534, -4.01259708436, -4.88089703393, -6.2327731149e-12
-0.499695065384, -4.01259708232, -4.88089687966, 0.0
-0.499695061654, -4.0125970811, -4.88089624026, -1.02757041468e-10
-0.499695063178, -4.01259708435, -4.88089688368, 0.0
-0.499695063117, -4.01259708435, -4.88089685946, -1.68454041855e-13
-0.499695063119, -4.01259708435, -4.88089686001, 0.0
-0.499695065384, -4.01259708232, -4.88089687966, 0.0
-0.499695066191, -4.01259708093, -4.8808968725, 0.0
-0.499695063119, -4.01259708436, -4.88089679515, -1.68452948274e-12
-0.499695063119, -4.01259708435, -4.88089686133, 0.0
-0.499695063119, -4.01259708435, -4.88089686001, 0.0
-0.499695054988, -4.01259711918, -4.88089682228, -1.17917740348e-12
-0.499695062756, -4.01259707747, -4.88089702306, -5.39051178018e-12
-0.499695063119, -4.01259708435, -4.88089686329, 0.0
-0.499695063119, -4.01259708435, -4.88089686001, 0.0
-0.499695063119, -4.01259708435, -4.88089686001, 0.0
-0.499695063128, -4.01259708436, -4.88089688502, 0.0
-0.49969506312, -4.01259708436, -4.88089671584, -6.56968433909e-12
-0.499695063119, -4.01259708435, -4.88089686001, 0.0
-0.499695063119, -4.01259708435, -4.88089686001, 0.0
-0.499695063119, -4.01259708435, -4.88089686001, 0.0
-0.499695063119, -4.01259708435, -4.88089686001, 0.0
-0.499695063119, -4.01259708435, -4.88089678313, -2.35833991492e-12
-0.499695063119, -4.01259708435, -4.88089686001, 0.0
-0.499695063119, -4.01259708435, -4.88089686001, 0.0
-0.499695063119, -4.01259708435, -4.88089686001, 0.0
-0.499695063119, -4.01259708435, -4.88089686001, 0.0
-3264.61325804, -2841.86821521, 3488.41441816, -8.01824120594e+24
-4511.18207179, 6470.06383205, 1770.43950486, -2.29337880042e+26
5969.22472348, -1336.00666622, -4407.67397907, -5.51985032976e+26
2229.88095373, -6723.77373102, -1280.25197239, -2.03546228585e+26
695.079541309, 165.658447032, 1167.38460424, -4.63746335943e+20
-4282.07468046, -2198.06641948, -2699.36149687, -4.90285716769e+25
-662.846908239, -265.850217682, 7855.93971221, -4.23787655614e+26
-929.160127914, 7581.94339315, 195.210987294, -6.57950099847e+26
7571.34867699, 2822.85373605, -1077.04411255, -4.28048971634e+26
2916.58749253, -4808.96192695, 4124.91056085, -1.42499948904e+26
-393.125006572, -1891.04488441, 3865.49197954, -9.09625461319e+23
1210.93598118, -2681.56960997, 5763.03527183, -1.92248625195e+25
2695.7438087, -1048.16180159, 5021.66316148, -2.90965769032e+25
6096.76862441, 1785.97223872, 386.789488918, -9.87898922942e+25
-4885.3290929, -4915.70288568, 1339.94900467, -8.44246280054e+25
2975.7056549, -4117.5440344, 5837.96958902, -1.61724728955e+26
7666.04131881, -1108.75305435, 3354.72543565, -1.10242681962e+27
948.573339125, 3921.89995127, 3956.41240507, -5.94820330838e+24
-9259.09382034, 2420.09282014, -2587.38016659, -2.15338309618e+27
4879.68719327, -2610.20901348, 285.229544, -5.23589785273e+24
-4095.35878406, -2366.6422683, 781.73824578, -4.898650644e+24
98.8320262741, 1746.20848763, -3080.67399248, -1.68948671861e+23
-3577.81831913, -1003.83071894, 3045.09925306, -8.56458887717e+24
-5275.80448369, 3934.96876839, 4823.08529828, -8.79936911469e+26
4274.73456571, -4215.63038869, 7549.14338423, -9.69043842477e+26
3320.47037656, -5580.8411138, 7669.21104556, -1.29959325705e+27
5866.4470792, -405.226145951, -3818.64764976, -2.47647686264e+26
3614.78149526, -261.47979108, -4952.1050442, -1.37774114718e+26
2455.77890452, -1346.7569858, 598.025690456, -4.18988504254e+22
-6542.66749994, -1928.69777851, -70.5113725997, -1.51994099278e+26
1909.10749732, -72.7669343704, -831.740583806, -9.20179009276e+21
-1570.98134679, 2398.2995191, 4315.84135101, -2.50838902297e+25
-4027.06442852, -262.54736433, -560.356317311, -2.75989712708e+24
812.973148119, -2826.96545452, -826.919441657, -1.57341999935e+23
-53.452764681, -3398.99238965, 583.042309172, -1.49030659745e+24
-1701.3485136, -3339.41892114, -2236.09326966, -1.07460919263e+24
-290.813266941, 7731.70336353, 407.934188899, -7.04957936663e+26
-1361.25449218, -1423.78703934, 3314.17479954, -7.98779324728e+23
-451.227520079, -3334.76042352, -5954.16159827, -8.23655830339e+25
-3616.94679428, 7270.84561823, 2299.99584884, -3.83081473573e+26
3734.96356367, 133.320877716, -2944.24372028, -1.19869574082e+25
-3740.67927639, 5001.52672275, 3807.88283531, -1.67024716848e+26
4013.5693086, -1005.20126858, -3103.57378651, -2.84610892363e+25
687.726754529, -6267.08781412, 6972.11641085, -1.14211188636e+27
825.059063308, -2792.03750246, 306.561201589, -3.21764978788e+23
-3052.73480287, -8530.42249289, -1145.8856256, -1.34412765892e+27
-2104.23837363, 1670.29830086, -251.125338626, -2.35287077127e+22
479.708070009, -462.278564976, 3377.21538746, -2.51330881569e+23
-6744.4557427, 4239.6032606, -4019.06844808, -6.7295437771e+26
442.183245153, 4627.21642733, 7749.52873153, -7.60131435189e+26
2755.63626292, -1416.62706604, -3106.81936944, -9.35413536121e+24
-3036.37729713, 8964.95213269, 5433.59402169, -1.97365097515e+27
4269.92936434, 3175.30138445, -8404.21828404, -2.16019757296e+27
-125.363798393, -7684.75740254, 4148.29783713, -2.01053667151e+27
2647.92078345, -2678.7049678, 7592.42812345, -2.58500041215e+26
3.29115398026, -189.98226141, 5867.00309836, -3.14260225377e+25
6241.12065444, -2188.91586669, -958.061063124, -3.82542007392e+25
-3507.15320265, 2117.88597398, 436.742259756, -5.32188302762e+23
6431.93993151, 7923.52752093, -1502.65088116, -2.14739229879e+27
4047.43085065, 1561.96505494, 2584.17206682, -2.73070321578e+25
-2008.58381604, -197.890021798, 2743.32369824, -1.04355654951e+24
70.7295304085, 3027.69291518, -4073.92014498, -4.90538560646e+24
6381.87588299, 9015.49952828, 7018.13919594, -1.23070977846e+28
3716.06047645, -2386.66661897, 1500.47668915, -2.74151044072e+24
-3955.79963337, 4597.48464815, 2412.25364067, -4.38114341153e+25
4752.65758132, -2367.08930396, 2601.13734437, -3.01108497072e+25
-3182.27135673, -1159.31142902, -685.43816752, -9.85943945403e+23
4440.17369274, -1532.30920674, 117.092956863, -2.05636550178e+24
7389.18208141, -526.163579983, 3739.99247232, -1.19227887275e+27
4147.13778767, 396.937803737, 8186.92466164, -1.523161886e+27
2382.50062761, 285.041710343, 1661.76895157, -3.58905493361e+23
-2322.81527075, 3226.25996071, -2783.26587166, -7.0567989863e+24
-8122.26466198, 5450.79229067, -8534.88704594, -1.61903470531e+28
-8182.80825081, 3269.09186807, -1199.0259245, -3.87958966288e+26
1846.44709674, 932.034119846, 871.702085568, -3.52623615613e+22
-1483.37664505, -4287.55046338, 5605.0159843, -7.40392957121e+25
-516.13609125, 7691.19797136, 3130.37082768, -3.39311727801e+26
-1024.90479633, 3233.0409035, -3147.99020827, -5.33660976037e+24
2572.19908965, 2497.3414027, -6539.92406279, -1.79963578567e+26
-1407.87670928, -1629.15715419, -1699.43819571, -6.74783567144e+22
4809.38324137, 6558.30081002, 1824.1396659, -3.82544119132e+26
1859.34096014, 3867.74000835, -7409.74577289, -2.6205767795e+26
-4805.57214639, -5983.80113401, -6698.34555857, -2.14035864903e+27
-3218.79981546, -7090.75545179, 5523.15021252, -1.46141780017e+27
1689.95281448, 3879.18666715, 7123.58936399, -3.10140127877e+26
-6166.24040605, 2010.31676198, -7489.65568574, -3.2270696699e+27
-811.330139094, 3739.40790389, -2931.22154342, -1.12444586461e+25
3764.18950666, 290.838365647, -652.022679036, -8.42943775594e+23
5974.08475862, -1985.50052718, 3097.90876979, -1.75590759505e+26
6755.31048836, 4170.15152209, 3377.14912595, -1.46348420021e+27
6009.56545242, -3842.59399724, -3293.03132265, -3.78852264939e+26
-5180.12155356, 7259.43739495, 579.510963711, -7.32718281077e+26
2991.71071514, -3274.16650145, -4508.2111582, -1.22554136047e+26
8710.21636437, -5643.04786741, -39.7767495124, -7.5388939543e+26
-4678.92072225, 1851.8231544, 4344.82021721, -2.41429854804e+26
7495.14409337, 2774.65951958, -6154.67132303, -2.46213414911e+27
-8671.87053167, 1697.5062407, 6876.29106647, -1.38665678661e+28
3745.89788435, -175.934334564, 7868.94119406, -8.75879071902e+26
-935.927566661, 3770.34807993, -5411.80015669, -4.00144062767e+25
2589.16880277, 2172.81603387, 6179.48312532, -1.38443823684e+26
-5886.56198137, -276.003210516, -2292.44738466, -1.4219265483e+26
-6399.13174276, -4665.05841268, -2330.12120953, -7.93557795864e+26
7369.75257353, 3648.63606385, 5814.23970031, -6.09728753419e+27
-3126.92255701, 2888.17038092, 6132.29343826, -6.13403275738e+26
-657.656068622, -3000.88615471, 117.060577713, -4.14825104152e+23
-1177.89756805, -2842.68996308, -2407.20875424, -3.24588022249e+23
-4058.13991857, 4902.53049861, 7091.00360821, -3.25470350477e+27
5072.35763124, 6425.63556058, -9176.74290966, -4.7983848016e+27
-6854.71629392, -1704.68645734, 135.017636566, -1.83359049171e+26
8555.91521062, 842.780735464, -179.928937924, -7.58793820116e+26
-2710.06530949, -3132.48088953, 1500.67104873, -1.78043304257e+24
-4755.50201963, 2065.28098925, 1091.03739143, -6.93558376116e+24
-3183.21561564, 3558.40190823, 1136.41294614, -3.40901469384e+24
339.64935994, 8246.71514428, -4810.67554767, -3.79291994491e+27
7757.02532113, -2367.04765663, -3919.4876196, -1.4324194195e+27
364.267344752, -58.778338026, 203.883488106, -4.6624390909e+16
1850.11028291, -2786.1059165, 5392.70639061, -2.14740859424e+25
-396.089412934, -786.160518293, 2014.9274531, -6.74367318548e+21
292.322872071, 1113.37772839, -5939.47758918, -2.97137678201e+25
5010.2042599, 2422.17407153, -6872.61506156, -1.08865518575e+27
-1528.41040518, -7164.03946555, 214.646255041, -4.30928803367e+26
3559.04253385, -333.276115205, 1107.99982288, -1.49899562407e+24
5826.56799295, -6734.34752571, 806.424461598, -7.19759549939e+26
-2722.32915777, -1015.93685938, -1784.52823359, -1.19454818509e+24
4047.99383728, 1453.14285344, 799.276669491, -6.32190382273e+24
-632.575659737, 71.3030656966, -2972.78993895, -1.13011219409e+23
-7278.83133765, -4148.40457034, -6404.08305984, -7.92766304217e+27
-2986.4411787, 3445.21600796, 8451.99209212, -4.19347888788e+27
-8248.37054988, 1483.5116047, -3050.85994833, -1.41787613216e+27
1011.92860242, 2386.34120834, -2421.43973766, -3.68922323264e+23
3061.23131684, -6564.01341904, 1864.27898746, -4.93707915891e+26
38.2986551675, -546.797640127, -1737.11094245, -3.58247137184e+21
-6023.94946161, 2710.76053307, 464.923917879, -2.46018975688e+25
-1968.04180915, -1461.43158093, 3190.07967092, -1.3106539113e+24
8181.96457241, -2988.41511564, -5391.71894409, -5.49706702226e+27
-4993.95291377, 6598.82328941, 2604.92618692, -3.56380882386e+26
7223.43407234, -8778.09554445, 2351.82745533, -7.53204909896e+27
7351.81914148, 3091.20940482, -4363.86705828, -6.61292364113e+26
225.220542205, 5215.92996979, 7968.32346728, -1.11822579141e+27
6966.58117325, 3853.09365705, -315.347624939, -4.13800662951e+26
19.2697478336, 1678.71626092, 3473.28426792, -1.17100868397e+24
-3839.35653214, 1939.00860887, 5364.0973518, -3.71290673157e+26
2205.3419882, -1893.55832385, 522.894997663, -6.47412803114e+22
-7190.7276077, 2352.70674038, -4583.65539378, -1.29088519951e+27
8760.24246882, 5445.02815907, -6889.88115786, -5.95186507901e+27
2876.23154176, 1770.70305686, -1332.18783095, -2.92985002636e+23
-2024.47430074, 459.879092231, 6338.16076904, -2.19562180067e+26
-686.105221076, 469.334753899, 959.70217059, -4.57395388643e+20
774.616999681, -1425.65681805, -1364.10702849, -9.50938213185e+21
-102.373541173, 6456.74131997, 2134.80237929, -9.47438461433e+25
-991.736444686, 1076.36763971, 2202.02412772, -1.41705801507e+23
-4857.99872983, 2774.17483673, 6515.30879514, -2.11113492845e+27
5475.77988976, 2802.10054003, -5960.86128279, -6.26419315385e+26
-6792.80495274, -1428.46913084, 405.313803507, -1.42095684428e+26
-3401.64519771, 3171.32886717, -8354.27932509, -7.66076535578e+26
3509.26769901, 4988.72699233, -1169.55042497, -4.38875673506e+25
3741.03363588, 20.0731793178, 1135.60671764, -2.53162257243e+24
-337.351381798, -2952.57015888, -2436.74470259, -2.24670506774e+23
3572.96901507, 2240.21320925, -6720.05941185, -4.24021066982e+26
4854.15038708, -3396.6760869, 387.390688984, -1.00193027384e+25
2281.11140334, -491.51583708, 1524.64377888, -1.64041459144e+23
3132.59526925, 673.837069524, 5486.27467171, -9.46662740646e+25
5081.10834169, 69.2795221254, -5208.1392834, -4.52314865113e+26
892.268058892, 5055.7384273, -3346.52054507, -8.29351044258e+25
857.003866945, -6181.7568126, -1267.77753328, -8.93325333374e+25
1578.08597257, 5850.32118112, -2204.34905267, -1.59601624959e+26
-3078.98440452, -3373.05673918, -263.310599767, -3.53914307529e+24
512.599628639, 2706.55657583, 151.451930606, -1.52718612324e+23
-5128.63274866, -604.079004418, 2373.78897958, -2.43725124667e+25
-1986.50837844, -1269.82151491, -2425.67941293, -7.17622690908e+23
-66.5897617794, -2332.34856238, 3309.67115953, -7.06163981971e+23
-2048.05754079, 3908.11540547, 3095.07489021, -1.21353984447e+25
-1402.98245417, -5331.11582544, -3281.14063797, -1.61594855269e+25
1191.1843966, 1538.03656107, 3836.96925845, -2.09966772772e+24
-213.914222521, -9227.67604199, -4336.07326645, -1.27845059101e+27
7322.18971276, -4679.86068262, 3363.60323556, -7.71256867055e+26
-662.466448642, -7075.9508254, 123.102601305, -3.84669132199e+26
-204.814503238, -5683.27244199, 2431.44320491, -1.45813075571e+26
6192.47940199, 7753.95559441, -8525.63754498, -7.5502638873e+27
-3365.63559881, 1120.69310647, -2632.08433112, -5.32204933985e+24
4478.03312166, -6582.08297264, 3048.32618416, -9.08467087989e+26
4914.70475039, 6296.23997081, 3559.59134391, -5.80700074698e+26
727.481277541, -1415.73904781, -1444.91392277, -1.12468217243e+22
-3133.1188484, -6517.26926996, -736.938195748, -1.80302896318e+26
191.842196534, 6160.50300911, -783.440892636, -1.59531731561e+26
-187.538852712, 4504.86796944, -7799.07405124, -2.96793885565e+26
-2564.29351411, 605.574752027, -240.354047955, -3.54264522151e+22
-1504.79528777, 3204.14420154, -9024.79264168, -5.20144534285e+26
4276.16696684, 2549.11770684, -4046.21933201, -4.09467740706e+25
1199.81694909, -4830.55954641, 2859.54330248, -6.28129919803e+25
838.81482029, 5706.01652234, 5717.87724238, -1.17023643536e+26
8123.97213192, 1620.84125433, -5041.59374544, -2.02293594974e+27
-585.581557406, -1161.51428981, -887.933529831, -2.94719939112e+20
7233.80426803, 2641.85973424, -2838.76888553, -2.92081265741e+26
-20.6648059466, 6018.65643472, 102.743517433, -1.01027115842e+26
4980.26652139, 1856.30740924, 2528.29841418, -9.12458330565e+25
-10.3172547626, 515.723621368, 2707.97553394, -9.93331259078e+22
-3226.40697602, -305.794157919, 1321.20587115, -4.68722670845e+23
1192.32347825, 8493.38042511, -2443.67035287, -2.7351019427e+27
-3546.04354831, 9523.67717802, 2097.48641507, -3.24315421961e+27
5206.9879281, -3468.84857929, -3547.4814582, -2.45852158443e+26
759.954853692, 4456.90703413, -1701.86375814, -1.85471240736e+25
-2701.0151562, 138.761178592, -5000.66723104, -3.3159578895e+25
1351.60529233, 372.36636135, -2947.53991826, -5.9445593508e+23
-1460.61580171, -2305.39243041, -7436.29378764, -2.90552485801e+26
4800.5101549, 1253.01040127, -6493.79065113, -8.95065244454e+26
5219.66032176, 4961.00998411, 5098.94797313, -1.07800659187e+27
-1061.11841138, 6346.79006323, 674.473557573, -1.37600544813e+26
-5088.58897002, 5141.25621873, 1588.9720241, -8.59925524109e+25
1971.62752928, 6858.57330013, 352.308215732, -2.64365062145e+26
-2821.17843493, 4566.51476086, -3242.6148849, -7.27714660808e+25
4557.16694835, -3534.81313298, 2335.7650041, -3.15770723683e+25
-1525.54013032, -5100.96021931, -3589.2273142, -1.39633536752e+25
3334.98994729, 742.638193757, -2366.09683694, -2.53965672742e+24
-643.274635338, -2661.65385668, -6252.3191106, -9.25363752576e+25
2300.25208928, -5827.14734493, 4511.18222663, -4.44349011009e+26
2848.46397795, 5128.18839269, -5712.05174426, -2.1900535963e+26
-2676.78754988, -1149.80410036, 125.92546032, -1.44319993345e+23
3977.51529109, -473.474091751, 2468.45194506, -1.26573544988e+25
-6568.63072239, 293.985194579, -3762.1433947, -6.26237459726e+26
5237.97135726, -9004.01181104, 4024.50958482, -9.59009417568e+27
-4624.8275797, 7610.4781282, 9177.26263575, -2.44927497622e+28
3460.42166035, 840.17699836, -1478.32228561, -8.47092809201e+23
-5489.37504002, -5916.46649745, 1570.79413138, -2.97445407696e+26
6411.97897559, 8269.42710108, -4356.0840289, -3.88296161194e+27
-3078.57096047, 2103.63439527, -2383.32640614, -2.67682898363e+24
1447.52714289, 2974.7869038, 4342.4780428, -8.88917232406e+24
3824.97712619, -5167.63788, 3566.37051684, -2.21510814774e+26
1428.44663646, -4839.62117359, 4219.55645447, -1.0923817099e+26
6567.26826425, -854.394039664, 277.943186697, -6.69143114865e+25
-336.667231484, -6006.09952623, 8722.85293395, -1.46615298146e+27
16.9133537658, 1006.93692097, -685.538758055, -2.27304465939e+20
710.847860086, -972.595558332, -165.940184899, -6.71515330857e+19
2573.75819633, 7935.62114786, 2422.80860463, -5.58124899483e+26
-7799.56792121, 3900.3224953, -1612.88117492, -3.49246430637e+26
-4409.97168798, -1600.17256787, 500.831003769, -5.81410967002e+24
-4954.76865596, -2757.45514429, 6891.14414468, -1.00444911671e+27
5953.17598324, 3059.94552552, -7883.47442141, -3.44771999713e+27
-7400.86745395, 7021.00622191, -2239.83778947, -2.05627712377e+27
-3474.28050808, 1016.20033761, 3438.96410838, -2.61139919956e+25
-679.101725272, -5142.73860692, 4736.93488147, -1.49599622679e+26
3085.27324406, 636.965124861, 4302.12917218, -3.02914864651e+25
3699.42615177, -186.411142472, -3198.01397771, -1.80986101266e+25
-6675.06033508, -1145.16219784, 4870.00231057, -7.70584869793e+26
181.685929029, 8979.7387773, -2728.39768597, -4.55126723905e+27
1209.03457797, 3864.19060483, 7140.30323182, -3.07014706833e+26
-2775.07972951, 1531.99396595, 3592.42861161, -1.97583819619e+25
-2220.97022617, 932.418927502, -2666.2627267, -8.37084215864e+23
-3849.95825496, -582.094995992, -321.328561293, -1.92797931165e+24
298.054978291, -3735.53062153, -1493.45155989, -1.06385568028e+24
-4129.5047109, -665.206933732, 5826.06111064, -3.7350576654e+26
-2227.61325496, -4098.13939686, 2643.02214727, -1.46877870322e+25
6814.23360398, -3478.19472455, 4129.83663003, -6.92084981969e+26
3423.25115023, 6237.08012872, 6053.31722129, -5.43605090478e+26
294.758366115, 1261.42576486, -888.836919296, -1.32807006381e+21
-4897.77834653, -611.608826251, 262.883239048, -8.63056040526e+24
-723.571001291, -75.7069440222, -7758.23640051, -2.54995112387e+26
-1785.4281753, 2561.95774891, 3390.37142665, -8.31740723866e+24
-5132.85287384, 8178.06335427, -3415.63582798, -4.45370294881e+27
-3273.78012112, -782.470224928, 964.459435733, -3.78929697217e+23
-5602.96413764, -5363.71713525, 2603.13632876, -2.07475438786e+26
6272.64921703, 1466.97392296, -1666.40817082, -6.64957612626e+25
-6974.91182205, -8570.47323743, 2350.93071272, -4.24789913698e+27
7236.69593246, -6975.60265991, -3702.53197993, -2.43162732921e+27
-3512.84833816, -2449.69650818, -2379.27702963, -1.46844363346e+25
381.849997244, -20.8213875537, 1044.0471309, -4.75356170773e+19
5352.50262939, 2350.71956878, -465.085777183, -3.47404223059e+25
-1310.56265239, -3070.8237047, -5736.80947587, -5.29772489597e+25
-3865.37206694, -1004.6834665, 3874.24471585, -3.41776159562e+25
-2426.07152555, -4126.89258745, 6014.0994399, -1.07614149623e+26
-2286.63296629, -1169.73986119, -1622.31361983, -4.15360634665e+23
-4062.52128085, 2179.11166845, 1429.3477312, -4.71338639005e+24
4456.44697709, 1385.98047016, 738.942125968, -1.12484278403e+25
-4332.26597087, -3511.55310633, -1902.32303739, -4.89472751952e+25
-991.185239213, 351.56688886, -1299.21411191, -1.94021446507e+21
3346.58819302, -4750.99317245, -267.957938544, -2.5129199488e+25
-1430.24765005, -555.665064125, -1568.70333436, -2.95106044032e+22
4828.76252766, 2647.93010558, -31.2972869173, -2.35971412698e+25
2068.15443634, -4516.21235315, -5277.57368657, -2.09753746836e+26
-6254.21775493, 7907.42955118, 2651.95955287, -1.5137171201e+27
-2425.71511372, 2473.08183333, -1567.8420629, -8.33511424799e+23
1116.22915686, -4281.00130623, 4882.47545692, -6.3825314819e+25
-1993.98811344, 4112.02224033, 2007.55538817, -4.28804413453e+24
3575.91739734, 1216.74221504, -8593.49914766, -2.56712254271e+27
-824.877004288, 5213.77132487, 2377.91833048, -1.50841995264e+25
945.878079579, 307.734663141, 2876.61150493, -1.53351975824e+23
-6227.48546301, 3561.55609963, -2775.91907439, -1.78337286703e+26
-3084.05675945, 819.368124926, 498.475985965, -1.32576508685e+23
6213.10455543, 6302.53514754, 1605.4086807, -9.33650792912e+26
7574.54774286, 4101.03162667, -114.162982224, -8.35293790091e+26
8298.82759182, -1960.19626837, -4354.10988699, -2.48862810892e+27
2697.79457473, -4294.4647231, -727.329463631, -8.29136509146e+24
-5836.95129998, 7816.35277586, -6192.54552034, -7.56381688145e+27
1818.93411769, -2028.68566419, 1570.24064666, -1.92984014181e+23
-4962.59684753, -645.091205542, -1166.77756237, -2.33808081958e+25
-2687.062114, -2865.02249511, -2886.07586956, -7.74471826787e+24
-2916.77715088, 2189.13897512, 5067.89504944, -1.59126878255e+26
1684.45953101, -2032.21571806, 896.234206525, -8.76760757336e+22
483.610610214, 5115.7494152, 394.064581229, -2.39807498396e+25
2860.27685423, -284.155643337, -7618.69444962, -1.11320865245e+27
-5490.58788802, 5517.49709705, 2621.87496773, -2.55373264603e+26
738.340317589, -1518.36884652, 69.9450012809, -2.53923906516e+21
-1492.85897448, -1839.90141356, 1582.6792024, -4.23755795662e+22
-6190.86103416, -5348.30666992, -4041.22254426, -1.59952469861e+27
-196.201532977, 7133.97011507, 2772.19670664, -1.89199200183e+26
-1641.80737574, -5593.86180643, -4354.17521866, -3.56902807635e+25
67.4259646576, 5484.95275603, 1437.2719954, -2.93004351131e+25
-4749.47684162, 352.945921579, 3588.92334007, -7.95138872275e+25
-8309.67853574, -5815.41367284, 1270.11912849, -2.10007077063e+27
2369.70824431, -14.0297432153, -929.391266765, -3.98248035946e+22
-7950.18999801, -4465.72765923, 6439.07540779, -3.11306649859e+27
-1608.73859128, 4060.12898862, -3116.06531346, -2.46111963359e+25
-4915.05913822, -509.434261472, 4794.39507612, -2.47633533056e+26
3503.70554302, -3236.49867979, -6541.68539419, -1.159046835e+27
4433.22333454, 8351.62929897, 1818.94069925, -1.28415949445e+27
-3062.0091485, -577.589950096, 6492.05171306, -3.70339251113e+26
5172.74473077, -8771.40669279, -2219.88103536, -2.12576216931e+27
4024.75244689, 2336.03031829, 3114.22192972, -5.04824754685e+25
-1731.09009272, 1033.70453635, -2922.45388569, -4.87529422142e+23
-3959.67624982, 1134.11606331, 5077.13468107, -2.50521200017e+26
2755.63683691, 5656.9645115, 5.27439785018, -6.83969086607e+25
1841.34972239, 8134.06267297, -9160.41358542, -8.27784693177e+27
-3522.96006239, 726.339240407, -4386.8364419, -4.31566708861e+25
2011.89040049, 4411.71956188, -2813.80697871, -2.59225117566e+25
-6318.82404821, 2055.99509949, 3841.03966895, -5.01091375455e+26
-3441.91415731, -33.0263459725, 2904.76746426, -8.49001563168e+24
261.006176611, 377.459705457, -41.6110265986, -4.10086265295e+16
2199.40791089, 942.64482188, -518.892048566, -2.20752839157e+22
-552.672380924, -5396.11931339, -2138.16480696, -1.96337916588e+25
3901.45272188, 3188.75873839, 2532.09062728, -3.68153250396e+25
1871.07317803, 5889.58773109, 2255.6192412, -4.56160524544e+25
-3985.7462636, -3682.77208259, 1119.97802512, -1.15946413909e+25
6791.93126256, -4748.91437842, -3869.24177693, -1.23035410875e+27
5424.19663175, -5831.46212886, 4094.50043971, -8.26933334294e+26
-4742.25380131, -3153.58940854, 4122.7700753, -6.32278362275e+25
-5730.59027334, -3864.9427839, -6314.4129979, -2.50330140893e+27
315.922819668, 2722.85941226, 8381.78412727, -9.38555147209e+26
2647.38298306, -8269.97816009, -1519.98502032, -1.07072730578e+27
4260.51435233, -3159.32997629, -1204.7221712, -7.43908757217e+24
-4615.80453629, 1461.95254335, 32.177733926, -2.71218778681e+24
-6285.22419431, 4536.71342945, 4945.8435979, -1.95987256116e+27
-1277.84846424, 6587.47024074, -583.489832347, -2.79164084638e+26
-4468.40835702, -3044.90705852, 8982.53129993, -3.74021999029e+27
2854.72291261, 4103.91125717, -3766.90513804, -2.6211339361e+25
4980.87616855, 2007.63088234, 1732.24075279, -5.71116208185e+25
-2147.29537553, 161.082246599, -3762.7259074, -3.99166740567e+24
-1953.45696505, 2029.61043196, -837.892302613, -1.04043705848e+23
-2651.91551707, -140.016753153, 1508.0564759, -2.33433676086e+23
1643.89426185, -4075.32202671, 3262.9902325, -2.68707391942e+25
4569.96468961, 5874.03412652, 4476.32010621, -5.53395151554e+26
4585.76570396, -6371.77680403, -2212.56145663, -2.21655941565e+26
-289.657598278, -2998.54240143, 132.809276479, -4.20253928105e+23
6267.24098055, 5311.43975209, 3017.42017563, -1.10933138873e+27
-1563.27440872, -1598.77926177, -5930.85139366, -4.94337905856e+25
-1911.8861485, 6945.63810833, -6088.10948232, -1.96043122277e+27
-202.448214079, -6443.82019087, 2812.4834867, -4.05344550351e+26
-2406.38838644, -4710.34132806, -390.20059094, -1.45219363884e+25
2734.75407087, -3372.88545426, 2492.00619588, -8.991002432e+24
-3674.3226313, -5535.50723446, 5466.53022291, -3.25971634693e+26
769.812035378, -9455.42512629, 291.75746119, -4.22123495106e+27
-2873.33501844, 103.719734224, -5996.42520331, -1.01573180406e+26
-4691.84369226, -1152.32886838, 4564.03685006, -1.42325959617e+26
-5568.27978253, -5122.8938222, -3810.42465914, -8.05548083647e+26
8966.23337053, -6923.26342956, -3942.61645067, -6.57207515209e+27
4546.22154985, 7408.46545137, -4537.52653852, -1.62606483118e+27
-3607.42997947, -2036.75319715, 4344.94747271, -3.56013296541e+25
427.209061291, 2371.29161143, -4767.56071143, -4.72897933909e+24
4562.89149985, 3370.82079022, 3098.1931099, -1.25933607316e+26
7434.13488664, -4086.56810655, -2717.45414838, -6.60824699834e+26
-882.787974245, 4758.82476562, 1718.98640014, -8.4119448359e+24
-2796.52681141, -6023.42982156, 2103.40698226, -1.94166093234e+26
6976.50984761, 461.392255908, 2348.78436617, -4.64588458091e+26
-6739.3410043, 3166.38799939, -5264.58416387, -1.29396467431e+27
7134.01873848, 6499.74609725, 1920.30353703, -2.22887538717e+27
3485.97838102, -968.730463103, 1358.30134913, -1.39890876546e+24
-572.639340215, 4032.67421736, -2657.69525087, -1.56455037531e+25
-2516.84288295, 2955.31831578, -581.894916971, -1.13943041173e+24
-2793.8167204, -6511.77343815, -1200.14569357, -1.52723161705e+26
307.803207771, -915.745958691, -3465.17512612, -1.03064862286e+24
3902.18574035, 3333.64238617, 3719.505791, -8.92401904342e+25
-4211.99289532, 2648.52948233, -2830.32656608, -2.09242160731e+25
-8240.72331801, -1741.7212289, -4311.19271257, -4.34492890945e+27
-8189.99248918, -2785.99652752, 885.066798961, -7.86380155633e+26
-4604.94380374, 7727.5016819, 2489.27578188, -7.53022206335e+26
-3241.30289148, -3396.16642939, -6643.2084652, -4.11957460931e+26
3049.10439916, -712.721416792, 1366.58563621, -6.51136610973e+23
-372.766090863, -2115.44407775, 5178.44894856, -8.18125640879e+24
4114.14162911, 4358.24532193, 3781.77774883, -1.5585421917e+26
4262.1264908, 6840.63169176, -5136.27137233, -1.08655406212e+27
2195.3260757, -4317.85793771, 7003.96290489, -2.47172360641e+26
-5380.26696476, 2932.87874312, 8057.37837831, -8.17805010406e+27
1953.81905985, 7025.51747131, 1482.83078227, -2.39514214195e+26
1294.7410454, -15.7021241908, -2404.57963372, -1.94974281469e+23
-2391.209899, 6043.428038, 1174.09270484, -9.17457912694e+25
-4201.04094232, 2825.51566155, 5694.31105121, -7.63818035959e+26
630.591674348, 1999.64501488, -2282.334948, -1.13817076596e+23
4676.3789641, 2802.29841839, -488.672558696, -1.71964913242e+25
219.097714092, -2783.03142418, -8438.41091448, -1.1765420465e+27
4581.11529478, 3647.46552452, -3029.14466385, -2.70293443519e+25
-1550.64825498, 3000.85123235, 1290.93863349, -3.41891468457e+23
5053.00938288, -7814.12998717, 1415.30923048, -1.98228143477e+27
-5789.48263538, 2557.38020566, 1132.32426959, -2.82663677118e+25
-5162.99677548, -2537.86800145, 6381.02624324, -7.74274936665e+26
4831.46920446, -860.3589784, 2309.74943562, -3.13093007726e+25
4244.10067458, 8280.83010981, 1854.10358946, -1.14646127113e+27
173.672509792, -3913.73945963, -1467.5393429, -1.59184590967e+24
862.988784072, 466.941402494, 1386.70916999, -2.53254004442e+21
6693.42483039, 381.125594723, 5693.40320111, -2.28456925967e+27
-6445.66503096, 422.060542165, 7357.64492044, -5.5338133054e+27
152.018651602, 3871.95589094, -5622.52901371, -4.38647147699e+25
2458.95994102, -1968.69460525, -4706.70980912, -7.1538124601e+25
7870.61668513, 2553.35034034, 2407.8507263, -1.69388764751e+27
-5790.62554786, 2604.31623342, 3461.52950517, -2.79853529034e+26
1943.28466473, -6557.15051723, -5536.56023372, -4.53015206359e+26
-4682.70676375, -1521.86655299, 3999.83752179, -7.10186466116e+25
-1264.47642945, 1629.43405321, -3736.2282266, -9.08409163282e+23
-537.654627873, 3446.30079538, -6728.78095854, -6.57602287852e+25
401.552224544, 7768.06861699, 6582.57331559, -6.45234890573e+26
-7193.37078024, 5785.04208512, 3935.03251369, -2.03033949728e+27
5355.83866247, 1814.85804037, 1879.39963262, -9.23798879474e+25
5734.47758589, 1663.14682477, 699.311984174, -7.10040889755e+25
-6423.21873434, 535.657930214, 4447.67028898, -6.47976455519e+26
-6686.55507218, 654.844103326, -1128.54609838, -1.29208112668e+26
144.905527121, 2685.96791424, 463.728533991, -1.15443948582e+23
-6264.63925853, 4873.66801551, 6355.2177566, -5.5156325016e+27
7032.19387637, 831.29178683, 3862.34799707, -1.19339067677e+27
-227.464152312, -3649.61357474, 3772.53896755, -1.19973656701e+25
764.38662108, 1585.69477625, 1646.83837721, -9.31587184614e+21
-2994.88550592, 475.983823612, -7231.79509967, -3.02398426906e+26
-2627.27497858, 297.462102526, -3888.20782895, -9.00790039566e+24
-4273.7847951, 3558.83363352, 4956.97481668, -4.89620753494e+26
-820.984855001, 5605.56065259, 3970.31865343, -3.91618743129e+25
-291.728483648, 2071.75449264, -4722.94304218, -3.06335605283e+24
-560.850938568, -2850.58503098, -7460.30364437, -3.71219491595e+26
1828.91252647, -7158.63623065, -2583.39248693, -2.32336816692e+26
2149.66544336, 1585.48205546, -1306.24158371, -4.82328813735e+22
5125.543749, -6088.35530849, -1113.9636709, -1.9987212343e+26
954.581268039, -2789.36170031, 2116.15225501, -1.13024905224e+24
411.870417127, 2196.30198208, -288.080452885, -4.08225574216e+22
8207.18425663, 1240.321849, -6239.70307871, -4.8612638694e+27
-449.589330236, -3662.49697539, -1671.66048492, -7.99303452161e+23
-2539.47704114, -1288.77861072, 1583.88407928, -1.48065850919e+23
3209.29110088, 1124.45066395, -543.970878013, -4.06472061186e+23
-3941.77756123, 3820.31662861, 5461.89330967, -6.65466738e+26
-817.527280334, 858.145070134, -3502.06173244, -3.27494232939e+23
-272.315053383, -39.3241433514, 547.354774667, -1.10075063427e+18
6686.44195847, -2294.31763791, 434.558125047, -5.98769766167e+25
-454.138509542, 5062.91212082, -1251.50635594, -4.38107382713e+25
296.39995521, -2888.64220672, -456.279935819, -2.19854633028e+23
-1016.99170217, 6809.77992397, -3684.28573889, -8.38885732556e+26
3425.40655902, 7052.48429741, 335.517519953, -3.728262084e+26
6572.33635558, 1873.86443136, -2317.67282561, -1.16444166848e+26
2986.13704714, 7668.06397817, 5656.14998631, -5.55226395616e+26
4932.23511733, 2531.44524704, -1142.53419149, -1.73709046969e+25
-570.88205528, -1402.614782, 523.489013348, -1.72465355729e+21
4645.35812501, 4335.56081745, 1925.1123895, -1.0145841003e+26
-3999.81463145, -6787.33815772, 4160.14696571, -7.99553360334e+26
-2885.93487809, 7570.02590473, -3440.63221178, -1.98834934474e+27
1269.38006946, -2391.09038904, -650.839115871, -5.72017021468e+22
-1059.37388391, -3407.75489335, -3723.46162182, -3.27153974579e+24
-3985.37779284, -286.247547164, -661.049509986, -2.82684512066e+24
-2789.84078906, 560.334044514, -706.988711539, -1.42016616222e+23
8134.33718968, -2386.06816149, -7906.00459903, -2.18221645637e+28
-6358.11933924, 890.05030391, 1844.67822805, -7.06547553518e+25
7330.07499605, -4418.14306359, 2524.09790836, -4.50928403823e+26
4022.46823453, 6444.52024857, 1221.92193804, -2.1028255628e+26
-795.329653913, -324.218080391, -182.763545766, -1.71427030383e+19
-4595.95824865, -737.454507778, 1804.61270775, -7.20338523038e+24
5422.70454653, -1325.06582486, 5386.8032186, -5.64176814535e+26
-413.741375316, 3387.42772082, 3700.09125617, -5.54316376913e+24
-1023.31949178, -822.177728178, -4067.3592976, -2.12653908486e+24
-4549.83118237, -6220.97800899, 2081.8106372, -2.98069579659e+26
1310.41819641, 376.356569459, -2585.49048437, -2.44787246109e+23
3680.27009191, -4575.08424323, 4257.37688005, -1.52235963496e+26
-3455.74727812, -5805.43939761, -2209.85769374, -8.58381799684e+25
-2441.01849481, -2983.68483104, 1539.59826117, -1.16231613912e+24
-455.340635477, -133.16322295, -2948.34471734, -1.11936318489e+23
-244.600234854, -7448.51007537, -7.07228555356, -5.66451333991e+26
3247.3062292, 2101.35211839, 8537.87131636, -1.35926065066e+27
2584.9980684, -94.349289506, -2333.09597313, -1.21675847277e+24
-3277.8771554, 3266.11515288, -3839.28902901, -2.80650706791e+25
-3132.67946562, -3946.72374181, -1294.80484803, -9.38330934408e+24
1306.00462351, 158.454127047, 3357.40111049, -6.48855239686e+23
3870.74294625, -1196.49609659, 5420.55597985, -1.42259077728e+26
-3621.11019896, -85.6661027818, -5192.16547915, -1.10198986083e+26
-2714.31137599, 2514.94930033, -3804.50887656, -9.55490020536e+24
-303.433896944, 6997.01369938, -281.022856946, -3.82219547272e+26
5608.00267703, 3265.3667751, 6109.83747011, -1.87988992259e+27
-3597.20375086, 3081.83102892, 4313.26165235, -1.46685237676e+26
5006.15595321, 2524.89238056, -1634.0599372, -1.80521403414e+25
-4755.73192965, -4360.25226522, 1388.43350042, -4.60606744204e+25
4668.89362774, 2478.46278258, 1807.84236145, -4.77125980586e+25
2561.66426412, -278.511859158, -1636.22904223, -3.24178461606e+23
-7318.85011816, -8184.96407714, 1624.4820518, -3.55391407631e+27
-6051.3869271, -3200.55892416, -6698.67707643, -3.48886008048e+27
-7438.54167295, -680.25257231, 1192.11513921, -1.9989321134e+26
-4613.74909945, -8451.17865002, -1649.5833468, -1.48588322911e+27
-6142.38908691, 1781.0443334, 1039.44250265, -3.42113380556e+25
-1219.21872375, 6476.05271249, 3984.1325538, -1.00047549587e+26
5275.21948855, -2647.44092225, 282.659134722, -9.06291305766e+24
-8829.32862509, 4650.22841664, 5640.58045585, -1.1256870886e+28
-2463.09683135, 2634.18411233, -4736.53978834, -1.87308552176e+25
6605.14564426, -789.861492597, -300.916669647, -5.86813611753e+25
-504.107555755, 1263.52640284, -8275.56488348, -3.3489792691e+26
-3813.209506, -6521.91113875, 6314.86207029, -1.1014947735e+27
-4613.12772513, 4111.46786689, -383.061552214, -2.10985378342e+25
-4449.43119627, -3827.24201567, 3269.29997484, -3.0880685427e+25
218.992641528, -7472.68434067, -3194.37781939, -2.56003177293e+26
5129.08911811, -2237.5690459, -537.087519206, -7.24885028655e+24
1279.35623512, -1717.41997829, 3387.66960614, -5.85712376487e+23
-2689.43732785, 3686.59961228, 446.484941146, -3.12390160623e+24
2526.87555524, 1135.44933877, 4839.03172967, -2.95162347554e+25
-3175.32974318, -1111.05994993, 1552.2690879, -5.28101816929e+23
-411.9203253, 1859.1017513, -472.937115831, -1.59403966985e+22
4378.7202206, -4812.2650097, 4724.63418865, -3.16011775157e+26
-620.032399375, -663.599575578, -4116.99647591, -1.98260503025e+24
1960.7308339, -6697.73086635, -5701.79212287, -5.51472935778e+26
4964.20053317, 759.980538119, -8281.60378608, -4.23325393852e+27
-5880.31565032, 7647.76228097, -5137.94885892, -5.16950232627e+27
5109.63950144, 682.353865156, -6615.48529984, -1.32703828889e+27
-5797.09079413, -2190.95926102, 3888.06648707, -1.45633252976e+26
8204.0459411, 595.649537616, 2501.97065619, -1.52199068651e+27
146.517349962, 707.972501126, 4343.94712332, -3.72766562064e+24
6101.94337501, 3954.75108843, -459.451525122, -1.73433025202e+26
3240.5584582, 6906.43777711, -9266.04994039, -3.9965122146e+27
-3197.69378794, -5094.26148788, -2436.17750823, -3.93746373317e+25
-4456.39472233, -2928.65374148, 6925.58226498, -7.50998090181e+26
-2460.20208163, 3343.31490102, -1722.9277435, -4.84554500096e+24
-5218.93130012, -9557.91753942, 2014.42665473, -6.5041969037e+27
3675.54159152, -947.794018715, 1116.59624391, -1.48641127572e+24
-1483.9650953, 1355.66867037, 6902.92253537, -3.60889073399e+26
-3346.6616763, -7720.03147761, -1243.68355848, -6.1873475701e+26
357.8886649, 1633.34100082, 7708.08489495, -3.85880183283e+26
-5980.25102686, -2714.02770347, 2367.04447187, -7.0872021187e+25
-5416.52636947, -7594.8653079, 824.087429446, -1.14999168376e+27
-1049.43641561, 2946.30317024, 3366.67265068, -4.58500734726e+24
6027.8609754, 5434.10482618, 5929.52498225, -3.30347853407e+27
-1492.35789359, 849.929627203, 3567.38008815, -4.15489575959e+24
5166.84453944, 1813.27436314, 1470.48728894, -5.72579501683e+25
2746.73044043, -2579.64952259, -9207.04359166, -5.57810303082e+27
3843.74559026, -6996.46922463, -5189.01486464, -1.07901037416e+27
427.920053613, 2046.70397951, -1496.89882866, -6.6977748838e+22
2202.26944973, 1633.27190854, 392.929313825, -1.03592980177e+23
4362.85487998, 1115.45933953, -413.598446636, -4.26915418727e+24
-422.467465628, -1157.2724191, -4451.85607514, -4.64359292185e+24
-1333.16688552, 4474.94872798, 1077.28987092, -6.95341618252e+24
-629.697737371, 2651.14053583, -2541.62367253, -9.92459883574e+23
-1102.97467575, 1425.36830528, 460.940020879, -1.58989412295e+21
-7374.26144537, 9169.32658513, -1138.33779116, -7.88369130165e+27
41.8824676243, -119.349807689, 7717.61496297, -2.86150952448e+26
-2836.10485834, 1137.53248207, 39.0308482491, -5.34616579899e+22
-431.831961949, -5162.3773823, -5167.41244111, -5.64213771666e+25
-1696.18928646, -1174.4734308, 6021.86455726, -8.02422635438e+25
-4548.92094465, -2900.3865046, -2729.93875333, -8.5543986641e+25
-5082.1664533, 5054.74906495, 6773.08914553, -4.31644534873e+27
-1371.31766561, -7051.49441149, 3874.31677349, -9.7030635504e+26
-728.534287058, 6739.65367287, -2567.04875815, -5.61005926763e+26
1133.31843956, -4607.29030164, -614.985931577, -1.04289872884e+25
6749.33251626, -3552.06467877, -2348.71470204, -2.65137515173e+26
-7828.90215374, 2280.34822016, -2605.41469443, -6.9103350667e+26
454.677919876, -4058.13198772, -3702.79718733, -7.92063945926e+24
-2562.08206923, 6910.79435859, 7288.71783634, -2.79384307719e+27
4510.78836538, -320.425156451, 541.146664194, -4.84170059735e+24
1700.76189229, 9383.92476077, 5900.34263846, -1.34927012875e+27
1913.67908595, 4688.57961853, 3233.55242931, -1.03629722402e+25
-3707.42309118, -7189.78007357, -5698.44947298, -7.4073642575e+26
-2828.94129435, -1911.78061542, -4096.80071482, -2.36451717142e+25
-1253.45910451, 2871.87847638, 6044.64059545, -1.9082734855e+26
-3458.84803592, -169.844260449, -2807.032082, -1.00325962274e+25
1154.51199935, 2001.42446856, 4250.15701899, -4.73874913737e+24
-3498.30303981, 4350.83966216, 3118.64202545, -5.41222389248e+25
-8407.1109668, 1830.41659017, 2535.95507796, -7.52665062857e+26
506.929008928, 3184.03885973, -6705.18685607, -6.73667835019e+25
-677.050900597, -5888.455086, 1316.64105946, -1.30072259907e+26
3958.05904843, -3555.90443219, 9372.22584657, -2.09236780654e+27
-543.097655046, -8855.23100284, -2162.10168666, -1.38862422329e+27
6678.63401338, 413.04913983, -3254.22693396, -2.42592209148e+26
-2825.07284455, 1257.46792881, 1643.37819598, -8.16898595543e+23
3162.13376358, -598.322730999, 1655.69773186, -1.26214575424e+24
4361.35768003, -4387.99671203, -652.547516268, -2.09910255056e+25
3121.68722654, -899.598771291, -198.838393054, -1.19630205192e+23
7662.05073038, 3510.26268651, -8751.07445429, -1.24459517519e+28
88.8442557707, -3001.65169108, -3666.6537289, -3.34289242258e+24
-1426.95660831, -6021.02865552, 3543.6148626, -2.90725176184e+26
-2593.86960574, 3936.15115302, 3501.466172, -3.37788389755e+25
6235.56019155, 1831.95036041, 1771.7837645, -2.31789263795e+26
-1213.51052212, 2199.51059252, -6333.42928853, -3.20015099371e+25
5454.40331447, 4658.98723503, -4759.73280647, -2.32243115443e+26
1211.6446544, 6555.36850522, -901.040990171, -2.5953618017e+26
5806.06545766, 1588.20667988, 1021.69439974, -8.91617001442e+25
4343.06814294, -3627.77712503, -1530.75906262, -1.52365468531e+25
-2091.37141948, -347.288061252, 4364.82503794, -1.61723799806e+25
-1944.50131699, 5909.64591866, -3295.43461924, -3.17780233339e+26
-5967.49456855, -2036.95624093, 3419.27820952, -1.1792499567e+26
-8132.21118727, 150.740860452, -7219.36074248, -1.1635884552e+28
3963.15364078, 5923.32295817, -8034.98068728, -1.57606024538e+27
-97.8143134371, 1584.65084408, -6255.58569207, -3.30946005414e+25
2355.42417712, -1018.5868472, -3091.40789282, -5.0819902494e+24
-70.2514959324, -3979.65726046, -1324.65667919, -1.94401908367e+24
-3355.35217647, -7844.67102437, -7264.21291002, -1.61522427647e+27
3231.63406476, -3897.76087396, 1023.04788871, -1.13234681799e+25
-2295.75892791, 4653.53356138, 2751.28389519, -1.6409204116e+25
-1712.18250303, -2419.84687295, 935.119295995, -1.61273417368e+23
-1973.51580392, 2004.27894313, 4112.56640962, -2.31419648712e+25
2934.85143183, 4816.22775659, 1290.59735759, -1.93986789784e+25
660.36924702, -4082.32771838, 1222.13406205, -8.93231228895e+24
4836.32836186, -3699.55947808, -5849.347321, -1.49246150331e+27
-430.533214894, -1642.89739564, -6464.46319394, -9.60074303925e+25
-4171.03403282, -285.757441079, -9412.08905796, -3.21379641273e+27
3066.5836268, -7165.13744451, 3663.68081625, -1.48052770339e+27
-1001.16103411, 3310.32958737, 1121.01683035, -5.29166480216e+23
-2382.25425956, -1912.32155299, 7861.61293005, -6.78739412926e+26
8183.88495319, -3991.84409463, 157.560799962, -2.82724748932e+26
-1283.22867258, 5557.66730756, 3669.42792125, -3.81850230222e+25
-2083.56642005, 7671.21769277, -7265.72587099, -4.89796707975e+27
-3644.99789264, -6134.39388041, 491.775696232, -1.64414217501e+26
-2154.46115285, 1781.38118592, 1635.15443413, -3.72707157025e+23
-166.613160785, -3342.0480321, 3811.38817106, -7.20290466552e+24
762.966482792, -868.911195708, 961.12281805, -4.35415837813e+20
8858.44592475, 2539.26501303, -167.773572401, -1.56320673435e+27
3339.57275392, 185.559997698, 1693.69026539, -2.43309398649e+24
256.240888925, -5263.38471955, -6439.62463244, -3.16719040401e+26
2282.40526695, -1106.07888771, 2251.20002373, -4.8431670764e+23
462.531684213, -3376.48641591, -80.2045894696, -1.02247058424e+24
-2534.1772713, -6676.02205558, -2995.377338, -1.29681526271e+26
-496.345393014, -816.283137648, -7242.0038501, -1.84545919147e+26
4696.82116121, -2147.2898358, 254.590381368, -3.39784494032e+24
-1007.08016727, -2708.22273355, -5027.44262107, -1.81795678382e+25
-6558.52821455, -1195.66839821, -5952.04627377, -2.63620501059e+27
-2397.87556114, 9157.85827465, 2272.51842508, -2.04731476703e+27
2997.34869025, 2949.25147199, -2650.01513687, -2.89279767002e+24
4168.47235753, -4558.84821542, 3374.14717808, -1.21343098064e+26
110.803664823, -4494.90424864, 1698.57665843, -2.08613138091e+25
1110.54964759, 2126.09842817, -832.777584573, -5.10972727273e+22
-425.133588121, 5162.09324798, 212.099765899, -2.89779114477e+25
-8400.57460794, -4157.5304316, -2211.61112227, -3.4458374347e+27
-29.2794356118, -9064.60942838, 6894.9289962, -1.11775360015e+28
-4740.57440079, -6297.02029332, 647.443544016, -2.8106645058e+26
-842.404376773, 1576.76631607, -6552.37628182, -4.18656516715e+25
5307.62660918, 3709.35652403, 2037.83969242, -1.76679527757e+26
-1590.11141505, 513.163108952, 1626.77717806, -6.01679605656e+22
4605.85863284, 3717.25459803, 6417.01241603, -1.09666935022e+27
7283.59129337, 4318.37844013, 3540.34307423, -2.47273121962e+27
6967.24281916, -7964.75699834, -1557.25907166, -1.84353630565e+27
-253.031921841, -296.454178392, -3636.6173317, -6.98573432764e+23
-4876.52752036, 2700.51542353, -2131.06321289, -2.37872175203e+25
-2754.08126103, -456.653525813, -7373.0075351, -3.27847315913e+26
-378.239180443, 5034.66424114, -98.0071434419, -2.67049996548e+25
1245.1858757, 676.957963685, -411.714126827, -2.89467558157e+20
3575.8943253, -8095.74154407, 3463.67439087, -3.40575484561e+27
-9040.84225154, -6266.72674888, -2791.19333795, -1.02444392163e+28
1601.27867539, 3176.94990411, 1659.09504087, -5.30983865747e+23
1969.05784449, 3912.07875159, 7222.06578602, -3.64252469425e+26
4879.89514472, 2330.1865263, -558.806479676, -1.7326560927e+25
-1191.99095591, 8848.93445336, -3495.79419954, -5.16131836674e+27
-4174.19004532, 2985.58118143, -3281.59356168, -3.35254420123e+25
4181.17586287, -1888.61953007, -8452.00500073, -5.31461940521e+27
3486.19736865, -5752.39830506, 3112.71191597, -3.27231464042e+26
-405.552042906, 6888.8474751, -647.592258983, -3.77287220402e+26
7999.97185216, 302.27807329, 6098.85858948, -6.79389609227e+27
1406.20859679, -1291.5186386, -3276.43860167, -2.73213405542e+24
5594.02879957, -636.177355686, -444.655816501, -1.5189309973e+25
-3126.4217523, -4048.37370757, -252.977291636, -8.43688903219e+24
678.403784034, -2475.1988232, 1804.21597319, -3.88524464592e+23
-194.22182848, -1604.1498841, 187.069992217, -3.21344654608e+21
6038.55655709, -2720.88838596, 504.603686522, -2.72358864098e+25
-4542.76305255, 5654.90810893, 5440.71159756, -1.36980174584e+27
2337.60150987, 1310.37676579, -6397.94998867, -1.77969622796e+26
7685.82515429, 2035.02056287, 215.75520295, -5.36736991832e+26
-7632.87502985, -8607.91580002, -1404.99707592, -6.13254084449e+27
2619.3551443, -1329.31068082, 2495.8153337, -1.28538498582e+24
1848.15288632, -7489.46564684, -1062.72768847, -5.00697964253e+26
-661.64014549, -67.2284946702, 5000.52016836, -1.41038739389e+25
1868.40981471, -7421.6511925, 2124.90256125, -1.10404073336e+27
4377.27731535, 2800.29614606, 7114.36076708, -1.23281526003e+27
887.257713465, -1658.60621949, -1262.88484004, -1.12985176154e+22
59.6037626741, -4872.1732031, 1870.78988395, -3.99986632561e+25
-660.456170267, 1925.19222576, 3971.13001434, -5.85960507298e+24
73.477287226, 708.946213641, 8574.20416968, -7.88363985276e+26
8441.07969189, -6552.7519066, 1108.08798321, -1.44151161595e+27
-781.563521646, 7164.51734508, -2977.67996033, -9.7638139313e+26
1688.63872096, 771.990599632, -5135.1761946, -2.89548573497e+25
2030.39559201, -3036.87394425, -4459.25144637, -5.28552594769e+25
591.661134885, -366.8367691, -4962.45091339, -1.45527199998e+25
4968.74481319, -186.125589121, -252.076370011, -6.91868848597e+24
-8143.35591619, 4401.29289305, -2587.27108521, -8.40201157978e+26
713.230591455, -3571.32299806, -4664.69326059, -3.11926656208e+25
3956.35143184, -362.027154972, 3750.42452076, -4.27873364161e+25
-993.183626697, 2585.75905858, -1745.47431662, -5.58216168468e+23
3490.73520648, 6483.28705523, -667.857401677, -2.47837731511e+26
608.485037529, -5393.43445341, 6166.98870482, -3.63495093447e+26
5491.74945368, -2343.42924301, 2028.41871259, -4.32944052276e+25
756.689958675, 3169.04925342, 7385.45650275, -3.57838109645e+26
3290.33077663, -4598.24180231, 4996.6126146, -1.87045286719e+26
716.481009055, -1370.58959029, -8332.25699687, -9.64840039954e+26
3809.37247137, 3431.64448929, 7517.08062389, -1.15264141178e+27
704.266881127, -3981.23659795, -7207.09648095, -6.05568419576e+26
-1150.29036675, -1941.24324654, -409.064201772, -1.29111563619e+22
-1059.22472386, -1028.01912195, 289.109674535, -3.52864894913e+20
-7780.27485786, 1084.44146611, 743.379638564, -2.04474199758e+26
-2847.38772018, -3219.37427324, 4229.9999632, -1.55838322993e+25
-4040.90478057, -357.798325935, 342.091180382, -1.61512320707e+24
-5074.53369157, 297.617400433, 1805.02758046, -1.51186803354e+25
-8339.55421344, 110.910555415, 2401.12142253, -5.79512557509e+26
-6688.62250741, -1764.68827187, 3918.04634701, -3.32383941627e+26
-698.406578213, 857.003950635, 2696.06644402, -2.80914855781e+23
378.990523116, -1779.31928791, 5012.58664703, -4.65160051481e+24
-5544.31570464, 576.061600146, -179.807055243, -1.76503929006e+25
508.774194326, -1435.64754244, 6160.16311319, -2.70833976286e+25
5356.19397182, 3098.33802332, -2694.38072395, -4.20868209732e+25
6360.28128591, -2066.31625962, 55.7270884125, -3.58636980428e+25
8500.42642325, -2057.06652988, 1537.1912466, -7.22979229678e+26
-1683.27458567, -620.296879623, 2691.53793397, -4.77965282236e+23
1161.45146572, -5623.9730448, 7477.14339105, -7.64863303733e+26
2402.27407563, 3332.964069, 2482.73868636, -4.16343248962e+24
-787.160130028, -8449.90719179, 1225.97229115, -2.02977805227e+27
16.610738005, 2885.16811074, 940.817023143, -1.51588918157e+23
3532.42812652, 2348.21246169, 418.163421271, -3.3464880719e+24
-6111.06939992, -3288.84919685, 147.96963918, -1.46090260385e+26
-3567.13710474, 102.409713605, -117.792323519, -6.05620521815e+23
-833.699425816, 7308.71270056, 274.225401506, -4.77226522253e+26
-5962.84432523, -1574.20963497, 1910.91676566, -4.91517073226e+25
2229.03734753, -2790.9745612, 758.361179823, -7.61287319076e+23
-2691.50538656, -2230.00309334, 8535.75914092, -1.33643926282e+27
1628.90438042, 2638.38669011, 2106.84431791, -4.30942543543e+23
1338.81303506, 4290.08717907, 287.747120318, -6.06490753908e+24
-1022.25227668, 4962.04759668, 845.343406016, -1.71994219772e+25
6806.81217978, -4707.63945234, 4126.49629478, -8.42208469814e+26
-4861.84949414, 165.627520027, -1444.53736049, -1.88658188722e+25
6793.54055808, 1881.36178546, -1520.7288572, -1.33754805321e+26
2121.54373603, 5517.95764716, -6781.1045534, -4.69798071107e+26
-8222.80812679, 531.562902523, -630.91201749, -5.14111090576e+26
-4566.6970731, -1479.41056391, 457.329768204, -7.17129137219e+24
-1091.79776213, -365.530989977, 5108.7910325, -2.04772989862e+25
-5968.73537785, -1096.75744774, -3488.45640494, -3.96683143774e+26
284.389539911, 326.817915379, -4850.07767102, -7.57079943275e+24
-1986.99368777, -1874.64618115, 2489.87195487, -3.24698856712e+23
-2407.21276403, -2798.25624783, 2718.56440901, -1.6866726246e+24
6802.29404623, -4933.96078189, -1584.10351086, -2.40774101608e+26
-3678.41220686, -1927.95082685, 3252.77680327, -9.63611268569e+24
-230.376230973, -1568.18398055, -4117.62119847, -3.30536406596e+24
-262.832657641, 1617.63184745, -1381.93735383, -1.50776257378e+22
-217.945221262, 1900.98383872, 888.810202644, -4.509343511e+21
-5778.47793674, 2014.69831206, 5455.15475718, -1.32767092393e+27
-2355.79337813, 4579.23230599, 2397.44826358, -1.21773713318e+25
-2310.24805774, 8200.8556449, -8789.5021125, -1.04974890143e+28
5546.03659195, 3877.59066711, -4960.63123299, -2.47817428293e+26
-1333.68100641, 2968.00538145, 633.1488708, -3.18665724639e+23
3347.97703327, -4096.29992353, -8289.92610253, -4.85988745138e+27
4095.13121557, -163.819595707, -4589.42850565, -1.30767063091e+26
-4680.91395886, 2805.36629908, -1992.91112946, -1.74289724882e+25
-8711.5700097, -30.3849833402, 2313.87419385, -7.5996125945e+26
549.169927777, -1246.1153062, 1108.45009794, -2.48228353361e+21
-1188.00019707, 3731.73480847, 2481.70264503, -2.11417108124e+24
-3551.81829945, 5993.42754335, 6401.26642318, -1.86348432654e+27
-6233.92540517, 602.57531541, -1012.7257611, -7.21162389157e+25
7950.5566355, -648.048560696, 5086.45913366, -3.61438646066e+27
-2481.13490597, -1121.83678976, 5155.1486053, -4.97717769898e+25
5217.95107112, -2852.72423017, 2955.6959324, -7.02879495054e+25
-1297.34090939, 4409.54168666, 3694.00034708, -1.82139284e+25
962.358039795, -100.525625282, -1750.12970662, -1.72578316468e+22
-1080.32100239, -636.526520826, -2687.39619354, -1.42309843737e+23
-1019.47598786, -2638.00969496, 1586.57274263, -3.96650510548e+23
-4676.79688397, -331.453227161, 323.917795194, -5.13893327708e+24
8370.66466773, -8424.95728587, 4026.20025896, -1.09674166734e+28
-1164.52280634, 4065.50575807, -901.688779422, -8.15326913787e+24
4117.77039771, 5838.33133854, -2164.70429675, -1.81308165062e+26
-166.664577009, 6840.52459717, 169.171464318, -2.78739593851e+26
686.051246572, 2669.47289617, 1964.96257333, -7.73281705212e+22
3184.04060308, 2740.23757483, 2676.37306693, -1.29210484654e+25
6833.12956082, -8453.16017207, -1922.7196062, -2.52409982529e+27
2793.14192366, -3341.11573644, 3328.90705042, -1.50707492005e+25
-476.896967806, 665.588758336, -3668.19891472, -4.38191239267e+23
-5084.76667583, 172.899852833, 9518.78581182, -1.18305512661e+28
2381.37661323, 5262.56881732, 2809.93492289, -2.45723722938e+25
1036.40012035, -25.5578837849, 6142.14275301, -3.7641355262e+25
-2480.43994748, -1217.16475385, 4132.19102708, -1.21515932378e+25
-5816.50041929, -3801.03677899, -2129.65341073, -3.23897048373e+26
1484.35033419, -7422.06893379, -5501.77282267, -5.03542215463e+26
-3012.7368302, -793.784164357, 5352.40810701, -1.03189165111e+26
1514.99604788, -2114.69749586, -5964.37590942, -1.65522324835e+26
-267.311475488, 4746.35928415, -717.921376124, -2.14124641685e+25
-4779.60063482, -1539.77607229, 1216.63560476, -8.68862758173e+24
-4914.70503424, 2239.11797254, -2865.62530182, -4.59846461759e+25
-1636.50868681, -1247.24711778, 4910.79739966, -1.75039688164e+25
2003.73015062, -5718.27506266, 4165.78941207, -3.37535456442e+26
-983.367177816, 1957.08942312, -5171.88446684, -6.40707524764e+24
-743.172448531, -4354.395404, -2105.33543095, -3.1147314357e+24
-649.50408375, -1475.29619585, -1880.94313607, -1.29251843055e+22
-4591.93969268, 3070.86077135, 1213.20766392, -1.01617457807e+25
-4888.09523657, 1477.37789156, 4783.45571031, -3.85643124447e+26
-2148.99900238, -3009.03139943, -5323.68633359, -4.99799775527e+25
-2049.80758321, 2408.71839252, -208.074421951, -1.79600562323e+23
5353.59154657, 2014.4380936, 861.270110823, -5.51452416891e+25
1904.25691851, 4134.57415849, -1201.23590975, -8.69700972981e+24
3769.9474067, 4390.3023956, -7064.82456605, -5.02507234417e+26
-7181.50414119, -2414.94556448, -716.518869647, -4.46959573672e+26
7445.56680738, 2645.72131286, -7507.04973209, -5.96802679661e+27
-3401.23144805, -3213.1424468, 2770.81632796, -5.82718738213e+24
3893.63213404, 4399.91822974, 3723.16986488, -1.19644267847e+26
