-0.499695061861, -4.0125970947, -4.8808968961, -1.68455015939e-13
-0.49969507794, -4.01259715139, -4.88089688121, -1.17918378473e-12
-0.499695062779, -4.01259709531, -4.880896828, -6.7381601407e-13
-0.499695062583, -4.01259709475, -4.88089688106, 0.0
-0.499695044816, -4.01259679764, -4.88089686199, -2.10565723787e-11
-0.499694532645, -4.01259828267, -4.8808971069, -4.4792759964e-10
-0.499693376281, -4.01259708437, -4.88089686, -7.21666033172e-10
-0.499695089055, -4.01259697136, -4.88089682598, -4.04287173421e-12
-0.499694615731, -4.01259707007, -4.8808967272, -5.69367766444e-11
-0.499693654298, -4.01259608007, -4.88090615833, -2.25400247436e-08
-0.499694978062, -4.01259758189, -4.88092788669, -2.43193775495e-07
-0.499695063447, -4.01266289628, -4.88088249987, -1.14783202662e-06
-0.499851883292, -4.01262072218, -4.88089670305, -6.35606560654e-06
-0.499390558736, -4.01252675593, -4.88089722689, -2.4693181333e-05
-0.498631667661, -4.01262903636, -4.87960849485, -0.000706984664376
-0.502292253993, -4.01305450653, -4.88081806713, -0.00176110859137
-0.49350172167, -4.01381767382, -4.88108708872, -0.010070292959
-0.507784934315, -4.01246228527, -4.89105082643, -0.0429009896636
-1.47629679304, 3.61576500918, -4.99999999729, -3.69970577291
-2.23634943587, 1.54609460336, -4.99999846806, -415.090549109
-1.47629678967, 3.61576501147, -4.9999999934, -3.69964828429
-0.652171861568, -4.90074044717, -4.99999999753, -96.7004016771
-1.47629678941, 3.61576501166, -4.99999999509, -3.69962435543
-1.47629678955, 3.61576501092, -4.99999999493, -3.69962502068
-1.47629678968, 3.61576501153, -4.99999999452, -3.69962405245
-0.214077776699, -2.45197463122, -4.99999999739, -357.064355746
-1.47629677756, 3.61576501505, -4.9999999951, -3.69973037857
-1.47629679097, 3.61576501166, -4.99999999498, -3.6996406689
-1.47631586667, 3.61576844454, -4.99999999518, -3.70578589341
-1.47629678958, 3.61576501152, -4.99999999497, -3.69961853294
-1.47629609601, 3.61576501124, -4.99999999471, -3.70040712472
-1.47629679139, 3.61576501138, -4.99999999485, -3.69963927778
-1.47629678962, 3.61576501152, -4.99999999486, -3.69961389148
-1.47629678919, 3.61576501119, -4.99999999544, -3.69963307608
-1.47629678961, 3.61576501198, -4.9999999954, -3.69963286996
-1.47629678962, 3.61576501152, -4.99999999487, -3.69961426768
-4.94220121927, 3.68700837407, -4.99999998007, -486.035348076
-1.47629678958, 3.61576501154, -4.9999999949, -3.69961535009
-1.47629679001, 3.61576501155, -4.99999999461, -3.69962107239
-1.47629678725, 3.61576501173, -4.99999999581, -3.69964133601
-0.633712863558, 4.93861893611, -4.91070012743, -314.69114852
-0.973133820648, 4.43810601848, -4.9405070706, -145.919439761
-0.268799347288, -4.90039315103, -4.96096899984, -96.892813638
-0.55427262253, -0.961110712932, -4.84618087718, -793.278602478
-0.330746022876, 0.219900900649, -4.92488217198, -1174.88788151
-0.499681893675, -4.01240034844, -4.88063534567, -2.71034339408e-05
-0.378282081044, -2.23392686061, -4.99902244831, -429.486891221
-0.922076603803, 2.98073682546, -4.99884986682, -195.479388856
-0.462153077897, -4.00868450186, -4.88141091133, -0.349688875179
-0.49969508607, -4.01259708121, -4.88089694136, -1.17918413812e-12
0.511460507303, -0.985628441005, -4.9983732517, -1139.36634272
-2.81067759355, 4.90482686418, -4.93842311079, -236.101332674
-0.499695053613, -4.01259708175, -4.88089688529, 0.0
-1.74043784243, 4.91666204288, -4.88693964277, -212.064083546
-0.499695055175, -4.01259715147, -4.88089687782, -1.17918309273e-12
-0.499695073916, -4.01259707051, -4.88089688189, 0.0
-0.341120634673, -4.01829072002, -4.89410548675, -6.34839178372
-0.499695079131, -4.01259706069, -4.88089688174, -1.68454076585e-13
-0.499695055776, -4.01259672283, -4.88089741571, -1.06292888386e-10
-0.507369293595, -4.01259190285, -4.87609088254, -0.0206617588102
-0.499695120333, -4.01259706678, -4.88089688396, -8.42272995668e-13
-0.499695057993, -4.01259710095, -4.88089702974, -5.89586876949e-12
-0.499695093527, -4.01259709112, -4.88089687012, -1.68454859375e-13
-0.499695060132, -4.01259708497, -4.88089687015, 0.0
-0.499695405153, -4.01259313612, -4.88089751445, -4.07437944409e-09
-0.499695067304, -4.01259751202, -4.88089623971, -1.49083421757e-10
-0.49969505406, -4.01259707994, -4.88089688286, 0.0
-0.499695067584, -4.01259709077, -4.88089686404, 0.0
-0.499695118433, -4.01259710692, -4.88089687883, -8.42273404768e-13
-0.499695072758, -4.01259706387, -4.88089696431, -2.02145279513e-12
-0.499695062033, -4.01259708807, -4.88089688549, 0.0
-0.499695081822, -4.01259786871, -4.88089516163, -9.00390975735e-10
-0.49969505977, -4.01259709917, -4.88089687067, 0.0
-0.49969507845, -4.01259709746, -4.88089687354, -1.68454799986e-13
-0.499695065377, -4.01259708377, -4.88089676288, -3.36906167322e-12
-0.499695074091, -4.01259709161, -4.88089687902, 0.0
-0.499695080052, -4.01259709095, -4.88089687646, 0.0
-0.499695056073, -4.01259706256, -4.88089686807, -1.68453800462e-13
-0.49969507716, -4.01259709123, -4.88089687516, 0.0
-0.499695076107, -4.01259709261, -4.88089687562, 0.0
-0.499694302843, -4.01259083535, -4.88076593031, -4.34380087809e-06
-0.499695070203, -4.01256605683, -4.88089687335, -2.43451756816e-07
-0.499695067338, -4.0125970945, -4.88089724095, -3.33535828092e-11
-0.499695648983, -4.01259709825, -4.88089685762, -8.62487635557e-11
-0.499674964318, -4.01256518186, -4.88088377611, -4.02990312785e-07
-0.499695075246, -4.01259712882, -4.8808968835, -5.05363454687e-13
-0.499715305362, -4.01241139207, -4.88089688706, -8.81603882385e-06
-0.499695059995, -4.01259709494, -4.88089688783, 0.0
-0.499695063734, -4.01259709405, -4.88089687848, 0.0
-0.499696026572, -4.01259708048, -4.88089688016, -2.33648045964e-10
-0.49969531242, -4.01259708735, -4.88089681763, -1.63400594976e-11
-0.499695059995, -4.01259709499, -4.88089688766, 0.0
-0.499695484856, -4.01309030987, -4.88089235749, -6.14335418593e-05
-0.499695057209, -4.0125976083, -4.88089683832, -6.97408741776e-11
-0.499695067566, -4.01259713166, -4.88089689687, -6.73819309038e-13
-0.499696266421, -4.01259266201, -4.88089688991, -5.31128624737e-09
-0.499695059995, -4.01259709499, -4.88089688766, 0.0
-0.499695074498, -4.01259709595, -4.88089688575, 0.0
-0.493733049434, -4.012597111, -4.88089686035, -0.00898597579049
-0.499695055222, -4.01259712334, -4.88089687929, -3.36909118867e-13
-0.499695039966, -4.01259715039, -4.88089681083, -2.35835883581e-12
-0.499695043429, -4.01259709159, -4.88089647023, -4.21132569202e-11
-0.499692228752, -4.01259701644, -4.88089682237, -2.03682245294e-09
-0.499695050854, -4.01259705961, -4.88089711219, -1.41500339436e-11
-0.499695065165, -4.01259710309, -4.8808968829, -1.68454710647e-13
-0.49969506542, -4.01259709843, -4.88089687243, 0.0
-0.499695074659, -4.01259708595, -4.88089686299, 0.0
-0.499695058929, -4.0125970734, -4.88089690646, -1.68454858375e-13
-0.499695050045, -4.01259707894, -4.88089808237, -3.66897810196e-10
-0.499695027076, -4.01259706538, -4.88089394446, -2.17659003968e-09
-0.499695052519, -4.01259729118, -4.88088996719, -1.20877050751e-08
-0.499695075036, -4.0125970789, -4.88089688718, 0.0
-0.499695062284, -4.01259707495, -4.88089687335, 0.0
-0.499695024321, -4.01259709219, -4.8808968791, -5.05363100583e-13
-0.499695054989, -4.01259711368, -4.88089688171, -1.68454616371e-13
-0.499695074979, -4.01259709376, -4.88089688472, 0.0
-0.499695083462, -4.01260085675, -4.88089687299, -3.59822200901e-09
-0.499695066867, -4.01259707532, -4.8808968758, 0.0
-0.499694997941, -4.01259706611, -4.88089687166, -1.17917286628e-12
-0.499694989707, -4.01259708791, -4.88089684186, -1.85298798541e-12
-0.499695082954, -4.0125970761, -4.88089688402, -1.68454733151e-13
-0.499695065106, -4.01259340843, -4.88089686243, -3.41778568851e-09
-0.499695016182, -4.01259705094, -4.88089685759, -1.01071932612e-12
-0.49969506682, -4.01259712393, -4.88089688206, -3.36908553386e-13
-0.499695049712, -4.01259708777, -4.88089683135, -6.73815850137e-13
-0.499695084806, -4.01259697969, -4.88089688019, -2.86370599983e-12
-0.499695083735, -4.01259713146, -4.88089682855, -1.17917816133e-12
-0.499695094732, -4.01259708091, -4.88089687799, -1.68454808936e-13
-0.499695087988, -4.01259707995, -4.88089687744, -1.68454706199e-13
-0.499695058874, -4.01259708776, -4.88089686543, 0.0
-0.499695070485, -4.01259708091, -4.88089687719, 0.0
-0.499695069977, -4.01259708091, -4.88089687714, 0.0
-0.499695017054, -4.01259709972, -4.88089729052, -4.36293030488e-11
-0.49969509005, -4.01257085827, -4.88089701992, -1.73934272384e-07
-0.499695057619, -4.01259708778, -4.88089687903, 0.0
-0.499695047741, -4.01259746856, -4.88089688667, -3.73971804056e-11
-0.499695466275, -4.01259827755, -4.8808844112, -3.97016488323e-08
-0.499695045552, -4.01259704115, -4.88089688334, -5.05361726488e-13
-0.499695049012, -4.01259699722, -4.88089686316, -2.02143456441e-12
-0.499703194941, -4.01259726479, -4.88089685418, -1.67215710625e-08
-0.499694864212, -4.01259709788, -4.8808968522, -1.0444024051e-11
-0.49969575345, -4.01260122979, -4.88089970004, -6.47910971683e-09
-0.499695061551, -4.01259707753, -4.88089687878, 0.0
-0.499694205408, -4.01259722242, -4.88089694083, -1.92877162837e-10
-0.499695063737, -4.01259707062, -4.88089687704, 0.0
-0.499695073514, -4.0125970741, -4.880896894, -1.68454821937e-13
-0.499695055514, -4.01259708177, -4.88091447614, -7.83183004414e-08
-0.499694698011, -4.01259708102, -4.88089688261, -3.41957281196e-11
-0.499695001053, -4.01259569979, -4.88089721882, -5.15462013009e-10
-0.499695048264, -4.01259714645, -4.88089689055, -1.01072819187e-12
-0.499695059214, -4.0125970339, -4.88089680383, -2.02142724662e-12
-0.4996950742, -4.01259712204, -4.88089689154, -3.36909168197e-13
-0.499695083979, -4.01259708811, -4.8808968737, -1.68454899221e-13
-0.499695101657, -4.01259707938, -4.88089687536, -3.36909596917e-13
-0.499695051382, -4.01259707967, -4.88089687039, 0.0
-0.499695058785, -4.01259708429, -4.88089686846, 0.0
-0.499695072156, -4.01259709093, -4.88089689174, 0.0
-0.499695167155, -4.01259701857, -4.88089712019, -1.85297764507e-11
-0.499695047396, -4.01259708103, -4.88089689537, -1.68454757922e-13
-0.499695066116, -4.01259698681, -4.88089683887, -2.86370079618e-12
-0.499708112795, -4.01261078272, -4.88090176761, -9.65616016004e-08
-0.499695029996, -4.01259717096, -4.88089687053, -2.18991115885e-12
-0.499695063664, -4.01259707991, -4.88089687825, 0.0
-0.499695128065, -4.01259709067, -4.88089690611, -1.17918373526e-12
-0.499694228214, -4.01259709009, -4.880896885, -1.77210481705e-10
-0.499695065277, -4.01259711177, -4.88089691173, -5.0536467899e-13
-0.499694501719, -4.01259721497, -4.88089677006, -8.7595556408e-11
-0.499676495784, -4.01264235092, -4.88087950497, -6.81748260188e-07
-0.499695028886, -4.01259707794, -4.88089686148, -3.36908267793e-13
-0.499695060499, -4.01259709077, -4.88089684008, -3.3690840832e-13
-0.499695084145, -4.01259622545, -4.88089683703, -1.87316662301e-10
-0.499695032976, -4.01259706826, -4.88089686964, -3.36907990406e-13
-0.499694632422, -4.01259692682, -4.8809049878, -1.66882746881e-08
-0.49969505646, -4.01259707786, -4.88089687204, 0.0
-0.49969522069, -4.01259592016, -4.88089687711, -3.49030745276e-10
-0.499695013222, -4.01259711213, -4.88089687772, -8.42272409271e-13
-0.499694881947, -4.01259718619, -4.88089689295, -1.11179050732e-11
-0.499695043737, -4.01259708833, -4.88089687561, -1.68454298873e-13
-0.499695055259, -4.01259707274, -4.88089688916, -1.68454401509e-13
-0.499695036414, -4.01259706162, -4.88089690538, -5.05362728386e-13
-0.499695048249, -4.01259709309, -4.88089686611, -1.68454384331e-13
-0.499695050427, -4.01259710724, -4.88089691635, -5.05364277036e-13
-0.499695052191, -4.01259706809, -4.88089684208, -5.05360363569e-13
-0.499694896551, -4.01259736043, -4.88101835951, -3.73103770266e-06
-0.499694122661, -4.0125965591, -4.88087371779, -1.35924238893e-07
-0.499695047942, -4.01259712319, -4.88089686203, -5.05363820467e-13
-0.499695062968, -4.01259709914, -4.88089690047, -1.68455022612e-13
-0.499694627107, -4.01259690853, -4.88089878575, -9.76911139937e-10
-0.499695115856, -4.01259734081, -4.88089688052, -1.71824527491e-11
-0.499695047086, -4.01259692926, -4.88089683967, -6.5696499738e-12
-0.499695063297, -4.01259709077, -4.88089689822, -1.68455203422e-13
-0.499694669472, -4.01261162307, -4.88089757492, -5.36187621736e-08
-0.499695063014, -4.01259341135, -4.88089686302, -3.41239472884e-09
-0.499695078404, -4.01259707399, -4.88089687983, 0.0
-0.499695062893, -4.01259708532, -4.88089687545, 0.0
-0.499765277914, -4.0126197542, -4.88073709033, -7.82667024043e-06
-0.49969505208, -4.01259709328, -4.8808968749, 0.0
-0.499687788131, -4.01256070665, -4.88090168149, -3.53849135008e-07
-0.499695061516, -4.01259646964, -4.88089688818, -9.56795905214e-11
-0.499695062566, -4.01259709474, -4.88089688078, 0.0
-1548.06466698, -1347.92925962, 1652.73963373, -2.04167114401e+22
-2137.32887786, 3065.00058024, 838.683663727, -5.83296901111e+23
2827.44225787, -634.59205814, -2086.99517659, -1.40054176581e+24
1055.42950391, -3185.49150437, -604.755660966, -5.15497210441e+23
330.30022645, 76.5480987152, 554.724752223, -1.20648976496e+18
-2029.25752375, -1041.06480223, -1278.07971406, -1.24559908876e+23
-316.243033933, -125.588340054, 3721.02425671, -1.08341867988e+24
-440.754376429, 3590.65284596, 94.9379364425, -1.66603864768e+24
3586.46723061, 1336.347316, -510.029267521, -1.08440645887e+24
1382.71603688, -2277.64324826, 1952.33957844, -3.59120394536e+23
-186.561992494, -893.687677435, 1829.72526943, -2.31608985953e+21
575.442967154, -1270.75978024, 2728.82545823, -4.88713687499e+22
1275.01340266, -494.852401329, 2377.5807286, -7.33552644435e+22
2888.2689318, 848.084098024, 184.966933683, -2.5124312264e+23
-2313.05493719, -2329.33091364, 632.839397369, -2.14055970691e+23
1409.24740602, -1949.20875076, 2764.94466496, -4.07497684642e+23
3630.77616539, -527.054403987, 1588.26393853, -2.78636412864e+24
451.217620862, 1857.70812547, 1873.12523844, -1.51643971355e+22
-4385.79930859, 1147.55365952, -1226.97547764, -5.46499329081e+24
2311.30255938, -1237.4228532, 132.764590206, -1.32372974619e+22
-1940.44532844, -1121.10833704, 371.421889326, -1.24350708469e+22
48.5374376973, 826.00550992, -1460.63537571, -4.26778843925e+20
-1692.99716868, -473.70347866, 1441.91879198, -2.15652331176e+22
-2498.81885429, 1862.29312915, 2285.66752232, -2.22945281965e+24
2023.27605435, -1998.12244013, 3576.12249796, -2.45062184392e+24
1572.68544133, -2642.45443647, 3632.34101949, -3.27833155895e+24
2778.41407568, -190.737477866, -1810.23704042, -6.30138133811e+23
1713.39005606, -122.016116016, -2345.70365635, -3.49281905044e+23
1163.22803752, -639.234827825, 282.324605841, -1.05451361068e+20
-3099.78280307, -915.581059242, -35.0162174563, -3.8713050247e+23
903.872355083, -36.1255912902, -392.758010185, -2.33936047392e+19
-742.369972738, 1134.11607566, 2045.37050325, -6.37536365844e+22
-1906.50064809, -125.307430002, -265.127733511, -6.97665552454e+21
382.927556774, -1339.30572951, -393.298995966, -3.95385777052e+20
-24.455051074, -1608.3882094, 276.820084101, -3.73696758462e+21
-807.122547716, -1583.36672741, -1057.6765348, -2.74062835233e+21
-138.558806376, 3662.62395604, 194.280197866, -1.7900305566e+24
-644.881671664, -673.806587686, 1568.13744502, -2.02615900867e+21
-211.309612546, -1579.86237696, -2821.05247107, -2.07860072425e+23
-1712.54366296, 3443.95114781, 1088.91185294, -9.7300115577e+23
1769.06401924, 63.2374452589, -1396.40316627, -3.0610044624e+22
-1771.67669206, 2369.21354236, 1804.61789993, -4.23663431741e+23
1902.20598366, -475.375658042, -1470.97785407, -7.26037214829e+22
327.851341992, -2967.55373831, 3302.84721697, -2.88362506569e+24
389.15050011, -1322.85489216, 147.122532228, -8.1283034563e+20
-1446.27958346, -4040.59019354, -544.133475238, -3.40244391925e+24
-996.45793306, 789.681812197, -121.247035929, -6.0100415446e+19
226.399238582, -218.392223694, 1600.28508825, -6.51214063726e+20
-3193.92405862, 2008.60133477, -1903.43934509, -1.70586322355e+24
210.656643458, 2191.42129633, 3670.62670889, -1.93563911454e+24
1307.06199828, -670.074016763, -1471.87651233, -2.38231445626e+22
-1439.25941496, 4246.26457176, 2573.61956409, -5.01027052635e+24
2023.65807085, 1505.05460645, -3980.97041625, -5.46924056548e+24
-61.819803354, -3640.28647444, 1966.34052796, -5.09020274952e+24
1252.88089802, -1268.26660346, 3596.09439235, -6.54731479576e+23
-0.306479891355, -90.7746920718, 2777.9529156, -8.03297603813e+22
2956.10150389, -1035.53468208, -452.031797983, -9.69984501911e+22
-1662.40587266, 1004.2900044, 207.745223913, -1.35477046843e+21
3045.84725347, 3752.84048248, -710.191170534, -5.43459685695e+24
1918.53878391, 740.051561802, 1223.5510405, -6.9359473626e+22
-952.224020182, -92.3311195656, 1299.50754722, -2.65862124824e+21
34.9870308336, 1434.99541528, -1929.8142191, -1.2500436143e+22
3021.910222, 4270.35038362, 3323.66951214, -3.11181784156e+25
1759.53179923, -1130.75886929, 710.127500773, -6.89844710809e+21
-1874.48491283, 2177.46508136, 1141.51543298, -1.10751037721e+23
2250.96274032, -1121.92499875, 1230.86127646, -7.59916399808e+22
-1508.84476859, -549.942173275, -322.675664717, -2.51177911516e+21
2103.10240667, -724.208729233, 57.8951380025, -5.22912448291e+21
3500.0824621, -250.258301453, 1770.25874013, -3.0149965075e+24
1965.16039442, 189.415085544, 3877.86581307, -3.86922267165e+24
1128.40545315, 136.818959177, 787.513893101, -9.10826681441e+20
-1099.21086875, 1529.31954377, -1318.24123269, -1.80455611221e+22
-3846.87575804, 2580.92966562, -4042.78785598, -4.1030660198e+25
-3875.87105678, 1547.70493712, -566.077394266, -9.81586183457e+23
876.547987392, 442.795965167, 414.581762642, -9.10097279689e+19
-702.238888501, -2032.02656343, 2655.89599171, -1.88323757662e+23
-242.207420266, 3642.82190923, 1483.06065947, -8.60498228724e+23
-486.341655941, 1530.93999174, -1492.78460868, -1.36121351697e+22
1219.11012968, 1184.74411176, -3098.42537456, -4.55022825343e+23
-667.558130557, -773.597884124, -803.596334136, -1.71469886162e+20
2277.12945799, 3106.56107201, 866.085472384, -9.67956982968e+23
882.673441156, 1832.99930732, -3509.79978642, -6.62658655488e+23
-2277.39417342, -2834.22395378, -3173.40137948, -5.43707805913e+24
-1524.84147797, -3358.85005626, 2616.91617974, -3.70279066696e+24
802.134037183, 1835.82326326, 3374.589543, -7.90896003746e+23
-2921.00467153, 954.208377414, -3547.21251369, -8.17318842393e+24
-385.686271419, 1770.81763187, -1389.2369183, -2.86283323964e+22
1781.64537259, 138.855487036, -306.689849531, -2.12971003964e+21
2830.44401969, -939.484277259, 1468.41647149, -4.46227788203e+23
3200.42725334, 1976.42728803, 1600.63706986, -3.71517236517e+24
2846.13474677, -1820.95540344, -1559.18103884, -9.6128870649e+23
-2453.70636499, 3438.76078307, 276.49369343, -1.86211851647e+24
1418.67043582, -1549.17615394, -2135.871452, -3.11170110645e+23
4125.58636241, -2672.25402185, -16.5198020872, -1.90673997709e+24
-2215.1278153, 875.453608346, 2058.29735258, -6.09795448428e+23
3550.2080031, 1314.9573093, -2914.70887443, -6.24022601106e+24
-4107.40452318, 805.413736526, 3257.39211876, -3.51204046217e+25
1775.73221674, -83.1270317803, 3726.77476908, -2.22561470671e+24
-444.341617651, 1786.93944825, -2563.1388452, -1.02022122613e+23
1226.16648056, 1028.95156367, 2926.43349296, -3.51196732359e+23
-2788.8451589, -129.231002474, -1087.54124248, -3.61552492982e+23
-3030.22314363, -2208.41995999, -1104.03809863, -2.00847668205e+24
3490.1836037, 1728.43017733, 2753.85349655, -1.54288561471e+25
-1479.51263922, 1367.47688214, 2905.37928851, -1.55562624231e+24
-310.780337457, -1422.38616543, 56.5278273519, -1.05548030874e+21
-557.378760772, -1344.5928478, -1139.82627934, -8.14795877027e+20
-1921.2409015, 2322.40109454, 3358.05750425, -8.23814620486e+24
2402.37553802, 3043.98745964, -4346.70718455, -1.21481315053e+25
-3247.15164568, -808.116791817, 64.6632646918, -4.65098441777e+23
4052.79275826, 396.970375999, -85.4684538596, -1.92030185425e+24
-1285.1421824, -1485.27326549, 712.212580949, -4.54915187184e+21
-2253.02696755, 977.470435759, 517.312640112, -1.75175505999e+22
-1507.4607872, 1685.30599649, 538.609806744, -8.64426811208e+21
161.374080316, 3906.48199211, -2279.10799429, -9.63281854596e+24
3674.3981031, -1122.33342979, -1855.44199698, -3.63461086117e+24
173.457223087, -28.3841418524, 98.1733940668, -1.25451505022e+14
877.95169015, -1318.92246933, 2555.13524125, -5.45366116365e+22
-187.790796549, -373.804783482, 956.224794307, -1.77387980852e+19
136.500268545, 528.737194559, -2813.1086968, -7.42370475679e+22
2372.29883596, 1148.32120402, -3256.06135883, -2.75659377808e+24
-722.683066338, -3394.02181053, 104.051166002, -1.09376838123e+24
1685.55221513, -158.236050619, 522.628455754, -3.76896434575e+21
2759.40534797, -3190.29420913, 380.944514055, -1.81673338182e+24
-1288.94108257, -480.990006858, -845.675301503, -3.02612128834e+21
1915.98744924, 688.953744933, 378.168777056, -1.5919400461e+22
-298.65674347, 33.4799532171, -1409.81377872, -2.83979876696e+20
-3448.33442628, -1963.99552605, -3033.11747336, -2.01000264183e+25
-1414.73901133, 1630.57287187, 4003.69556899, -1.06513213152e+25
-3906.71484427, 701.314444925, -1445.1980661, -3.59447289458e+24
480.411404699, 1130.47548577, -1147.63136122, -9.38920074093e+20
1451.76613909, -3108.96644634, 883.347736583, -1.24701970897e+24
19.299651547, -258.603396188, -823.17684728, -8.89560153486e+18
-2854.27567244, 1284.92605346, 218.96793284, -6.22859162016e+22
-932.859201783, -694.334924456, 1512.34514543, -3.34987283863e+21
3875.62330101, -1417.15022988, -2553.26648115, -1.39497080221e+25
-2365.37217133, 3125.92859159, 1233.94305623, -9.03983644401e+23
3421.81697196, -4157.63604177, 1114.19008059, -1.90247820335e+25
3482.16610197, 1464.33293625, -2067.87207388, -1.68027276843e+24
107.369805773, 2469.97807746, 3774.25671771, -2.84649809685e+24
3300.41704254, 1824.33422029, -151.555473026, -1.04710621485e+24
10.5542525116, 796.171082163, 1645.62174208, -3.00930864182e+21
-1818.172269, 916.420843757, 2540.85263611, -9.39869815846e+23
1043.4964169, -895.807062611, 248.482213811, -1.60955037004e+20
-3405.89483664, 1114.26110415, -2171.12687351, -3.27132321344e+24
4149.4565564, 2579.40381422, -3263.4621405, -1.50967725244e+25
1362.25880562, 837.813034019, -631.087541682, -7.42836635509e+20
-957.170627925, 220.213835995, 3002.18142128, -5.58201136328e+23
-323.851229498, 223.935079163, 453.891946869, -1.150193163e+18
367.222848031, -673.157593686, -645.586397224, -2.38561502973e+19
-51.0039271293, 3058.33369082, 1012.73194997, -2.40338737685e+23
-468.987417099, 510.949690975, 1043.24748809, -3.6141642781e+20
-2300.09952409, 1314.11991161, 3086.56160592, -5.34896561162e+24
2593.65551084, 1327.99410981, -2823.84834758, -1.58854558421e+24
-3218.05617934, -675.786530675, 190.556532881, -3.60692463957e+23
-1612.19476063, 1502.3794375, -3956.7006929, -1.94106419914e+24
1663.81065839, 2362.4813454, -551.807482188, -1.11080881275e+23
1770.66381673, 10.8673291403, 537.228301357, -6.37379310524e+21
-157.829489148, -1399.1375271, -1155.38051329, -5.6738475292e+20
1691.75726203, 1061.89313516, -3183.06962119, -1.07092897534e+24
2298.16570369, -1608.0109831, 183.485890588, -2.51778231924e+22
1081.454719, -231.130436382, 723.662021934, -4.20328266823e+20
1484.39926198, 319.838363475, 2598.62312415, -2.40449169361e+23
2406.14784956, 34.9243123813, -2467.67266994, -1.14654629477e+24
423.05189409, 2394.44088507, -1586.37016616, -2.10601860848e+23
405.654986195, -2928.59323872, -598.5848053, -2.26401141636e+23
748.217809616, 2771.84401027, -1043.90112527, -4.05730241896e+23
-1458.42336791, -1596.13622764, -125.510860316, -8.95071964437e+21
244.473771683, 1282.48864123, 73.312614073, -3.88501138254e+20
-2428.03029745, -283.947298295, 1125.10285423, -6.14865493262e+22
-940.334897331, -600.7741217, -1148.3406002, -1.80963046344e+21
-32.0466174606, -1105.15140525, 1566.61027407, -1.7852456669e+21
-969.86229253, 1849.70023659, 1464.76679573, -3.06101721477e+22
-665.37563756, -2525.73613914, -1555.00164171, -4.09883532129e+22
564.915042861, 729.225348465, 1818.47801989, -5.3940136348e+21
-100.074702735, -4370.7422105, -2053.0891017, -3.23548138653e+24
3468.42089337, -2216.00056553, 1591.76197901, -1.94675615629e+24
-312.757584761, -3351.55847254, 56.2868212271, -9.71955897309e+23
-95.372594219, -2691.48770976, 1151.76544099, -3.68241475062e+23
2932.76122643, 3672.17855115, -4037.92696351, -1.91122350577e+25
-1595.34789941, 530.170810958, -1246.86376425, -1.35487266406e+22
2122.10200565, -3118.12340333, 1445.25842084, -2.29818442541e+24
2327.8760831, 2982.99806724, 1686.93954322, -1.47160524492e+24
345.681757264, -669.815341212, -685.907893221, -2.87897195036e+19
-1482.79247875, -3086.92971435, -346.98756325, -4.56809434458e+23
89.6309849874, 2917.24207424, -369.514583055, -4.03854081104e+23
-89.9405986086, 2133.85884086, -3693.55949441, -7.50663584582e+23
-1213.66741037, 288.933043109, -112.518810643, -8.86255135861e+19
-714.353960028, 1516.16172662, -4274.72082327, -1.31192780584e+24
2025.64766013, 1205.60577511, -1916.97592996, -1.04102511248e+23
569.387205793, -2286.77651008, 1355.02092532, -1.58063187198e+23
395.992696162, 2703.261424, 2708.69745687, -2.98911324555e+23
3848.23440216, 767.988446843, -2386.89648716, -5.12828294861e+24
-279.619202807, -551.145731323, -421.463848915, -7.72101499692e+17
3426.7143358, 1249.94202444, -1343.29356051, -7.40892303792e+23
-10.8706157027, 2850.20298353, 49.0142822782, -2.56055100812e+23
2359.31271117, 878.627261464, 1197.3886784, -2.31047570292e+23
-6.71258497607, 245.370337795, 1281.25645949, -2.5604188421e+20
-1527.22282391, -145.721364135, 624.142627213, -1.16939376605e+21
563.13923689, 4022.6430048, -1156.58175049, -6.93184644958e+24
-1679.93460309, 4510.95432442, 992.135631878, -8.23978498624e+24
2465.66152137, -1643.20048346, -1680.44602675, -6.23929195191e+23
361.559112272, 2111.73280722, -804.887327161, -4.71555990769e+22
-1280.24003098, 64.4707354128, -2368.23186764, -8.40511573994e+22
639.499625936, 175.787420544, -1395.32632826, -1.49011172852e+21
-691.498230945, -1090.04972953, -3522.53406347, -7.31073226917e+23
2272.54629576, 591.934710255, -3076.37291776, -2.26700177489e+24
2472.13202179, 2351.1024466, 2414.97181994, -2.72949741482e+24
-502.443324914, 3005.988861, 321.905199381, -3.48747123394e+23
-2411.45474632, 2434.54098458, 752.654516984, -2.18067567214e+23
932.686007513, 3248.38312752, 167.601583882, -6.69687046082e+23
-1336.64330796, 2164.30276224, -1537.05282109, -1.86181734933e+23
2157.67068484, -1675.12738938, 1107.03058772, -7.97411109736e+22
-721.990809962, -2415.23837934, -1701.07679552, -3.52484702695e+22
1581.11764809, 349.539748497, -1119.83388809, -6.47853613723e+21
-303.957254795, -1262.22892895, -2961.02821617, -2.32577434887e+23
1088.21890069, -2759.62356712, 2136.20517801, -1.11974637182e+24
1348.19988355, 2428.09613362, -2705.99363148, -5.54069159527e+23
-1267.71424382, -545.416397454, 59.9092898971, -3.66183159178e+20
1885.28884102, -224.558188391, 1167.30282187, -3.20440015483e+22
-3111.17715571, 139.661020873, -1782.04542402, -1.58669400409e+24
2480.9465102, -4264.70568399, 1905.60695651, -2.42206243908e+25
-2190.91529801, 3604.33222007, 4347.03491461, -6.21280372337e+25
1639.86204816, 398.60740918, -698.625974462, -2.15533023259e+21
-2599.57369285, -2802.30814375, 745.286338085, -7.53201518164e+23
3037.252474, 3917.18544799, -2064.1426309, -9.84871292904e+24
-1459.66592178, 995.182331463, -1128.2556431, -6.81317233366e+21
683.731894598, 1409.80368292, 2057.79827399, -2.26756681311e+22
1810.77380304, -2446.84774098, 1688.07795022, -5.5682336662e+23
677.149352151, -2291.14774058, 1998.52359137, -2.74834653623e+23
3110.08374499, -403.02906093, 129.305280355, -1.6907772272e+23
-160.827781034, -2844.52311992, 4131.74778592, -3.71109645714e+24
8.63142069906, 478.977795315, -322.90463009, -5.97151351449e+17
336.461179058, -458.64330104, -77.4472783165, -1.61795322818e+17
1218.68380308, 3758.80393075, 1147.48924885, -1.4146880384e+24
-3694.78724452, 1846.36078565, -765.298624016, -8.87817245719e+23
-2088.2265551, -758.816110822, 239.554958697, -1.46897035091e+22
-2345.96048596, -1306.88229221, 3263.75809416, -2.54160011008e+24
2820.55191189, 1448.67885802, -3734.30979728, -8.74448824917e+24
-3505.28641064, 3325.42907908, -1060.18653052, -5.22382440206e+24
-1645.65942294, 483.589458755, 1628.05701899, -6.60331519577e+22
-321.429636189, -2436.64459584, 2242.41325068, -3.78597770331e+23
1462.8013923, 301.261735805, 2036.30544746, -7.68176221323e+22
1753.22126971, -89.2658824354, -1514.80827305, -4.60839042109e+22
-3162.08242971, -544.299598394, 2307.35880387, -1.9505356211e+24
86.9596430642, 4253.43413702, -1292.9133929, -1.15519690185e+25
571.625576462, 1830.11468596, 3382.20275764, -7.83244926032e+23
-1316.12651615, 723.821780479, 1702.25099958, -5.02642994894e+22
-1052.05996827, 439.660369998, -1264.4720232, -2.13368396724e+21
-1822.30957241, -273.834884765, -150.029186858, -4.83567276025e+21
139.398000019, -1768.04369366, -708.216279857, -2.66481941463e+21
-1956.1121435, -315.783793149, 2760.15996494, -9.47924104328e+23
-1055.55433091, -1940.48135732, 1251.83739931, -3.70849632829e+22
3228.40313118, -1645.90160987, 1955.50021242, -1.75266087998e+24
1621.45422537, 2955.19993241, 2867.72318048, -1.37963663982e+24
141.869884018, 599.348777983, -420.553827208, -3.45818766298e+18
-2320.66469214, -287.226021298, 124.979104909, -2.18627011251e+22
-343.493752885, -33.4011407228, -3674.98773101, -6.40254420323e+23
-843.592711167, 1213.4766454, 1605.89395611, -2.10341682194e+22
-2431.18141354, 3873.84967186, -1616.36037228, -1.1313388566e+25
-1552.37271229, -372.976265293, 455.624808365, -9.65364139366e+20
-2653.39524746, -2540.43228161, 1233.45162568, -5.25128920967e+23
2971.89238134, 693.300724014, -789.983337731, -1.6896805163e+23
-3303.15114367, -4059.25046496, 1111.73644781, -1.07515293686e+25
3428.10499938, -3304.80459249, -1754.50388747, -6.18093972814e+24
-1663.51132825, -1159.42017618, -1126.01003446, -3.7116654318e+22
180.988587766, -7.73522170644, 495.946861597, -1.26223809487e+17
2535.99431358, 1114.99540095, -218.484443036, -8.84044215508e+22
-619.552176328, -1453.77530123, -2718.12056163, -1.33416423666e+23
-1830.37071959, -476.63692812, 1834.73394111, -8.62996350329e+22
-1149.29171278, -1954.77845505, 2849.2211723, -2.73493130674e+23
-1083.9755121, -555.317343892, -767.436599648, -1.05674794196e+21
-1923.00059664, 1032.66434317, 677.947323517, -1.1875643679e+22
2109.54747908, 657.695165406, 350.084519175, -2.83832817279e+22
-2051.69682227, -1663.12886435, -902.049444392, -1.24203244105e+23
-471.232679698, 166.940027375, -616.298352206, -5.01504980072e+18
1585.73655672, -2250.14579616, -126.784938554, -6.33149362428e+22
-679.370138483, -264.767312481, -744.123781378, -7.62309948989e+19
2285.97065205, 1252.5427492, -17.3346340137, -5.92682733539e+22
980.184871284, -2140.24310261, -2500.40890645, -5.31609209749e+23
-2961.43743377, 3745.38669579, 1255.31066117, -3.83482278091e+24
-1148.78492929, 1172.44168869, -741.651574566, -2.1346396932e+21
530.176669633, -2028.67440815, 2312.52410791, -1.61592264856e+23
-945.447205135, 1948.69588782, 949.426816013, -1.09195582367e+22
1695.00791632, 575.197640218, -4070.06514623, -6.49558657575e+24
-390.639911013, 2470.5873407, 1127.54860229, -3.84506869087e+22
446.109554149, 147.271832986, 1361.27332864, -3.88476941098e+20
-2949.30369972, 1688.57243648, -1316.18001519, -4.53473257809e+23
-1462.46934235, 388.923703319, 235.865886107, -3.36239324775e+20
2942.79897052, 2985.26640782, 761.679173357, -2.36448440474e+24
3588.25940991, 1941.9732266, -52.3613498459, -2.11832138025e+24
3931.02173201, -928.990123907, -2061.8580303, -6.31711014151e+24
1278.67434828, -2035.51105873, -345.792262955, -2.09921901512e+22
-2763.89398227, 3702.72031674, -2932.96204041, -1.92192012511e+25
861.433818769, -959.438029295, 743.49011453, -4.80251808338e+20
-2350.71702816, -305.209966119, -551.961022368, -5.92344460811e+22
-1273.48998144, -1358.38642191, -1367.98004576, -1.97473884377e+22
-1382.19240652, 1035.43528634, 2400.28034794, -4.03633096412e+23
799.247864903, -960.661146168, 422.211450653, -2.16319476901e+20
230.161865197, 2422.97118041, 185.013342168, -6.09284778888e+22
1353.26375907, -132.610100778, -3608.47016757, -2.80423396505e+24
-2600.76652382, 2614.1787921, 1240.602799, -6.45446030232e+23
351.976035755, -721.094306107, 33.8355226298, -6.49372640172e+18
-706.798141094, -870.233234194, 751.609835178, -1.06885929806e+20
-2932.9277052, -2533.15227821, -1913.91346707, -4.05851337839e+24
-91.5136913057, 3378.39623016, 1311.34653305, -4.79768473859e+23
-775.536191404, -2649.41274886, -2063.537468, -9.00925285419e+22
33.84545158, 2596.92601878, 679.158977358, -7.42181981481e+22
-2250.31611532, 167.189773697, 1700.03645882, -2.01302182546e+23
-3936.26161224, -2755.17462907, 600.630890446, -5.32961346416e+24
1122.58554693, -4.07335705169, -438.59540023, -1.00947544328e+20
-3765.8722664, -2114.89309413, 3049.97765979, -7.88096932705e+24
-761.430854734, 1924.10788709, -1475.61266898, -6.28352724335e+22
-2328.75593456, -240.051349787, 2270.97469515, -6.27924477043e+23
1658.11262422, -1534.13051412, -3097.94416572, -2.92645732114e+24
2101.13996675, 3955.92225836, 863.241324655, -3.25515955555e+24
-1450.34863237, -272.32573618, 3074.30783046, -9.3994665191e+23
2450.62272372, -4154.78399135, -1053.08350114, -5.37344716595e+24
1907.25977959, 1105.92850555, 1473.82256548, -1.27796370193e+23
-821.76684936, 490.997603361, -1383.3414007, -1.23964099839e+21
-1874.48882038, 535.469463369, 2403.94479811, -6.3210333307e+23
1305.18235024, 2680.11536589, 1.8027917783, -1.73750808821e+23
870.635424974, 3852.35296916, -4338.74059162, -2.09774551454e+25
-1669.27308437, 342.646675207, -2076.57909555, -1.09253496854e+23
951.215071791, 2089.74542609, -1331.99858868, -6.57451015343e+22
-2992.08222765, 975.412770907, 1819.97234539, -1.26726601865e+24
-1630.40692373, -14.3160943224, 1376.11212158, -2.15035304178e+22
124.867595186, 180.690792082, -18.5114221625, -1.12463301667e+14
1041.17577212, 445.246399684, -244.272279091, -5.56621729237e+19
-260.029716789, -2555.1299837, -1014.21464375, -4.94699400362e+22
1846.42886967, 1511.51218239, 1197.5507466, -9.25996445927e+22
886.850130854, 2789.60088375, 1069.31558839, -1.1559333881e+23
-1888.39871493, -1744.31682825, 531.098580543, -2.94115039047e+22
3216.97619169, -2249.54790055, -1831.70307234, -3.11901883953e+24
2568.35691232, -2762.44512863, 1939.82375174, -2.08808712391e+24
-2246.2423591, -1493.84348436, 1952.7366739, -1.59951006146e+23
-2715.40690403, -1832.05892141, -2991.36103563, -6.36016342754e+24
149.568808026, 1288.21168071, 3969.82822209, -2.39004457049e+24
1253.13276041, -3917.18983614, -721.289733001, -2.7040366976e+24
2018.9911286, -1496.14463185, -572.903393231, -1.90436266097e+22
-2186.35196073, 693.179765317, 16.9509376787, -6.85317235475e+21
-2976.91560022, 2149.94755134, 2341.67851558, -4.95222244216e+24
-606.647761766, 3119.67198779, -278.574528567, -7.09435628431e+23
-2115.4811226, -1443.18765741, 4254.63850037, -9.48153353902e+24
1352.46883187, 1943.3973785, -1783.40957885, -6.63208186422e+22
2358.88759857, 950.702009993, 819.671554626, -1.44230086517e+23
-1015.65297445, 74.027200591, -1781.97683903, -1.00572538291e+22
-926.128880683, 962.946491399, -395.432030193, -2.68845214158e+20
-1256.58358615, -66.8019390654, 712.288339691, -5.83444166643e+20
778.598590327, -1929.58578897, 1545.17088974, -6.75558124693e+22
2163.19680852, 2782.87200631, 2121.42085037, -1.39934876472e+24
2173.32417802, -3017.58072648, -1048.88679026, -5.61089388412e+23
-135.226093375, -1420.32044946, 62.350010648, -1.06064403395e+21
2969.32033957, 2516.34433538, 1428.90835927, -2.81203311106e+24
-740.891921567, -756.803137977, -2808.27313232, -1.24144047296e+23
-905.609016178, 3289.71641814, -2884.33599303, -4.98064798835e+24
-97.4083121264, -3052.39532837, 1331.93729711, -1.02507535519e+24
-1140.42543581, -2230.18712152, -183.779237109, -3.67059628872e+22
1296.82646205, -1595.99745979, 1179.23245807, -2.25199392327e+22
-1741.37547129, -2622.96028507, 2588.85511968, -8.27167075609e+23
363.859201193, -4478.67556964, 137.356944133, -1.06736758369e+25
-1362.55915855, 51.0279416552, -2840.25500507, -2.57551008738e+23
-2222.44966514, -546.132297206, 2161.59488462, -3.60069938389e+23
-2637.78951521, -2427.18143673, -1804.24502369, -2.04346851774e+24
4247.14370233, -3280.00999016, -1866.3728878, -1.66682477804e+25
2154.15838101, 3508.87570438, -2148.73250624, -4.11978555903e+24
-1709.42686558, -964.21012811, 2056.58445396, -9.00239264328e+22
202.274211015, 1124.2202938, -2258.41596727, -1.19067467868e+22
2162.38101144, 1598.2711436, 1466.03818099, -3.19308694615e+23
3521.07228132, -1936.99434354, -1287.39061829, -1.68052446622e+24
-419.532806905, 2252.94437475, 813.482204916, -2.13180985386e+22
-1326.39913172, -2852.14789348, 996.189801984, -4.90421697708e+23
3304.03531229, 217.778553948, 1111.65779217, -1.17371827871e+24
-3191.73410948, 1500.72003978, -2492.44941921, -3.27266143962e+24
3379.63724219, 3079.41543628, 910.00568617, -5.6513056929e+24
1651.739658, -460.873483222, 643.381765194, -3.54453264689e+21
-272.07882505, 1910.53662168, -1257.60654584, -3.98318103193e+22
-1190.55863154, 1399.36646377, -275.474659788, -2.90181574208e+21
-1325.12051388, -3083.822388, -570.176732536, -3.86257930771e+23
145.729142114, -431.384486496, -1641.81195924, -2.57775833442e+21
1847.54802116, 1579.03192125, 1760.35790136, -2.25033132145e+23
-1994.16441815, 1253.54512255, -1339.61736269, -5.28848619284e+22
-3903.57787663, -825.724122624, -2041.00123012, -1.1009514318e+25
-3879.56920963, -1319.09220945, 421.448202083, -1.99107012595e+24
-2181.39018416, 3660.24189428, 1178.8350165, -1.9123353258e+24
-1534.14505102, -1607.76366235, -3147.16974829, -1.04086468751e+24
1444.70229973, -339.308514474, 645.034763998, -1.63823246726e+21
-177.699605647, -1002.09247287, 2453.69487841, -2.10360571929e+22
1948.36321126, 2064.61416916, 1790.49364384, -3.93873681044e+23
2018.43734588, 3240.4252431, -2432.79247951, -2.75597470139e+24
1037.98745805, -2045.90408277, 3316.87912797, -6.2424660431e+23
-2547.63447019, 1389.02204711, 3816.21428465, -2.07071202909e+25
925.333814331, 3327.62986843, 700.675894197, -6.0774634276e+23
614.578765405, -6.87995910936, -1139.32249981, -4.94655388458e+20
-1133.89328074, 2862.24701109, 555.993333375, -2.33224726435e+23
-1990.90945788, 1339.95493345, 2696.74815751, -1.93811409783e+24
297.038286846, 948.955513061, -1082.80486284, -2.93391718965e+20
2215.15797435, 1325.47010581, -233.92801401, -4.33715491101e+22
103.015387062, -1319.70844996, -3996.62775163, -2.96267978148e+24
2169.5999501, 1729.14453398, -1433.14255463, -6.85592665826e+22
-734.957827075, 1420.89824072, 610.501914143, -8.68020363069e+20
2392.74516297, -3700.91574648, 671.263078796, -5.00403613496e+24
-2743.11618725, 1209.92487314, 535.498276015, -7.12850181353e+22
-2445.99403011, -1201.47279973, 3022.71664264, -1.9647166259e+24
2289.6096871, -407.619935798, 1094.65472624, -7.96146072463e+22
2010.51619914, 3922.65109614, 876.827627171, -2.90757670973e+24
82.5290260632, -1855.34890365, -694.741198886, -4.05104671081e+21
410.748828177, 223.105948303, 655.850685024, -6.51196280877e+18
3171.06499603, 182.34336002, 2695.91152249, -5.79059198047e+24
-3052.40344475, 197.418490865, 3485.64673377, -1.40079299641e+25
71.224612112, 1834.02989755, -2663.30341167, -1.11282163942e+23
1165.16342911, -930.574068861, -2228.36806042, -1.80353422283e+23
3727.62456368, 1208.45583562, 1138.54218035, -4.27684931412e+24
-2742.30116807, 1234.13429385, 1639.21516388, -7.06356757782e+23
919.477969803, -3105.20577379, -2622.19248266, -1.14280479328e+24
-2218.32372871, -721.93196539, 1893.73657517, -1.79288215481e+23
-599.148782696, 771.128153534, -1769.05219353, -2.29342727446e+21
-255.893959585, 1633.17169199, -3187.17285902, -1.66333271472e+23
190.757146724, 3679.65577207, 3117.9084528, -1.64179677045e+24
-3407.8445168, 2740.20091901, 1865.4282603, -5.1495972379e+24
2537.3942784, 858.642793166, 888.394074993, -2.33459497091e+23
2717.18012788, 787.885704141, 332.998342998, -1.80558535294e+23
-3042.92928356, 251.614018122, 2106.37874809, -1.63727593601e+24
-3167.20384961, 310.424647106, -535.625249394, -3.27945768771e+23
70.2082762369, 1271.35896083, 221.670131186, -2.91064821427e+20
-2967.92826532, 2309.25720122, 3009.84537884, -1.39704058719e+25
3330.74729643, 394.549537433, 1830.60837293, -3.02651837694e+24
-108.237873105, -1728.41134987, 1787.99880501, -3.02984533011e+22
361.326958469, 751.954155921, 778.072182331, -2.34352082584e+19
-1419.8877533, 223.285877333, -3425.54324193, -7.66807586606e+23
-1245.7435384, 140.471583902, -1842.50376815, -2.294451806e+22
-2023.22766316, 1684.79649912, 2347.50086055, -1.23666733559e+24
-388.536008466, 2654.07176459, 1879.41174109, -9.9208696304e+22
-139.956570799, 980.75810691, -2236.50615999, -7.67051848735e+21
-264.662003946, -1350.10850838, -3534.07122462, -9.35333007077e+23
866.253026747, -3390.5775084, -1222.85345758, -5.87152051214e+23
1018.1701452, 751.195758982, -620.259915402, -1.23077152571e+20
2428.47809429, -2884.73939041, -528.337543237, -5.06090750882e+23
452.626229268, -1319.56473862, 1003.94881988, -2.82812379323e+21
197.276508532, 1038.76172035, -134.939004127, -1.02391899232e+20
3887.53715457, 586.035265026, -2954.96231583, -1.23316385071e+25
-211.681443627, -1735.63227648, -791.399010983, -2.02923626551e+21
-1202.40631043, -610.359514696, 751.795726464, -3.74555311809e+20
1518.3351781, 533.993476558, -258.925935852, -1.02220910213e+21
-1867.04533142, 1808.4867297, 2587.63990276, -1.68734535073e+24
-384.820103967, 406.505297004, -1657.62114749, -8.11753321047e+20
-127.450225737, -17.6816544402, 256.889385481, -2.68875698232e+15
3166.78949661, -1085.11015565, 206.968313991, -1.51836226867e+23
-214.162540768, 2397.30955001, -590.949593701, -1.10885268347e+23
138.12697794, -1369.99364563, -217.273221541, -5.5883400011e+20
-484.048414619, 3224.97572196, -1743.55937522, -2.12738298572e+24
1623.78835136, 3340.64688634, 159.589665902, -9.45396830583e+23
3112.52231129, 888.463989591, -1095.8910354, -2.94932626276e+23
1415.33157935, 3631.65499833, 2679.96008408, -1.40940684066e+24
2336.10612253, 1197.78360872, -542.329811711, -4.39170854124e+22
-268.81641555, -666.228016027, 246.943317626, -4.42966314099e+18
2201.26015821, 2052.99864741, 912.398965499, -2.57295627777e+23
-1893.30322728, -3215.57126443, 1969.82082844, -2.02640431672e+24
-1367.20234484, 3584.9992129, -1628.86797614, -5.0440930885e+24
600.892566297, -1130.66282242, -307.095934801, -1.42025898775e+20
-503.107086659, -1615.44745425, -1764.74245355, -8.27542319967e+21
-1886.95039211, -137.324121697, -315.315895183, -7.19114223201e+21
-1321.35149449, 267.066124078, -336.954587543, -3.6186022071e+20
3853.05755065, -1130.53703562, -3745.2156629, -5.5366257807e+25
-3011.15622326, 423.244575093, 873.568820324, -1.7821674779e+23
3472.41959031, -2093.56991567, 1196.96933628, -1.14345958329e+24
1904.79952446, 3052.14544928, 579.827764597, -5.31862168516e+23
-379.059040139, -154.597918551, -87.8758739983, -4.62237826904e+16
-2175.92452026, -350.899826209, 856.802058956, -1.81904242085e+22
2568.97283855, -629.133468591, 2550.88964589, -1.42872942761e+24
-197.027799357, 1604.82220137, 1753.12590571, -1.42137386954e+22
-486.416722718, -387.609147829, -1926.52923052, -5.33650558968e+21
-2156.18733929, -2947.43170321, 984.582498494, -7.56318027339e+23
620.831928462, 180.090149075, -1226.23496528, -6.20843535084e+20
1742.68693599, -2167.00430071, 2015.58583327, -3.83518655036e+23
-1638.48050729, -2750.62320845, -1044.99292973, -2.18442668847e+23
-1157.35448819, -1412.31283762, 728.999405157, -2.93352912992e+21
-215.715919585, -64.0633248346, -1398.09993576, -2.81042056155e+20
-114.485550656, -3528.66419435, -5.17410434638, -1.43348286306e+24
1537.54571898, 994.579018957, 4043.80510405, -3.44823593182e+24
1225.1451664, -42.4873233201, -1105.3802053, -3.09487449413e+21
-1551.79760424, 1546.9372223, -1818.24647228, -7.12481690857e+22
-1482.61741943, -1868.68664103, -614.845376741, -2.37303422171e+22
619.284584877, 72.6558768721, 1591.00498384, -1.65905383801e+21
1833.6541239, -568.775296552, 2567.42894597, -3.60473672336e+23
-1715.35933357, -40.7558955438, -2460.33281223, -2.79705518654e+23
-1285.521336, 1190.38606103, -1803.00879046, -2.42922471576e+22
-141.192122159, 3314.83225628, -132.254948276, -9.71033795142e+23
2656.09888305, 1545.1899095, 2894.77940386, -4.7625038374e+24
-1703.41288328, 1460.51591466, 2042.46506521, -3.7097405639e+23
2370.77814624, 1196.45429136, -774.554892643, -4.57391019792e+22
-2252.06605851, -2066.34255298, 655.752769578, -1.16872261459e+23
2211.68401779, 1174.53953808, 858.225445221, -1.21176246499e+23
1211.82045983, -133.292275999, -776.962084125, -8.29895821798e+20
-3466.87299368, -3877.27283286, 771.09743173, -9.01221687181e+24
-2866.13793515, -1514.85858453, -3173.28677391, -8.83939032949e+24
-3523.70294122, -320.960888516, 565.423516689, -5.06042789826e+23
-2186.49807359, -4002.79360734, -779.204875981, -3.76770351328e+24
-2910.07270928, 841.890946019, 491.142576299, -8.63336344349e+22
-577.994664578, 3067.36017824, 1887.3576676, -2.54290121451e+23
2499.01846126, -1252.23968846, 136.027438714, -2.29840655399e+22
-4181.89659501, 2202.46055852, 2672.45322444, -2.84950589183e+25
-1166.12610397, 1248.53655728, -2243.29894944, -4.7518454144e+22
3129.1534145, -375.416546153, -144.771337726, -1.48776137704e+23
-237.249941225, 596.309098555, -3919.45285029, -8.42499776929e+23
-1805.73682461, -3088.48383225, 2991.5377103, -2.7864917989e+24
-2184.15565854, 1947.77333624, -181.678436837, -5.37712941125e+22
-2106.28117278, -1814.00373136, 1546.88406218, -7.7978504544e+22
104.041465732, -3540.04622333, -1512.27370013, -6.48572587676e+23
2429.70768722, -1060.22977748, -252.746982977, -1.84128076574e+22
607.554207767, -811.957684944, 1603.47512048, -1.47969504469e+21
-1272.70024851, 1747.45286806, 211.595016937, -7.99741588317e+21
1197.75029058, 537.623443552, 2292.0044552, -7.50440089355e+22
-1503.83624121, -528.564572054, 733.959241073, -1.32633489595e+21
-195.743327651, 882.142647963, -223.607641794, -4.13173790153e+19
2075.42396799, -2278.52433772, 2236.67888606, -7.96783723e+23
-293.03062736, -314.904552214, -1949.37704276, -4.94569376751e+21
927.978124779, -3171.95147952, -2701.22221067, -1.39366807378e+24
2351.05833564, 358.242022554, -3922.45262057, -1.07149458523e+25
-2784.89367907, 3622.93333709, -2434.24306438, -1.31485671661e+25
2420.80491656, 324.48903314, -3132.82889217, -3.358309864e+24
-2744.8318215, -1038.326115, 1841.18926705, -3.67104219374e+23
3886.33586225, 283.960474091, 1183.62830581, -3.85443661558e+24
68.1284496656, 334.206456201, 2058.73918179, -9.61732254465e+21
2890.19925506, 1873.39385857, -216.220826132, -4.39508219758e+23
1534.47006266, 3271.37536604, -4388.99451984, -1.01207356078e+25
-1513.84160596, -2411.73789808, -1152.47481601, -9.94172869756e+22
-2110.23966544, -1388.06730694, 3280.8697089, -1.90474323072e+24
-1163.36006449, 1585.14086338, -817.52508664, -1.24395803895e+22
-2471.32867576, -4527.13941979, 954.286748225, -1.64705952216e+25
1739.70698015, -449.013601716, 530.134974598, -3.75557467629e+21
-701.923541049, 642.32003881, 3269.3580255, -9.17429491865e+23
-1584.82850359, -3656.18274335, -588.054743026, -1.56597599816e+24
168.782293895, 772.309203461, 3650.99141171, -9.84562926211e+23
-2833.23767737, -1284.5995008, 1121.54780717, -1.79503455083e+23
-2564.39881518, -3597.95075871, 390.436806258, -2.91454486349e+24
-496.83179409, 1395.79050897, 1595.33022043, -1.17038678955e+22
2855.3467981, 2572.94304648, 2809.050174, -8.3690564011e+24
-706.754288797, 404.196948893, 1688.0561236, -1.05279478994e+22
2447.42788761, 860.554174566, 695.531934358, -1.44959904872e+23
1299.32386499, -1222.27938813, -4361.15038877, -1.40795466652e+25
1819.60397469, -3314.10450177, -2458.81281668, -2.73450460674e+24
202.835723501, 967.408299973, -708.952576104, -1.68138322389e+20
1041.93924904, 775.226268821, 183.756360817, -2.59624371016e+20
2066.1339905, 528.318231052, -195.755167138, -1.08005008146e+22
-201.827662935, -545.888149517, -2109.25045107, -1.16085968627e+22
-633.464896623, 2119.7704696, 510.822621613, -1.77109114964e+22
-296.772365117, 1254.5354616, -1203.51881973, -2.51323090352e+21
-524.257631819, 675.233989927, 215.911202918, -4.07891086827e+18
-3493.20727801, 4343.01502238, -539.848249548, -2.00366787627e+25
20.6090543706, -56.8038574447, 3656.04013312, -7.31025697523e+23
-1342.15904398, 537.923728855, 20.3557929777, -1.34010198333e+20
-202.09954492, -2445.92395938, -2447.29369152, -1.42198793977e+23
-801.726106304, -557.638804407, 2853.30384098, -2.04359856043e+23
-2153.58896087, -1372.70575542, -1294.37972638, -2.16619015879e+23
-2407.78676008, 2394.14650594, 3207.59430424, -1.09338730968e+25
-649.560584126, -3340.32535134, 1836.32631817, -2.45799153742e+24
-347.347981719, 3192.81795946, -1217.57703584, -1.42838863229e+24
535.425263151, -2183.21437163, -293.348057409, -2.6345739489e+22
3196.20928289, -1681.09057874, -1111.7918645, -6.71945544686e+23
-3707.96688933, 1080.29978869, -1232.34305711, -1.74686295709e+24
213.383360247, -1922.35453257, -1755.31718524, -1.9966923595e+22
-1214.99104238, 3273.69193598, 3452.8131081, -7.10827603018e+24
2136.84258355, -152.69646008, 256.046561678, -1.22543518278e+22
803.930817477, 4444.74900251, 2795.54710879, -3.42258087655e+24
904.939137216, 2221.23469618, 1533.0131408, -2.62482042367e+22
-1756.59671511, -3404.87548495, -2700.17939148, -1.87955237722e+24
-1339.51208822, -906.504863767, -1940.42706329, -5.9836582177e+22
-595.601835369, 1358.79601859, 2862.64659196, -4.86061044256e+23
-1637.10381692, -80.3298428421, -1331.04837675, -2.54132176558e+22
547.135392524, 946.702816721, 2012.84483677, -1.20936731611e+22
-1656.65992293, 2060.75864087, 1477.64820966, -1.37003458812e+23
-3981.71912838, 868.192831957, 1201.97252122, -1.90294788143e+24
241.054084752, 1508.65145143, -3175.48746527, -1.6958585094e+23
-322.31859853, -2789.23063782, 623.734307118, -3.29018128652e+23
1876.26526693, -1685.88175129, 4439.10642206, -5.31409348149e+24
-258.850309314, -4194.427106, -1022.70604228, -3.51665244081e+24
3163.19631788, 193.668050524, -1542.63162979, -6.17859486269e+23
-1338.51027646, 597.6777012, 780.156353363, -2.08000732388e+21
1497.23984275, -285.564620103, 784.856490637, -3.18936574041e+21
2067.02218514, -2079.33605927, -308.708927835, -5.32016745138e+22
1476.87196938, -428.425537732, -93.8595282979, -3.01221460481e+20
3628.87867284, 1661.75604345, -4144.98053382, -3.15353874184e+25
40.9040257539, -1421.1427296, -1735.38879273, -8.32293275053e+21
-678.036473833, -2851.92941477, 1679.05317908, -7.35590653324e+23
-1227.49565883, 1863.72991852, 1658.46108956, -8.53770557397e+22
2953.89103652, 867.915144101, 838.643066821, -5.86940028845e+23
-573.002647545, 1043.1496821, -2999.64193453, -8.03956845372e+22
2582.4854772, 2206.7871191, -2253.74375516, -5.87631999967e+23
573.648701811, 3105.03730864, -428.708507318, -6.59290810968e+23
2749.13101856, 752.129465754, 484.439298341, -2.25257751907e+23
2057.73053796, -1716.94561771, -723.087969962, -3.85307998333e+22
-990.909848149, -163.571245347, 2068.7770116, -4.13487126569e+22
-921.461294937, 2799.62016533, -1562.20436196, -8.09573127736e+23
-2825.63677149, -966.060550965, 1619.41993834, -2.97311761583e+23
-3851.5796629, 68.8823507119, -3418.81378842, -2.94670965322e+25
1876.0554373, 2804.77668322, -3806.31818588, -3.98633568817e+24
-46.5062317167, 749.310125128, -2962.62976015, -8.29107470679e+22
1115.78816021, -482.504173346, -1464.65473339, -1.289538655e+22
-31.0523467651, -1884.08208031, -625.680902112, -4.90034766641e+21
-1590.69790723, -3715.18707929, -3441.02037287, -4.09387043095e+24
1530.20811495, -1846.31773687, 482.338181171, -2.8427317398e+22
-1086.13742731, 2204.31678705, 1302.40513616, -4.14882116542e+22
-809.857429872, -1144.56006489, 442.088238461, -4.03543439479e+20
-935.384617386, 950.151388437, 1946.90160361, -5.87191980156e+22
1388.94180192, 2281.50392208, 612.606222094, -4.90576221128e+22
312.515462996, -1935.04405731, 577.767520778, -2.26308674529e+22
2289.72126284, -1751.66846603, -2769.75793407, -3.77136034122e+24
-204.955168978, -776.814874938, -3061.06346785, -2.40290530785e+23
-1974.77390738, -136.929832026, -4458.01659018, -8.12406624787e+24
1451.4638089, -3394.01457497, 1735.80164885, -3.74078769436e+24
-475.306035029, 1568.28937071, 531.54578994, -1.35084599161e+21
-1130.28275708, -905.753792007, 3723.62534797, -1.73028227011e+24
3875.97802017, -1891.07872084, 76.3271803925, -7.16298585985e+23
-607.036155757, 2631.52266656, 1737.92661357, -9.67825442255e+22
-985.028317754, 3633.57415746, -3442.01818704, -1.24374914313e+25
-1727.23212228, -2905.88830782, 232.545454664, -4.16810586524e+23
-1018.8230831, 845.918071925, 773.288192825, -9.32363314089e+20
-79.2300726529, -1582.62840929, 1806.16484551, -1.81812749509e+22
363.130930508, -410.988672198, 453.257328599, -1.07676326595e+18
4195.85529434, 1203.20727035, -79.5154405829, -3.95972303427e+24
1581.3868509, 85.9735130428, 803.183293296, -6.15374556646e+21
120.520362541, -2492.61979867, -3050.13867788, -7.97129998684e+23
1082.00828854, -522.328462031, 1064.82366798, -1.2251742833e+21
219.848919599, -1599.98077488, -39.417200642, -2.58292526422e+21
-1201.64698616, -3161.46065355, -1418.61788261, -3.28331101502e+23
-233.765440828, -386.72772902, -3429.96814034, -4.63839719814e+23
2225.33565282, -1018.03401491, 122.142275293, -8.64222216985e+21
-475.198208222, -1281.85027071, -2381.83631521, -4.56889131175e+22
-3106.37949972, -567.479004814, -2820.13477863, -6.68738037199e+24
-1136.22243587, 4337.8382074, 1078.25770718, -5.19499924463e+24
1421.05656835, 1396.91597418, -1256.79623047, -7.37467749112e+21
1973.95828993, -2160.39264106, 1596.68487007, -3.06134948226e+23
50.3322988483, -2128.04938628, 803.199889896, -5.2422151117e+22
527.914418281, 1007.0855692, -395.553745685, -1.30091563141e+20
-202.326320907, 2443.88416115, 98.4098345748, -7.34786945794e+22
-3978.82806963, -1969.58263714, -1049.30511772, -8.74573712479e+24
-15.8733104096, -4293.60973528, 3266.14817824, -2.82749767786e+25
-2246.66397721, -2982.9386255, 304.292076086, -7.13086426819e+23
-399.743844082, 747.303930646, -3103.99550682, -1.05155782406e+23
2514.30153931, 1756.97172397, 964.032297598, -4.46870907247e+23
-751.090749463, 243.901036282, 768.556882531, -1.49248031151e+20
2180.87008742, 1759.30584932, 3038.80588757, -2.7717227689e+24
3449.27189456, 2046.58980698, 1678.0604158, -6.26280924638e+24
3300.78207968, -3772.10805669, -738.382179904, -4.65942679991e+24
-120.364375188, -138.378346599, -1722.81691559, -1.73875982396e+21
-2309.5790666, 1280.09137059, -1009.19883629, -6.03617832962e+22
-1304.08135232, -217.997696321, -3492.29340295, -8.28200675108e+23
-176.671736922, 2385.9271609, -45.6711059131, -6.80621224109e+22
591.965844902, 320.865230228, -194.249085633, -7.54862296116e+17
1694.59603079, -3834.39963408, 1640.64902655, -8.6036364281e+24
-4282.37782708, -2968.87177295, -1321.71941236, -2.59769487899e+25
758.936195403, 1505.48249113, 785.267231173, -1.34794655406e+21
932.404393434, 1853.59110288, 3420.33698778, -9.26811878902e+23
2310.84409946, 1104.61425726, -266.789518594, -4.37691804186e+22
-566.577266654, 4191.16715438, -1656.10784047, -1.31018111471e+25
-1975.76548768, 1415.64583862, -1555.72359746, -8.52284678293e+22
1979.06080732, -896.437440792, -4003.66725965, -1.34434090823e+25
1650.9338512, -2725.2683639, 1473.67147597, -8.26276505805e+23
-192.622073458, 3262.58096693, -308.871496971, -9.58321148345e+23
3789.58720794, 142.870840202, 2889.40690503, -1.7226383889e+25
668.177186002, -610.765634992, -1551.59192311, -6.91153064187e+21
2649.88276617, -300.26238249, -211.311467896, -3.85834190959e+22
-1481.54851138, -1917.70787865, -121.162721759, -2.14323315458e+22
322.43935462, -1173.78138009, 853.728027385, -9.83843752931e+20
-91.8082579666, -760.4958993, 90.0734851284, -8.17729328514e+18
2860.41397235, -1287.53340075, 239.634039579, -6.90362847567e+22
-2151.0703901, 2678.28497151, 2577.86375691, -3.47130810476e+24
1106.72516293, 619.993504757, -3030.09186581, -4.48575459637e+23
3640.34982714, 963.782219079, 100.424415348, -1.35698887373e+24
-3615.83792268, -4077.13107586, -664.445225201, -1.55492531437e+25
1238.91356777, -630.809223407, 1180.56306527, -3.21706693986e+21
873.437826204, -3547.45233616, -502.058910619, -1.26590464912e+24
-312.201299835, -29.4019090213, 2367.64056316, -3.59726093436e+22
886.243239696, -3515.59244983, 1007.532621, -2.79378923345e+24
2072.20342685, 1324.93972707, 3369.75815534, -3.11806169507e+24
418.655977753, -785.454192524, -599.212605448, -2.8570895722e+19
28.2974809549, -2307.87626376, 886.854919646, -1.01150673642e+23
-312.28126124, 910.035871007, 1881.92255673, -1.49829978812e+22
32.5702293777, 334.453973042, 4061.37799445, -2.01318500691e+24
3998.20443542, -3103.59195182, 525.708593001, -3.64180346404e+24
-369.366511575, 3393.06690856, -1410.32259038, -2.47641379041e+24
801.237529367, 365.743754843, -2431.31068625, -7.29082653938e+22
962.436067728, -1439.02801022, -2111.43650085, -1.33538692955e+23
282.236673303, -174.882892194, -2351.6513208, -3.68106022001e+22
2354.02962995, -89.0297336199, -119.707665989, -1.75572241152e+22
-3856.92069279, 2084.81733681, -1223.83020958, -2.12695620703e+24
339.868269238, -1692.76742386, -2208.58730046, -7.86507868515e+22
1872.81465644, -173.031032209, 1777.34567857, -1.08205591007e+23
-469.969208468, 1224.13060983, -825.972650102, -1.41887785767e+21
1653.4660018, 3071.14183539, -314.002044048, -6.27915503164e+23
286.15097725, -2553.48404145, 2921.32261733, -9.15705520415e+23
2602.20909754, -1110.25711573, 959.314343902, -1.09555715573e+23
356.760838466, 1501.31231582, 3497.52079912, -9.12435560993e+23
1557.39587711, -2178.434676, 2367.79258022, -4.72506897951e+23
338.860718094, -647.875432445, -3946.40854778, -2.42725131491e+24
1805.63080209, 1626.77855303, 3559.94589858, -2.92794184464e+24
331.923219912, -1887.25478536, -3414.3049824, -1.52701237572e+24
-543.875404724, -919.895415063, -194.012970418, -3.2739126302e+19
-501.823850124, -487.404699995, 135.062942443, -9.0031294771e+17
-3685.46901806, 514.650420367, 354.111460754, -5.17511549908e+23
-1350.2463595, -1525.02489697, 2002.35722964, -3.95015108722e+22
-1913.00280843, -168.730608695, 164.504737611, -4.06095959376e+21
-2402.60983132, 141.723601093, 857.019694781, -3.82182911451e+22
-3950.27802524, 54.4609458807, 1138.43213446, -1.46686555584e+24
-3167.98722722, -836.811246484, 1855.2206354, -8.38920375488e+23
-331.4726715, 407.634646857, 1277.0430015, -7.22316346195e+20
180.497479242, -841.445518575, 2374.3353813, -1.19285215141e+22
-2625.07471481, 270.881314399, -85.5663175135, -4.46591966493e+22
240.485321139, -681.937672564, 2917.11088161, -6.91790245786e+22
2537.06549517, 1469.32871742, -1276.60196826, -1.06978983261e+23
3012.32157736, -977.616008584, 25.7894569231, -9.0877394578e+22
4026.33886977, -973.493946716, 725.954770016, -1.82763253422e+24
-797.967747325, -294.766270013, 1276.64799287, -1.22623523359e+21
548.310418735, -2663.476471, 3541.80586953, -1.93111833561e+24
1136.75619197, 1577.01882961, 1176.67884851, -1.04854405194e+22
-374.782698052, -4002.6211518, 582.839427782, -5.14289435542e+24
5.4106560209, 1368.05997481, 447.197633193, -3.88558283681e+20
1673.15500598, 1110.42922679, 199.870414247, -8.46262640425e+21
-2895.38706804, -1557.58156841, 71.7717197922, -3.70582843606e+23
-1690.14841977, 50.0890600986, -55.5211043999, -1.53495934745e+21
-396.212196613, 3462.11534447, 131.611347216, -1.21144793944e+24
-2824.63359029, -745.593968063, 903.266146884, -1.24236443277e+23
1054.19096852, -1322.49262695, 360.69726358, -1.91660606438e+21
-1276.62805588, -1054.77327562, 4043.10121164, -3.40742235505e+24
772.346937186, 1247.89402944, 999.146024422, -1.09460674002e+21
635.686428526, 2031.63849056, 134.455023228, -1.53911331211e+22
-484.371350638, 2350.89334957, 400.431895814, -4.38215697984e+22
3223.79566245, -2230.29359982, 1953.70152616, -2.12737197934e+24
-2301.83073795, 78.1918777483, -682.263135333, -4.75326214715e+22
3217.96279521, 889.858966058, -718.657821887, -3.39036097678e+23
1004.14452971, 2612.99768781, -3212.09553431, -1.18923214571e+24
-3894.55151195, 254.190945437, -299.984529578, -1.30179963174e+24
-2161.84508091, -702.727282573, 215.342733863, -1.81596375645e+22
-518.129761324, -172.111710295, 2420.65503267, -5.2541337837e+22
-2827.24633861, -518.784862308, -1651.42961017, -1.00422606473e+24
135.294407599, 154.999290874, -2297.51578128, -1.89898688148e+22
-941.752087695, -886.298124496, 1179.0415414, -8.22379489711e+20
-1142.1681706, -1324.70504813, 1288.4820259, -4.2776634025e+21
3221.23794528, -2337.5712819, -751.70705954, -6.11890997356e+23
-1742.90423764, -914.267623519, 1542.22253436, -2.44925769398e+22
-109.05260774, -742.828254503, -1948.97145932, -8.22879309008e+21
-122.418391441, 764.131649036, -653.008587713, -3.77462026702e+19
-103.368669953, 900.859145323, 421.896438379, -1.15607162296e+19
-2737.07504774, 952.84490393, 2583.89365381, -3.35869071312e+24
-1115.63629813, 2168.20616904, 1135.64291053, -3.08376469372e+22
-1092.34133066, 3884.28673823, -4163.03694497, -2.6634303094e+25
2627.99185678, 1837.98708484, -2350.71085009, -6.30767632485e+23
-631.755139941, 1404.93960438, 297.604432612, -8.11856119849e+20
1585.25697024, -1939.67591048, -3926.81886536, -1.22856769361e+25
1940.9575218, -75.7659175089, -2172.69271432, -3.30985995543e+23
-2217.7290658, 1329.99657169, -945.335761922, -4.44947208741e+22
-4126.56218346, -11.9533520078, 1094.78930726, -1.92020551748e+24
260.626404062, -591.894582342, 527.083980331, -6.33882505885e+18
-560.911937151, 1767.71464767, 1175.49318731, -5.3595647651e+21
-1683.48837366, 2838.7122437, 3031.92535179, -4.73042692231e+24
-2952.01294965, 287.296725037, -479.144915502, -1.82107727562e+23
3765.6074627, -304.64138169, 2409.47794085, -9.15968290858e+24
-1173.88663027, -530.463274208, 2442.08282863, -1.26430407795e+23
2472.04057118, -1351.27466738, 1401.45431721, -1.78466736479e+23
-615.424556427, 2087.75577452, 1749.38273445, -4.6302273738e+22
457.425538929, -46.2631669462, -829.853923244, -4.39916361522e+19
-510.839681036, -300.601606153, -1273.57367356, -3.57761982513e+20
-481.525423553, -1251.18387627, 750.580915726, -1.01050600866e+21
-2216.54347718, -155.173577209, 153.901883094, -1.30496374246e+22
3964.57541981, -3990.69235912, 1907.13950407, -2.77120526994e+25
-549.959084858, 1924.35076562, -426.025582634, -2.06196310615e+22
1951.85828218, 2766.32685996, -1027.02179528, -4.61214313091e+23
-79.7589745505, 3239.61301689, 81.9717127131, -7.06043787577e+23
326.376869605, 1262.63363097, 930.013108946, -1.95763007478e+20
1509.60239184, 1299.43680103, 1267.81628389, -3.28913225854e+22
3236.97113285, -4004.00378498, -911.55262534, -6.38472299023e+24
1323.40809818, -1581.6987986, 1578.26092168, -3.79916382188e+22
-226.977326525, 316.790629046, -1738.13662503, -1.09319524992e+21
-2408.48335721, 84.4053822282, 4508.73539849, -3.00391505455e+25
1126.47584643, 2492.57517493, 1332.75889409, -6.21036170057e+22
489.931959987, -13.3366580295, 2909.07092809, -9.61209728298e+22
-1176.08875596, -577.958871356, 1957.07232448, -3.08905076668e+22
-2754.86025654, -1799.88073781, -1009.86801775, -8.21737114755e+23
700.885612124, -3515.17027535, -2606.40249189, -1.27023738791e+24
-1428.12303437, -374.102547688, 2536.05684234, -2.63264818444e+23
715.999707521, -1001.00094871, -2824.24411463, -4.15656630406e+23
-125.55854488, 2248.53459623, -339.930956817, -5.44727791869e+22
-2263.01374611, -729.847374691, 574.392812309, -2.19337431372e+22
-2328.71767226, 1060.45726261, -1358.74506583, -1.17139623419e+23
-776.879227075, -591.973043204, 2325.02660861, -4.45870230349e+22
950.645843568, -2708.21982305, 1973.78584099, -8.52372497419e+23
-468.037118915, 926.344145528, -2449.40504877, -1.61357113543e+22
-350.541680349, -2062.91958358, -997.252173886, -7.8878734195e+21
-307.8553578, -697.814612736, -891.765131356, -3.2488341877e+19
-2176.06388775, 1456.15840176, 574.47506307, -2.57471048382e+22
-2315.17683529, 697.914664491, 2264.49788556, -9.72724141547e+23
-1018.73551365, -1425.95905777, -2522.80669883, -1.26758612807e+23
-969.052160223, 1142.5646442, -97.8480001694, -4.62823589344e+20
2536.94140935, 954.530471183, 410.025538343, -1.40376400068e+23
900.444032677, 1959.66639233, -568.547805314, -2.2156080809e+22
1785.19047846, 2078.20183993, -3346.4799276, -1.27042677917e+24
-3401.90598372, -1143.26458989, -340.254035962, -1.13427019056e+24
3526.36702037, 1252.20625603, -3555.60556594, -1.51257472042e+25
-1609.39011513, -1521.88796688, 1312.4029221, -1.47041647197e+22
1844.41542885, 2084.89848732, 1763.83203198, -3.03247052349e+23
