-0.499813888504, -4.01259857867, -4.88092145644, -3.72190239563e-06
-0.499698242425, -4.01259680329, -4.88089757713, -2.69621835149e-09
-0.499821881859, -4.01197798943, -4.88090428417, -0.000100922862381
-0.499692777438, -4.01259005233, -4.88089687444, -1.38294260638e-08
-0.499697491092, -4.01259599139, -4.88089638447, -1.85177416227e-09
-0.499699209047, -4.01264855753, -4.88082255611, -2.07100647169e-06
-0.499692434003, -4.01259534402, -4.88089843585, -3.1311751568e-09
-0.504636251227, -4.01103710118, -4.88064294572, -0.00683791471421
-0.499683290169, -4.01260415591, -4.88087268579, -1.95695193739e-07
-0.499693676872, -4.0125960801, -4.8809061687, -2.2572899725e-08
-0.499694219795, -4.0125976139, -4.88092788867, -2.43408603552e-07
-0.499695063502, -4.01266289628, -4.88088249987, -1.14783210393e-06
-0.499851883292, -4.01262072218, -4.88089670305, -6.35606560654e-06
-0.499390558641, -4.01252675593, -4.88089721458, -2.46932304437e-05
-0.498631667661, -4.01262903636, -4.87960849485, -0.000706984663996
-0.502292253993, -4.01305450653, -4.88081806713, -0.00176110859154
-0.49350172167, -4.01381767382, -4.88108708872, -0.0100702929591
-0.507784934312, -4.01246228527, -4.89105082643, -0.0429009896972
-1.47627829429, 3.61575992581, -4.99999759111, -3.70342659518
-1.57844140616, -4.93706279836, -4.99998893352, -149.893991672
-1.47629730774, 3.6157650372, -5.0, -3.69996361284
-1.76673410566, -1.53592993197, -4.99999848741, -603.923652794
-1.47629730289, 3.61576506058, -5.0, -3.70001240228
-1.47629739213, 3.61576506594, -5.0, -3.69992969099
-1.47629709062, 3.61576554308, -4.99999999952, -3.70014055065
-1.62612119019, 4.93316905472, -4.99999998512, -187.34548681
-1.47662478877, 3.61575030038, -5.0, -3.77231359663
-1.47629660187, 3.61576455798, -5.0, -3.70033466111
-1.4763172485, 3.61576130953, -5.0, -3.70594134043
-1.47629687862, 3.61576417701, -5.0, -3.70072168498
-1.47617543517, 3.61576788946, -4.99999996505, -3.70854175648
-1.47633477415, 3.61574219558, -4.99999998076, -3.70784009716
-1.4763065601, 3.61576478961, -4.99999999578, -3.70444419714
-1.47741655792, 3.61560496012, -4.99999997223, -3.85503227368
-1.47579937382, 3.61654238838, -4.99999999553, -3.85757879102
-1.47629756936, 3.61576514269, -4.99999999998, -3.7002799726
-1.41530652396, 3.57767013539, -4.99999998994, -108.173088317
-1.47629751838, 3.61576489925, -5.0, -3.70038766811
-1.47629389588, 3.61579092618, -4.99999999999, -3.71406822916
-1.47629678958, 3.61576498752, -5.0, -3.69970456154
-1.47629678638, 3.61576499175, -5.0, -3.69968520297
-1.47549664622, 3.61576662137, -5.0, -3.73181413812
-1.47629678428, 3.61576499563, -4.99999997723, -3.69976526354
-1.47629794185, 3.61576493965, -5.0, -3.70077561616
-1.52989285443, -3.06844566768, -4.96733874845, -242.09074306
-0.959635865419, 3.03346454244, -4.99831946017, -236.301423723
-0.664667910257, -4.98733347329, -4.80473373863, -102.262436205
-0.820074255927, -2.86118873393, -4.9971745164, -248.105873352
-4.91858728664, -1.88402920837, -4.86193580286, -1129.76587827
-0.499785258385, -4.01277871913, -4.88090465528, -1.04053720985e-05
-0.674148823784, -2.89219546267, -4.8347135133, -232.259330385
-1.2126852083, 2.70306411681, -4.99910736656, -250.076057067
-0.497668622372, -4.01258755394, -4.88082873576, -0.00104000276542
-2.11079389168, -4.9843951515, -4.90544850304, -194.639904322
-0.499078562021, -4.01265627714, -4.87957000556, -0.000542946209177
-0.493262221499, -4.01128951162, -4.88214236779, -0.0112897782027
1.50330338489, 1.33331241373, -4.81845913295, -1854.31611806
-0.500389778699, -4.01272803619, -4.88008924537, -0.000290908330341
-0.499689558808, -4.01261386243, -4.88089061731, -8.87785465074e-08
0.280468401511, 2.82274736531, -4.82418435487, -709.555542798
-0.504981054127, -4.04702057094, -4.89774723313, -0.373585991594
-0.499692011124, -4.01265373822, -4.88094563685, -1.41522906249e-06
-0.5002874178, -4.01260089044, -4.88090581973, -8.86600901343e-05
-0.499712546088, -4.01260101826, -4.88095500891, -9.35623826068e-07
-0.499642667614, -4.01415060707, -4.88090109404, -0.000609762916794
-0.499696671819, -4.01235438104, -4.88092502908, -1.50860594428e-05
-0.499450376714, -4.01261641133, -4.88092291013, -1.5401361324e-05
-0.499687686638, -4.01259724289, -4.88090021843, -1.65968314052e-08
-0.499694954272, -4.01259739126, -4.88089676912, -2.98165510292e-11
-0.503663297637, -3.99205536322, -4.87404965757, -0.125251353926
-0.499699095577, -4.01259720681, -4.88089759399, -4.24096915553e-09
-0.49858700504, -4.01259346054, -4.88088090396, -0.000310868962668
-0.499722974797, -4.01259797478, -4.88089395724, -1.99332797637e-07
-0.499695406736, -4.01259560585, -4.8808992968, -2.06221314432e-09
-0.502419110004, -4.01261062213, -4.88101448865, -0.0018830851238
-0.499695740846, -4.01259556776, -4.88089772343, -8.78142839641e-10
-0.499685833486, -4.01259931226, -4.88089992175, -2.51502389354e-08
-0.499680454471, -4.01259520534, -4.8808974897, -5.49693394252e-08
-0.499679931004, -4.0126134962, -4.88090706407, -1.52273410784e-07
-0.499648863495, -4.01263115708, -4.88092030798, -9.72182393052e-07
-0.484891887555, -3.99869644496, -4.87517458571, -0.112815728644
-0.499564720728, -4.01264146614, -4.88098890232, -6.93506205246e-06
-0.499960985005, -3.95757864144, -4.88073346989, -0.816534938284
-0.499806274464, -4.01272289701, -4.87968879509, -0.00037631819197
-0.497694884735, -4.01383761987, -4.88155917677, -0.00150927238988
-0.499705040691, -4.01262260308, -4.87143391065, -0.022552799668
-0.19586477652, -4.02570860954, -4.87985331647, -24.5029225084
-0.499693970674, -4.012594965, -4.88089586721, -1.69764051464e-09
-0.499696686997, -4.0098716123, -4.88088518903, -0.00188652129655
-0.499698133105, -4.01249361298, -4.8789778556, -0.000935099485375
-0.516250564169, -4.01292596217, -4.8811799256, -0.0698866947466
-0.499713478546, -4.01255419204, -4.88116030344, -1.80898032425e-05
-0.499695998366, -4.01261675274, -4.88089435168, -9.9665718458e-08
-0.499696933551, -4.01253738033, -4.88089590515, -9.02427947666e-07
-0.499694430606, -4.01258382564, -4.8808455633, -7.10308464429e-07
-0.500321170429, -4.01257672381, -4.87743832177, -0.00313326104513
-0.499718895578, -4.01259353179, -4.88088712666, -1.70829811792e-07
-0.499694043917, -4.01259648158, -4.88089428846, -2.05162744869e-09
-0.49998634589, -4.01255069007, -4.88074023587, -2.81940711688e-05
-0.499696436581, -4.01257794592, -4.88084016078, -9.06379887585e-07
-0.502357291621, -4.01124749785, -4.88047584757, -0.0023088275093
-0.499591077671, -4.0125642212, -4.88089714742, -3.00697558498e-06
-0.499692718316, -4.01259688922, -4.88089653222, -1.43305848587e-09
-0.499708137524, -4.01260353217, -4.88044435061, -5.18051081124e-05
-0.499695043664, -4.01259713869, -4.88089720622, -2.81316881656e-11
-0.49959867803, -4.01268979432, -4.88089377704, -4.52420786101e-06
-0.499695894859, -4.01259888921, -4.88089467283, -2.22707477259e-09
-0.507958152821, -4.01249912107, -4.88089976083, -0.0172686871065
-0.499694349449, -4.01259601943, -4.88442032337, -0.00313379277345
-0.499674462661, -4.0126447864, -4.88091008345, -7.26962955508e-07
-0.499695235071, -4.01259680308, -4.88089671535, -3.40274118359e-11
-0.499712231705, -4.0127930658, -4.88111232792, -2.15027695524e-05
-0.499700545853, -4.01255257031, -4.8808966837, -5.08667840896e-07
-0.499929458473, -4.01435657942, -4.88077633576, -0.000798774592038
-0.499695116503, -4.01259707913, -4.88089693433, -1.51609405455e-12
-0.499659654937, -4.01259676371, -4.88089687746, -3.17076596264e-07
-0.499695196911, -4.01259708973, -4.88089682569, -5.05365896963e-12
-0.49969502098, -4.01259717178, -4.88089685097, -2.52681085311e-12
-0.499694140677, -4.01259700278, -4.88059571206, -2.2916606981e-05
-0.49969389838, -4.01223504376, -4.88090243706, -3.31373914029e-05
-0.499690287838, -4.01259294635, -4.88087411351, -1.41144840377e-07
-0.499690999756, -4.01260147276, -4.88089700825, -9.05428484666e-09
-0.49968827289, -4.02207513041, -4.88123187634, -0.0226232420255
-0.531697667489, -4.01272819561, -4.88103381926, -0.261468881646
-0.499699252981, -4.012596675, -4.88089684997, -4.47719818461e-09
-0.500232452524, -4.0125968181, -4.88089974458, -7.29750801014e-05
-0.499704315356, -4.01254791398, -4.88089896192, -6.34009544639e-07
-0.49969809669, -4.01259659112, -4.88089168044, -9.21631380898e-09
-0.499411114587, -4.01420577297, -4.88097377265, -0.000675083382408
-0.49976426145, -4.0125863945, -4.88088144133, -1.29965208962e-06
-0.499698988915, -4.0137400542, -4.88087681428, -0.000330064245111
-0.499696493095, -4.01300363936, -4.88090451484, -4.17723642946e-05
-0.499694112023, -4.0126203141, -4.88109100222, -9.66359842433e-06
-0.499784465772, -4.01262306931, -4.8809272458, -2.42416453852e-06
-0.499542584425, -4.01259708849, -4.88089540939, -5.87704202196e-06
-0.499694669643, -4.01259715914, -4.88089763792, -1.86982959715e-10
-0.499890657335, -4.02193935376, -4.88082057177, -0.0219626256604
-0.499668334746, -4.01259070231, -4.91346191455, -0.268277144498
-0.499693956747, -4.01260176207, -4.8809026555, -1.42866618207e-08
-0.499696822593, -4.01259696419, -4.88089837527, -1.35157070832e-09
-0.499696193609, -4.01356213547, -4.88442771809, -0.00337724188814
-0.49986864133, -4.01198511019, -4.9165437677, -0.322268694506
-0.499745425543, -4.01262893652, -4.88092498587, -1.0976234589e-06
-0.499687269828, -4.01258977571, -4.88089673005, -2.88817580712e-08
-0.499643004531, -4.01259556719, -4.88114607159, -1.63795531631e-05
-0.499694678111, -4.01259846058, -4.8808964275, -5.67877898253e-10
-0.499729433828, -4.01263984222, -4.88085751648, -1.15302194885e-06
-0.499694765315, -4.01259711132, -4.88089672217, -2.91421459642e-11
-0.499890083384, -4.01285719007, -4.88139241811, -8.87200296202e-05
-0.499637344639, -4.07252038809, -4.88123625048, -0.910156955241
-0.499715206832, -4.0127157405, -4.88093375842, -4.00583798897e-06
-0.499768868896, -4.01416975985, -4.8805276212, -0.000660293524199
-0.499695180056, -4.01259721751, -4.88089669264, -1.65085091724e-11
-0.499689172279, -4.0125976117, -4.88088694578, -3.37984874862e-08
-0.499696244165, -4.01259408479, -4.88090663497, -2.67037538809e-08
-0.499726662838, -4.01258701733, -4.88070582986, -9.49920498158e-06
-0.499612469631, -4.01261301591, -4.88089293098, -1.79288723203e-06
-0.496353384714, -4.0125058015, -4.88165557019, -0.00297296832028
-0.499694388942, -4.01259749149, -4.88089737849, -2.20842126381e-10
-0.499702384018, -4.01287263732, -4.88090980608, -1.9238695614e-05
-0.50089237221, -3.97074004293, -4.88176484142, -0.466075293569
-0.499270731217, -4.01199449538, -4.88557308055, -0.00565256380568
-0.499218045123, -4.01405781033, -4.8812407631, -0.000625911222391
-0.499692342867, -4.01260134887, -4.88089639203, -6.5326381074e-09
-0.499509227441, -4.01253199465, -4.88090096257, -9.80149946824e-06
-0.499571435404, -4.01258494035, -4.88089199648, -3.90710044235e-06
-0.499590311377, -4.01281008019, -4.88078788946, -1.72404470833e-05
-0.49967901933, -4.01249055623, -4.88093752538, -3.35052750046e-06
-0.499695834073, -4.01259709418, -4.88089712276, -1.64582350863e-10
-0.499704819938, -4.00967580748, -4.88088452043, -0.0021672739444
-0.499975005211, -4.01229881748, -4.88086229778, -4.25668616062e-05
-0.499694177475, -4.01259850485, -4.88089830015, -1.22085181198e-09
-0.499788479405, -4.01252429339, -4.88090156236, -3.55032443194e-06
-0.499667318352, -4.0125964205, -4.88090415098, -2.0814610484e-07
-0.499706331439, -4.01261379495, -4.88090136761, -1.07825378981e-07
-0.499695739557, -4.01259579134, -4.88088171578, -5.86682553192e-08
-0.499692209209, -4.01259629668, -4.88090293365, -1.14944027188e-08
-0.499704449884, -4.01252492813, -4.88090149814, -1.34410659066e-06
-0.499658106285, -4.01260269536, -4.88094083048, -8.41932448182e-07
-0.499671072722, -4.01253668657, -4.88088811737, -1.08731726687e-06
-0.499627945571, -4.00363766545, -4.89569758415, -0.0767876591083
-0.499700692107, -4.01260027967, -4.88088901982, -2.62024229115e-08
-0.499722534742, -4.01262919652, -4.88091662858, -5.50303307994e-07
-0.499691208337, -4.01258126798, -4.88085200017, -5.76266796251e-07
-0.499678158592, -4.01145182715, -4.88100153344, -0.000335235344788
-0.499694918318, -4.01262093529, -4.88091338959, -2.12840383213e-07
-0.499692730811, -4.01283688885, -4.88092769023, -1.47687105602e-05
-0.49946460679, -4.01210747198, -4.87989258337, -0.000329460484577
-0.498165817254, -4.01045117079, -4.88120791606, -0.00178198705156
-0.496889229082, -4.00886865201, -4.88072697762, -0.00552582865588
-0.499700491175, -4.01259013886, -4.88088070959, -8.57474671673e-08
-0.499682079407, -4.01258734033, -4.88089469467, -6.78596998043e-08
-0.499697935456, -4.01263910318, -4.88096965415, -1.78753730692e-06
-0.499695217459, -4.012593732, -4.88089485407, -3.88431355955e-09
-0.499682528714, -4.01396407647, -4.88101217453, -0.000475494038278
-0.120347551942, -4.01286467904, -4.88411598933, -39.4156021755
-0.499621616697, -4.01259641676, -4.88091271496, -1.42767550306e-06
-0.498379657656, -3.99231956558, -4.88346813089, -0.109163309234
-0.499735315017, -4.01261635079, -4.88088916598, -5.18699562831e-07
-0.499694895249, -4.0125970715, -4.88089812874, -4.02946047091e-10
-730.267215031, -636.187408793, 778.188124302, -4.9649791759e+19
-1006.37860742, 1442.76159117, 394.77688667, -1.41476532614e+21
1330.63540467, -300.424367091, -981.378230276, -3.37954056544e+21
495.897773717, -1499.78438003, -282.935955332, -1.2389638637e+21
156.512198678, 34.0941791608, 262.841569594, -3.07276460673e+15
-955.971197891, -489.8465149, -600.953166909, -3.01366191359e+20
-151.114142902, -58.7648276134, 1751.06934769, -2.65681317968e+21
-208.068286934, 1689.12366323, 47.1658862293, -4.00272283115e+21
1687.99146934, 628.146471031, -239.892262431, -2.60783298387e+21
651.949558973, -1071.67332916, 917.284105583, -8.54060799392e+20
-88.151316875, -418.527121659, 859.846037956, -5.63769783654e+18
272.681617834, -598.622277141, 1283.26832856, -1.1842247082e+20
598.149542235, -231.24493922, 1117.88794296, -1.74605111908e+20
1359.67668171, 401.255773051, 88.8147057314, -6.09211552344e+20
-1087.5730247, -1097.13252466, 295.958496872, -5.15692820675e+20
662.955939993, -916.171247961, 1300.89525456, -9.68789550954e+20
1708.29661685, -249.92174573, 746.686998138, -6.66756653829e+21
214.267591469, 874.28661077, 880.606328443, -3.69709075016e+19
-2064.06611964, 541.291018028, -578.851973282, -1.31924765397e+22
1087.67369146, -583.400572797, 60.1272926811, -3.17050337444e+19
-913.802248041, -527.711517047, 175.939120852, -3.00316680031e+19
24.5761082021, 387.60274383, -688.817170411, -1.02103851366e+18
-795.031365532, -221.140452732, 678.132143056, -5.12042773278e+19
-1175.80837638, 874.829759155, 1076.79187352, -5.36337139452e+21
950.637013812, -941.658114305, 1683.2973404, -5.87143009515e+21
740.006381716, -1242.54933033, 1709.09687809, -7.81276195338e+21
1307.21452155, -88.5508650628, -853.390792462, -1.52974841602e+21
807.529842008, -55.5728829484, -1103.96286041, -8.41442047913e+20
547.431426197, -302.157380088, 131.918410573, -2.50086332966e+17
-1459.52493497, -432.912362383, -18.1056286248, -9.41734334832e+20
424.958596268, -18.668936021, -183.618093012, -5.6715062011e+16
-347.603244963, 531.834261892, 963.673612361, -1.54455514403e+20
-896.222427385, -59.9236306829, -124.475039593, -1.66995262597e+19
178.045393429, -630.555427414, -186.713701821, -9.35010881721e+17
-10.6399709628, -755.309220732, 130.929803628, -8.79314787714e+18
-381.095740101, -746.748983523, -496.255664968, -6.68679162073e+18
-66.021791958, 1724.03463293, 92.4912415997, -4.32619190229e+21
-303.587594518, -316.501175202, 736.290967168, -4.88997431005e+18
-97.0080107856, -743.79449145, -1328.37776658, -4.95885400326e+20
-805.248619654, 1620.74348385, 511.927658553, -2.35311412525e+21
832.470877278, 29.8483219996, -658.981535621, -7.48875426644e+19
-833.605200976, 1115.1278597, 850.22315209, -1.02174343485e+21
896.311040591, -222.956334448, -693.177097032, -1.77234194407e+20
156.399629571, -1395.59092067, 1554.73532961, -6.88511255977e+21
181.475101859, -622.907450287, 71.1628196837, -1.94359085855e+18
-680.932775368, -1901.54593158, -257.446935846, -8.16864448956e+21
-468.689580719, 370.138826743, -59.3704624598, -1.47196712028e+17
105.717937758, -102.199982178, 753.720604986, -1.6443590428e+18
-1502.38105225, 945.708213218, -895.512101608, -4.10777550031e+21
100.352824556, 1030.96067088, 1727.35769907, -4.70696910242e+21
616.932776919, -314.401486067, -692.957634303, -5.79637011928e+19
-678.361097654, 1998.18916978, 1211.07157899, -1.21029978642e+22
953.490322756, 709.31624734, -1873.64828482, -1.31374598772e+22
-31.5461964779, -1713.42111408, 926.813224743, -1.22252668883e+22
588.256506024, -596.306073766, 1692.16253779, -1.57406341714e+21
-2.02046330469, -43.5102581714, 1306.2687573, -1.96951429056e+20
1391.05388163, -486.041239935, -210.949520558, -2.33719869843e+20
-783.532024393, 473.751019849, 98.6465398486, -3.29280490033e+18
1432.64621821, 1765.843289, -332.647805031, -1.30410867242e+22
904.292804092, 348.475836005, 575.324468776, -1.67729920825e+20
-448.953472588, -42.0407859706, 611.6451846, -6.47495790451e+18
17.9586022585, 676.203054894, -908.320058075, -3.04525266084e+19
1421.15661065, 2009.66816359, 1563.55161659, -7.45265182875e+22
827.403122399, -532.419758516, 333.589629503, -1.63521500736e+19
-882.905714883, 1024.52024444, 536.110800829, -2.65163360543e+20
1059.10619912, -528.70427586, 578.034853346, -1.81265917327e+20
-711.591485506, -259.626695319, -149.848485807, -6.11286587977e+18
989.675759309, -339.213795289, 29.6921347919, -1.2677221435e+19
1647.23904385, -118.811609564, 831.83891585, -7.22251014668e+21
925.623522763, 90.5471880404, 1824.94557241, -9.35931035619e+21
530.929888799, 66.2027302775, 371.001617892, -2.19851836442e+18
-516.26170707, 720.863810959, -620.274729999, -4.42783562003e+19
-1809.99654009, 1213.67076341, -1902.66360282, -9.87485545981e+22
-1823.961614, 727.602405049, -264.528286985, -2.35413583556e+21
414.469008442, 209.713302447, 196.800665579, -2.27688984455e+17
-330.089524215, -957.450691944, 1250.87732345, -4.56885009902e+20
-111.702423021, 1714.09606634, 698.24975162, -2.07410238023e+21
-229.759601571, 720.025697884, -704.2121623, -3.32213644929e+19
574.471982241, 559.396990474, -1458.8278282, -1.08997960116e+21
-314.855824045, -365.99264959, -376.799682085, -4.15162447086e+17
1070.71403665, 1462.08448845, 409.649643902, -2.3218047207e+21
417.369858964, 863.608886713, -1651.78894589, -1.58774361886e+21
-1072.92054818, -1333.70354549, -1494.04876288, -1.3151804412e+22
-717.806466375, -1580.89705261, 1232.32922476, -8.90754132893e+21
379.159740012, 862.324817706, 1588.49241943, -1.92911176934e+21
-1374.91064978, 451.057607099, -1668.95517955, -1.96444650016e+22
-182.901175654, 832.942574459, -654.605167158, -6.95932615812e+19
837.12242132, 66.4478595934, -142.166509198, -5.09183377795e+18
1332.75184859, -441.141598036, 692.094346698, -1.080310617e+21
1506.81108266, 931.293990769, 754.271845828, -8.97375242754e+21
1339.01424697, -857.807083976, -733.140720763, -2.31974094878e+21
-1154.78863801, 1618.51542899, 132.130316348, -4.50862540795e+21
669.24316126, -727.356883473, -1005.64223683, -7.52075363133e+20
1941.37861363, -1256.90950448, -5.43973570075, -4.56952452751e+21
-1041.32849967, 410.291986311, 968.952965678, -1.45729749241e+21
1670.76299378, 619.526516146, -1371.12714965, -1.50219261613e+22
-1932.80329681, 380.403351958, 1533.27760565, -8.44186782287e+22
837.106609941, -38.9118105313, 1753.36535584, -5.38693897904e+21
-210.140419614, 842.004633353, -1205.98066504, -2.48787877593e+20
576.805412719, 483.992071139, 1376.61677687, -8.47066943408e+20
-1313.03204329, -59.3058407982, -513.500298903, -8.76327723438e+20
-1425.20894097, -1038.02916684, -519.908031363, -4.82032698723e+21
1641.88077399, 813.606391164, 1295.82542065, -3.70128427932e+22
-694.654208709, 642.988641622, 1368.01402949, -3.75026328063e+21
-145.52192848, -670.357777848, 27.6888365639, -2.56242453896e+18
-261.751417554, -630.86996805, -536.02038418, -1.92193012027e+18
-903.180253332, 1093.1767875, 1579.60868668, -1.97765554494e+22
1130.34364567, 1432.90390818, -2045.58333091, -2.91765005379e+22
-1528.43701538, -380.973399678, 31.1450605746, -1.12147873193e+21
1907.41680646, 184.577567592, -40.4656245893, -4.6078069338e+21
-606.280827336, -700.511211682, 336.575486097, -1.11417259082e+19
-1060.79871849, 459.216129718, 243.978903921, -4.1859931597e+19
-709.098284725, 792.926327276, 253.804653712, -2.08354816605e+19
76.4402367992, 1838.70970113, -1073.0195064, -2.32898752764e+22
1729.35433705, -529.327133073, -872.090136353, -8.77085610605e+21
82.5515347103, -13.9037500277, 47.8110297266, -160139.077715
414.796248941, -619.927468036, 1203.26063208, -1.31891539462e+20
-88.5532459133, -177.350415118, 451.83806081, -4.63290857266e+16
62.2633207633, 250.202965255, -1323.64517252, -1.73332054876e+20
1115.54889866, 541.432686781, -1533.06416648, -6.62290691509e+21
-338.818742252, -1597.91137816, 51.3614941301, -2.64110151987e+21
792.984642683, -74.843527068, 243.74604312, -8.91842056724e+18
1298.14884242, -1501.83762422, 178.23751306, -4.33498380137e+21
-606.046860025, -226.130823029, -398.387330972, -7.27661796596e+18
900.257745609, 324.87904935, 177.544708956, -3.77914402125e+19
-139.571215509, 15.460279803, -665.181248099, -6.71544223923e+17
-1623.41048871, -923.300168082, -1427.12328153, -4.84219209064e+22
-665.949239573, 766.041252656, 1884.43976634, -2.57603796871e+22
-1838.26482091, 328.660360143, -680.229219419, -8.6569104171e+21
227.186175758, 532.156397538, -540.764040392, -2.28117880152e+18
684.985327745, -1462.91423124, 416.012828801, -2.97995443564e+21
10.2481531908, -121.301999893, -387.760699917, -2.0553644776e+16
-1344.18084507, 605.630512164, 101.789672402, -1.49609179464e+20
-439.677882583, -328.875015934, 713.0394764, -8.21577362458e+18
1823.99776748, -668.568787677, -1200.97199688, -3.36703197647e+22
-1113.06469539, 1471.37336982, 580.77977452, -2.18007429808e+21
1610.65194338, -1956.35841537, 524.555335168, -4.54627034725e+22
1638.58741616, 689.257044094, -974.014983142, -4.06668936225e+21
51.2234010243, 1161.75268122, 1776.12097081, -6.91663917616e+21
1553.78446823, 857.793391416, -73.5216759168, -2.51197355784e+21
6.40201941788, 375.709230878, 774.887429955, -7.46540502772e+18
-855.240401567, 429.239954701, 1195.80342123, -2.25679933224e+21
489.970374755, -420.458771645, 117.74657569, -3.71867617924e+17
-1602.7261921, 524.241287078, -1021.75091823, -7.87242409622e+21
1952.78761834, 1214.16411192, -1535.76491856, -3.64024548411e+22
640.972468384, 393.365910529, -297.069598287, -1.78971119466e+18
-448.686202473, 106.032602274, 1412.85536051, -1.35290545013e+21
-151.26631532, 107.021855876, 212.914025077, -2.73623246543e+15
173.132275301, -314.652188431, -303.269060864, -5.63105992936e+16
-26.5304343942, 1439.26557107, 478.155566423, -5.79675861653e+20
-219.939516564, 241.573478633, 491.183545245, -8.82906486102e+17
-1081.46612001, 618.521078177, 1453.03912405, -1.28684876505e+22
1220.55486833, 625.700863458, -1329.31379231, -3.82888211277e+21
-1514.97567613, -317.193761587, 88.2419525531, -8.7108831244e+20
-759.665437866, 707.25916061, -1861.60788931, -4.67000666971e+21
784.598690052, 1111.28635481, -257.502615318, -2.66619879631e+20
831.940948122, 6.48148136563, 252.149075122, -1.51250181057e+19
-72.3017347094, -659.051720814, -544.913454862, -1.35630856022e+18
795.511046676, 500.518316424, -1497.97823873, -2.55912122268e+21
1080.44441565, -755.855808528, 86.3416411123, -5.95160597959e+19
509.914720211, -107.077719014, 342.058586238, -1.03563939865e+18
699.166322995, 151.186429409, 1222.88922997, -5.81489608296e+20
1131.74415024, 18.55681592, -1162.06056824, -2.76100466374e+21
199.508100464, 1126.54648333, -747.799966387, -5.09069464607e+20
190.623517502, -1378.72223865, -279.768250586, -5.44962062216e+20
352.852322934, 1305.19704245, -491.040948118, -9.83011089265e+20
-686.356271542, -749.576407417, -59.8603588456, -2.14477510988e+19
116.733348975, 604.034716659, 36.085509469, -9.42822225511e+17
-1141.41026534, -131.430267948, 530.204267078, -1.4656287654e+20
-441.917310084, -282.02680732, -539.791310206, -4.30926892992e+18
-15.589585278, -520.490584486, 736.181844516, -4.27688634696e+18
-456.18890669, 869.030834665, 688.056009625, -7.29564692337e+19
-313.965267759, -1189.19817503, -732.635132429, -9.88440391188e+19
266.548026402, 343.891806368, 856.829162247, -1.33677601212e+19
-45.839320354, -2056.80357086, -965.430620908, -7.76424600829e+21
1632.4097619, -1042.16922966, 747.622015599, -4.64538764306e+21
-146.149415733, -1577.18482993, 24.4544717193, -2.32445049132e+21
-43.232319951, -1266.14272184, 542.101828729, -8.79697060218e+20
1379.76748543, 1727.53982505, -1899.89352961, -4.58857437234e+22
-751.948081115, 248.834394907, -586.917488408, -3.29245644227e+19
999.690165014, -1467.82505222, 681.525463341, -5.51008061813e+21
1095.46011553, 1404.50457132, 794.771457237, -3.54145921199e+21
163.784969452, -314.442641727, -324.30251822, -7.09390385692e+16
-696.54459331, -1452.64859787, -161.207425534, -1.09877628048e+21
40.9355569647, 1372.08888583, -172.311962032, -9.69750198088e+20
-43.442874084, 1004.26353898, -1737.61175078, -1.79946802538e+21
-570.202615996, 138.078715953, -51.6155936366, -2.07447972266e+17
-337.77219176, 711.973733279, -2011.69334482, -3.12602924271e+21
953.456075121, 565.530311961, -902.562567094, -2.52311520021e+20
269.038098064, -1074.86832626, 638.236924655, -3.74720122584e+20
185.02354174, 1272.68993826, 1275.06512403, -7.31691018858e+20
1811.18899674, 361.672624218, -1122.14659029, -1.23511400826e+22
-133.852729731, -260.354165923, -199.228534138, -1.99685161623e+15
1612.94194268, 586.805098214, -630.81975312, -1.7866234877e+21
-6.20447116875, 1340.68954914, 23.4166197167, -6.16424948527e+20
1110.63885549, 412.841243035, 563.317148841, -5.55058682305e+20
-4.99524951472, 116.568725312, 601.539479843, -6.393913161e+17
-717.69813161, -69.4595422641, 292.048011479, -2.7221260101e+18
263.383510736, 1892.69591813, -543.387469282, -1.66853047438e+22
-790.883661919, 2122.79473585, 465.524816018, -1.9938577642e+22
1159.63979728, -773.425885354, -790.953689346, -1.50623838027e+21
171.755558853, 994.445759745, -377.550143973, -1.14284574688e+20
-603.354865446, 29.0773096442, -1114.08797459, -2.02383789361e+20
300.238504797, 82.1333534611, -655.821297417, -3.50632902615e+18
-325.075519174, -511.036604466, -1657.94208708, -1.73283185791e+21
1068.17467855, 276.98527132, -1448.2480111, -5.44971337895e+21
1163.15559399, 1107.69125211, 1136.27288266, -6.55641180974e+21
-236.279544549, 1414.36557409, 153.934711118, -8.39535411118e+20
-1136.0154386, 1145.00870266, 354.216436116, -5.25592976578e+20
437.713867691, 1528.41764586, 79.6037178895, -1.61034148986e+21
-629.381625719, 1019.84180043, -724.489566435, -4.57276517262e+20
1014.50355256, -789.136587565, 521.637386462, -1.90466743852e+20
-339.164136646, -1135.70776261, -801.52481598, -8.41326194624e+19
745.538448756, 162.259930977, -526.089749801, -1.58168530304e+19
-142.299792457, -595.515416702, -1392.992612, -5.49999967836e+20
510.782492274, -1298.19501081, 1004.71948112, -2.66260673525e+21
633.444612398, 1141.71916708, -1273.84852481, -1.32875274218e+21
-596.404054693, -257.474229083, 28.4578901285, -8.83447844332e+17
888.511080885, -105.969764749, 547.40983247, -7.69487855242e+19
-1463.97839199, 66.1379544776, -838.687873022, -3.81681816854e+21
1167.44574091, -2006.80719228, 896.120141289, -5.7866583817e+22
-1031.35169893, 1695.72565171, 2045.8195903, -1.49824259076e+23
772.511703566, 188.234987, -327.163343066, -5.23219465534e+18
-1222.81559193, -1318.66195984, 351.99821712, -1.80961456633e+21
1429.46650837, 1843.6920714, -972.216748312, -2.37456576244e+22
-688.387775333, 467.094004623, -530.315289204, -1.65496540009e+19
319.844841757, 664.214949192, 969.33197413, -5.53713796372e+19
851.167792495, -1150.60989803, 793.222492589, -1.31704436497e+21
319.216574738, -1077.0049597, 940.379927049, -6.5127908541e+20
1463.01316074, -187.989922842, 58.4912633779, -4.04369680718e+20
-77.0544143611, -1338.28604473, 1944.45515042, -8.90950336178e+21
4.68574517643, 227.447701766, -150.138611474, -1.55365660578e+15
158.096013409, -213.786354592, -35.2875201274, -3.50236931988e+14
573.099756249, 1768.88619979, 539.902067793, -3.40610875825e+21
-1739.1891358, 867.813099155, -361.493655106, -2.15085081589e+21
-982.101588044, -357.977375271, 115.077920862, -3.51222694634e+19
-1103.07305175, -615.800904555, 1535.60015863, -6.09746672778e+21
1328.10829753, 681.039781582, -1757.56630455, -2.10835868851e+22
-1649.35511475, 1564.7835683, -498.177509172, -1.26377730552e+22
-774.468434358, 229.843178645, 765.305325782, -1.58203872278e+20
-151.027630322, -1147.4082768, 1053.97416768, -9.08530370579e+20
689.823946076, 141.32604997, 956.82253722, -1.85138443449e+20
826.011051595, -42.9839731781, -712.896026852, -1.12060671384e+20
-1488.43078086, -258.036858524, 1086.46512166, -4.68271979609e+21
41.8301805497, 2001.72980887, -609.020491009, -2.78946899816e+22
267.951413087, 861.040980624, 1591.7699042, -1.91221091358e+21
-621.05255984, 338.792683453, 801.733272959, -1.21993218966e+20
-495.168170719, 204.900518251, -596.63140893, -5.19884267382e+18
-856.297928662, -126.973715316, -68.4188015404, -1.13819114445e+19
63.8107004564, -830.694291068, -334.114774933, -6.25694674589e+18
-920.665251432, -149.311748309, 1299.50446242, -2.28875690447e+21
-497.16244697, -912.530703258, 589.049670501, -8.85557821743e+19
1520.04308879, -772.961194304, 919.603651581, -4.21174306986e+21
763.042793407, 1391.64776958, 1350.04363264, -3.33079528778e+21
69.0308092936, 283.922302041, -197.454567744, -8.8245561865e+15
-1092.87714747, -132.683684001, 59.2788677591, -5.2565666279e+19
-162.417489208, -13.2458253877, -1729.64789329, -1.51076579563e+21
-394.883803806, 571.033771251, 755.733852248, -5.04218393305e+19
-1144.05208452, 1823.2377635, -759.150217736, -2.73652517957e+22
-732.260424158, -177.885302811, 213.206001293, -2.35061563187e+18
-1248.16271556, -1195.36394422, 580.906940385, -1.2603921733e+21
1399.34701688, 324.707621531, -372.437339291, -4.08998433255e+20
-1553.85226417, -1910.01536162, 521.359969342, -2.58050698115e+22
1613.61749999, -1555.96431976, -826.42505612, -1.49722138193e+22
-782.450866359, -544.707197993, -528.929030979, -8.88265713423e+19
85.2942685246, -1.50071535957, 234.821131754, -3.37209886735e+14
1194.15445186, 526.272144859, -100.998725612, -2.1463029556e+20
-290.341218051, -683.381692261, -1279.95789315, -3.16837581252e+20
-860.856121954, -225.06518943, 863.070963737, -2.06130421035e+20
-541.008741347, -919.940634518, 1341.41102556, -6.62361285173e+20
-511.005887639, -262.594392919, -360.156402352, -2.56457107912e+18
-903.690934769, 486.474327758, 319.965416101, -2.823181247e+19
991.438478583, 310.725746878, 164.825120366, -6.76769430276e+19
-965.18890258, -782.503263021, -425.499465053, -2.99725789548e+20
-223.517071459, 78.9801655511, -290.943875736, -1.25904255423e+16
746.832264158, -1058.69300379, -59.5273495315, -1.5051019173e+20
-321.637349047, -126.177912034, -351.277892327, -1.91098815751e+17
1074.53467666, 587.75281522, -10.6825520241, -1.39931304155e+20
461.854809011, -1008.28470125, -1177.31307762, -1.27986574708e+21
-1392.69223745, 1762.50776084, 589.919706989, -9.22326870351e+21
-540.430317848, 552.791186671, -348.038204282, -5.25498184357e+18
250.969758006, -955.621651127, 1088.14882614, -3.88124037294e+20
-445.901729088, 918.044738166, 445.313588663, -2.65642547486e+19
798.905709294, 269.553208517, -1915.01237366, -1.55827353623e+22
-183.760833852, 1163.68063024, 531.847913699, -9.3711964991e+19
208.010016047, 70.8241901301, 639.336468909, -9.3524586985e+17
-1387.51354301, 796.246244707, -620.73166648, -1.09928961765e+21
-689.913258165, 183.851529407, 110.753278379, -8.10667880221e+17
1384.76117983, 1404.85444808, 359.709870052, -5.68211801811e+21
1689.11338026, 913.355413285, -22.9178387516, -5.10560783708e+21
1850.11326175, -437.703269713, -969.784239101, -1.52568196041e+22
602.577609022, -959.301180128, -164.02044935, -5.04268438578e+19
-1299.82913889, 1742.90504507, -1380.03247105, -4.65161441664e+22
405.261876548, -450.027462141, 349.609928384, -1.11192389346e+18
-1106.36619988, -143.28387034, -259.050351239, -1.42459014426e+20
-600.036463034, -640.595414944, -644.729388606, -4.81496072375e+19
-651.086103857, 485.788196883, 1129.3763275, -9.73475992239e+20
377.515646693, -450.151508934, 196.377702668, -4.91624200677e+17
109.413906791, 1140.07875864, 85.4172273125, -1.47447372283e+20
635.29313144, -60.4108288173, -1697.9205818, -6.66330271012e+21
-1223.9988864, 1230.9809471, 582.53761756, -1.54471811523e+21
167.904505911, -341.257061157, 16.6322580175, -1.59459190631e+16
-332.303326345, -408.26427482, 355.672071197, -2.54878135834e+17
-1380.78430016, -1191.95745251, -900.42165455, -9.79273094773e+21
-41.6383480649, 1589.16709347, 615.368827638, -1.15619945353e+21
-362.827590589, -1246.61940575, -972.232668603, -2.15017157515e+20
17.8470358212, 1221.01337688, 317.979050571, -1.78443388069e+20
-1059.66687613, 78.6918976606, 800.133661686, -4.83471823699e+20
-1852.67992107, -1297.21666308, 281.673548934, -1.28651807099e+22
528.431807563, 0.67006080298, -204.770612998, -2.43153000029e+17
-1772.38114307, -994.909350414, 1435.3449502, -1.89250527699e+22
-357.756812778, 906.465495122, -694.068820072, -1.5364860449e+20
-1096.59030818, -111.712041525, 1068.76768016, -1.51324184709e+21
778.835920843, -723.08889525, -1457.27822916, -6.98819898455e+21
990.089661591, 1861.72111774, 407.927378141, -7.83814697558e+21
-682.521918711, -126.891871032, 1446.0275399, -2.26981757623e+21
1153.75035271, -1955.3342924, -497.198246631, -1.28623723898e+22
898.444697484, 519.883849811, 692.304100318, -3.06845344778e+20
-388.54740233, 232.441364834, -650.077993514, -3.00552754633e+18
-881.064587879, 250.26246917, 1130.38465175, -1.50730312667e+21
614.157354184, 1261.88598469, 0.148850483233, -4.20324568326e+20
408.168074425, 1812.46239806, -2041.60090738, -5.04846312514e+22
-786.140212269, 159.848003624, -975.927135546, -2.6234331383e+20
445.888519618, 983.51135755, -626.035977449, -1.58505392574e+20
-1407.1571062, 460.602133133, 857.096190276, -3.03665199944e+21
-767.369310045, -5.40216307431, 647.830702307, -5.17028756078e+19
60.008502014, 86.9462183379, -7.50631706544, -185643.549464
489.371240182, 208.276025299, -113.438028956, -1.32495781934e+17
-120.609005771, -1201.6268863, -478.742718061, -1.17601759945e+20
867.375157599, 712.438991611, 561.749744733, -2.19290604742e+20
417.946946683, 1312.70628372, 504.137236, -2.7815857608e+20
-889.181162876, -820.798684942, 250.544850931, -7.09250240643e+19
1513.79740433, -1058.80063728, -860.979627901, -7.51195547704e+21
1207.77879767, -1300.30517183, 913.293472103, -4.98670390798e+21
-1057.09350069, -703.107938188, 918.890154467, -3.83547067467e+20
-1278.91434599, -863.553135138, -1408.19383513, -1.53902789616e+22
70.3144906414, 604.717333148, 1867.88580336, -5.81219567707e+21
588.884579256, -1843.43601482, -340.77561633, -6.45962148856e+21
951.085454155, -703.77047834, -271.892522108, -4.68460035724e+19
-1028.91305322, 326.921319574, 9.69659297955, -1.63896757649e+19
-1400.77242979, 1012.84542462, 1101.00313949, -1.18443057194e+22
-286.874568577, 1467.54481241, -133.306891058, -1.71763704993e+21
-994.500390123, -680.097086135, 2002.17754197, -2.28363774511e+22
636.765492147, 914.086146599, -838.433349972, -1.59092388009e+20
1109.72076302, 447.160343185, 384.905670997, -3.44520540913e+20
-476.516315616, 32.552467411, -838.309092303, -2.39061737303e+19
-436.689610461, 454.766846954, -184.63526903, -6.74541171595e+17
-591.820057943, -31.9209641149, 333.168775277, -1.36358994127e+18
366.354742972, -907.314915365, 726.768026728, -1.59844136708e+20
1016.56533486, 1310.18167956, 999.500608176, -3.35191978818e+21
1023.98966855, -1419.57585796, -494.489331309, -1.34730182317e+21
-61.65189229, -668.424524314, 28.7818329903, -2.53066914462e+18
1398.12619397, 1184.70599923, 672.110140705, -6.77119176746e+21
-349.092757813, -355.669181018, -1320.61553909, -2.93078732413e+20
-426.19883283, 1547.96354361, -1357.995399, -1.20512667233e+22
-47.3652404553, -1436.65393574, 626.576022956, -2.45603754724e+21
-537.295829883, -1048.59296152, -85.4360512131, -8.78502031676e+19
611.769516557, -749.453131343, 553.801274028, -5.28607974102e+19
-820.48149227, -1235.36573267, 1217.87419947, -1.99639893664e+21
170.455300403, -2107.65436604, 63.7975062672, -2.55656989382e+22
-642.795875922, 25.9245371109, -1336.59355355, -6.20623709793e+20
-1045.98186588, -257.328348475, 1017.02436211, -8.63517506433e+20
-1241.64641384, -1142.89112797, -848.461655502, -4.92825371811e+21
1998.87672854, -1544.29251903, -877.209688929, -4.01827777886e+22
1014.53252098, 1651.03458334, -1010.66412705, -9.9096528658e+21
-805.180916235, -453.229551423, 966.363381505, -2.1568625476e+20
95.110831914, 530.091032748, -1063.01014594, -2.82828632549e+19
1018.7306825, 753.793689251, 688.447526698, -7.69288796067e+20
1656.81242605, -912.895197537, -606.080274314, -4.07471495623e+21
-198.82894951, 1059.09375542, 382.082227402, -5.13154982273e+19
-626.00144024, -1341.28691716, 468.689797908, -1.17192817885e+21
1554.39633733, 101.716203159, 522.266402246, -2.80594346138e+21
-1501.58453013, 707.163119656, -1171.74999803, -7.8426052322e+21
1590.97618283, 1449.90275372, 428.679953565, -1.36149289406e+22
777.872316425, -218.920446608, 302.780038488, -8.52698890414e+18
-128.88589434, 899.508604497, -590.576797057, -9.68167821056e+19
-558.690773557, 658.080451509, -129.49003293, -7.05827452108e+18
-625.404804325, -1450.67920241, -270.047150523, -9.25657923077e+20
68.5138750307, -200.625171062, -773.125946153, -6.03499415138e+18
868.678270435, 743.101045283, 826.981380303, -5.35833220205e+20
-937.547386202, 588.947184054, -629.41422922, -1.26550628979e+20
-1837.2766317, -389.325116265, -959.437434339, -2.64877568539e+22
-1825.99892726, -620.230190729, 200.571199721, -4.78242147498e+21
-1026.7616551, 1722.51947381, 554.515306331, -4.62325379942e+21
-720.821537031, -755.733470163, -1481.58826141, -2.4889935452e+21
680.333638312, -161.407276122, 301.273761355, -3.88188545854e+18
-84.7661021032, -471.669908465, 1155.56854084, -5.2240848475e+19
916.543849537, 971.883254226, 841.806798821, -9.42277655462e+20
949.49978406, 1525.21620356, -1144.80205416, -6.64517085846e+21
486.608617117, -963.500658135, 1560.28002347, -1.4915230169e+21
-1198.11273312, 653.498404641, 1795.6404383, -4.97458179765e+22
435.343249817, 1565.88360912, 328.041948483, -1.46660375711e+21
290.536100731, -2.67690644786, -536.52915883, -1.19478534508e+18
-534.882957313, 1346.66990972, 261.518656883, -5.65052452607e+20
-937.959424384, 632.204634689, 1268.65034001, -4.67727960186e+21
138.126903966, 448.386404879, -511.325178384, -7.32875577493e+17
1042.58397057, 621.88010126, -112.5627112, -1.0331588359e+20
47.711487274, -622.552653779, -1880.47504171, -7.03413794061e+21
1020.70669157, 815.21874927, -672.775813472, -1.65323752077e+20
-346.346891739, 668.177614289, 286.328501172, -2.09850366037e+18
1125.34305627, -1741.29972228, 316.784883337, -1.19432707644e+22
-1291.7673982, 567.970696434, 251.158654435, -1.69789976413e+20
-1151.56057587, -564.78788649, 1422.75201098, -4.74192099526e+21
1078.6179055, -191.926166705, 515.759749194, -1.92993296007e+20
946.392700248, 1846.32904439, 411.234170645, -7.00877829696e+21
39.1064808795, -874.691227805, -326.564989755, -9.8389262448e+18
195.29283379, 106.937950397, 307.655352917, -1.61655963801e+16
1492.943612, 87.6396004646, 1267.84763325, -1.39406718505e+22
-1435.78700088, 90.3946069444, 1640.9507738, -3.36321159061e+22
32.7327453676, 863.121941124, -1253.47023265, -2.68502921065e+20
548.77336809, -435.993062594, -1047.63739092, -4.29357460147e+20
1753.82177242, 567.721687553, 533.81866712, -1.02115522203e+22
-1290.01958194, 581.35271533, 771.028831883, -1.68545057966e+21
431.71635865, -1460.63152162, -1233.73046458, -2.72387898986e+21
-1044.24326447, -340.827421729, 890.348732464, -4.28014230207e+20
-282.173628563, 362.214370726, -831.850907317, -5.47772066396e+18
-121.65764505, 769.361387676, -1499.88122355, -3.98861177664e+20
90.3302328445, 1731.85561978, 1467.27408602, -3.98585103446e+21
-1604.34547887, 1289.57880426, 879.428158827, -1.2415648481e+22
1194.63203575, 403.083074817, 416.259569676, -5.58497258747e+20
1279.68037647, 370.894121168, 158.479332044, -4.37718452896e+20
-1432.49301971, 116.289921408, 990.941488466, -3.91574759855e+21
-1490.51582731, 146.33645574, -253.146115372, -7.91824844659e+20
34.6210392902, 597.411480617, 106.348755452, -6.93018867602e+17
-1397.31041966, 1087.52153898, 1416.04429415, -3.35848949824e+22
1567.30547056, 186.476954707, 862.647724274, -7.29492650188e+21
-51.4361327708, -813.112888557, 842.52490659, -7.239064472e+19
169.301421421, 354.743754514, 364.174909504, -5.55696406148e+16
-669.527900032, 102.895614188, -1612.17012395, -1.8479640017e+21
-587.554834946, 65.678218436, -867.890187691, -5.58240630409e+19
-951.018057468, 791.968412948, 1104.29623275, -2.95536746384e+21
-182.508887163, 1247.92450803, 883.262634625, -2.38624277236e+20
-67.6494515879, 460.986007837, -1051.91880996, -1.80065426071e+19
-123.55178004, -635.252032266, -1663.53701117, -2.22359527544e+21
407.62313997, -1595.40035006, -574.665950812, -1.40473338364e+21
479.103569078, 353.725386745, -293.444779876, -3.00703851554e+17
1143.54306149, -1358.4738664, -249.333757681, -1.2158760738e+21
213.48499328, -619.324607683, 474.073266084, -6.62456639178e+18
95.0397570846, 487.286812206, -61.9794111196, -2.41107946972e+17
1829.57246206, 274.320289986, -1390.04732292, -2.97412245647e+22
-98.3374553001, -817.636101346, -372.025161515, -4.90317454734e+18
-565.39956192, -287.14733709, 355.37249774, -8.9836310501e+17
712.730575811, 252.688079294, -123.124928759, -2.41996169108e+18
-878.602161298, 850.011465065, 1218.28914585, -4.06597133034e+21
-178.669909258, 191.335241471, -778.893438588, -1.8636628932e+18
-58.4337775328, -7.3707477885, 118.505970998, -289820.416838
1489.95795799, -509.0199692, 98.5400594461, -3.65899661327e+20
-99.8332774927, 1127.36414814, -276.247382626, -2.66153376083e+20
62.7226239951, -646.479653582, -103.405730138, -1.35414975626e+18
-230.143768481, 1517.10461513, -818.959230838, -5.12758206756e+21
765.462063785, 1572.25466451, 75.7741820187, -2.27818446069e+21
1464.19896969, 418.999871521, -513.81020176, -7.08954107436e+20
666.969012883, 1708.63050842, 1262.04477937, -3.40411192009e+21
1099.25929632, 562.401018764, -256.380660614, -1.05157133082e+20
-124.906413946, -315.398902304, 115.191518412, -1.09763477554e+16
1036.84389876, 965.541213171, 429.922406421, -6.2011362657e+20
-889.719834538, -1513.91138745, 926.306451202, -4.87770414378e+21
-643.648346807, 1686.45425385, -765.707921619, -1.21661831778e+22
282.411994528, -530.170382119, -143.329934196, -3.27310469369e+17
-238.090662559, -761.556999621, -831.570183782, -1.98459828753e+19
-887.218377324, -66.3740778025, -150.601612866, -1.74471804199e+19
-621.734361853, 127.347528683, -160.663065524, -8.81014824096e+17
1813.37187085, -532.377355828, -1762.93411969, -1.33579942379e+23
-1416.59727966, 200.849160497, 410.913231466, -4.2462428421e+20
1634.5568128, -986.097626712, 564.699227349, -2.755536644e+21
895.90057211, 1435.95148812, 273.921493322, -1.27465061021e+21
-180.73954657, -73.7875430829, -42.6695241187, -1.26700793401e+14
-1022.97293647, -166.737586193, 405.246456306, -4.34502374905e+19
1209.39902195, -297.577629947, 1199.80473878, -3.43313747113e+21
-93.7811967594, 755.553931757, 825.553385514, -3.50881185856e+19
-230.625701848, -180.572143717, -906.595752937, -1.25846796325e+19
-1015.80841501, -1387.84996947, 461.841469945, -1.82507131624e+21
292.299490892, 86.5849728573, -578.658947999, -1.49822926962e+18
819.584277495, -1019.74773522, 947.552562669, -9.11377280255e+20
-772.698936977, -1295.24879687, -490.02848489, -5.30413659086e+20
-545.791751632, -663.680367229, 342.814194639, -6.99920514371e+18
-101.554000079, -31.1427766468, -659.532883896, -6.63561565192e+17
-52.4963603989, -1661.17265334, -4.26977354989, -3.43952690964e+21
722.982242029, 467.290583713, 1902.74372282, -8.31748488706e+21
577.284544179, -17.7792643576, -520.47230822, -7.51019000886e+18
-729.459415761, 727.887101383, -855.382116576, -1.72125563863e+20
-696.49546287, -878.668965495, -290.899334116, -5.68576146021e+19
292.117675228, 31.7799059035, 749.459187214, -4.07047817701e+18
863.145012189, -269.716782578, 1208.14320799, -8.673070725e+20
-807.422203287, -19.3597910368, -1158.83409218, -6.75399084097e+20
-604.817707705, 559.338127005, -849.45485146, -5.88675015269e+19
-63.8969551542, 1560.56871986, -61.3789956368, -2.34937985716e+21
1249.75395715, 725.663876315, 1363.0626158, -1.14535383626e+22
-801.173730774, 688.0895609, 960.612985681, -8.89047341285e+20
1115.23241529, 563.560302756, -365.069813665, -1.10029851802e+20
-1059.27047987, -973.478926843, 306.689283759, -2.82011334895e+20
1041.02111411, 553.324902835, 405.809301299, -2.92969748264e+20
568.72836827, -64.1068153027, -367.590434211, -2.04143446661e+18
-1631.71546083, -1825.00414574, 364.528243148, -2.17186753844e+22
-1348.62277536, -711.757845252, -1493.72161535, -2.12617972212e+22
-1658.59690445, -149.787275929, 266.855323093, -1.21509655798e+21
-1030.10802758, -1883.49563224, -364.539483241, -9.07849481967e+21
-1370.13372282, 394.459832683, 229.921725923, -2.05927851338e+20
-272.502932824, 1443.39212776, 888.412943188, -6.15933515463e+20
1176.3817832, -587.538426938, 66.1692197307, -5.54085578368e+19
-1967.76872697, 1036.29589079, 1258.3791344, -6.84126443859e+22
-548.223784381, 588.38685589, -1055.47006084, -1.14637798694e+20
1473.1224677, -177.966836345, -70.3806357996, -3.58422896836e+20
-110.11373411, 278.433674473, -1844.11554863, -1.99624313836e+21
-849.337423948, -1452.73165061, 1408.24073417, -6.68105642295e+21
-1026.94567494, 916.946779283, -85.7355666629, -1.30990731182e+20
-989.958495559, -854.857484268, 726.291303019, -1.86264570615e+20
49.2764686004, -1666.46020978, -710.886270838, -1.55994340023e+21
1143.66937318, -499.322233806, -117.281568701, -4.45333690665e+19
287.4945316, -380.577670308, 753.449836166, -3.53974573634e+18
-597.738887329, 823.605285393, 99.6888451536, -1.96718855723e+19
564.528918102, 252.807449201, 1078.55065263, -1.81867420078e+20
-707.50391833, -251.052337165, 344.100363135, -3.13234700838e+18
-92.7523614953, 416.700149258, -104.822184963, -1.04386819229e+17
978.088409721, -1071.40053345, 1051.36813074, -1.89691315549e+21
-137.240562733, -148.779396713, -916.680585193, -1.1510864365e+19
435.954456815, -1492.20095355, -1271.69179052, -3.33451366913e+21
1106.10608561, 166.845905899, -1845.66741661, -2.57219519596e+22
-1310.17387564, 1705.42580368, -1146.14453859, -3.18915407893e+22
1139.79132703, 153.995200755, -1473.62300016, -8.05895845344e+21
-1290.67571808, -489.189053135, 866.016770501, -8.73533358825e+20
1829.29400562, 135.465684442, 555.5441254, -9.26254579747e+21
30.7824384562, 156.136973777, 970.021250071, -2.40531154081e+19
1360.06129608, 881.794408353, -100.340945477, -1.05764410531e+21
721.656053238, 1539.56026163, -2065.46956009, -2.43211651522e+22
-711.62136526, -1133.73099053, -540.89364888, -2.37380576145e+20
-992.485331311, -654.101681241, 1544.45708594, -4.59266943106e+21
-545.519064983, 747.512231405, -386.173483999, -3.07773310203e+19
-1162.31683836, -2130.37794797, 449.2152817, -3.9574473943e+22
817.43736261, -211.384817872, 250.73331116, -8.98006767591e+18
-329.343589795, 302.466744659, 1538.25655063, -2.22306830251e+21
-745.456587817, -1720.08541567, -275.700302556, -3.75829980152e+21
78.6883057843, 362.096749474, 1718.11241825, -2.40429248165e+21
-1333.93872839, -603.591839271, 528.168741695, -4.31470129431e+20
-1205.58924889, -1693.742191, 183.837134961, -7.01528657616e+21
-233.560102411, 657.095833962, 751.427907647, -2.86200350208e+19
1343.89875406, 1209.82939783, 1322.39470712, -2.01271906775e+22
-332.477306727, 191.841149313, 792.709287744, -2.53415319015e+19
1151.84440093, 406.65957077, 326.327987759, -3.48111723387e+20
609.750953696, -575.601605114, -2052.47172137, -3.35967468582e+22
855.263166502, -1559.75364728, -1158.09095553, -6.58174244256e+21
95.6011292711, 453.210647064, -333.559510644, -3.96710168246e+17
489.135159203, 366.436478967, 84.1022590467, -6.10119377917e+17
971.931064333, 248.59267889, -91.9703515928, -2.58966549171e+19
-96.7105288314, -254.612679409, -993.18713642, -2.71434885047e+19
-300.113130981, 997.717305116, 240.946501874, -4.30943051554e+19
-138.160181031, 589.165382926, -566.019395146, -6.03994184229e+18
-248.545469408, 317.855273759, 99.1746630816, -1.01116718074e+16
-1644.19687104, 2043.6654328, -254.71608102, -4.85189086656e+22
10.4739826087, -27.0057387045, 1721.02613815, -1.78999771365e+21
-630.413925501, 252.258345946, 11.4586299755, -3.15048320615e+17
-92.6505108209, -1151.75221313, -1151.37571169, -3.3829414272e+20
-375.586285153, -263.766677301, 1343.73930338, -4.97207759725e+20
-1012.40577322, -644.888651622, -610.451219796, -5.20442673275e+20
-1133.65976476, 1126.58320786, 1508.92255599, -2.62898381347e+22
-305.701339338, -1572.25154501, 865.387650804, -5.91058816605e+21
-165.743341542, 1503.03578609, -574.662211443, -3.47235143335e+21
250.577214717, -1028.33700362, -140.113459032, -6.29862697271e+19
1503.43161155, -789.721782292, -522.497538629, -1.61732976832e+21
-1744.67241783, 508.573153869, -578.184769837, -4.18160232762e+21
98.4258943981, -904.828218519, -827.499474916, -4.75263563619e+19
-573.210428054, 1540.90493002, 1625.3127804, -1.72533261081e+22
1005.8482024, -72.7872158996, 120.219275109, -2.94107219332e+19
376.662884816, 2091.6286942, 1316.36155807, -8.25410818078e+21
424.355619773, 1045.74313067, 722.842834917, -6.31105393565e+19
-827.184726509, -1601.67262512, -1271.74465582, -4.53561908985e+21
-629.918770573, -427.571757831, -913.088316889, -1.43567874998e+20
-282.185715807, 637.933827439, 1346.68217258, -1.18268724661e+21
-769.189102379, -37.6834167443, -627.860759718, -6.10988511038e+19
257.76925164, 444.212713103, 946.94538518, -2.95519580329e+19
-779.264982751, 969.719078271, 695.846536116, -3.28985853531e+20
-1873.37556725, 409.770540988, 566.437039421, -4.55680496763e+21
114.386050615, 710.463995114, -1493.86937245, -4.02488787777e+20
-153.317164918, -1312.69925971, 293.619925587, -7.88727070314e+20
884.457834929, -794.966229592, 2088.87147005, -1.28488701056e+22
-123.42929282, -1973.92861808, -479.875586108, -8.45101570356e+21
1488.37277672, 89.1505921919, -727.194020962, -1.50297054494e+21
-630.282681468, 283.34068227, 368.900518816, -5.0585446955e+18
704.051689896, -136.560515297, 369.970624993, -7.62847460571e+18
973.955707788, -979.444795446, -144.897473287, -1.28082760318e+20
693.249686132, -203.949358125, -43.8455359456, -7.15180674714e+17
1707.39631626, 781.091184623, -1950.54695284, -7.58695660826e+22
18.0643589028, -668.157228229, -815.296258182, -1.92915769091e+19
-321.236217274, -1342.10831355, 790.739383754, -1.76438184153e+21
-576.528282782, 876.387751937, 780.417282238, -2.04369705116e+20
1390.4394179, 408.629838927, 394.076516916, -1.41011944558e+21
-267.852120194, 492.236640082, -1411.36018262, -1.89966281764e+20
1214.24743154, 1038.51083672, -1059.84136787, -1.40957117813e+21
269.694903414, 1461.23178188, -203.680038587, -1.59483074785e+21
1292.74743112, 353.805865184, 228.480419428, -5.38520491516e+20
968.950832031, -806.587969847, -338.297603393, -9.23237929195e+19
-466.628348813, -76.0449471058, 974.894650643, -1.01448087196e+20
-434.064941792, 1317.94283338, -736.459436691, -1.97043180244e+21
-1328.7940289, -455.864818016, 761.932119051, -7.07719230949e+20
-1812.20275763, 29.8833494403, -1608.15859857, -7.08086790668e+22
881.72087453, 1319.04000748, -1791.70034354, -9.5546809203e+21
-22.0620541887, 351.337405321, -1393.80089942, -1.94731387891e+20
525.201222408, -227.103861931, -689.637588135, -3.11318917835e+19
-12.3771024554, -885.708919403, -292.675118037, -1.16608109445e+19
-749.981965676, -1747.81984848, -1619.5763826, -9.8558002261e+21
719.61538621, -868.969947786, 224.733460062, -6.70543128817e+19
-509.849994397, 1037.46182719, 612.130847695, -9.93868272325e+19
-379.97204853, -536.988390212, 207.19856235, -9.45228531477e+17
-440.798537179, 447.944324365, 915.136368787, -1.41727710921e+20
652.440101433, 1073.91171989, 289.597933287, -1.17537043219e+20
146.791090434, -912.035960843, 270.778648854, -5.44428814962e+19
1076.46764012, -823.654942484, -1302.58108467, -9.02131515983e+21
-97.485358845, -364.196157183, -1439.61701509, -5.63139065752e+20
-928.432461676, -66.0254369528, -2097.79919696, -1.94472191149e+22
681.989015959, -1597.37759669, 817.322161019, -8.94557276401e+21
-224.77838869, 738.347207817, 250.710212458, -3.30314069115e+18
-533.818951763, -426.20514746, 1752.20681753, -4.21755244182e+21
1823.6065747, -890.232849786, 37.6258890671, -1.72289107921e+21
-284.884764203, 1237.4499069, 817.721466979, -2.33042632491e+20
-461.663196833, 1709.96150107, -1620.32877073, -3.00614761398e+22
-813.570855356, -1367.7648637, 109.043077785, -1.00389084509e+21
-477.782809255, 400.24507729, 362.678193358, -2.18375074702e+18
-37.5990537639, -744.406356079, 850.837082141, -4.33962703778e+19
172.641422924, -192.825391027, 211.30023786, -2.4624693281e+15
1974.50557148, 566.683129223, -37.4675337015, -9.52017243871e+21
743.752566008, 38.5285564458, 378.92828734, -1.47468238912e+19
55.8604389989, -1172.57298844, -1435.32101907, -1.89056901328e+21
510.115599118, -244.218297728, 499.610678478, -2.93758088687e+18
104.230085639, -753.618607115, -19.9852877743, -6.17517522514e+18
-566.803395068, -1487.05459579, -667.418719553, -7.88613070599e+20
-108.667196043, -182.079098346, -1613.8394817, -1.09691317988e+21
1047.87143082, -480.034369731, 59.0413970383, -2.09605789034e+19
-221.79919982, -602.298423647, -1121.41752657, -1.08031101396e+20
-1461.70807158, -268.197243765, -1328.03064957, -1.61280897295e+22
-535.146115369, 2041.48600982, 509.288452744, -1.25370130537e+22
670.080052141, 657.352864057, -593.039388637, -1.7979057624e+19
928.448700453, -1017.72131352, 749.866927378, -7.29742735432e+20
21.522552787, -1000.4332584, 376.624817304, -1.23915193556e+20
250.335555424, 473.965872196, -187.251724271, -3.1626807643e+17
-96.1765641504, 1148.87598215, 44.2457190737, -1.77072527397e+20
-1872.22120105, -927.201349119, -495.55971613, -2.11155036971e+22
-9.48636914386, -2020.61180643, 1537.32574813, -6.77851217871e+22
-1058.51608533, -1404.0450494, 140.807979237, -1.72031659045e+21
-188.851674995, 352.131764346, -1461.11919919, -2.48354929675e+20
1183.50663114, 826.817271589, 452.449371285, -1.07093964663e+21
-351.364830825, 115.6192981, 359.683883215, -3.43451648224e+17
1025.55793152, 826.500622545, 1429.36196881, -6.63219597928e+21
1622.52684892, 964.265097251, 790.832392781, -1.50532723351e+22
1554.00819513, -1774.64778132, -348.253150629, -1.11502223986e+22
-57.1589511333, -63.0679166304, -811.044821292, -4.02826716908e+18
-1086.63442308, 603.373462787, -474.720620289, -1.45688959088e+20
-613.272926137, -104.297373319, -1643.44499542, -1.97977476566e+21
-80.6410492002, 1124.01680987, -20.7371900548, -1.65808726732e+20
280.758996736, 151.215660391, -90.6444702414, -1.92980819866e+15
798.308585376, -1804.21267986, 772.123949225, -2.05661982538e+22
-2015.35194633, -1397.70891146, -621.633182168, -6.25943637088e+22
357.627699164, 709.162597552, 368.958505666, -3.25612896427e+18
438.522335424, 872.887170151, 1609.11874415, -2.24991736587e+21
1086.89774006, 520.727565081, -127.666904796, -1.04617965325e+20
-268.617905554, 1972.11536131, -779.645138113, -3.1644818994e+22
-928.392863981, 667.697816779, -733.485260312, -2.06521294763e+20
929.929957954, -423.742412693, -1884.39181996, -3.22270545811e+22
776.578277435, -1283.08422446, 692.800429005, -1.97325291847e+21
-91.1780552899, 1534.95640336, -147.498275416, -2.31774194397e+21
1783.67729564, 66.9261045156, 1360.36110734, -4.15040485048e+22
316.564531199, -286.441537989, -729.84109935, -1.65825984965e+19
1247.23378973, -140.225893816, -100.141638676, -9.33227913346e+19
-697.898603531, -902.6168437, -58.3636725869, -5.1846155393e+19
152.850911348, -553.76055782, 400.896907871, -2.3644290005e+18
-43.016422159, -358.562576418, 43.8624446966, -1.98687279416e+16
1346.28444448, -604.65494292, 113.397297292, -1.66228307953e+20
-1011.62104658, 1260.16326504, 1213.94683572, -8.35459979036e+21
520.311503902, 291.081364034, -1425.57813067, -1.06732958899e+21
1713.00595136, 453.42323912, 45.4785636993, -3.24920683487e+21
-1702.04257326, -1918.57627465, -311.631783329, -3.74619833125e+22
581.244096764, -298.029414532, 553.951060572, -7.53806626109e+18
409.064433753, -1669.39979641, -234.945296533, -3.03146174814e+21
-145.72177279, -11.3805809211, 1113.28502459, -8.78007281829e+19
418.319799242, -1654.66937223, 475.195642734, -6.70273398339e+21
974.020967935, 622.050961521, 1585.7559486, -7.47254000232e+21
195.40491021, -369.46742318, -283.026122174, -6.85450708236e+16
13.382553668, -1086.19485377, 418.088983812, -2.42349006983e+20
-146.403898421, 426.395451754, 886.583103881, -3.67718148975e+19
13.0813038388, 156.038516741, 1911.37899854, -4.92491542673e+21
1881.53143066, -1460.34442764, 248.251616914, -8.70669672765e+21
-172.987762792, 1596.27387095, -663.602765421, -5.97050165231e+21
378.462178222, 172.199781628, -1143.13606967, -1.73142581806e+20
453.639181763, -677.782834721, -992.891363189, -3.19381597422e+20
134.820784483, -83.4322963634, -1107.81513376, -8.82752152374e+19
1108.32797864, -42.7713616535, -56.6446164306, -4.23763772309e+19
-1814.77879136, 981.202899521, -574.260206276, -5.10704298067e+21
161.991128239, -797.786664256, -1038.45019723, -1.87321474893e+20
880.176827925, -82.9895685247, 837.332178199, -2.59246360477e+20
-220.699586694, 575.424082271, -387.904002433, -3.43734549481e+18
778.154879261, 1445.52885769, -145.418403984, -1.51035298246e+21
132.584702141, -1200.47590486, 1375.02356699, -2.17606195628e+21
1225.57533788, -522.749701867, 449.972031582, -2.62827684742e+20
166.226753285, 706.769693963, 1645.23189315, -2.22515879707e+21
731.791666076, -1025.59104989, 1115.3711009, -1.1294744462e+21
158.954997183, -303.560217685, -1856.90423372, -5.75107620886e+21
851.008928847, 766.904983784, 1674.68922002, -7.08206745318e+21
154.531389016, -889.640736055, -1607.34464382, -3.63632783729e+21
-254.967410304, -433.305254736, -91.5583414281, -7.8895343784e+16
-236.267129721, -229.845374807, 61.6720546803, -2.19860158677e+15
-1734.62311748, 243.190778749, 168.656457852, -1.24198638682e+21
-636.978820003, -717.803586809, 941.064493253, -9.51346523656e+19
-899.228529113, -78.6550359968, 79.8990694962, -9.60914960189e+18
-1129.65284304, 67.4527342281, 405.370124609, -9.14941464769e+19
-1859.14066897, 27.5672435518, 536.862165643, -3.52122500952e+21
-1490.68745465, -394.752413409, 872.44996433, -2.00160742401e+21
-156.658153864, 193.546287502, 600.992372009, -1.79458856916e+18
85.9314958747, -394.624040404, 1117.42067818, -2.94577989476e+19
-1234.2909901, 125.487434278, -40.6681797116, -1.07115340358e+20
112.667234297, -322.855492017, 1372.05712355, -1.69353935634e+20
1193.97733739, 693.236699686, -601.144332008, -2.59123172588e+20
1417.28783748, -458.93783316, 11.5265814782, -2.18667354416e+20
1894.79571388, -457.258692949, 339.46578454, -4.37506011512e+21
-376.190187188, -139.67709604, 602.566644602, -3.03226550884e+18
256.197985379, -1253.03777607, 1666.93380682, -4.61100795893e+21
533.838624684, 740.45204087, 554.446298238, -2.49008439605e+19
-178.317992732, -1883.84676316, 276.438304234, -1.2372145395e+22
0.074717058283, 645.27987156, 212.027663967, -9.58536240329e+17
787.3607859, 520.724990716, 95.8713396784, -2.0272592879e+19
-1363.37286758, -732.771678061, 35.4695349059, -8.93662197615e+20
-795.914156953, 25.1624734908, -25.8538729619, -3.69470428414e+18
-187.784690882, 1629.52083892, 63.6672116306, -2.92620027718e+21
-1329.5283797, -350.825195088, 423.20160762, -2.97349339279e+20
494.471086323, -622.87900091, 171.242366043, -4.54887765461e+18
-602.552715471, -494.870715694, 1902.7107641, -8.30799077109e+21
364.266153355, 585.436024592, 471.416808564, -2.6477278041e+18
300.703107803, 955.66919238, 61.4236583964, -3.71532495387e+19
-228.114316577, 1106.88819816, 188.467316844, -1.06687851887e+20
1516.7762437, -1050.03739482, 918.539437168, -5.08409036143e+21
-1082.18753842, 36.535821032, -319.100727773, -1.12974382008e+20
1514.48734514, 417.487555467, -336.53543259, -8.16281253262e+20
471.793608517, 1229.01772642, -1511.74956275, -2.8554468979e+21
-1832.48507851, 122.045499086, -142.32417682, -3.12739790728e+21
-1016.12637433, -332.700117741, 100.055359466, -4.36323013826e+19
-244.823062194, -79.9629678094, 1139.97426277, -1.29872914351e+20
-1330.57927949, -243.427374542, -776.233976471, -2.41132852203e+21
64.2625591932, 73.1415246275, -1081.42517934, -4.47250296393e+19
-443.778466868, -415.429704822, 554.53619524, -1.97846313338e+18
-539.476088066, -622.676324501, 607.162699966, -1.03157837737e+19
1515.15250739, -1100.60034591, -355.137046639, -1.48158758442e+21
-820.790238836, -431.329042529, 727.280895172, -5.93359057359e+19
-51.2516515318, -349.612581361, -915.784143747, -1.90697860409e+19
-55.5222780926, 357.507396666, -305.732611553, -8.85433577854e+16
-48.7821512837, 424.380104676, 199.449553576, -2.85532239338e+16
-1288.09099571, 446.957091587, 1215.96848907, -8.05333210023e+21
-524.801115645, 1019.54597868, 534.494065716, -7.41179322128e+19
-512.106653181, 1827.78855844, -1958.89810192, -6.4260968877e+22
1237.77805129, 866.279892126, -1107.29353581, -1.53235732172e+21
-297.343875356, 660.264378537, 137.744474091, -1.97690411355e+18
745.462522495, -912.217886939, -1848.14891117, -2.94135656844e+22
914.666878468, -33.815416346, -1021.3123325, -7.94629939657e+20
-1044.21941992, 627.101465766, -446.250288454, -1.08781553664e+20
-1942.17443179, -3.17216094946, 513.993331449, -4.59199701903e+21
123.158604025, -280.210984353, 250.109747206, -1.55203607798e+16
-262.15477771, 832.016880974, 553.189355184, -1.29153646157e+19
-793.379313731, 1335.74393444, 1426.70511084, -1.14262506725e+22
-1388.44541791, 137.09181432, -224.936524191, -4.34921384725e+20
1771.81550838, -141.035459065, 1134.11154005, -2.20437721346e+22
-551.087884866, -248.721320214, 1149.52502357, -3.05913820304e+20
1163.83489507, -635.954615812, 660.983095344, -4.31273972617e+20
-290.54621695, 981.61137942, 822.928722657, -1.12209140114e+20
216.865781539, -20.4114663917, -391.416471105, -1.07443196958e+17
-239.527598194, -140.560381165, -600.000865681, -8.465926137e+17
-225.235212452, -590.472826942, 352.297995305, -2.45987025224e+18
-1044.43044892, -71.1904908507, 72.9029644325, -3.15400823045e+19
1865.42799178, -1878.12148449, 897.577354242, -6.62735959631e+22
-257.168861439, 904.262487209, -199.410296387, -4.94103553073e+19
919.975224256, 1302.76360982, -485.007514019, -1.11897966361e+21
-38.355439212, 1524.0680388, 40.4280389457, -1.69749210529e+21
155.020934477, 592.387782768, 436.942863644, -4.70361491445e+17
711.867151645, 613.011023322, 596.752176476, -7.99130943994e+19
1523.69064984, -1884.33832626, -429.812822139, -1.53054401871e+22
623.198046579, -743.478024548, 744.218733302, -9.04181489932e+19
-107.910702431, 150.616351858, -818.61705487, -2.54616342022e+18
-1133.44943737, 42.2448789082, 2121.84901292, -7.25961430489e+22
528.616482079, 1172.89581691, 629.003230709, -1.48606575335e+20
229.583798891, -7.51422612481, 1368.77203171, -2.351734766e+20
-554.670238343, -273.428638597, 920.803067704, -7.48631058971e+19
-1296.23476995, -846.490708564, -476.380270373, -1.98225543402e+21
327.627635778, -1653.84704539, -1226.99121785, -3.02737266202e+21
-673.181909311, -174.157985367, 1194.29180287, -6.42856239704e+20
335.342163271, -470.414047028, -1328.22367341, -9.81122629527e+20
-58.0246655243, 1058.52187196, -159.848899496, -1.32185883607e+20
-1064.062341, -343.981440801, 268.415736021, -5.2355834427e+19
-1096.70251906, 498.920158261, -640.837734922, -2.85039008694e+20
-367.334874263, -279.787608254, 1093.11463404, -1.08519477265e+20
448.935803151, -1274.17040668, 929.472301352, -2.03596108263e+21
-222.523760727, 435.276857357, -1152.36240013, -3.83451632214e+19
-163.48467337, -971.21551129, -469.339553819, -1.89567406304e+19
-145.087196736, -327.407121264, -420.501308126, -7.69174203036e+16
-1025.09322034, 686.882489398, 270.170310981, -6.19500367098e+19
-1089.38799156, 326.563078929, 1064.41691996, -2.31780234334e+21
-480.255795728, -671.752311737, -1188.41264762, -3.05608301587e+20
-454.159056873, 539.344138507, -45.3339686179, -1.15453167057e+18
1195.03398113, 449.56966936, 195.043764159, -3.41062679745e+20
422.207864742, 923.497629811, -267.122769994, -5.39277676985e+19
839.613308597, 976.671738821, -1574.98753488, -3.04231259651e+21
-1601.23121188, -537.410805071, -160.994081512, -2.73781905388e+21
1659.18329124, 588.308322315, -1673.05998148, -3.64112962482e+22
-755.721722647, -716.141126114, 617.586140679, -3.50703946508e+19
868.128355639, 981.977628325, 830.365018236, -7.3000812878e+20
