-0.499695063124, -4.01259708435, -4.88089851181, -6.75015867485e-10
-0.499695063119, -4.01259708435, -4.88089686001, 0.0
-0.499695063119, -4.01259708435, -4.88089686001, 0.0
-0.499695063119, -4.01259708435, -4.88089686001, 0.0
-0.499695063119, -4.01259708435, -4.88089686001, 0.0
-0.499695063119, -4.01259708435, -4.88089686001, 0.0
-0.499695063119, -4.01259708435, -4.88089686001, 0.0
-0.499695056037, -4.01259697137, -4.88089682597, -3.87441967156e-12
-0.499694615731, -4.01259707007, -4.8808967272, -5.69367766444e-11
-0.499693654298, -4.01259608007, -4.88090615833, -2.25400247436e-08
-0.499694978062, -4.01259758189, -4.88092788669, -2.43193775495e-07
-0.499695063447, -4.01266289628, -4.88088249987, -1.14783202662e-06
-0.499851883292, -4.01262072218, -4.88089670305, -6.35606560654e-06
-0.499390558736, -4.01252675593, -4.88089722689, -2.4693181333e-05
-0.498631667661, -4.01262903636, -4.87960849485, -0.000706984663995
-0.502292253993, -4.01305450653, -4.88081806713, -0.00176110859137
-0.49350172167, -4.01381767382, -4.88108708872, -0.010070292959
-0.507784934315, -4.01246228527, -4.89105082643, -0.0429009896636
-1.47629678962, 3.61576501153, -4.99999999485, -3.69961295563
-0.85423802615, 4.65788682177, -4.99999451499, -206.700979652
-1.47629678962, 3.61576501153, -4.99999999485, -3.699612952
3.16495707631, -4.44322069327, -4.9999999994, -534.107924569
-1.47629678962, 3.61576501153, -4.99999999485, -3.69961295234
-1.47629678962, 3.61576501153, -4.99999999485, -3.69961295246
-1.47629678962, 3.61576501153, -4.99999999485, -3.69961295201
-0.48910667255, -0.411846479972, -4.99999999654, -867.12121118
-1.47629678962, 3.61576501153, -4.99999999485, -3.69961295194
-1.47629678962, 3.61576501153, -4.99999999485, -3.6996129521
-1.47629679064, 3.61576496487, -4.99999999494, -3.6998124798
-1.47629678962, 3.61576501153, -4.99999999485, -3.69961295196
-1.47629678962, 3.61576501153, -4.99999999485, -3.6996129545
-1.47629678962, 3.61576501153, -4.99999999485, -3.69961297386
-1.47629678962, 3.61576501153, -4.99999999485, -3.69961298289
-1.47629678962, 3.61576501153, -4.99999999485, -3.69961315556
-1.47629678962, 3.61576501152, -4.99999999486, -3.69961384602
-0.0886426293975, -0.474496904728, -4.99998726266, -947.439928401
-1.19036529168, -4.93797667718, -4.94964971105, -124.007882653
-1.80585346445, 3.77599578337, -4.99850798428, -64.8743469613
-0.837931426229, -1.79893530851, -4.8759207825, -487.832671832
-1.5235922435, -4.90067947661, -4.89558839383, -144.456520143
-0.499698425803, -4.01259708616, -4.88089626732, -2.95000299017e-09
0.567038169113, -4.03361900908, -4.82642192594, -128.82946987
-0.500294072453, -4.01210750011, -4.8720927287, -0.0197275611295
-0.577759814525, 0.62957433354, -4.8700676217, -981.987997556
-0.156860150601, -4.99900995412, -4.86923013315, -97.8607532217
-0.499695064676, -4.01259707479, -4.88089687292, 0.0
-2.23823690662, -0.210996303338, -4.79543332751, -671.549924106
-0.49969509866, -4.01259707262, -4.88089623583, -1.0461004002e-10
-0.499695073227, -4.01259710248, -4.88089688573, -1.68454768868e-13
-0.499695063996, -4.0125970589, -4.88089675537, -4.04286729611e-12
-1.21502599397, -4.06362296769, -4.97125088099, -91.3174227761
0.290762522018, 4.97657977902, -4.99266693012, -447.874229921
-0.499695074069, -4.01259708649, -4.88089688575, 0.0
2.48368218608, 1.81470463404, -4.91815913918, -2032.46733436
-0.499695069858, -4.01259707646, -4.8808969562, -1.51609326818e-12
-0.499695024241, -4.0125970679, -4.88089687709, -5.05361616198e-13
-0.499695063297, -4.01259710084, -4.88089687691, 0.0
-0.499695625914, -4.01259749124, -4.88089683314, -1.21794191626e-10
-0.499695095768, -4.01259704241, -4.88089691174, -1.01072604314e-12
-0.499695059324, -4.0125970845, -4.8808967083, -7.24348812581e-12
-0.499695062989, -4.01259710278, -4.8808969527, -1.5160914331e-12
-0.49969507046, -4.01259709305, -4.88089687452, 0.0
-0.499695063296, -4.01259706852, -4.88089683993, -5.05361156055e-13
-0.499695074899, -4.01259707407, -4.88089687102, 0.0
-0.499695055129, -4.01259708379, -4.88089685751, -1.68453896439e-13
-0.499695061159, -4.0125970953, -4.88089689046, 0.0
-0.49969506617, -4.01259711844, -4.88089686845, -3.36909307128e-13
-0.499695103894, -4.01259730563, -4.88089690148, -1.28025956364e-11
-0.499695047326, -4.01259706208, -4.88089686698, -1.68453693727e-13
-0.49969496301, -4.01259484086, -4.88089688398, -1.27600571704e-09
-0.499695061851, -4.01259709318, -4.88089688076, 0.0
-0.499695075889, -4.01259717169, -4.8808968772, -2.02145445863e-12
-0.499695075199, -4.01259708821, -4.88089686722, 0.0
-0.499695057216, -4.01259708864, -4.88089686974, 0.0
-0.499695045947, -4.01259707144, -4.88089689134, -1.68454469922e-13
-0.499695061852, -4.01259709319, -4.88089687873, 0.0
-0.499695055791, -4.01259707514, -4.88089687997, 0.0
-0.499695075296, -4.01259708821, -4.88089686722, 0.0
-0.499695057216, -4.01259708864, -4.88089686974, 0.0
-0.499695073642, -4.01259708252, -4.88089687121, 0.0
-0.499695061695, -4.01259709319, -4.88089687874, 0.0
-0.499695127851, -4.01259707835, -4.88089694983, -2.35836863216e-12
-0.499689452789, -4.0125970907, -4.88089586049, -8.22824260536e-09
-0.499695057216, -4.01259708864, -4.88089686974, 0.0
-0.499695073981, -4.01259708195, -4.88089687539, 0.0
-0.499695061695, -4.01259709319, -4.88089687874, 0.0
-0.499695065321, -4.01259708851, -4.88089685412, -1.6845406335e-13
-0.499695014283, -4.01259706644, -4.88089684555, -1.0107189809e-12
-0.499694992295, -4.01259708505, -4.88089688095, -1.34763210486e-12
-0.49969498734, -4.01259400635, -4.88089532578, -3.00740728729e-09
-0.499695058846, -4.01257415525, -4.88089679284, -1.32947902582e-07
-0.499695072514, -4.01259707904, -4.88089688677, 0.0
-0.49969505659, -4.01259707737, -4.88089685078, -1.68453794994e-13
-0.49969504968, -4.01259685958, -4.880896878, -1.29708428212e-11
-0.499695050377, -4.01259708773, -4.88089693542, -8.42274916583e-13
-0.499695078835, -4.01259708077, -4.88089682527, -6.73813934493e-13
-0.499695071531, -4.01259707716, -4.88089688677, 0.0
-0.499695059206, -4.01259708438, -4.88089689781, -1.68454956331e-13
-0.499695011886, -4.01259708234, -4.88089686945, -6.73816552147e-13
-0.499695071696, -4.01259708713, -4.88089687287, 0.0
-0.499695053673, -4.01259708789, -4.88089688811, 0.0
-0.49969507123, -4.01259707824, -4.88089688797, 0.0
-0.49969505921, -4.01259708393, -4.88089689371, 0.0
-0.499695073413, -4.01259707748, -4.88089688262, 0.0
-0.499695072531, -4.01259706762, -4.88089687303, -1.68454066728e-13
-0.499695057637, -4.01259709029, -4.88089688514, 0.0
-0.499694443506, -4.0125970884, -4.88089698345, -1.00564997735e-10
-0.499685757457, -4.01259709312, -4.88089688564, -2.1909467947e-08
-0.499695132828, -4.01259708748, -4.88089690341, -1.34763798282e-12
-0.499695059741, -4.01259743956, -4.88089688495, -3.18381193147e-11
-0.499695056952, -4.01259709015, -4.88089688513, 0.0
-0.499695066342, -4.01259709921, -4.88089687056, 0.0
-0.499695010224, -4.01259706977, -4.88089686134, -8.42267839897e-13
-0.49969497706, -4.01259708286, -4.88089687295, -2.02143765795e-12
-0.499695052874, -4.0125970597, -4.88089688212, -1.6845384116e-13
-0.499694923052, -4.01259709406, -4.88089685006, -5.39049087089e-12
-0.499695093369, -4.012597114, -4.88089689568, -5.05365269121e-13
-0.499695071557, -4.01259705947, -4.88089685526, -3.36908011138e-13
-0.499695055752, -4.01259705772, -4.88089666578, -1.16232110196e-11
-0.499695041242, -4.01259706991, -4.88089689021, -1.68454317422e-13
-0.499695046448, -4.01259709431, -4.88089692297, -6.73820253722e-13
-0.499695081877, -4.01259709773, -4.88089689207, -1.6845494167e-13
-0.499695047842, -4.01259708322, -4.88089688234, 0.0
-0.499695053977, -4.01259708593, -4.8808968962, -1.68454931814e-13
-0.49969505328, -4.01259693759, -4.8808968434, -5.89583734639e-12
-0.499695057337, -4.01259709414, -4.88089688339, 0.0
-0.499695074087, -4.01259710592, -4.88089694255, -1.17918211893e-12
-0.499695269904, -4.01259707638, -4.88089691952, -1.09495257088e-11
-0.499694963185, -4.01259707862, -4.88089685624, -2.69524288625e-12
-0.499695071213, -4.0125970725, -4.88089686694, 0.0
-0.499695057296, -4.01259709406, -4.88089687671, 0.0
-0.499695071277, -4.01259708871, -4.88089692022, -5.05364809542e-13
-0.499694716202, -4.01259702057, -4.88089686956, -3.18372275657e-11
-0.499695058628, -4.01259709444, -4.88089676255, -3.36906347e-12
-0.499692452915, -4.01259708027, -4.88089689623, -1.72602462278e-09
-0.499695057649, -4.01259709408, -4.88089646286, -4.36293389867e-11
-0.499695073703, -4.01259708127, -4.88089688249, 0.0
-0.499695060656, -4.01259709259, -4.88089687313, 0.0
-0.499695065641, -4.01259708348, -4.88089687533, 0.0
-0.499695070437, -4.01259707115, -4.88089687291, 0.0
-0.49969505999, -4.01259714535, -4.88089687136, -1.0107273134e-12
-0.499695073018, -4.01259697601, -4.88089696895, -5.05357595817e-12
-0.499695060656, -4.01259709258, -4.88089687324, 0.0
-0.499695067376, -4.01259709884, -4.88089687917, 0.0
-0.49969501592, -4.01259716663, -4.88089682079, -3.20063119207e-12
-0.499695073813, -4.01259714052, -4.88089695379, -2.18991291141e-12
-0.499695071078, -4.01259703178, -4.880896888, -6.73816681155e-13
-0.499695060656, -4.01259709259, -4.88089687324, 0.0
-0.499695071468, -4.01259706036, -4.88089691201, -5.05364210953e-13
-0.499694549005, -4.01259708034, -4.88089688643, -6.73808501819e-11
-0.499695065986, -4.01259711062, -4.88089688222, -1.68454550717e-13
-0.499694969952, -4.01259699041, -4.88089687762, -4.5482103237e-12
-0.499695766205, -4.01259712758, -4.88089686144, -1.24656552486e-10
-0.49969505874, -4.01259708484, -4.88089686594, 0.0
-0.499695063677, -4.01259710503, -4.88089707237, -9.60185944334e-12
-0.499695061924, -4.01259707665, -4.88089686738, 0.0
-0.49969506157, -4.01259710866, -4.88089688926, -1.68454662505e-13
-0.499695065594, -4.01259717097, -4.88089826085, -4.85494156867e-10
-0.499695070407, -4.01259707573, -4.88089686492, 0.0
-0.499695117777, -4.01259710227, -4.88089687219, -8.42272335091e-13
-0.499695061826, -4.01259710461, -4.88089686337, -1.68454481912e-13
-0.499695065907, -4.01259708462, -4.88089687073, 0.0
-0.499695046261, -4.01259709084, -4.88089687335, -1.68454313373e-13
-0.499694963432, -4.01259708279, -4.88089699412, -6.06433478958e-12
-0.499695073305, -4.01259710244, -4.88089690339, -3.36910339799e-13
-0.499695069629, -4.01259710693, -4.88089684753, -3.36909002109e-13
-0.49969506638, -4.01259708603, -4.88089687073, 0.0
-0.499695054643, -4.01259709085, -4.88089686751, 0.0
-0.499695068604, -4.01259706804, -4.88089687606, 0.0
-0.499695061357, -4.01259717241, -4.88089687214, -2.02145553975e-12
-0.499695099867, -4.01259712405, -4.88089691079, -1.01072912534e-12
-0.499695071372, -4.01259740528, -4.88089686698, -2.59420688442e-11
-0.499693593346, -4.01259709184, -4.88088213496, -5.55083034061e-08
-0.499695078172, -4.01259678212, -4.8808968569, -2.3246395172e-11
-0.499695078967, -4.01259707646, -4.88089689519, -1.68454906312e-13
-0.499695060507, -4.01259708322, -4.88089689083, 0.0
-0.499695058515, -4.01259720921, -4.88089686877, -3.87446041223e-12
-0.499694762155, -4.01259707983, -4.88089686805, -2.32463597032e-11
-0.499695063119, -4.01259708435, -4.88089686039, 0.0
-0.499695058315, -4.0125970818, -4.88089688106, 0.0
-0.49969515276, -4.0125971139, -4.8808968648, -2.18991903904e-12
-0.499695063119, -4.01259708304, -4.88089686425, 0.0
-0.499695074628, -4.0125970807, -4.88090229922, -7.43317572293e-09
-0.499695063119, -4.01259708435, -4.88089686001, 0.0
-0.499694087539, -4.01259703193, -4.88089710485, -2.55541842985e-10
-0.499695065552, -4.0125970957, -4.88089686705, 0.0
-0.499695063119, -4.01259708427, -4.88089686201, 0.0
-0.499695064589, -4.01259708428, -4.88089688925, 0.0
-0.499695063119, -4.01259708435, -4.88089686001, 0.0
-0.499695064154, -4.0125970455, -4.88089687761, -3.36907968442e-13
-0.499695047524, -4.01259709656, -4.88089695628, -1.68454544086e-12
-0.499695063119, -4.01259708436, -4.88089686066, 0.0
-0.499695063119, -4.01259708435, -4.88089686001, 0.0
-0.499695063119, -4.01259708435, -4.88089686001, 0.0
-0.499695063058, -4.01259708432, -4.88089681617, -1.01072139009e-12
-0.499695063385, -4.01259708339, -4.88089689086, 0.0
-0.499695063119, -4.01259708435, -4.88089685914, -1.68454016053e-13
-0.499695063119, -4.01259708435, -4.88089686001, 0.0
-0.499695063119, -4.01259708435, -4.88089686001, 0.0
-0.499695063119, -4.01259708435, -4.88089686001, 0.0
-2927.58158087, -2548.54430093, 3127.99319003, -3.35207435714e+24
-4045.09347548, 5801.50473352, 1587.49610583, -9.58650625539e+25
5352.35886883, -1198.28907233, -3952.02578301, -2.30676556017e+26
1999.28605887, -6029.05806765, -1147.62324522, -8.50463701177e+25
623.457808651, 148.162286246, 1047.09335322, -1.94304075093e+20
-3839.7506189, -1970.89767077, -2420.3032835, -2.04919887293e+25
-594.793789511, -238.310830737, 7044.07950728, -1.77241189331e+26
-833.265254667, 6798.28288148, 175.523112055, -2.7490234061e+26
6788.94654507, 2530.9891454, -965.714922572, -1.78854838472e+26
2615.42312588, -4311.95614211, 3698.34224477, -5.95094436249e+25
-352.56787965, -1695.22114021, 3465.78417506, -3.80267684693e+23
1086.16160691, -2404.56748748, 5167.29051536, -8.03570292139e+24
2416.7938541, -939.523574785, 4502.51704376, -1.21514957217e+25
5466.80333346, 1601.82480783, 347.163116186, -4.12947138658e+25
-4380.28200169, -4407.88779204, 1201.11323962, -3.52787815212e+25
2668.14311133, -3691.80736658, 5234.6037714, -6.75366318777e+25
6873.74671698, -994.540807311, 3007.89372688, -4.60523896765e+26
850.9212058, 3516.61108461, 3547.37430883, -2.48700143591e+24
-8302.25832429, 2170.23912547, -2320.27472237, -8.99929135071e+26
4375.40378103, -2340.67255852, 255.294172899, -2.1872784024e+24
-3672.25739335, -2122.09085157, 701.175650287, -2.04726745113e+24
88.9570541185, 1565.53340827, -2762.59133818, -7.05710355804e+22
-3207.74756389, -899.744138559, 2730.3265735, -3.57632539278e+24
-4730.56380188, 3528.01416742, 4324.8820006, -3.67674140021e+26
3832.67726415, -3780.23903017, 6769.06998596, -4.04828435199e+26
2977.3056732, -5003.9105246, 6876.60133881, -5.42777865274e+26
5260.13453568, -363.11287522, -3424.31101424, -1.03523383087e+26
3241.45728583, -234.097125331, -4440.35732223, -5.75712457911e+25
2201.99605864, -1207.84021946, 536.040106951, -1.74949774426e+22
-5866.68243915, -1729.7797701, -63.5421602328, -6.35441903104e+25
1711.73697854, -65.5726764413, -745.549587638, -3.84622051788e+21
-1408.28960444, 2150.08640797, 3870.05111719, -1.04844541152e+25
-3610.70734362, -235.601313701, -502.390358605, -1.1529284782e+24
728.536862619, -2534.87442093, -741.781259827, -6.56875875965e+22
-47.75927712, -3047.4204428, 522.917829948, -6.22042392653e+23
-1525.77382925, -2994.63100244, -2004.71982028, -4.49321835798e+23
-260.919224636, 6932.76958189, 365.984800862, -2.94627777905e+26
-1220.59996341, -1276.53389965, 2971.35322079, -3.33799515632e+23
-404.121405414, -2990.19911313, -5338.99868975, -3.44015571657e+25
-3243.03126128, 6519.46306581, 2062.20842327, -1.60108487802e+26
3348.97366274, 119.560511767, -2640.33662402, -5.01272279306e+24
-3354.08011643, 4484.6914111, 3414.55651498, -6.97980212609e+25
3599.0186654, -901.173910974, -2783.02559573, -1.19006263564e+25
617.067866985, -5619.24859231, 6251.68242091, -4.77049292845e+26
739.471626453, -2503.5743143, 275.256592783, -1.34404995364e+23
-2737.31914863, -7648.87697887, -1027.73602149, -5.61579730889e+26
-1886.73384054, 1497.39573716, -225.624690166, -9.83949189843e+21
429.972746033, -414.393277563, 3028.32820648, -1.05259983477e+23
-6047.33498856, 3801.56245899, -3603.68025077, -2.81202743405e+26
396.724701605, 4148.96598775, 6948.66635172, -3.17780527176e+26
2471.21937169, -1270.04687157, -2785.81037728, -3.91063109336e+24
-2722.7949603, 8038.47257308, 4872.0590945, -8.24839801696e+26
3828.89053482, 2847.36072736, -7535.74613291, -9.02552214928e+26
-112.887402832, -6890.65531464, 3719.8865849, -8.40021328935e+26
2374.01497341, -2401.7757798, 6807.77741975, -1.08008227179e+26
2.5847850584, -170.503585621, 5260.49083919, -1.31431288572e+25
5596.13133133, -1962.45796327, -858.705942731, -1.59855021417e+25
-3144.950647, 1899.23960459, 391.780377839, -2.22478935942e+23
5767.10556546, 7104.64382907, -1347.05725174, -8.97165660652e+26
3629.43856805, 1400.58839219, 2317.02414635, -1.14129855233e+25
-1801.17534794, -177.164308559, 2459.84102759, -4.36287441363e+23
63.7117537836, 2714.97848786, -3652.94073316, -2.05089327887e+24
5722.17136437, 8083.82443155, 6292.75727535, -5.14133244306e+27
3331.9104763, -2140.07837938, 1345.29744524, -1.14470165146e+24
-3547.1488124, 4122.33162445, 2162.75354984, -1.83019024928e+25
4261.46821889, -2122.61046059, 2332.09372757, -1.25764619746e+25
-2853.70636734, -1039.66626235, -614.21242106, -4.12203636867e+23
3981.30695322, -1373.64462791, 105.469900994, -8.59560152341e+23
6625.58600601, -471.991609993, 3353.24975685, -4.9808465197e+26
3718.72259208, 356.192245978, 7340.87268367, -6.36612868356e+26
2136.26827382, 255.939264493, 1490.11540785, -1.49991281233e+23
-2082.56955563, 2893.07820416, -2495.61907056, -2.95145272169e+24
-7282.82352973, 4887.31589461, -7652.89644464, -6.76517837976e+27
-7337.17284409, 2931.11021849, -1074.75114089, -1.62082195074e+26
1656.01454784, 835.975810362, 781.94987587, -1.47624292529e+22
-1330.00599795, -3844.69495271, 5025.97798768, -3.09491855951e+25
-462.352213598, 6896.32913915, 2806.93360505, -1.41792311724e+26
-919.16188907, 2898.84592179, -2823.00277582, -2.2314075615e+24
2306.53003495, 2239.62258908, -5864.21113459, -7.51799623065e+25
-1262.5206072, -1461.17439086, -1523.54624214, -2.82037942796e+22
4312.1938556, 5880.5771271, 1636.03277901, -1.5982119597e+26
1667.57948384, 3468.23365319, -6644.02009316, -1.09475978676e+26
-4309.18301599, -5365.40484453, -6006.24872264, -8.94573615658e+26
-2886.20356825, -6358.02330483, 4952.53255835, -6.10642683758e+26
1515.63613443, 3477.98730777, 6387.50085246, -1.29676618221e+26
-5529.06226376, 1802.95765663, -6715.58599652, -1.34835264788e+27
-727.758099628, 3352.88969841, -2628.46421568, -4.70076711484e+24
3374.93156311, 260.997646459, -584.219120596, -3.52114605818e+23
5356.85404569, -1780.12293817, 2777.96995472, -7.33921298872e+25
6057.33533923, 3739.4299208, 3028.34406393, -6.11628644256e+26
5388.44912523, -3445.66014437, -2952.6025855, -1.58324358766e+26
-4644.81000547, 6509.27567327, 520.015753762, -3.06257184387e+26
2682.85583835, -2935.47734756, -4042.41972406, -5.12194076875e+25
7810.05801942, -5059.75436934, -35.2104191229, -3.1494916352e+26
-4195.1731255, 1660.12018289, 3895.87828806, -1.00846748124e+26
6720.58493802, 2488.05773816, -5518.5285516, -1.02881718291e+27
-7775.67123837, 1522.35044585, 6165.74690349, -5.79381594416e+27
3359.07036155, -157.712303988, 7055.65731466, -3.66089118315e+26
-839.408285046, 3380.92039864, -4852.48648244, -1.67305559351e+25
2321.55333238, 1948.22666724, 5540.77078172, -5.7854906032e+25
-5278.3480913, -247.185568129, -2055.87293518, -5.94360480784e+25
-5737.67134409, -4182.71554035, -2089.38881817, -3.31545579568e+26
6608.02777098, 3271.61777621, 5213.35540236, -2.54736891469e+27
-2803.46574928, 2589.59340907, 5498.71260424, -2.56330286084e+26
-589.549572801, -2690.95930407, 105.175417873, -1.73407064131e+23
-1056.06326903, -2548.54962476, -2158.36753684, -1.35495574206e+23
-3638.57553023, 4395.94108722, 6358.06712582, -1.35981098726e+27
4548.12630591, 5761.67385453, -8228.40095785, -2.00480540192e+27
-6146.39753719, -1528.65160482, 121.204073657, -7.66242173072e+25
7671.76027291, 755.249153817, -161.382317376, -3.17018037672e+26
-2430.29214498, -2809.06380069, 1345.86303388, -7.44589814308e+23
-4264.1594685, 1851.69739645, 978.390760757, -2.89703742174e+24
-2854.1934934, 3190.63331728, 1019.03870125, -1.42454396279e+24
304.6463214, 7394.54232133, -4313.62089811, -1.58523197271e+27
6955.43152664, -2122.65718283, -3514.22745885, -5.98616351766e+26
326.803182269, -52.8106613952, 183.128089469, -1.96040545732e+16
1659.23410108, -2498.0352493, 4835.57018804, -8.9749369728e+24
-355.191513278, -705.197505876, 1807.05898112, -2.82867829802e+21
261.728251167, 998.587864193, -5325.63807614, -1.23976108176e+25
4492.27095241, 2172.06244018, -6162.53137017, -4.54856552845e+26
-1370.21177464, -6423.82425706, 192.931723603, -1.80093358782e+26
3191.19650399, -298.908287317, 993.066464945, -6.25846695669e+23
5224.35319066, -6038.49875133, 722.884606642, -3.006277131e+26
-2440.89396302, -910.903983621, -1600.19137301, -4.99125079174e+23
3629.39008063, 1303.09994859, 716.595235365, -2.63987700819e+24
-567.013139122, 63.8767760471, -2665.91107785, -4.71801167613e+22
-6526.74147247, -3719.51193796, -5742.21878684, -3.31275226755e+27
-2677.84903034, 3088.92418913, 7578.60182194, -1.75266257097e+27
-7395.91841904, 1329.93295158, -2735.60006, -5.92483731406e+26
907.569114125, 2139.76122046, -2171.3368418, -1.54222093729e+23
2745.22467944, -5885.64038494, 1671.6803588, -2.06225672058e+26
34.5683406934, -490.21282226, -1557.66671202, -1.49372485903e+21
-5401.60735094, 2430.8084312, 416.632271153, -1.02788861677e+25
-1764.79132609, -1310.81780045, 2860.66884974, -5.48137176403e+23
7336.44617071, -2679.9088243, -4834.40970209, -2.29728158908e+27
-4477.85043883, 5916.94598589, 2335.74374355, -1.4892845797e+26
6477.01454542, -7870.90234085, 2108.82646934, -3.14619931581e+27
6592.04125884, 2771.78418866, -3913.06534815, -2.76397427268e+26
202.081417824, 4676.78253376, 7144.84934128, -4.67468262505e+26
6246.7568396, 3454.76167909, -283.188241887, -1.7288073777e+26
17.558524498, 1505.43501312, 3114.43618777, -4.90013385917e+23
-3442.51188375, 1738.23103035, 4809.774039, -1.55125952808e+26
1977.22216477, -1697.65721, 469.016068013, -2.69985008741e+22
-6447.60356025, 2109.5470582, -4109.97318191, -5.39397624467e+26
7854.94860344, 4882.38391812, -6177.86048457, -2.48722594618e+27
2578.97414217, 1587.5369696, -1194.53195125, -1.2243006485e+23
-1814.91708298, 412.822583788, 5683.16578642, -9.17745808976e+25
-614.979317051, 421.152334606, 860.390057367, -1.90957049752e+20
694.628157586, -1277.90913588, -1223.0307929, -3.9692174954e+21
-92.2874956825, 5789.48900395, 1914.49211213, -3.9592885179e+25
-889.098522041, 965.351988562, 1974.50686643, -5.92502115309e+22
-4355.77405421, 2487.50380235, 5842.09952988, -8.82121139694e+26
4909.8959886, 2512.67059608, -5344.93189031, -2.6176817641e+26
-6090.92935141, -1280.68544419, 363.147794645, -5.93850330143e+25
-3050.29977985, 2843.64293488, -7490.84713937, -3.20100220308e+26
3146.92579691, 4473.08299621, -1048.2611465, -1.83360955264e+25
3354.16602943, 18.2656784168, 1018.11952137, -1.05712529408e+24
-302.103579969, -2647.56509932, -2185.15827851, -9.38441537514e+22
3203.60693844, 2008.85873849, -6025.59750878, -1.77115331556e+26
4352.30161382, -3045.48486344, 347.355483139, -4.18291661328e+24
2045.56764626, -440.391080832, 1367.37690841, -6.8623536974e+22
2808.98411864, 604.33203003, 4919.30555169, -3.95657514771e+25
4555.89954439, 62.5341296444, -4670.06884149, -1.89005115498e+26
800.140919701, 4533.21224962, -3000.92797789, -3.46618278823e+25
768.384837423, -5543.02209742, -1136.3864683, -3.73279423865e+25
1415.14746897, 5245.88485498, -1976.50364633, -6.67113814835e+25
-2760.79917693, -3024.17147994, -236.254635525, -1.47852444801e+24
459.955090796, 2426.95132207, 136.109851132, -6.38387993471e+22
-4598.3893415, -541.223501002, 2128.61865276, -1.01793091132e+25
-1781.09991824, -1138.45898535, -2174.88334191, -2.99705897673e+23
-59.8074697283, -2091.39743625, 2967.43398856, -2.9499521495e+23
-1836.36184238, 3503.96074286, 2774.97589957, -5.06831499132e+24
-1258.15878662, -4780.30017962, -2942.22595535, -6.75288474285e+24
1068.22102012, 1379.23243463, 3440.6533656, -8.78587912814e+23
-191.562670994, -8274.05284505, -3887.82613497, -5.34127420373e+26
6565.53057979, -4196.09988966, 3015.71525064, -3.22137727786e+26
-593.803688072, -6344.69380906, 109.983814841, -1.60685281322e+26
-183.326390206, -5095.85753788, 2180.18789804, -6.09062774594e+25
5552.45773903, 6952.52872548, -7644.50861465, -3.15451639203e+27
-3018.05264339, 1004.74840167, -2360.10647198, -2.22487749264e+24
4015.4633934, -5901.96001581, 2733.57563198, -3.7953478661e+26
4406.79998799, 5645.70931794, 3191.9099509, -2.42646309493e+26
652.517752867, -1269.28242014, -1295.88867732, -4.70426387455e+21
-2809.08941683, -5843.74735529, -660.374260205, -7.53378522406e+25
171.773777713, 5523.71260419, -702.169509427, -6.66531258706e+25
-168.37615412, 4039.33778442, -6992.98649629, -1.23990094788e+26
-2299.10802309, 543.404483866, -215.25454034, -1.47832030891e+22
-1349.59795297, 2872.72127095, -8092.1510142, -2.17235968021e+26
3834.2940712, 2285.32903112, -3628.15806731, -1.71153459182e+25
1076.03671075, -4331.10647671, 2564.1414113, -2.62273129132e+25
751.86995665, 5116.44766762, 5127.04694763, -4.8938448512e+25
7284.4625103, 1453.38988501, -4520.36348491, -8.45316257842e+26
-525.508101835, -1041.6729174, -796.345642529, -1.2357207237e+20
6486.31019086, 2368.5669404, -2545.14331642, -1.22058531841e+26
-18.7417888054, 5396.55392842, 92.1941777103, -4.22148329878e+25
4465.66153844, 1664.34711073, 2266.98408685, -3.81240014506e+25
-9.60950439068, 462.641744709, 2427.84974839, -4.15792655409e+22
-2892.78467859, -274.365043451, 1184.34263557, -1.9553836539e+23
1068.78778505, 7615.58404999, -2190.95998243, -1.14287521879e+27
-3179.6467968, 8539.46595364, 1880.45892732, -1.3555145167e+27
4668.74867211, -3110.39601764, -3180.90279793, -1.02744785889e+26
681.732783192, 3996.44934184, -1525.74904022, -7.7525558731e+24
-2422.05642131, 124.174797063, -4483.80792966, -1.38560730572e+25
1211.78858786, 333.769533704, -2642.77420858, -2.48110217661e+23
-1309.60522959, -2066.76883947, -6667.85588222, -1.21317663994e+26
4304.16306417, 1123.21305674, -5822.80584112, -3.73981995573e+26
4680.20336969, 4448.57385548, 4571.96901716, -4.5040581464e+26
-951.42667159, 5690.84834498, 605.24935635, -5.74972219689e+25
-4562.95337653, 4609.81261164, 1424.76723926, -3.59345467491e+25
1767.63901105, 6149.73904102, 316.042428535, -1.10460693633e+26
-2529.70089316, 4094.85812206, -2907.74033147, -3.04376995339e+25
4086.04352414, -3169.67752981, 2094.51204843, -1.31896991418e+25
-1367.76913768, -4573.63851059, -3218.50286203, -5.83224524487e+24
2990.63003484, 665.456208355, -2121.40228298, -1.06191999139e+24
-576.652166011, -2386.88707587, -5606.09837675, -3.86332851124e+25
2062.27829672, -5224.86163687, 4044.87296973, -1.8556337426e+26
2553.89816924, 4598.04515799, -5121.83436697, -9.14955814945e+25
-2400.12638102, -1031.13702491, 112.963671325, -6.03120612006e+22
3566.72203236, -424.601286857, 2212.98089489, -5.28834321449e+24
-5889.78517128, 263.684779337, -3373.36573732, -2.61668838294e+26
4696.64982809, -8073.48394779, 3608.47865491, -4.00581947288e+27
-4146.94682372, 6823.90087579, 8228.88298694, -1.02353237804e+28
3102.968185, 753.478060735, -1325.23465571, -3.54105641353e+23
-4921.98382267, -5305.02443378, 1408.71175426, -1.24278001278e+26
5749.3762746, 7414.89649739, -3906.07821062, -1.62264638794e+27
-2760.71087588, 1885.99799391, -2136.90250271, -1.11902100897e+24
1297.56156959, 2667.51397112, 3893.89799195, -3.7168634264e+24
3429.50313396, -4633.43076897, 3197.58160097, -9.24808580263e+25
1280.93494637, -4339.24717904, 3783.47300493, -4.56110443863e+25
5888.47553862, -765.771849422, 248.759228185, -2.79517245733e+25
-302.142450068, -5385.34727706, 7821.42324175, -6.12557187992e+26
15.2872571867, 903.276033928, -614.33821705, -9.5333391309e+19
637.339791819, -871.684816766, -148.565254252, -2.79120602433e+19
2307.69931643, 7115.53384055, 2172.40903911, -2.33218135259e+26
-6993.62445823, 3497.04223662, -1446.46458167, -1.45980197272e+26
-3954.11412579, -1434.97842231, 449.531376055, -2.42867555493e+24
-4442.54838004, -2472.64584513, 6178.93360156, -4.19643421041e+26
5338.10831187, 2743.58517887, -7068.81649714, -1.44075732759e+27
-6635.99879867, 6295.40685989, -2008.22195037, -8.59436981044e+26
-3115.24422187, 911.626113083, 3083.40583482, -1.09092565008e+25
-608.875444066, -4611.41697241, 4247.15392605, -6.25014975089e+25
2766.71284198, 571.052236153, 3857.25136675, -1.26582471159e+25
3317.30315279, -167.33738593, -2867.52893079, -7.56623374697e+24
-5985.31298889, -1027.1872505, 4366.84612638, -3.2195066029e+26
163.087120235, 8051.76366025, -2446.55091428, -1.90206320287e+27
1083.88401367, 3464.81477476, 6402.42787404, -1.28375144814e+26
-2488.62500812, 1373.31530779, 3221.30615458, -8.25932655543e+24
-1991.46330354, 835.669412843, -2391.03144324, -3.49987500186e+23
-3451.84436541, -521.570392825, -287.695190374, -8.04747531524e+23
266.903848775, -3349.22904955, -1339.27639422, -4.43995752214e+23
-3702.77508265, -596.600272828, 5224.09399445, -1.56093257689e+26
-1997.48811492, -3674.4991273, 2369.87326509, -6.13496136572e+24
6110.18219257, -3118.43746238, 3702.92168374, -2.89167704859e+26
3069.4815904, 5592.70711617, 5427.84928642, -2.27180787659e+26
264.73983835, 1131.43182326, -796.892982062, -5.56495648351e+20
-4391.78105539, -547.91865088, 235.806777677, -3.60614313873e+24
-648.945632018, -67.4005110356, -6956.52058859, -1.06447695447e+26
-1600.50571651, 2297.1934129, 3040.00241415, -3.47466576994e+24
-4602.39957461, 7332.962689, -3062.36134004, -1.86144390726e+27
-2935.79445086, -702.069100996, 864.553503122, -1.58422003154e+23
-5023.83800328, -4809.38594165, 2334.20882209, -8.66826986096e+25
5624.56991531, 1315.06888679, -1494.32860783, -2.77930959796e+25
-6253.98864747, -7684.72786151, 2107.6240428, -1.77475974703e+27
6488.90714483, -6254.8684869, -3320.05100701, -1.01637787235e+27
-3149.74463265, -2196.3602505, -2133.20728274, -6.13426011616e+24
342.412338405, -18.252015241, 936.431678605, -1.99579829791e+19
4799.5019591, 2108.09422688, -416.667420911, -1.45225812298e+25
-1174.88783322, -2753.32815677, -5144.11213371, -2.21222080134e+25
-3465.81453579, -901.005416619, 3473.80179184, -1.42757553726e+25
-2175.38521005, -3700.41397051, 5392.69889458, -4.49798487807e+25
-2050.50003014, -1049.10252382, -1454.46481125, -1.73629725629e+23
-3642.44214747, 1954.01517725, 1281.8157936, -1.96830803125e+24
3995.65054052, 1242.98701282, 662.592797974, -4.6980764526e+24
-3884.49301003, -3148.62861609, -1705.92668227, -2.04554495051e+25
-889.096382485, 315.316763987, -1165.1286307, -8.12384565408e+20
3000.85793911, -4259.97020348, -240.239659432, -1.04939601633e+25
-1282.81837925, -498.549432426, -1406.80321038, -1.2355567026e+22
4329.50406508, 2373.95607218, -28.5558228246, -9.85097705332e+24
1854.5396228, -4049.70828471, -4732.29782984, -8.76465450731e+25
-5607.70458311, 7090.24308102, 2377.7378263, -6.32486844881e+26
-2174.99927385, 2217.71071734, -1405.62564363, -3.48663590059e+23
1001.16206601, -3838.77350334, 4377.88443171, -2.66668375303e+25
-1788.11482634, 3687.26903926, 1799.79963387, -1.79265511976e+24
3206.6146696, 1090.77966137, -7705.35618684, -1.07250248419e+27
-739.617748246, 4675.16734723, 2132.41744063, -6.30676797974e+24
847.752209331, 276.228967904, 2579.08601122, -6.40747767679e+22
-5583.83861054, 3193.80954787, -2489.31005796, -7.45445775214e+25
-2765.67000961, 734.853532041, 446.914426417, -5.54016790922e+22
5571.0041326, 5651.21385505, 1439.74860418, -3.90100494726e+26
6791.86937913, 3677.11640663, -102.028686742, -3.49054791904e+26
7441.24107074, -1757.72653452, -3904.04311243, -1.04005458579e+27
2419.16076703, -3850.93580343, -652.417443479, -3.46421144161e+24
-5233.57912211, 7008.67133057, -5552.55030388, -3.16142199456e+27
1630.93598393, -1818.74676379, 1407.91426692, -8.04865859854e+22
-4449.77347587, -578.358026675, -1046.06286154, -9.76941421454e+24
-2409.51763369, -2569.20559527, -2588.00893207, -3.23820126798e+24
-2615.47273524, 1962.61775037, 4544.12854404, -6.64976137494e+25
1510.65473805, -1821.82386756, 803.163328568, -3.6534007671e+22
433.847815235, 4587.04223532, 353.018909652, -1.00230532995e+25
2564.3859289, -254.400791863, -6831.31643852, -4.64866130281e+26
-4923.19274048, 4947.45192457, 2350.6723475, -1.06678408567e+26
662.480535593, -1361.82986072, 62.8551710164, -1.06201516834e+21
-1338.52171749, -1649.51420607, 1419.50485119, -1.76978907043e+22
-5551.18981269, -4795.57183266, -3623.54107001, -6.68449226663e+26
-175.646846066, 6396.59083449, 2485.36953107, -7.90622273481e+25
-1471.72140692, -5015.74091351, -3904.42536194, -1.49071629252e+25
60.832678163, 4917.90997028, 1288.42208618, -1.22426195123e+25
-4258.78503395, 316.474069637, 3218.05430853, -3.32214797374e+25
-7450.99032362, -5214.55826867, 1138.67004229, -8.77647859896e+26
2124.84488505, -12.0748800995, -833.027112027, -1.66411584645e+22
-7128.63001991, -4004.15860121, 5773.65101839, -1.30065879287e+27
-1442.37595581, 3640.73697254, -2793.97451512, -1.02917515498e+25
-4407.25754674, -456.542910189, 4298.94006388, -1.03480205639e+26
3141.33696224, -2902.25122474, -5865.53215972, -4.84123717776e+26
3975.33593605, 7488.56458647, 1631.29616372, -5.36602251837e+26
-2745.57147257, -517.653569308, 5821.00286605, -1.54770913714e+26
4638.27611726, -7864.96681686, -1990.78893047, -8.88018166877e+26
3608.99835245, 2094.50888441, 2792.14159256, -2.10918475838e+25
-1552.5511691, 927.148025927, -2620.26048151, -2.03784839907e+23
-3550.26505097, 1016.57621116, 4552.27352984, -1.04632992115e+26
2470.85077793, 5072.48209985, 4.59277355888, -2.85868954868e+25
1650.75711731, 7293.38049821, -8213.71359434, -3.45890350096e+27
-3159.00227267, 651.004030301, -3933.23442202, -1.80311206715e+25
1803.63460929, 3955.81703666, -2522.86481166, -1.08326371852e+25
-5665.64278604, 1843.83071543, 3444.21798079, -2.09337043653e+26
-3086.23804986, -29.3527258218, 2604.62724298, -3.5473489633e+24
234.276368516, 338.825578096, -37.0755893465, -1.72761324543e+16
1971.99755833, 844.984303951, -464.972478814, -9.2193962975e+21
-495.214148504, -4838.31197628, -1917.48546789, -8.19909742013e+24
3497.96391933, 2859.44372644, 2270.06354773, -1.53713730415e+25
1677.82822941, 5280.92813835, 2022.69725355, -1.90606057411e+25
-3573.94751487, -3302.17066595, 1004.35588201, -4.84532417626e+24
6090.01515625, -4258.18217295, -3469.18605438, -5.14122903023e+26
4863.47352995, -5228.88323757, 3671.44553658, -3.45406268213e+26
-4252.18033239, -2827.71051679, 3696.69999457, -2.64149811044e+25
-5138.58121912, -3465.80100531, -5661.95621224, -1.04628652232e+27
283.260434322, 2441.17689327, 7515.52906985, -3.92373390283e+26
2373.6322175, -7415.34022161, -1363.16708133, -4.47243678219e+26
3820.40777134, -2832.77577969, -1080.66920614, -3.1116787756e+24
-4138.79941077, 1311.00966874, 29.1880645955, -1.13294842944e+24
-5635.66216044, 4068.08952268, 4434.53495806, -8.18686909705e+26
-1146.06314826, 5906.59358665, -523.621957495, -1.16682792021e+26
-4006.42841879, -2730.42124733, 8054.24435949, -1.56290626277e+27
2559.76638472, 3679.71026463, -3377.46038917, -1.09506473163e+25
4466.06801814, 1800.11068027, 1553.06450984, -2.38555808485e+25
-1925.10572219, 143.989629289, -3373.82041178, -1.66692159485e+24
-1751.74865974, 1820.17882092, -751.018485891, -4.35625059433e+22
-2377.95236605, -125.641563477, 1351.81326148, -9.74004471346e+22
1473.99982779, -3654.02251516, 2925.7090526, -1.12186995575e+25
4097.41353683, 5267.10720398, 4013.9529761, -2.3118448425e+26
4112.10057278, -5713.20510064, -1984.08250385, -9.26082248437e+25
-259.336109346, -2688.67014137, 118.975118414, -1.75528505454e+23
5619.71854478, 4762.64334689, 2705.52757646, -4.63548896098e+26
-1401.80566245, -1433.46344921, -5317.75614312, -2.06365069943e+25
-1714.31104264, 6227.82480246, -5459.07214659, -8.19382617314e+26
-181.824402723, -5777.93888967, 2521.78914341, -1.69336885849e+26
-2157.82588218, -4223.3813106, -349.671277964, -6.06637233162e+24
2452.42757213, -3024.0065795, 2234.25273821, -3.75234303652e+24
-3294.80268843, -4963.65008559, 4901.51990428, -1.36226201281e+26
690.106185355, -8478.27699389, 261.442056493, -1.76344142331e+27
-2576.70530196, 93.3740887147, -5376.73442329, -4.24449012063e+25
-4206.99635681, -1033.30663496, 4092.33505896, -5.94605040178e+25
-4992.8995953, -4593.61054344, -3416.52605892, -3.36634485513e+26
8039.67486012, -6207.93744146, -3534.96131417, -2.74637733823e+27
4076.55755905, 6642.80971664, -4068.50441861, -6.79436450421e+26
-3234.77104276, -1826.16726252, 3895.64424285, -1.48726503459e+25
383.0447596, 2126.43834021, -4274.90861537, -1.9746609361e+24
4091.56894004, 3022.79371812, 2777.73150691, -5.26244190225e+25
6665.83385537, -3664.51512517, -2436.67170359, -2.76226558114e+26
-791.831233016, 4266.81360129, 1541.1973185, -3.5149438826e+24
-2507.87806583, -5400.77196465, 1886.01304118, -8.11045409258e+25
6255.44651248, 413.560499219, 2105.88367214, -1.94066633841e+26
-6042.794511, 2839.34635958, -4720.29591756, -5.40573605139e+26
6396.87357463, 5828.18935535, 1721.93899269, -9.31388378303e+26
3125.83911297, -869.016484377, 1217.93215267, -5.84526255062e+23
-513.626496044, 3616.00812543, -2382.79814228, -6.54060874336e+24
-2256.43673541, 2649.81862587, -521.731555599, -4.76355323278e+23
-2505.44903404, -5838.72048894, -1076.45592644, -6.38022959756e+25
275.981158306, -820.645149905, -3107.17119345, -4.30067997729e+23
3498.77275218, 2989.13754031, 3334.84152778, -3.72699673493e+25
-3776.53860336, 2374.63457435, -2537.63678986, -8.74079149239e+24
-7389.15674434, -1561.87194143, -3865.45733007, -1.81551092346e+27
-7343.67261523, -2497.98066526, 794.038701018, -3.28559824151e+26
-4129.09689479, 6928.92516922, 2231.98038618, -3.14719911791e+26
-2906.11501905, -3045.02671382, -5956.78700394, -1.72083581621e+26
2734.09185991, -639.404542805, 1224.91443512, -2.71874796188e+23
-334.466222736, -1896.84568757, 4643.46354884, -3.42368022207e+24
3688.90698307, 3907.90773274, 3390.80377634, -6.51052226152e+25
3821.59464714, 6133.75766334, -4605.46319703, -4.54059500601e+26
1968.09115943, -3871.77652634, 6280.03115273, -1.0324455524e+26
-4824.1004307, 2629.75384804, 7224.65703557, -3.41690383956e+27
1751.88355447, 6299.46446747, 1329.26042889, -1.00094457422e+26
1161.19618965, -13.9699570333, -2156.15571138, -8.14782575539e+22
-2144.34503843, 5418.82656592, 1052.73344422, -3.83484061715e+25
-3767.09789822, 2533.83675054, 5105.76164764, -3.19203836862e+26
565.100922615, 1793.34986727, -2046.81604774, -4.7642169486e+22
4193.13634436, 2512.33405287, -438.655342993, -7.18201719338e+24
196.305803877, -2495.71873242, -7566.29949463, -4.91294877366e+26
4107.63201247, 3270.81732233, -2715.78140083, -1.1295287739e+25
-1390.49344527, 2690.6390954, 1157.3398936, -1.42885930434e+23
4530.68609042, -7006.53065599, 1269.22124689, -8.27965540517e+26
-5191.35101322, 2292.81727223, 1015.14188009, -1.18051731372e+25
-4629.53329131, -2275.47664327, 5721.64687989, -3.23574936924e+26
4332.39380355, -771.467000834, 2071.17453599, -1.30872602254e+25
3805.55280837, 7425.13374909, 1662.2226498, -4.79088262214e+26
155.777157838, -3509.58962958, -1315.80611732, -6.6544338039e+23
774.194798506, 419.066106388, 1243.21048767, -1.05982313043e+21
6001.83541151, 342.096166543, 5104.86778009, -9.54628382361e+26
-5779.42310258, 377.953729397, 6597.40658542, -2.31203809752e+27
136.155336822, 3471.82412708, -5041.50685508, -1.83309167132e+25
2204.93252194, -1764.86728145, -4220.10565442, -2.98761122206e+25
7057.17068631, 2289.29020659, 2158.63133903, -7.07522886729e+26
-5192.10950024, 2335.29109803, 3103.73150168, -1.16888298737e+26
1742.26775831, -5879.386583, -4964.34558385, -1.89203174003e+26
-4198.8432997, -1364.80528652, 3586.32010783, -2.96634148286e+25
-1133.84424472, 1460.91200938, -3349.98769652, -3.79429014714e+23
-482.332995216, 3090.30624572, -6033.41228453, -2.7472409613e+25
360.164163067, 6965.33885726, 5902.31187959, -2.69725367313e+26
-6450.11057067, 5187.20994086, 3528.68095672, -8.48453417605e+26
4802.45785944, 1627.11221705, 1684.822988, -3.85899571323e+25
5142.05344592, 1491.29574815, 627.388997841, -2.96797601471e+25
-5759.52378924, 479.887999447, 3987.9749335, -2.70675023882e+26
-5995.55637208, 587.219879005, -1012.13045527, -5.39984629676e+25
130.239271894, 2408.21986179, 416.20214884, -4.82126620604e+22
-5617.3543282, 4370.16483349, 5698.3785217, -2.30458828434e+27
6305.44209359, 745.540661828, 3463.43088127, -4.98698158517e+26
-204.054950234, -3272.39966341, 3382.88911851, -5.01130020325e+24
685.248823994, 1421.99594415, 1476.26253144, -3.88963239482e+21
-2685.64629366, 426.368442437, -6484.46557226, -1.2636547911e+26
-2356.0214523, 266.638170092, -3486.54889883, -3.7659538523e+24
-3831.90447276, 3190.88024044, 4444.62381855, -2.04517651937e+26
-736.076708039, 5026.0575408, 3559.78447623, -1.63631904107e+25
-261.929186034, 1857.54538514, -4234.74946762, -1.27842082461e+24
-502.696422049, -2555.97751355, -6689.41681701, -1.55021588766e+26
1639.90142161, -6418.80564419, -2316.26066596, -9.70541748471e+25
1927.50467259, 1421.67608387, -1171.55413392, -2.01684843382e+22
4595.99476579, -5459.34891072, -998.98029261, -8.35094675811e+25
856.026091996, -2500.77788877, 1897.77929951, -4.71653619325e+23
369.736483197, 1969.02747448, -258.012256979, -1.70394815968e+22
7359.05335305, 1111.85749565, -5594.76841497, -2.03149377607e+27
-402.87786838, -3284.17127897, -1498.82762574, -3.34051461939e+23
-2276.95304782, -1155.57601631, 1420.50965775, -6.18576212933e+22
2877.2843557, 1008.51874265, -488.004402362, -1.69709886439e+23
-3534.41916385, 3425.30864076, 4897.55481592, -2.78081457639e+26
-732.568412212, 769.468926035, -3139.91940392, -1.36529449214e+23
-243.871911092, -35.0748000041, 490.324034153, -4.58034856405e+17
5995.38411226, -2056.89865198, 389.872541355, -2.50213206058e+25
-407.02099498, 4539.54068247, -1121.81089925, -1.83039682854e+25
265.324221463, -2590.46674333, -409.352727241, -9.1894664205e+22
-912.352211639, 6105.93001328, -3303.23840666, -3.50554628703e+26
3071.67208899, 6323.69235144, 300.97538114, -1.55795863103e+26
5893.02734207, 1680.38830997, -2077.7849669, -4.86536201196e+25
2677.72095914, 6875.54479445, 5071.79701224, -2.32042202502e+26
4422.50430411, 2269.5906039, -1024.68848074, -7.25667072831e+24
-511.573690983, -1258.03066241, 469.191302157, -7.2164711651e+20
4165.47748475, 3887.39654152, 1726.27356516, -4.23976257502e+25
-3586.21662716, -6086.0480266, 3730.0925557, -3.34097420953e+26
-2587.74292738, 6787.59525494, -3084.90564386, -8.30923500436e+26
1138.12747019, -2143.61471667, -583.347673197, -2.38510314544e+22
-950.15499398, -3055.84852417, -3338.88153488, -1.36674675645e+24
-3573.36702311, -257.007529074, -593.167260304, -1.18166854126e+24
-2501.51372833, 502.753047624, -634.335235798, -5.93753172576e+22
7293.73945497, -2139.55386921, -7089.06432668, -9.11952124903e+27
-5700.9677746, 798.396436077, 1654.00804597, -2.95088504669e+25
6572.65276047, -3961.73024148, 2263.52598468, -1.88433305793e+26
3606.67957539, 5778.45243427, 1095.85147473, -8.7849137677e+25
-713.597983836, -290.914410502, -164.133050058, -7.20960093192e+18
-4120.80244442, -661.557342195, 1618.51706545, -3.00883898975e+24
4862.39533726, -1188.42463075, 4829.992469, -2.35724877934e+26
-371.191260306, 3037.42625213, 3317.81894482, -2.31903720411e+24
-917.902586206, -736.853387089, -3647.02307654, -8.87666372742e+23
-4079.85683782, -5578.24129448, 1866.37797089, -1.24564999089e+26
1175.02301002, 337.821102897, -2318.61067119, -1.02291852314e+23
3299.83990537, -4102.27547684, 3817.21771398, -6.35729397232e+25
-3098.94032793, -5205.64873102, -1981.14507405, -3.58831693396e+25
-2188.98051854, -2675.1575099, 1380.44314411, -4.85468821931e+23
-408.292086832, -119.595966727, -2643.96556869, -4.67271306499e+22
-219.053174626, -6678.87719786, -6.69959164955, -2.36657863497e+26
2911.60734173, 1884.04536932, 7655.4945047, -5.680300067e+26
2318.00096348, -84.1665742972, -2092.0430216, -5.08615087568e+23
-2938.97414439, 2928.56722425, -3442.47220363, -1.17291644473e+25
-2808.70193201, -3538.71645735, -1161.29981228, -3.91999388359e+24
1171.17220014, 141.608272345, 3010.58223673, -2.71374946981e+23
3470.77555476, -1073.24773932, 4860.36549389, -5.94424839152e+25
-3246.9300483, -76.8483142577, -4655.79024907, -4.60543074803e+25
-2433.7789716, 2254.88106085, -3411.5290714, -3.99386244382e+24
-271.578919027, 6274.04448437, -251.813373434, -1.5975215035e+26
5028.4181015, 2927.62271294, 5478.58449079, -7.85488797204e+26
-3225.37185771, 2763.49774373, 3867.40746199, -6.12795623919e+25
4488.7189247, 2264.06334283, -1465.30245011, -7.54296517009e+24
-4264.15556997, -3909.85998293, 1244.57703354, -1.92490010038e+25
4186.43861289, 2222.44705411, 1621.39207184, -1.9941276785e+25
2296.63237185, -249.999063235, -1467.51830166, -1.35600301718e+23
-6562.5427713, -7339.1806182, 1456.92626499, -1.48510890998e+27
-5425.98674004, -2869.58407403, -6006.49264745, -1.45778974328e+27
-6669.89191234, -609.708295608, 1069.06885336, -8.35166804702e+25
-4137.176232, -7577.77099968, -1478.69094252, -6.20915639234e+26
-5507.74756522, 1596.64848063, 931.787849157, -1.42889846043e+25
-1093.31910097, 5806.78103107, 3572.44624313, -4.18177272567e+25
4730.13285759, -2373.50343265, 253.869080838, -3.78723020108e+24
-7916.83956433, 4169.62722024, 5057.81052784, -4.70314831608e+27
-2208.44617843, 2362.12241721, -4247.01030698, -7.82756269837e+24
5922.66016315, -708.488278858, -270.258683399, -2.45211751877e+25
-451.712027974, 1132.52319776, -7420.27435916, -1.39831007705e+26
-3419.05702573, -5847.78296692, 5662.35180134, -4.60176659646e+26
-4136.21694401, 3686.64237675, -343.521460263, -8.82121807887e+24
-3989.37094142, -3431.95750171, 2931.11629228, -1.28987227493e+25
196.422824529, -6700.53980175, -2864.10906065, -1.06967948673e+26
4599.08544929, -2006.40714912, -481.259348474, -3.02967232465e+24
1147.45285342, -1539.63912378, 3037.35615564, -2.44659391317e+23
-2411.27143354, 3305.8624267, 400.366033986, -1.30669976439e+24
2265.91159567, 1018.07062594, 4338.9416777, -1.23375601662e+25
-2847.14430102, -996.691271312, 1391.59997456, -2.20461237017e+23
-369.47556349, 1667.28302457, -423.983109379, -6.67627331323e+21
3926.48496022, -4314.78368431, 4236.14248342, -1.31976419097e+26
-555.828009104, -595.135875129, -3691.40036006, -8.27077091284e+23
1757.95744347, -6005.47004353, -5112.65231336, -2.30367031201e+26
4451.12930285, 681.102138528, -7425.7165505, -1.76864720418e+27
-5272.55233739, 6857.51675204, -4607.09613314, -2.16090353593e+27
4581.70662818, 612.089740295, -5931.69135647, -5.54424041815e+26
-5197.80221818, -1964.64822947, 3486.17721577, -6.08194081291e+25
7356.29535777, 534.451684912, 2243.12384245, -6.35921745447e+26
131.126266554, 634.586290188, 3895.26336964, -1.56050075616e+24
5471.34106465, 3546.09192107, -411.694968246, -7.24691715218e+25
2905.58056341, 6192.72003711, -8308.47601759, -1.66982280419e+27
-2867.08180996, -4567.56773203, -2184.13193632, -1.64464830363e+25
-3995.7444513, -2626.17093816, 6209.96979006, -3.13831685255e+26
-2205.57670002, 2998.1103739, -1545.15859817, -2.02743764677e+24
-4679.45975501, -8570.16129649, 1806.27598974, -2.71757665086e+27
3295.45471883, -849.862156282, 1001.44889171, -6.20905951091e+23
-1330.41699417, 1215.60791884, 6189.49889724, -1.50846551019e+26
-3000.73870495, -6922.12470014, -1114.95566786, -2.5850456649e+26
320.759021315, 1464.28374705, 6911.50446128, -1.61354020403e+26
-5362.35812667, -2433.37000054, 2122.50037216, -2.96122592724e+25
-4856.53212397, -6810.10056484, 738.943322487, -4.80529690667e+26
-940.936566923, 2641.87142539, 3018.88260663, -1.91727988332e+24
5404.96117543, 4872.33677704, 5316.84272923, -1.38031850568e+27
-1338.11041007, 762.413297679, 3198.38866489, -1.73609358002e+24
4632.90710251, 1626.21476885, 1318.33051094, -2.39228751785e+25
2462.54281638, -2313.1398908, -8255.58814085, -2.32984872097e+27
3446.32028749, -6273.464024, -4652.95979459, -4.50866793284e+26
383.726402658, 1834.79221953, -1342.1913835, -2.79591671225e+22
1974.44715816, 1464.80096484, 351.85974461, -4.32366385369e+22
3911.91064374, 1000.17850591, -370.826522654, -1.78355857402e+24
-379.146464907, -1037.23161929, -3991.90270911, -1.93758493763e+24
-1195.7855518, 4012.52681776, 966.068197333, -2.90701620229e+24
-564.330291808, 2376.9274125, -2278.89663695, -4.14667767887e+23
-989.347845179, 1278.08495558, 412.830416583, -6.65154604897e+20
-6612.24503523, 8221.71584519, -1020.82877626, -3.29519896059e+27
37.7055895649, -107.069370875, 6920.15464989, -1.19668286024e+26
-2542.77959739, 1019.80371821, 35.3641386481, -2.23137400783e+22
-386.725693351, -4629.02175354, -4633.33715245, -2.35622297904e+25
-1520.56802683, -1053.36249357, 5399.74099025, -3.35464209378e+25
-4078.6151461, -2600.43763758, -2448.07730819, -3.57418379598e+25
-4557.07169159, 4532.3593421, 6073.03048564, -1.80354808146e+27
-1229.60597685, -6322.83369131, 3474.17235301, -4.05427320068e+26
-653.691162622, 6043.25859536, -2302.08992143, -2.34531084006e+26
1015.92651657, -4131.34084088, -551.834703155, -4.35632913596e+24
6051.7029305, -3184.71268993, -2105.85401017, -1.10788604725e+26
-7019.7868564, 2044.72754642, -2335.82218816, -2.88674829267e+26
407.301509708, -3638.78780981, -3320.42382792, -3.30782850934e+24
-2297.59066454, 6196.67607735, 6535.56618613, -1.1678902012e+27
4044.68159013, -287.492861879, 485.169358214, -2.02284725564e+24
1524.67571399, 8414.15396704, 5290.73889635, -5.63849596792e+26
1715.62042422, 4204.13460971, 2899.66406082, -4.32993781935e+24
-3324.39269588, -6446.64192527, -5109.76121829, -3.0955833839e+26
-2536.50283617, -1714.40212327, -3673.4126254, -9.87871093118e+24
-1124.29367342, 2574.79587639, 5419.87950141, -7.97794135878e+25
-3101.16197175, -152.268763633, -2517.23354892, -4.1919411518e+24
1035.25807462, 1794.33763798, 3810.877245, -1.98153108851e+24
-3136.70997355, 3901.19911515, 2796.44497211, -2.26123750653e+25
-7538.21786281, 1641.49103995, 2274.03742486, -3.1442583208e+26
454.726425163, 2855.08887774, -6012.15636933, -2.81296973814e+25
-607.401824926, -5279.94518472, 1180.59392041, -5.43403692062e+25
3549.31416737, -3188.73924749, 8403.64416938, -8.74497152288e+26
-487.287781582, -7940.11647449, -1938.38974109, -5.80197319588e+26
5988.40370551, 369.975278214, -2918.16779821, -1.01420030715e+26
-2533.19722964, 1127.92297556, 1473.89094295, -3.41508084492e+23
2835.24410059, -536.914978715, 1484.71446602, -5.27232522533e+23
3910.88179845, -3934.70819118, -585.037341061, -8.77122006872e+24
2798.73986132, -807.087376059, -178.226565902, -4.99541184643e+22
6870.16709252, 3147.32201742, -7846.70182698, -5.20046707123e+27
79.4315445835, -2691.33039354, -3287.46407829, -1.39426515445e+24
-1279.91165409, -5398.79935319, 3177.52190452, -1.21459887498e+26
-2325.59214167, 3529.24650255, 3139.60569383, -1.41106241868e+25
5591.22861539, 1642.66914374, 1588.56845908, -9.68456274304e+25
-1087.75151691, 1972.46764187, -5678.86468774, -1.33597643905e+25
4890.52339262, 4177.51579745, -4267.70030746, -9.70272968506e+25
1086.37884658, 5877.92137904, -808.301984876, -1.0847438837e+26
5205.85888829, 1424.0490748, 916.208316306, -3.72444434001e+25
3894.3589308, -3252.59942773, -1372.17879034, -6.36520027444e+24
-1875.30389248, -311.216617128, 3914.01291343, -6.76382893486e+24
-1743.63494115, 5299.01526065, -2955.12761974, -1.32857444107e+26
-5350.61392312, -1826.69375705, 3065.88929006, -4.92487969162e+25
-7291.7407051, 134.668544776, -6473.1513309, -4.86171955636e+27
3553.36727552, 5311.01935847, -7204.71394014, -6.58426140768e+26
-87.740349365, 1420.6378444, -5609.03804037, -1.38121284646e+25
2112.03077245, -913.330961288, -2772.0068875, -2.12378864945e+24
-62.5550316108, -3568.20650324, -1187.41793182, -8.11860963881e+23
-3008.87530359, -7033.87725652, -6513.55720494, -6.74932851837e+26
2897.57160686, -3494.97511846, 916.883518799, -4.72691096739e+24
-2058.25865252, 4172.64788095, 2466.80721873, -6.85493323522e+24
-1535.0176186, -2169.45369793, 838.316277961, -6.72995849851e+22
-1769.68638905, 1797.30875915, 3687.35407043, -9.67110969077e+24
2631.32345829, 4318.55339447, 1157.47879008, -8.10400924765e+24
592.070717722, -3660.72438165, 1095.61743604, -3.73227965273e+24
4336.32080825, -3317.1054199, -5244.69261943, -6.23440904495e+26
-386.242626476, -1472.84846954, -5796.23071644, -4.00650011683e+25
-3739.81452792, -256.536235837, -8439.393405, -1.34254098533e+27
2749.46674244, -6424.70523529, 3285.15593641, -6.18449158692e+26
-897.913276833, 2968.29281721, 1005.27853175, -2.2127956747e+23
-2136.43887313, -1714.68938432, 7049.14953569, -2.83786148021e+26
7338.05914536, -3579.3742811, 141.611176871, -1.18133813906e+26
-1150.4632506, 4983.14035206, 3290.19186084, -1.59558535617e+25
-1867.87655204, 6878.45611317, -6514.96902063, -2.04705036033e+27
-3268.45870385, -5500.50058223, 440.877746974, -6.87032931498e+25
-1931.48697938, 1597.70989116, 1465.93334344, -1.55526063634e+23
-149.456134819, -2996.59894351, 3417.67733524, -3.00849407537e+24
684.46171603, -779.001479831, 861.407168533, -1.81474865288e+20
7942.98058441, 2276.93991245, -150.44473805, -6.53158292696e+26
2994.36589712, 166.006924676, 1518.84577809, -1.01646299538e+24
229.593162859, -4719.36542806, -5774.12402154, -1.32246970803e+26
2046.71615858, -991.463789695, 2018.26376139, -2.02334804803e+23
414.882710218, -3027.68261343, -72.1962859847, -4.27098822182e+23
-2272.54476103, -5985.96380148, -2685.79222838, -5.41823043204e+25
-444.789752739, -731.943095916, -6493.53870593, -7.70467977294e+25
4211.56317881, -1925.56876991, 228.585170936, -1.42033053472e+24
-902.649060781, -2428.16500264, -4507.99730212, -7.58979069453e+24
-5880.72423204, -1072.32803608, -5337.11851149, -1.10165685175e+27
-2150.15925935, 8211.48282352, 2038.03412628, -8.55587461716e+26
2687.85533811, 2644.46182661, -2376.46686266, -1.20950186941e+24
3737.59567823, -4087.92912286, 3025.15554109, -5.06798461829e+25
98.9305573558, -4030.18972321, 1522.77602245, -8.70928387457e+24
996.15351017, 1906.38849244, -746.931903021, -2.13612484865e+22
-381.3870217, 4628.39290754, 189.777584966, -1.21091757009e+25
-7532.3972318, -3727.94299169, -1983.40089616, -1.44007559605e+27
-26.6472416357, -8127.85876679, 6182.44460076, -4.66967261773e+27
-4250.91345141, -5646.32475893, 580.06827986, -1.17457768143e+26
-755.491240422, 1413.9074839, -5875.31210656, -1.74774235122e+25
4759.17779854, 3326.02014365, 1827.00551673, -7.3810918564e+25
-1425.37588494, 460.295483519, 1458.27194198, -2.50851750779e+22
4129.72998677, 3332.8257773, 5753.72643739, -4.58117141923e+26
6530.75091093, 3872.32946885, 3174.69758596, -1.03317311374e+27
6247.36024856, -7141.56124849, -1396.47862323, -7.70110111022e+26
-226.983625866, -265.417152708, -3260.85671102, -2.91354123132e+23
-4372.52609152, 2421.62561911, -1910.79340266, -9.94088393764e+24
-2469.38445508, -409.795210879, -6611.05788837, -1.36946321193e+26
-338.662897018, 4514.60421769, -87.7313478154, -1.11653049918e+25
1116.93093221, 607.041777328, -369.016467151, -1.21315132009e+20
3206.51525689, -7259.05843566, 3105.73678324, -1.42263295778e+27
-8106.55279765, -5619.21720596, -2502.67295218, -4.28091914472e+27
1435.89093148, 2848.76958434, 1487.5253843, -2.21911957566e+23
1765.5185721, 3507.9098581, 6475.62432804, -1.52266779892e+26
4375.48088752, 2089.55443498, -501.471099445, -7.23753444757e+24
-1069.19558285, 7934.41613864, -3134.58532827, -2.15703929901e+27
-3742.54557009, 2677.33593606, -2942.73170153, -1.40132111836e+25
3748.80678555, -1693.81188213, -7578.60663771, -2.2202930043e+27
3125.85688977, -5158.04362942, 2790.89839358, -1.36682791958e+26
-363.744811176, 6176.85674587, -581.086931311, -1.57687476124e+26
7173.29382769, 270.979636764, 5468.70638195, -2.8389983618e+27
1261.3015633, -1157.85779862, -2937.77765612, -1.14140479237e+24
5015.96740321, -570.22292399, -398.840371732, -6.34842295867e+24
-2803.4630024, -3630.03315983, -227.096471371, -3.52624563497e+24
608.512789231, -2219.67509038, 1617.59466333, -1.6233200015e+23
-174.113677965, -1438.50463588, 168.025442221, -1.3433058069e+21
5414.55166076, -2439.45968819, 452.578847277, -1.13808027968e+25
-4073.17180795, 5070.47007233, 4878.61250276, -5.72372048391e+26
2095.9280019, 1174.82509567, -5736.69584328, -7.43229029856e+25
6891.52586003, 1824.69080144, 193.110851968, -2.24221396766e+26
-6844.1593707, -7718.32957891, -1259.5951726, -2.5626310379e+27
2348.31560473, -1192.16506262, 2237.5752348, -5.36406413237e+23
1656.77476094, -6715.48035774, -952.644502056, -2.09166459715e+26
-593.030401011, -59.8015230894, 4483.57364338, -5.8972253593e+24
1675.56863925, -6654.7253181, 1905.51520051, -4.61255171463e+26
3924.69302925, 2510.62077601, 6379.13561521, -5.15028373225e+26
795.251212902, -1487.16924788, -1132.57768329, -4.71994304105e+21
53.457004762, -4368.69237959, 1677.60149828, -1.67098177752e+25
-592.094590439, 1725.87374995, 3560.92951256, -2.45070353251e+24
65.44548761, 635.417419529, 7688.14397743, -3.29679690216e+26
7568.7538475, -5875.53474513, 993.742077916, -6.02144450359e+26
-700.631673663, 6424.02082049, -2669.94088096, -4.08017540179e+26
1514.40403079, 692.227022792, -4604.29211019, -1.20907126173e+25
1820.70960264, -2723.1486598, -3998.27526843, -2.20785826767e+25
530.907920099, -329.148038697, -4449.83963631, -6.0796564993e+24
4455.36473871, -167.061532796, -226.086749587, -2.89139156656e+24
-7301.74592045, 3946.46997344, -2319.56950809, -3.51040134734e+26
639.923648498, -3202.48244259, -4182.45493926, -1.30270147881e+25
3547.26432676, -324.919157817, 3363.02501758, -1.78748789022e+25
-890.454328027, 2318.41333813, -1564.93693455, -2.33323219549e+23
3130.00092567, 5813.33746442, -598.38050759, -1.03556677016e+26
545.19711809, -4835.83110014, 5529.72606589, -1.51793071212e+26
4924.40948, -2101.30497547, 1818.50794145, -1.8087874399e+25
678.166820539, 2841.60138502, 6622.08895363, -1.49618498874e+26
2950.08176844, -4123.13048973, 4480.46315645, -7.81313509656e+25
642.338045286, -1228.68998664, -7471.12794623, -4.02853135332e+26
3415.95254785, 3077.27235166, 6740.12635636, -4.81750996739e+26
631.159944757, -3570.09868672, -6462.40979596, -2.52906705613e+26
-1031.2252539, -1740.70911986, -366.840475885, -5.39527638358e+21
-949.783166359, -921.873460664, 258.863732912, -1.47548460342e+20
-6976.28988065, 972.56718956, 666.949697974, -8.5428441446e+25
-2553.43503723, -2886.70124845, 3792.61871426, -6.51185590963e+24
-3623.10689576, -320.676271732, 307.223389886, -6.74331690105e+23
-4549.92111458, 267.008800755, 1618.89321214, -6.31572004942e+24
-7477.75215146, 99.8270902132, 2153.20167781, -2.42120445397e+26
-5997.37169205, -1582.50644975, 3513.02570681, -1.38828639787e+26
-626.361807309, 768.773596476, 2417.45163913, -1.17556414651e+23
340.017875426, -1595.17467872, 4494.58543605, -1.94605269899e+24
-4971.14423022, 516.141698036, -161.30358027, -7.37403543396e+24
456.097649446, -1287.66215894, 5523.41368562, -1.1326078357e+25
4802.67885224, 2778.49404025, -2416.01030416, -1.75915436066e+25
5702.93404766, -1852.55798127, 49.8490548958, -1.49855467848e+25
7621.97227416, -1844.31503135, 1377.91093743, -3.02020151528e+26
-1509.45110634, -556.381341259, 2413.73471165, -1.99970692102e+23
1041.06573561, -5042.70134023, 6704.468844, -3.1947549612e+26
2153.79895699, 2988.19715, 2226.30345352, -1.73857180279e+24
-706.192857532, -7576.71532253, 1099.69788872, -8.48128714311e+26
14.411684372, 2587.29509849, 843.898490371, -6.34161787413e+22
3167.37353885, 2105.18283713, 375.303196601, -1.39802674034e+24
-5479.69385064, -2948.92754507, 133.008738742, -6.10502228398e+25
-3198.60419643, 92.1369385179, -105.565828139, -2.53063026879e+23
-747.802029514, 6553.4616316, 246.224181992, -1.99444865087e+26
-5346.67975359, -1411.51704975, 1713.07198585, -2.05325436897e+25
1998.36491123, -2502.64894562, 680.282797808, -3.17887267585e+23
-2413.70464021, -1999.25537167, 7653.65883527, -5.5878402166e+26
1460.72563314, 2365.37369417, 1889.3559138, -1.80112398813e+23
1200.75930288, 3846.6574077, 257.64934572, -2.53459412143e+24
-916.643317186, 4449.36668579, 757.988306805, -7.19079921616e+24
6103.31326781, -4221.23083452, 3699.88403992, -3.51798937946e+26
-4359.2086604, 148.460175441, -1294.87042889, -7.87836108237e+24
6091.50219078, 1686.68750716, -1363.24811494, -5.58909299154e+25
1902.15062911, 4947.59014792, -6080.35591058, -1.96282745681e+26
-7372.98680876, 477.102960997, -565.936841807, -2.14803933221e+26
-4094.52209099, -1326.91452022, 409.817395725, -2.99629644616e+24
-979.162273999, -327.554538529, 4580.99532127, -8.56745611322e+24
-5351.92713531, -983.276786114, -3127.76971954, -1.65736709514e+26
255.115808446, 293.082593532, -4348.90093809, -3.16008492487e+24
-1781.76819555, -1680.59131728, 2232.50005463, -1.35666135326e+23
-2158.83057244, -2508.93531931, 2437.77826257, -7.04830915468e+23
6099.18004759, -4424.17882039, -1420.66859645, -1.0063707309e+26
-3298.38946796, -1728.92159347, 2916.92206712, -4.02769010564e+24
-206.555230839, -1406.13146071, -3691.82278962, -1.37860059643e+24
-235.263350322, 1450.05336768, -1238.8175576, -6.29219467551e+21
-195.448959023, 1704.61671894, 797.135122846, -1.88646966114e+21
-5181.32087287, 1806.21121364, 4891.40378019, -5.54667736803e+26
-2112.29766656, 4105.84507602, 2149.70207299, -5.08793320897e+24
-2071.12103914, 7353.32912232, -7881.12974082, -4.3869294319e+27
4973.09999332, 3477.12952103, -4448.19258226, -1.0359765391e+26
-1195.8630307, 2661.10892474, 567.267190925, -1.33227378514e+23
3001.87992754, -3672.86267747, -7433.26212141, -2.03019091849e+27
3672.17507165, -146.530904319, -4114.92022708, -5.46341373274e+25
-4197.28574117, 2515.68831603, -1787.22741919, -7.28827748119e+24
-7811.33748174, -26.7660682374, 2074.51585231, -3.17453482049e+26
492.516531398, -1117.663884, 994.303141258, -1.03803418942e+21
-1064.87603439, 3346.11391068, 2225.23803543, -8.83433381645e+23
-3184.98547475, 5374.02242196, 5739.72111176, -7.78795133987e+26
-5589.54605875, 540.672685539, -907.961090744, -3.01227650407e+25
7128.87267857, -580.623089553, 4560.85358666, -1.51027852536e+27
-2224.4663321, -1005.72495418, 4622.45811595, -2.08022108056e+25
4678.81176218, -2557.92566346, 2650.5320349, -2.93757703593e+25
-1163.45165433, 3953.67611777, 3312.18899677, -7.61315389387e+24
863.218260992, -89.8715911138, -1569.44033241, -7.21536186267e+21
-968.50753795, -570.570137195, -2409.80255151, -5.94147142576e+22
-913.853355411, -2365.71665645, 1422.4319027, -1.65831220109e+23
-4193.74424202, -296.842015813, 290.536422655, -2.14776601321e+24
7505.56148527, -7554.32201632, 3610.13828206, -4.58135361768e+27
-1043.85774457, 3645.10574031, -808.295812969, -3.40612485288e+24
3692.50950111, 5235.16587788, -1941.32871417, -7.57896223888e+25
-149.601301839, 6133.51212135, 152.050435129, -1.16465873805e+26
615.431830882, 2393.25036479, 1761.75786617, -3.23079621763e+22
2855.27698894, 2457.34695129, 2399.81331357, -5.40158656254e+24
6127.05033146, -7579.60107393, -1724.18441458, -1.05449499945e+27
2504.57050845, -2995.66717502, 2985.18057278, -6.29388281544e+24
-427.827086361, 597.104813798, -3289.24539489, -1.8279951147e+23
-4559.29815129, 155.524615101, 8535.0993014, -4.94440222621e+27
2134.98608731, 4718.70096068, 2519.90228586, -1.02647215835e+25
929.105120623, -23.1583360909, 5507.35290481, -1.57408928517e+25
-2224.34019476, -1091.6613852, 3705.1224849, -5.07917369854e+24
-5215.36991573, -3408.12452452, -1909.79179363, -1.35356560043e+26
1330.52280454, -6654.97814811, -4933.2881764, -2.10305502671e+26
-2701.60957866, -711.382768976, 4799.43827256, -4.31476781248e+25
1358.11899934, -1896.03137881, -5347.83415183, -6.90981852647e+25
-239.479331269, 4255.92979778, -643.70574038, -8.9507926802e+24
-4285.48732847, -1380.7525359, 1090.5359612, -3.62909468426e+24
-4406.96545595, 2007.69662045, -2569.76046242, -1.92250828546e+25
-1467.72677172, -1118.58887792, 4403.10034348, -7.31792548473e+24
1796.96480063, -5127.27287895, 3735.40565028, -1.40988058566e+26
-882.185915048, 1754.71017709, -4637.34567831, -2.67544433883e+24
-666.08228808, -3904.48099845, -1887.77144208, -1.30139917624e+24
-582.423871918, -1322.64341148, -1686.72531802, -5.39614584265e+21
-4117.60026611, 2753.82584989, 1087.79722063, -4.2460063969e+24
-4382.92165249, 1324.33602599, 4288.87688813, -1.61062956539e+26
-1927.08008833, -2698.20680107, -4773.75423975, -2.08858625051e+25
-1837.60921335, 2160.11842653, -186.432275615, -7.51765572734e+22
4800.5630307, 1806.33303588, 772.671561462, -2.30532367793e+25
1707.1656493, 3707.54703212, -1077.01225883, -3.63603412228e+24
3380.25499731, 3936.33847514, -6334.7549739, -2.09921110589e+26
-6439.40787158, -2165.26036831, -642.642039934, -1.86789841635e+26
6676.06078568, 2372.1148917, -6731.21276395, -2.49377351424e+27
-3049.41659539, -2881.07708212, 2484.4675938, -2.43381168296e+24
3491.28352205, 3945.38114846, 3338.4683077, -4.99942965911e+25
