-0.499695063119, -4.01259708435, -4.88089703612, -6.40122883154e-12
-0.499695063119, -4.01259708435, -4.88089686001, 0.0
-0.499695063119, -4.01259708435, -4.88089686001, 0.0
-0.499695063119, -4.01259708435, -4.88089686001, 0.0
-0.499695063119, -4.01259708435, -4.88089686001, 0.0
-0.499695063119, -4.01259708435, -4.88089686001, 0.0
-0.499695063119, -4.01259708435, -4.88089686001, 0.0
-0.499695056037, -4.01259697137, -4.88089682597, -3.87441967156e-12
-0.499694615731, -4.01259707007, -4.8808967272, -5.69367766444e-11
-0.499693654298, -4.01259608007, -4.88090615833, -2.25400247436e-08
-0.499694978062, -4.01259758189, -4.88092788669, -2.43193775495e-07
-0.499695063447, -4.01266289628, -4.88088249987, -1.14783202662e-06
-0.499851883292, -4.01262072218, -4.88089670305, -6.35606560654e-06
-0.499390558736, -4.01252675593, -4.88089722689, -2.4693181333e-05
-0.498631667661, -4.01262903636, -4.87960849485, -0.000706984663995
-0.502292253993, -4.01305450653, -4.88081806713, -0.00176110859137
-0.49350172167, -4.01381767382, -4.88108708872, -0.010070292959
-0.507784934315, -4.01246228527, -4.89105082643, -0.0429009896636
-1.47629678962, 3.61576501153, -4.99999999485, -3.69961295274
-0.725015870758, 4.9006952419, -4.99997426034, -198.587401581
-1.47629678962, 3.61576501153, -4.99999999485, -3.69961295198
-0.901351400536, -1.71049091291, -4.99999999277, -551.965876328
-1.47629678962, 3.61576501153, -4.99999999485, -3.69961295297
-1.47629678962, 3.61576501153, -4.99999999485, -3.6996129607
-1.47629678962, 3.61576501153, -4.99999999485, -3.69961295203
-0.495657097298, 2.00654001948, -4.99999999497, -613.247494146
-1.47629678962, 3.61576501153, -4.99999999485, -3.69961295194
-1.47629678962, 3.61576501153, -4.99999999485, -3.69961295211
-1.47629678947, 3.61576500558, -4.99999999749, -3.69968027307
-1.47629678962, 3.61576501153, -4.99999999485, -3.69961295196
-1.47629678962, 3.61576501153, -4.99999999485, -3.6996129545
-1.47629678962, 3.61576501153, -4.99999999485, -3.69961297386
-1.47629678962, 3.61576501153, -4.99999999485, -3.69961298289
-1.47629678962, 3.61576501153, -4.99999999485, -3.69961315556
-1.47629678962, 3.61576501152, -4.99999999486, -3.69961384602
-1.86889178612, 4.9902612802, -4.92103108313, -199.267748278
-1.22529559604, -0.176112570706, -4.99997637536, -851.801900628
-0.447912000761, -4.98212181517, -4.84778025451, -112.78707594
-1.16705332648, 1.19360908647, -4.99998513348, -701.211958341
-0.170482261508, -0.917508097969, -4.94131281977, -1015.97325593
-0.499698989675, -4.01259707728, -4.88089670406, -3.90214298185e-09
0.646608714143, -3.47177696278, -4.75158557198, -209.29520607
-0.502104810254, -4.01321991216, -4.88406542635, -0.00409864800188
-0.878069038337, -4.90578287679, -4.92478807926, -110.104737943
-0.6451633488, -4.99745512844, -4.92452366146, -101.200673333
-0.499695057157, -4.01259707399, -4.88089686434, -1.68454037503e-13
-0.568651695271, -4.9313713364, -4.93190839274, -96.4354659288
-0.499694998854, -4.01259708833, -4.88091459557, -7.93855213878e-08
-0.499695073305, -4.01259708815, -4.88089688577, 0.0
-0.499695061829, -4.01259708126, -4.88089689062, 0.0
-0.484120661412, 4.90000992453, -4.93061211487, -345.190779511
-0.647516476038, 4.97498137432, -4.94993966222, -326.665817395
-0.499695073821, -4.01259708625, -4.88089688576, 0.0
0.123838231472, 0.0474231599851, -4.88022293779, -960.20053306
-0.499695059435, -4.01259708415, -4.88089687516, 0.0
-0.499695063555, -4.01259706423, -4.8808968781, -1.68454131989e-13
-0.499694921238, -4.01259708543, -4.88089686555, -5.22203144652e-12
-0.499694935509, -4.01259558335, -4.88089689674, -5.74419200458e-10
-0.499695103096, -4.01259708901, -4.88089686762, -3.3690946968e-13
-0.499695060028, -4.01259708446, -4.88089607883, -1.61546604675e-10
-0.499695053419, -4.01259709257, -4.88089688765, 0.0
-0.499695068133, -4.01259709739, -4.88089687513, 0.0
-0.499695050415, -4.01259705556, -4.88089683781, -6.73812779107e-13
-0.499695067905, -4.01259709679, -4.88089686948, 0.0
-0.499695054788, -4.01259707792, -4.88089692274, -5.05365163138e-13
-0.499695040048, -4.0125970936, -4.88089687967, -1.68454594278e-13
-0.499695091264, -4.0125969083, -4.88089688977, -8.08574118471e-12
-0.499695074892, -4.01259710867, -4.88089686573, -1.68454594918e-13
-0.499695070347, -4.01259708773, -4.88089685506, -1.68454272726e-13
-0.499695088837, -4.01259644102, -4.88089687013, -1.04944557988e-10
-0.499695058154, -4.01259709319, -4.88089687845, 0.0
-0.499695059355, -4.01259717555, -4.88089687921, -2.02145556873e-12
-0.49969507534, -4.01259708821, -4.88089686722, 0.0
-0.499695060358, -4.01259709454, -4.88089687305, 0.0
-0.499695069656, -4.01259702787, -4.88089687693, -8.42269124499e-13
-0.499695061582, -4.01259709319, -4.88089687874, 0.0
-0.499695055911, -4.0125971146, -4.88089688255, -1.68454639185e-13
-0.499695075296, -4.01259708821, -4.88089686722, 0.0
-0.499695062114, -4.01259708283, -4.88089684186, -3.36908138746e-13
-0.499695073953, -4.01259708121, -4.88089687508, 0.0
-0.499695061695, -4.01259709319, -4.88089687874, 0.0
-0.499695045745, -4.0125970898, -4.88089676406, -3.36906010541e-12
-0.499695194598, -4.01259710411, -4.88090100566, -4.31334556934e-09
-0.499695069708, -4.01259710228, -4.880896878, 0.0
-0.499695073956, -4.01259708184, -4.88089687586, 0.0
-0.499695061695, -4.01259709319, -4.88089687874, 0.0
-0.499695066852, -4.01259708558, -4.88089688348, 0.0
-0.49969506818, -4.01259707858, -4.88089686836, 0.0
-0.499694834053, -4.01259708933, -4.88089686597, -1.36446167119e-11
-0.499695026797, -4.01259728352, -4.88089442104, -1.53682424112e-09
-0.499695041393, -4.01223029812, -4.88089686999, -3.3999022643e-05
-0.499695069008, -4.01259707946, -4.88089687613, 0.0
-0.499695059719, -4.01259708217, -4.88089679395, -1.85298336334e-12
-0.49969505825, -4.01259788735, -4.88089687802, -1.62897462235e-10
-0.499695051793, -4.01259709274, -4.88089685412, -1.68454161206e-13
-0.499695054285, -4.0125970895, -4.88089731001, -4.71668536514e-11
-0.499695073131, -4.01259707832, -4.88089688769, 0.0
-0.499695059211, -4.01259709002, -4.88089689437, -1.68455069168e-13
-0.499694994832, -4.01259708455, -4.88089652505, -3.26797874047e-11
-0.499695079944, -4.0125970715, -4.88089687323, -1.68454437985e-13
-0.499695056884, -4.01259709039, -4.88089688519, 0.0
-0.499695071535, -4.01259707831, -4.88089688829, 0.0
-0.49969505921, -4.01259708392, -4.88089689371, 0.0
-0.499695077093, -4.01259707743, -4.88089687164, 0.0
-0.499695072531, -4.01259707396, -4.88089687289, 0.0
-0.499695056531, -4.01259709009, -4.88089688502, 0.0
-0.499695134417, -4.01259707913, -4.88089613567, -1.40489882359e-10
-0.499587264166, -4.01259709895, -4.88089688971, -2.93804851305e-06
-0.499695069811, -4.01259707111, -4.88089689344, -1.6845472695e-13
-0.4996949975, -4.0125972195, -4.88089686045, -5.89589353318e-12
-0.499695056839, -4.01259709014, -4.8808968852, 0.0
-0.499695059802, -4.01259709863, -4.88089687556, 0.0
-0.499695045762, -4.01259707362, -4.880896895, -1.68454505432e-13
-0.499695038345, -4.01259706567, -4.88089687719, -3.36908173579e-13
-0.499695064147, -4.01259709561, -4.88089686726, 0.0
-0.499695061454, -4.0125971051, -4.88089710817, -1.3476266498e-11
-0.49969496416, -4.01259706447, -4.88089685532, -2.8636906557e-12
-0.499695050079, -4.0125966319, -4.88089686617, -5.18830472163e-11
-0.499695057737, -4.01259708905, -4.88089688735, 0.0
-0.4996950701, -4.01259708946, -4.88089689482, 0.0
-0.499695056444, -4.01259709447, -4.88089687092, 0.0
-0.499695048684, -4.01259709125, -4.88089688297, -1.68454585783e-13
-0.499695051231, -4.01259708833, -4.8808968599, -1.68454019118e-13
-0.499695054819, -4.01259708335, -4.88089689157, 0.0
-0.499695075257, -4.01259715889, -4.88089678578, -3.53753564496e-12
-0.499695057352, -4.012597094, -4.88089687554, 0.0
-0.499695158469, -4.01259710018, -4.88089688728, -2.18991689008e-12
-0.499695116474, -4.0125970925, -4.88089687693, -6.73819206077e-13
-0.499695065425, -4.01259706599, -4.8808969964, -3.70598430151e-12
-0.499695061721, -4.01259708202, -4.88089687671, 0.0
-0.499695057044, -4.01259709405, -4.88089687648, 0.0
-0.499695071431, -4.01259708215, -4.88089688037, 0.0
-0.499695087901, -4.01259711063, -4.88089685953, -3.36908738044e-13
-0.499695041423, -4.0125970973, -4.88089690412, -3.36909615221e-13
-0.499695152227, -4.0125970707, -4.88089687502, -2.02145944365e-12
-0.499695056637, -4.01259709337, -4.88089823054, -4.62751014685e-10
-0.499695068056, -4.01259708252, -4.88089688197, 0.0
-0.499695060656, -4.0125970926, -4.88089687321, 0.0
-0.499695068881, -4.01259706405, -4.88089687362, -1.6845397425e-13
-0.499695069693, -4.01259709466, -4.88089687961, 0.0
-0.499695056126, -4.01259523371, -4.88089688509, -8.66512145123e-10
-0.499695076699, -4.01259703487, -4.88089683672, -1.01071870945e-12
-0.499695060656, -4.01259709258, -4.88089687324, 0.0
-0.499695066573, -4.01259710034, -4.88089687906, 0.0
-0.499695057451, -4.01259714885, -4.8808968925, -1.17918454374e-12
-0.499695060459, -4.01259708143, -4.88089692272, -5.05365332559e-13
-0.499695080258, -4.01259708425, -4.8808968797, 0.0
-0.499695060656, -4.01259709259, -4.88089687324, 0.0
-0.499695052655, -4.01259711109, -4.88089680429, -1.51608260856e-12
-0.499695439909, -4.01259712182, -4.88089686973, -3.58807995746e-11
-0.499695102578, -4.01259723105, -4.88089685231, -5.89591940935e-12
-0.499695068035, -4.01259710095, -4.88089687741, 0.0
-0.499695634758, -4.01259707887, -4.88089688628, -8.20370359469e-11
-0.499695057283, -4.01259702644, -4.88089686208, -1.01071948644e-12
-0.499695066175, -4.01259710184, -4.88089812607, -3.94019714156e-10
-0.499695062051, -4.01259708591, -4.88089686344, 0.0
-0.49969507564, -4.01259709683, -4.88089684683, -3.36908493684e-13
-0.499695029865, -4.01259707534, -4.88089699272, -3.70599152936e-12
-0.49969507293, -4.01259708195, -4.88089686247, 0.0
-0.49969499487, -4.01259715948, -4.88089688195, -2.69527051157e-12
-0.499695062326, -4.01259703022, -4.8808969449, -1.85299153831e-12
-0.499695066433, -4.01259708605, -4.88089687074, 0.0
-0.499695058454, -4.01259709085, -4.88089686697, 0.0
-0.499693575547, -4.0125970896, -4.8808967494, -5.65499330203e-10
-0.49969507066, -4.01259707418, -4.88089688193, 0.0
-0.499695076272, -4.01259700738, -4.88089691364, -1.85298948074e-12
-0.49969506638, -4.01259708603, -4.88089687073, 0.0
-0.499695054643, -4.01259709085, -4.88089686751, 0.0
-0.499695064759, -4.01259707225, -4.88089686492, 0.0
-0.499695055049, -4.01259710302, -4.88089690395, -3.36909638761e-13
-0.499695062204, -4.01259709353, -4.88089689553, -1.68455029936e-13
-0.499695062059, -4.01259772158, -4.88089687706, -1.0258990055e-10
-0.499696131182, -4.01259710602, -4.88089790836, -5.55918761478e-10
-0.499695062434, -4.01259712364, -4.88089686167, -5.05363941207e-13
-0.499695064126, -4.01259708227, -4.88089687877, 0.0
-0.499695063113, -4.0125970807, -4.88089690683, -1.68455077036e-13
-0.499695058594, -4.01259706815, -4.88089675314, -4.04286797273e-12
-0.499692050266, -4.0125970791, -4.88089688145, -2.29897128383e-09
-0.499695063119, -4.01259708435, -4.88089685886, -1.6845401669e-13
-0.499695065691, -4.01259708224, -4.88089687988, 0.0
-0.499695027043, -4.01259707596, -4.88089685087, -5.0536112071e-13
-0.499695063119, -4.01259708449, -4.88089684469, -3.3690829421e-13
-0.499695074574, -4.01259709409, -4.8808969661, -2.02145882934e-12
-0.499695063119, -4.01259708435, -4.88089686001, 0.0
-0.499694690031, -4.01259704037, -4.88089674894, -4.02598009984e-11
-0.499695064323, -4.01259707129, -4.88089684587, -3.36907624469e-13
-0.499695063119, -4.01259708441, -4.88089685067, -1.68453927109e-13
-0.499695064012, -4.01259708441, -4.8808968477, -1.68454139887e-13
-0.499695063119, -4.01259708435, -4.88089686001, 0.0
-0.499695066206, -4.01259709073, -4.88089690681, -1.68455101828e-13
-0.49969506588, -4.01259708233, -4.88089686634, 0.0
-0.499695063119, -4.01259708435, -4.88089685993, 0.0
-0.499695063119, -4.01259708435, -4.88089686001, 0.0
-0.499695063119, -4.01259708435, -4.88089686001, 0.0
-0.499695063108, -4.01259708424, -4.88089688702, 0.0
-0.499695062904, -4.01259708407, -4.88089689044, 0.0
-0.499695063119, -4.01259708435, -4.88089686007, 0.0
-0.499695063119, -4.01259708435, -4.88089686001, 0.0
-0.499695063119, -4.01259708435, -4.88089686001, 0.0
-0.499695063119, -4.01259708435, -4.88089686001, 0.0
-2960.62390216, -2577.30154742, 3163.32860455, -3.66713883961e+24
-4090.7884359, 5867.04974318, 1605.43173319, -1.0487681348e+26
5412.8359134, -1211.79079722, -3996.69717478, -2.52368009947e+26
2021.8934015, -6097.16744641, -1160.62606161, -9.30455587801e+25
630.479547147, 149.877596127, 1058.88661313, -2.1251572209e+20
-3883.11572297, -1993.16911672, -2447.66193187, -2.24186063774e+25
-601.465663896, -241.010770633, 7123.67364502, -1.93891477336e+26
-842.666712829, 6875.11234341, 177.453295902, -3.00759315895e+26
6865.65263644, 2559.60332095, -976.62954904, -1.95676646026e+26
2644.94904418, -4360.68219944, 3740.16266791, -6.51103021423e+25
-356.544068564, -1714.4195465, 3504.97121471, -4.16010117813e+23
1098.39438871, -2431.72455831, 5225.69686404, -8.79114765711e+24
2444.14188886, -950.174381335, 4553.41372197, -1.32951044664e+25
5528.5646365, 1619.87847752, 351.048054689, -4.51766346431e+25
-4429.7964224, -4457.67358553, 1214.72458914, -3.85964941108e+25
2698.29630187, -3733.54625558, 5293.75728293, -7.38931369995e+25
6951.42265834, -1005.73808643, 3041.89683558, -5.03850631649e+26
860.494944361, 3556.34528722, 3587.47608297, -2.72071923799e+24
-8396.06572587, 2194.73458573, -2346.46153063, -9.84550481157e+26
4424.84333125, -2367.09770117, 258.229013203, -2.39305425168e+24
-3713.73792186, -2146.06648066, 709.073943963, -2.23976813765e+24
89.9251886435, 1583.24665135, -2793.77591213, -7.7211036188e+22
-3244.02901048, -909.948705263, 2761.18664013, -3.91295837651e+24
-4784.01877069, 3567.91167732, 4373.72546116, -4.02254502302e+26
3876.01621529, -3822.92445747, 6845.5477701, -4.42912483804e+26
3010.94927157, -5060.47234708, 6954.3081728, -5.93856132692e+26
5319.57694191, -367.241627252, -3462.9714687, -1.13254498315e+26
3278.05769852, -236.781700404, -4490.52866752, -6.29855010284e+25
2226.8767298, -1221.45951028, 542.117124942, -1.91418399867e+22
-5932.95548433, -1749.28153563, -64.2254163472, -6.95165163997e+25
1731.0870294, -66.2779958461, -753.999685301, -4.20780614726e+21
-1424.23977526, 2174.42102671, 3913.75604207, -1.14701357975e+25
-3651.52666567, -238.243083371, -508.073295733, -1.26139539411e+24
736.814929825, -2563.51079677, -750.128140399, -7.18722811614e+22
-48.317462175, -3081.88828073, 528.812386734, -6.80625664648e+23
-1542.9870336, -3028.43373957, -2027.40349179, -4.91545140953e+23
-263.850013097, 7011.09642322, 370.097485963, -3.22330072558e+26
-1234.3896231, -1290.97048198, 3004.96317949, -3.65189567293e+23
-408.73965195, -3023.97963375, -5399.30877882, -3.76387593082e+25
-3279.68964686, 6593.12802193, 2085.52091598, -1.75162087939e+26
3386.81580989, 120.909567252, -2670.13143738, -5.48369547084e+24
-3391.98199485, 4535.3615397, 3453.11791894, -7.63616740862e+25
3639.66088532, -911.372671524, -2814.45188894, -1.30189056452e+25
623.995208901, -5682.7622415, 6322.31320423, -5.21936966543e+26
747.862551635, -2531.85501902, 278.325672078, -1.47050940825e+23
-2768.24225198, -7735.30300965, -1039.31931601, -6.14403459129e+26
-1908.05781437, 1514.34696889, -228.12475374, -1.0763938588e+22
434.848758188, -419.087913584, 3062.53283207, -1.15131014959e+23
-6115.68016053, 3844.50763562, -3644.40458384, -3.07648616594e+26
401.181421561, 4195.85328575, 7027.18227131, -3.47648662517e+26
2499.10338064, -1284.41747887, -2817.2818471, -4.27818552978e+24
-2753.53832666, 8129.30390246, 4927.11153834, -9.02397652445e+26
3872.12963575, 2879.51177217, -7620.89046145, -9.87446776702e+26
-114.110578867, -6968.50846051, 3761.88768806, -9.19034339006e+26
2400.8684842, -2428.92570019, 6884.70395933, -1.18167029746e+26
2.65403691349, -172.413259718, 5319.95282538, -1.43778377917e+25
5659.36557869, -1984.6597185, -868.446640809, -1.74888103137e+25
-3180.46070147, 1920.67552316, 396.188405478, -2.43390595274e+23
5832.28540527, 7184.92654396, -1362.31152913, -9.8155788404e+26
3670.4182036, 1416.40963363, 2343.21511895, -1.24860440413e+25
-1821.50951148, -179.19624123, 2487.63344628, -4.77291827649e+23
64.3997710998, 2745.63676505, -3694.21322451, -2.24363879327e+24
5786.84827796, 8175.1651273, 6363.87314992, -5.62501151845e+27
3369.57224102, -2164.25369699, 1360.5110966, -1.25245914154e+24
-3587.21261837, 4168.91525422, 2187.21434306, -2.00237388631e+25
4309.62403874, -2146.57897465, 2358.47055275, -1.37599024435e+25
-2885.9186212, -1051.39618065, -621.195337379, -4.509442361e+23
4026.29388847, -1389.19997877, 106.609416275, -9.40364726724e+23
6700.44836635, -477.302587443, 3391.16570935, -5.44942047378e+26
3760.72408184, 360.186908504, 7423.81895602, -6.96466947855e+26
2160.40870066, 258.792445459, 1506.94418664, -1.64095175642e+23
-2106.12305711, 2925.74308225, -2523.81973733, -3.2287069227e+24
-7365.12167995, 4942.55867854, -7739.36611143, -7.40143346027e+27
-7420.07827612, 2964.24567433, -1086.93494321, -1.77329035491e+26
1674.68440558, 845.393291684, 790.749112114, -1.61475045477e+22
-1345.0423359, -3888.11215964, 5082.74641872, -3.38585288887e+25
-467.62514278, 6974.25745603, 2838.64313668, -1.55126482802e+26
-929.528840762, 2931.61013568, -2854.8642888, -2.44109164362e+24
2332.57602071, 2264.88913944, -5930.4575001, -8.22526865949e+25
-1276.77120544, -1477.64328923, -1540.79055131, -3.08553970863e+22
4360.93791303, 5947.02062543, 1654.47463067, -1.74855202578e+26
1686.37962858, 3507.40094291, -6719.09123823, -1.19775044386e+26
-4357.84861701, -5426.03193173, -6074.10135361, -9.78681014584e+26
-2918.81104347, -6429.85978983, 5008.47546562, -6.68074444655e+26
1532.72600502, 3517.3205783, 6459.66639281, -1.41862601321e+26
-5591.53070908, 1823.28698069, -6791.47518174, -1.47517349303e+27
-735.95143683, 3390.78364013, -2658.14630663, -5.14260210163e+24
3413.09410659, 263.923207163, -590.866528286, -3.85243672437e+23
5417.36686068, -1800.25799592, 2809.33650522, -8.02920584022e+25
6125.76427542, 3781.65752877, 3062.54063863, -6.69138646139e+26
5449.34288279, -3484.57522798, -2985.97795189, -1.73212169103e+26
-4697.29152979, 6582.8209401, 525.848617482, -3.35049697411e+26
2713.13572823, -2968.68216657, -4088.08555094, -5.60353511647e+25
7898.30883756, -5116.94000641, -35.6580985728, -3.44577411019e+26
-4242.59936048, 1678.91459186, 3939.89220269, -1.10335413839e+26
6796.52211011, 2516.15595203, -5580.89548998, -1.12557496238e+27
-7863.53391419, 1539.5225826, 6235.40809594, -6.33875898662e+27
3396.99462849, -159.498777574, 7135.39102833, -4.00507338405e+26
-848.870959714, 3419.09958308, -4907.32115639, -1.83028050599e+25
2347.7901432, 1970.2452326, 5603.38963894, -6.32953883936e+25
-5337.97690405, -250.010827186, -2079.06650866, -6.50234984183e+25
-5802.52040278, -4230.00405725, -2112.99003301, -3.6273222966e+26
6682.70667319, 3308.58035343, 5272.26562765, -2.78699234605e+27
-2835.17720102, 2618.86566121, 5560.82837228, -2.8043561891e+26
-596.226680234, -2721.34428943, 106.340629622, -1.89707300539e+23
-1068.00780815, -2577.38691283, -2182.76373462, -1.48254615024e+23
-3679.7092938, 4445.60671579, 6429.9236437, -1.48771992264e+27
4599.52153389, 5826.76813943, -8321.37565901, -2.1933794596e+27
-6215.84055256, -1545.90992369, 122.558344531, -8.38297651039e+25
7758.44212955, 763.83068143, -163.200613508, -3.46838549706e+26
-2457.72088659, -2840.77135842, 1361.04029024, -8.14542692099e+23
-4312.33030685, 1872.63696437, 989.434548078, -3.16961944619e+24
-2886.45056421, 3226.68906149, 1030.54598016, -1.55851089008e+24
308.077991845, 7478.08867652, -4362.35174611, -1.73427923242e+27
7034.01915355, -2146.6170332, -3553.95884716, -6.54906322337e+26
330.476139375, -53.3957277315, 185.162932473, -2.14333308975e+16
1677.94745224, -2526.27747157, 4890.19138437, -9.81878725759e+24
-359.201111283, -713.135056113, 1827.43824307, -3.09342854368e+21
264.727723804, 1009.84177245, -5385.81842056, -1.35657583317e+25
4543.04872765, 2196.58318835, -6232.14741834, -4.97639964588e+26
-1385.7214443, -6496.39437554, 195.060599234, -1.97027485234e+26
3227.25984025, -302.277682208, 1004.33444121, -6.8476726231e+23
5283.39385755, -6106.71921941, 731.074788501, -3.28916169048e+26
-2468.48564878, -921.201324381, -1618.26361424, -5.46069424177e+23
3670.42966461, 1317.8100373, 724.701258318, -2.88836015346e+24
-573.440837222, 64.6048436598, -2695.9972407, -5.16222888094e+22
-6600.47577298, -3761.56023526, -5807.10744106, -3.62429308916e+27
-2708.10316254, 3123.85475961, 7664.22831902, -1.91744978558e+27
-7479.49215735, 1344.98968228, -2766.50789219, -6.4820352845e+26
917.800436506, 2163.93572907, -2195.85673355, -1.68718524042e+23
2776.20572232, -5952.14754514, 1690.5625773, -2.25629343435e+26
34.9340577987, -495.760353424, -1575.25928363, -1.63458733131e+21
-5462.62128336, 2458.2547157, 421.366746322, -1.12457278142e+25
-1784.71784404, -1325.58385736, 2892.96402829, -5.99632154732e+23
7419.34013166, -2710.15453914, -4889.04786307, -2.51329992259e+27
-4528.44872069, 5983.79670192, 2362.13417917, -1.6293332718e+26
6550.19293041, -7959.842851, 2132.65009542, -3.44222327319e+27
6666.52928655, 2803.10038633, -3957.26159425, -3.02383359943e+26
204.34995943, 4729.64012553, 7225.58209873, -5.11407554253e+26
6317.3278527, 3493.81383379, -286.341122579, -1.89143103461e+26
17.7262914917, 1522.42337075, 3149.6173721, -5.36015008833e+23
-3481.41822183, 1757.91510667, 4864.11946182, -1.69717541891e+26
1999.58685334, -1716.86320155, 474.298316018, -2.95440288833e+22
-6520.45885902, 2133.38624272, -4156.41261445, -5.90127426126e+26
7943.70290397, 4937.54511821, -6247.66643294, -2.7211194097e+27
2608.11702448, 1605.49442914, -1208.02762573, -1.33943776664e+23
-1835.46190825, 417.435966969, 5747.3809808, -1.00402297701e+26
-621.952444897, 425.876101203, 870.126539056, -2.0893584543e+20
702.470200929, -1292.39420276, -1236.86179639, -4.3430237013e+21
-93.2763236718, 5854.90589768, 1936.09115793, -4.33160730175e+25
-899.161063477, 976.235875929, 1996.81248028, -6.48180885353e+22
-4405.0117675, 2515.60880572, 5908.10043824, -9.6508592829e+26
4965.37480244, 2541.04608078, -5405.31712487, -2.86385043741e+26
-6159.74068488, -1295.17404092, 367.281717083, -6.49689270636e+25
-3084.74540905, 2875.76900667, -7575.49735366, -3.5020598003e+26
3182.4495128, 4523.63632916, -1060.15225223, -2.00608665965e+25
3392.09422614, 18.4428843874, 1029.63787395, -1.15663149354e+24
-305.559246815, -2677.46755614, -2209.8236142, -1.02674186513e+23
3239.81890674, 2031.54054935, -6093.68200908, -1.93780210273e+26
4401.50247395, -3079.91537555, 351.28050332, -4.57674822564e+24
2068.66017146, -445.403311837, 1382.79522904, -7.50682033856e+22
2840.71070204, 611.146249588, 4974.89075954, -4.32857632467e+25
4607.39060295, 63.1954426327, -4722.8208456, -2.06780271154e+26
809.172992171, 4584.44030625, -3034.80960212, -3.7920872059e+25
777.072977573, -5605.64314792, -1149.26794526, -4.08385667629e+25
1431.12183206, 5305.14331833, -1998.84143126, -7.29829531693e+25
-2791.99380708, -3058.37591712, -238.907181039, -1.61761482462e+24
465.116319996, 2454.36360185, 137.613976571, -6.9839792647e+22
-4650.37398926, -547.385805259, 2152.65495931, -1.11372266503e+25
-1801.23800258, -1151.33766472, -2199.47119201, -3.27911078628e+23
-60.4724003216, -2115.02009567, 3000.98665238, -3.22748184384e+23
-1857.11632262, 3543.583749, 2806.35815355, -5.54527707293e+24
-1272.3571854, -4834.30171353, -2975.45288502, -7.38791227754e+24
1080.27625311, 1394.80146663, 3479.5078649, -9.61071450841e+23
-193.753999575, -8367.54531533, -3931.77193217, -5.84370359933e+26
6639.71284773, -4243.52741838, 3049.82191582, -3.52450147794e+26
-600.535331265, -6416.3856734, 111.269970377, -1.75803373997e+26
-185.433067955, -5153.44723436, 2204.82077126, -6.66370357424e+25
5615.20496089, 7031.09998714, -7730.8938039, -3.45123904928e+27
-3052.12940373, 1016.11552959, -2386.77096798, -2.43400027146e+24
4060.81336676, -5968.63873707, 2764.43352925, -4.15237816274e+26
4456.59457254, 5709.48683293, 3227.95714629, -2.65466923482e+26
659.867118031, -1283.64091305, -1310.4989955, -5.14612910668e+21
-2840.85700816, -5909.77891555, -667.880528395, -8.24235239971e+25
173.741269754, 5586.14303604, -710.137292094, -7.29226550011e+25
-170.25485006, 4084.97799864, -7072.01468795, -1.3565425001e+26
-2325.10660064, 549.499608196, -217.715276381, -1.61758863243e+22
-1364.81337795, 2905.21371513, -8183.58646788, -2.37679429743e+26
3877.61494332, 2311.19066599, -3669.14446581, -1.87243523637e+25
1088.17202823, -4380.07246394, 2593.10238102, -2.86962301649e+25
760.393962889, 5174.24853573, 5184.97148633, -5.35363250554e+25
7366.76737516, 1469.80668592, -4571.46449084, -9.24813780583e+26
-531.397656303, -1053.42207156, -805.324847166, -1.35143756517e+20
6559.59392392, 2395.36035156, -2573.93013692, -1.33536582669e+26
-18.9303198977, 5457.54437022, 93.2284267027, -4.61850291393e+25
4516.11300735, 1683.16674784, 2292.60313855, -4.1709898854e+25
-9.67889168204, 467.845850264, 2455.31306069, -4.54811277971e+22
-2925.49274696, -277.446329184, 1197.76059984, -2.1396611572e+23
1080.89912752, 7701.64251814, -2215.73550894, -1.25036026078e+27
-3215.56804694, 8635.95725015, 1901.736132, -1.48295676247e+27
4721.51722662, -3145.53842565, -3216.84188227, -1.12406026757e+26
689.401613633, 4041.59225285, -1543.01518903, -8.48136560802e+24
-2449.40531689, 125.604834468, -4534.48041019, -1.51591857385e+25
1225.4961079, 337.553536414, -2672.65319972, -2.71478245537e+23
-1324.41018764, -2090.16330917, -6743.19293177, -1.32738104947e+26
4352.82454366, 1135.9382866, -5888.58866563, -4.091572055e+26
4733.09130617, 4498.81269162, 4623.63362069, -4.92770790815e+26
-962.180763726, 5755.15635657, 612.036042744, -6.29046940105e+25
-4614.48627785, 4661.91492606, 1440.86574757, -3.93138610837e+25
1787.63788539, 6219.23259583, 319.597897868, -1.20849941967e+26
-2558.27712275, 4141.098969, -2940.57117004, -3.32967756505e+25
4132.23209514, -3205.47513796, 2118.16429899, -1.44307459338e+25
-1383.23688205, -4625.33671733, -3254.84839656, -6.38104049999e+24
3024.39081057, 673.023069669, -2145.39194513, -1.16170701132e+24
-583.183780651, -2413.82499556, -5669.45335066, -4.22706227229e+25
2085.60906069, -5283.90925531, 4090.58956354, -2.03028226389e+26
2582.77717009, 4650.01998492, -5179.69881572, -1.00102541452e+26
-2427.25002503, -1042.77105191, 114.234434952, -6.59834265495e+22
3606.99588126, -429.392738317, 2238.02707628, -5.78577097519e+24
-5956.33865668, 266.655408282, -3411.48119393, -2.86279130194e+26
4749.72056625, -8164.71216967, 3649.26600098, -4.3827295664e+27
-4193.79787823, 6901.01629269, 8321.86138388, -1.11978267004e+28
3138.01264337, 761.97795658, -1340.24324687, -3.87391509203e+23
-4977.61041261, -5364.96973414, 1424.60218339, -1.35967386723e+26
5814.33732372, 7498.67400756, -3950.1964281, -1.77523723265e+27
-2791.87362927, 1907.334896, -2161.06170893, -1.22420400247e+24
1312.26407678, 2697.63876844, 3937.87642831, -4.06613287301e+24
3468.27509398, -4685.80401515, 3233.73737704, -1.0118777038e+26
1295.39687677, -4388.30345302, 3826.2262843, -4.99047643166e+25
5955.02384505, -774.460299445, 251.620400589, -3.05815593439e+25
-305.52723256, -5446.20534071, 7909.79870177, -6.70176576416e+26
15.44667842, 913.438865991, -621.318662246, -1.042574401e+20
644.546465178, -881.578026723, -150.268678825, -3.05545319042e+19
2333.78352034, 7195.93455695, 2196.95801612, -2.55151459864e+26
-7072.63852322, 3536.57951688, -1462.77993395, -1.59703898553e+26
-3998.80604366, -1451.17392677, 454.560751321, -2.65717944437e+24
-4492.76605415, -2500.56832544, 6248.75816461, -4.5911832948e+26
5398.40906396, 2774.60089913, -7148.68492108, -1.57624438308e+27
-6710.98592173, 6366.54405225, -2030.92938558, -9.40240179482e+26
-3150.44385777, 921.878488036, 3118.26448909, -1.19355563671e+25
-615.760373596, -4663.50732873, 4295.17166678, -6.83807460231e+25
2797.94425395, 577.514284066, 3900.86683787, -1.3848633607e+25
3354.7661919, -169.207362062, -2899.92942559, -8.27739091137e+24
-6052.93527773, -1038.7534218, 4416.17516405, -3.52234399873e+26
164.910532862, 8142.7416129, -2474.18295072, -2.08091343369e+27
1096.15367684, 3503.9692679, 6474.76859539, -1.40438193497e+26
-2516.70880434, 1388.87203898, 3257.69070919, -9.03572092249e+24
-2013.96398223, 845.154659378, -2418.01490241, -3.82878500432e+23
-3490.87513889, -527.504177449, -290.99257968, -8.80534972714e+23
269.95788108, -3387.10175268, -1354.39160654, -4.85816614555e+23
-3744.61132072, -603.326416054, 5283.11037839, -1.70770885052e+26
-2020.04940316, -3716.03248706, 2396.65256726, -6.71222546841e+24
6179.20684075, -3153.7077822, 3744.77609024, -3.16366078799e+26
3104.16488058, 5655.88094093, 5489.16967219, -2.48542783889e+26
267.682831268, 1144.17632734, -805.907093556, -6.08648653795e+20
-4441.38863295, -554.16278572, 238.461332714, -3.9453144201e+24
-656.261844692, -68.2148672108, -7035.120178, -1.16471082424e+26
-1618.63536933, 2323.15070074, 3074.35231734, -3.80154544027e+24
-4654.40480002, 7415.8156954, -3096.99609376, -2.03645642212e+27
-2968.93030089, -709.951564127, 874.348202398, -1.73311261275e+23
-5080.61507528, -4863.7321371, 2360.57426392, -9.48364332649e+25
5688.10710176, 1329.96153739, -1511.19915322, -3.04060882065e+25
-6324.66739007, -7771.56564346, 2131.47763789, -1.94170119168e+27
6562.21977107, -6325.52869994, -3357.54914161, -1.11192931331e+27
-3185.34303515, -2221.19713851, -2157.33176773, -6.71137574697e+24
346.278775547, -18.5039144874, 946.982213144, -2.18237131025e+19
4853.71771109, 2131.8810251, -421.414318585, -1.58876745674e+25
-1188.18928608, -2784.45517127, -5202.21971627, -2.42044801467e+25
-3504.98684277, -911.169931314, 3513.06090204, -1.56190131608e+25
-2199.96229981, -3742.22559962, 5453.62051667, -4.92085978471e+25
-2073.650318, -1060.92971375, -1470.9205768, -1.89951039598e+23
-3683.62637623, 1976.0834607, 1296.27970905, -2.15356549703e+24
4040.82666175, 1257.00597923, 670.078026209, -5.14017299665e+24
-3928.39231992, -3184.20944846, -1725.18122689, -2.23789346836e+25
-899.105093929, 318.870697798, -1178.27426611, -8.8859148718e+20
3034.75306204, -4308.10971024, -242.957137776, -1.14816513743e+25
-1297.27222933, -504.149004161, -1422.67577156, -1.35146913755e+22
4378.45097317, 2400.81627153, -28.8245938141, -1.07785288213e+25
1875.48225157, -4095.4439777, -4785.75624717, -9.58895236171e+25
-5671.08822741, 7170.35940162, 2404.62230929, -6.91974103813e+26
-2199.57925815, 2242.74710126, -1421.52921415, -3.81410062834e+23
1012.44315335, -3882.12917029, 4427.35414006, -2.91751375578e+25
-1808.29848194, 3728.91150995, 1820.16784507, -1.96114688004e+24
3242.82081938, 1103.12893134, -7792.42902613, -1.17339059504e+27
-747.976498838, 4727.97165876, 2156.48615532, -6.89946092802e+24
857.372392689, 279.317761554, 2608.25517727, -7.01013453565e+22
-5646.94124314, 3229.86313137, -2517.40898114, -8.15523229283e+25
-2796.88439685, 743.139276441, 451.969481274, -6.06116223213e+22
5633.95515444, 5715.06888372, 1455.98978816, -4.26792174155e+26
6868.60255204, 3718.67672232, -103.218323554, -3.81879911407e+26
7525.31818065, -1777.57650842, -3948.16730602, -1.13784949557e+27
2446.477807, -3894.41903085, -659.76175918, -3.79005754056e+24
-5292.73325719, 7087.85578599, -5615.29493294, -3.45864715736e+27
1649.36717352, -1839.32900892, 1423.82861787, -8.80742263585e+22
-4500.05027701, -584.900495191, -1057.89763614, -1.06882507961e+25
-2436.72787686, -2598.20725211, -2617.23118084, -3.54250670707e+24
-2645.01238383, 1984.82571358, 4595.47820143, -7.2750900448e+25
1527.69442363, -1842.45051957, 812.287924446, -3.99819884013e+22
438.726520625, 4638.87627256, 357.042995101, -1.09653948868e+25
2593.39484315, -257.317934164, -6908.51036117, -5.08620508359e+26
-4978.81971573, 5003.33870618, 2377.26083968, -1.16714898067e+26
669.917769122, -1377.17682011, 63.5502524148, -1.16177913952e+21
-1353.65282112, -1668.17961857, 1435.5023366, -1.93633960638e+22
-5613.90267754, -4849.76152259, -3664.49023415, -7.31305994422e+26
-177.662011449, 6468.88292082, 2513.4898424, -8.64973389111e+25
-1488.3965019, -5072.41943242, -3948.51848515, -1.63098825078e+25
61.4790787998, 4973.50240025, 1303.01521454, -1.33940958014e+25
-4306.89207392, 320.049741396, 3254.4140175, -3.63463365939e+25
-7535.17544245, -5273.46566124, 1151.5572076, -9.60174227682e+26
2148.85109674, -12.2665333461, -842.474578178, -1.82062028584e+22
-7209.1751158, -4049.41046965, 5838.88870362, -1.42300087296e+27
-1458.68601811, 3681.85383686, -2825.55204437, -1.12587408384e+25
-4457.04201649, -461.728336785, 4347.51408468, -1.13211667562e+26
3176.86329369, -2935.02058308, -5931.82169251, -5.29676948729e+26
4020.22685747, 7573.17877397, 1649.69268681, -5.87067379766e+26
-2776.59477413, -523.529685071, 5886.79196869, -1.69324082596e+26
4690.67500093, -7953.83347136, -2013.24894075, -9.71562997084e+26
3649.75855779, 2118.18745636, 2823.71809621, -2.30757870329e+25
-1570.05498514, 937.594742635, -2649.88728584, -2.22942283279e+23
-3590.4034038, 1028.09972608, 4603.73050545, -1.14479237701e+26
2498.77097979, 5129.78429707, 4.65959946979, -3.12746143818e+25
1669.44266683, 7375.80031926, -8306.52731895, -3.78421018383e+27
-3194.68440892, 658.389835213, -3977.70520828, -1.97271582672e+25
1824.05184372, 4000.51336267, -2551.38855353, -1.18513302166e+25
-5729.68016468, 1864.63114524, 3483.12206786, -2.29030238116e+26
-3121.10825647, -29.7128846601, 2634.05275487, -3.8809984904e+24
236.896937937, 342.613237641, -37.5202400575, -1.88842360452e+16
1994.29269094, 854.558864532, -470.258711142, -1.00870370379e+22
-500.847308545, -4892.99897012, -1939.12069721, -8.97079376233e+24
3537.52164507, 2891.72951192, 2295.75247709, -1.68184477942e+25
1696.7738126, 5340.60064744, 2045.53274253, -2.0853248823e+25
-3614.31994122, -3339.48453033, 1015.69138624, -5.30096382642e+24
6158.83046079, -4306.29317348, -3508.40720365, -5.62473478477e+26
4918.44638307, -5287.95959946, 3712.92150748, -3.77906589142e+26
-4300.22675091, -2859.65942774, 3738.47157111, -2.88998541446e+25
-5196.62132247, -3504.93255223, -5725.92256377, -1.14465563393e+27
286.462628963, 2468.7928265, 7600.45603627, -4.29252372099e+26
2400.47052785, -7499.12825479, -1378.54138907, -4.89325503121e+26
3863.55547536, -2864.79089701, -1092.83126153, -3.40394436621e+24
-4185.56461916, 1325.80798978, 29.4811694318, -1.23954151741e+24
-5699.34471278, 4114.03304295, 4484.66325609, -8.95712877255e+26
-1158.98327728, 5973.3461998, -529.491356991, -1.27652689555e+26
-4051.7205696, -2761.2531896, 8145.25288307, -1.70988986632e+27
2588.68369138, 3721.29859724, -3415.64124691, -1.19807556393e+25
4516.53940544, 1820.45579812, 1570.63080817, -2.61001871659e+25
-1946.88902154, 145.665376084, -3411.94840155, -1.82381218879e+24
-1771.52398379, 1840.71133181, -759.535526746, -4.7649126502e+22
-2404.81149851, -127.050895798, 1367.13122368, -1.06577410287e+23
1490.65614485, -3695.32638885, 2958.77583494, -1.22749022681e+25
4143.74208122, 5326.60984344, 4059.28308689, -2.52933326607e+26
4158.53833074, -5777.77095391, -2006.48240118, -1.01319224007e+26
-262.308804339, -2719.04977471, 120.33140842, -1.92045648591e+23
5683.20113652, 4816.44691602, 2736.10528226, -5.07143580892e+26
-1417.63593169, -1449.67088181, -5377.86352062, -2.25796486656e+25
-1733.68115105, 6298.19865598, -5520.74247363, -8.96419340063e+26
-183.846345013, -5843.22137018, 2550.28858884, -1.85267190712e+26
-2182.19475515, -4271.12248879, -353.644740021, -6.63710157623e+24
2480.10664063, -3058.21039075, 2259.52268504, -4.1057856774e+24
-3332.01052596, -5019.71451195, 4956.91307277, -1.49035931127e+26
697.920484377, -8574.0758304, 264.414154993, -1.92933927812e+27
-2605.78664671, 94.3883676862, -5437.48842133, -4.64365106606e+25
-4254.53040931, -1044.97548138, 4138.5803326, -6.50539489161e+25
-5049.30941757, -4645.50106096, -3455.14356874, -3.68290426489e+26
8130.51392977, -6278.06744029, -3574.92750402, -3.00464420175e+27
4122.60304835, 6717.87400436, -4114.48697938, -7.43338688145e+26
-3271.30623264, -1846.81294239, 3939.69357911, -1.6271809604e+25
387.374593099, 2150.44356288, -4323.20784047, -2.16053489213e+24
4137.77703414, 3056.9140193, 2809.14931113, -5.75733448188e+25
6741.15748589, -3705.89286845, -2464.19939425, -3.02193517092e+26
-800.748560587, 4315.04998995, 1558.62762062, -3.84552014691e+24
-2536.17696246, -5461.81685258, 1907.32617266, -8.87356456823e+25
6326.13899631, 418.24988713, 2129.69746567, -2.12325749672e+26
-6111.08338289, 2871.40926545, -4773.65751034, -5.91427107811e+26
6469.14270834, 5894.02825161, 1741.38649703, -1.01897852451e+27
3161.14688435, -878.792364645, 1231.6938386, -6.3950143921e+23
-519.412069002, 3656.85774228, -2409.7488392, -7.15537713819e+24
-2281.96674988, 2679.76957586, -527.629924361, -5.21127272764e+23
-2533.72037584, -5904.70607219, -1088.5823742, -6.98044007185e+25
279.100967077, -829.96875861, -3142.26961822, -4.70585108362e+23
3538.32304513, 3022.9125252, 3372.55371045, -4.07774327669e+25
-3819.23020061, 2401.4870163, -2566.33186596, -9.56313936658e+24
-7472.64366333, -1579.50422452, -3909.15687738, -1.98626047152e+27
-7426.6451519, -2526.21751451, 802.963024345, -3.59464079075e+26
-4175.74855253, 7007.21698419, 2257.20542497, -3.44310852096e+26
-2938.97657517, -3079.45217613, -6024.08322563, -1.8827416463e+26
2764.97544219, -646.592471627, 1238.80376856, -2.97468383646e+23
-338.221111768, -1918.2769023, 4695.91309783, -3.74506591922e+24
3730.59665425, 3952.05847678, 3429.13455796, -7.12305044935e+25
3864.78404357, 6203.05903867, -4657.50321421, -4.96758385889e+26
1990.3690924, -3915.50999805, 6351.00485392, -1.12958934255e+26
-4878.62656149, 2659.47197501, 7306.2963829, -3.73829590227e+27
1771.68115304, 6370.64613451, 1344.31634588, -1.09506676396e+26
1174.28882257, -14.1397773429, -2180.51099788, -8.91402333389e+22
-2168.54747574, 5480.06200436, 1064.63141095, -4.19535747415e+25
-3809.64133391, 2562.43272221, 5163.46256956, -3.49219692709e+26
571.52158455, 1813.57488174, -2069.906136, -5.21129645208e+22
4240.51307179, 2540.76193185, -443.558991591, -7.85789885468e+24
198.540304878, -2523.88664338, -7651.80061422, -5.37539011804e+26
4154.05194211, 3307.74361666, -2746.50328936, -1.23574737344e+25
-1406.1948972, 2721.05205001, 1170.43780927, -1.56321087297e+23
4581.89425635, -7085.707061, 1283.54359823, -9.0587420247e+26
-5249.99136834, 2318.75481473, 1026.63034965, -1.29161419237e+25
-4681.83363289, -2301.20128623, 5786.29191551, -3.5400169125e+26
4381.32276443, -780.181900595, 2094.56423203, -1.43175550815e+25
3848.54769722, 7509.02554916, 1681.03450663, -5.24141495487e+26
157.531604108, -3549.21216194, -1330.68192375, -7.27993441113e+23
782.900091209, 423.759762869, 1257.27898594, -1.15930918535e+21
6069.63829572, 345.92258107, 5162.56733117, -1.0444079803e+27
-5844.7409387, 382.277926728, 6671.93975552, -2.5295149821e+27
137.710563761, 3511.05273138, -5098.46981181, -2.00546830312e+25
2229.83717087, -1784.85035241, -4267.8119441, -3.26878403105e+25
7136.92029404, 2315.178455, 2183.06461229, -7.74096596798e+26
-5250.78754413, 2361.6661113, 3138.80973732, -1.27887291214e+26
1761.97529816, -5945.83402754, -5020.44505933, -2.0700814129e+26
-4246.28089421, -1380.2034499, 3626.86103076, -3.24546232597e+25
-1146.65132165, 1477.43377839, -3387.85441516, -4.1513171146e+23
-487.756684692, 3125.20767216, -6101.58568394, -3.00568179672e+25
364.221816153, 7044.03785331, 5969.00417723, -2.9507935136e+26
-6522.97921867, 5245.8209354, 3568.51934466, -9.28240831326e+26
4856.71087934, 1645.51867031, 1703.89912963, -4.22206127413e+25
5200.13424396, 1508.14389291, 634.440271011, -3.24698537961e+25
-5824.59192111, 485.355639718, 4033.04310561, -2.96141497998e+26
-6063.30134267, 593.849704919, -1023.54375361, -5.90759313974e+25
131.677140054, 2435.45006301, 420.861598364, -5.27500517754e+22
-5680.8136351, 4419.52789055, 5762.77452512, -2.52134713765e+27
6376.69226838, 753.947634868, 3502.54040242, -5.45595637366e+26
-206.349970046, -3309.38141942, 3421.0900841, -5.48282189279e+24
693.007431551, 1438.04484926, 1492.98565358, -4.2558041472e+21
-2715.96386349, 431.232695493, -6557.73317298, -1.3824907572e+26
-2382.61493527, 269.660124252, -3525.92722531, -4.11990207115e+24
-3875.22607299, 3226.9541025, 4494.85430857, -2.23760705389e+26
-744.401036173, 5082.87157137, 3600.03292497, -1.79022065906e+25
-264.8506858, 1878.54627804, -4282.61158277, -1.39884463429e+24
-508.397845237, -2584.86060349, -6764.99395695, -1.69612187593e+26
1658.43192209, -6491.33805463, -2342.45006017, -1.06185330928e+26
1949.28514032, 1437.73549285, -1184.75878586, -2.20636132125e+22
4647.91133277, -5521.01620462, -1010.25317283, -9.13643096738e+25
865.688364157, -2529.07041932, 1919.18841279, -5.16085690464e+23
373.867261033, 1991.30928895, -260.960119323, -1.86441861319e+22
7442.20344163, 1124.45204009, -5657.99730357, -2.2225288569e+27
-407.457423464, -3321.26203352, -1515.7720237, -3.65461349597e+23
-2302.69069422, -1168.6350942, 1436.5267579, -6.76766634289e+22
2909.8340366, 1019.88461729, -493.49131174, -1.85686876037e+23
-3574.35626163, 3464.03491407, 4952.88211923, -3.04232893299e+26
-740.897713009, 778.162665652, -3175.42355377, -1.4940704325e+23
-246.660454454, -35.491402293, 495.915283223, -5.01336673712e+17
6063.13488149, -2080.17502315, 394.253480933, -2.73743531597e+25
-411.640359153, 4590.8516078, -1134.5261401, -2.00257205722e+25
268.370862026, -2619.6996319, -413.953433964, -1.00533922034e+23
-922.610985221, 6174.93490648, -3340.59598825, -3.83520927324e+26
3106.35193899, 6395.14254222, 304.361865337, -1.70447114633e+26
5959.62626496, 1699.35655716, -2101.30338442, -5.32297617143e+25
2707.95783052, 6953.24275364, 5129.0865195, -2.53860765916e+26
4472.47791325, 2295.26262774, -1036.24198179, -7.9393636023e+24
-517.388236502, -1272.20557609, 474.514607176, -7.89398993459e+20
4212.52460635, 3931.33421563, 1745.76756754, -4.63847093073e+25
-3626.76545111, -6154.80196102, 3772.25475276, -3.65518556348e+26
-2616.97743235, 6864.30414218, -3119.78079757, -9.09060387655e+26
1150.99537208, -2167.87703749, -589.964481302, -2.61001930907e+22
-960.862728287, -3090.3491486, -3376.58546497, -1.49531964915e+24
-3613.76023583, -259.874197514, -599.822382822, -1.29274783994e+24
-2529.78108723, 508.398243398, -641.458125576, -6.49555378815e+22
7376.15099759, -2163.72193708, -7169.15651024, -9.97707178901e+27
-5765.39439859, 807.382109394, 1672.70120108, -3.22858199187e+25
6646.90984239, -4006.47659658, 2289.0722517, -2.06153796044e+26
3647.44316942, 5843.75320038, 1108.21132407, -9.61133455598e+25
-721.610892667, -294.179476177, -165.959569245, -7.88214287849e+18
-4167.3863468, -668.998240782, 1636.76173626, -3.29194760418e+24
4917.32761268, -1201.82082625, 4884.58175818, -2.57896569185e+26
-375.362840209, 3071.74012161, 3355.2966224, -2.53680633625e+24
-928.237576948, -745.218518569, -3688.23250997, -9.71257993624e+23
-4125.93275396, -5641.25469786, 1887.49882053, -1.36278278125e+26
1188.2970479, 341.599089814, -2344.77535875, -1.11911420277e+23
3337.13698249, -4148.62927747, 3860.3705734, -6.95565225482e+25
-3133.92140148, -5264.45173754, -2003.5678799, -3.92560991875e+25
-2213.69012405, -2705.40528649, 1396.04658696, -5.31151037058e+23
-412.904689641, -120.926089886, -2673.8066617, -5.1127151541e+22
-221.557788374, -6754.33140154, -6.73613026759, -2.58919360434e+26
2944.51899736, 1905.34995256, 7742.00203526, -6.21445357557e+26
2344.17715024, -85.1648797099, -2115.67566391, -5.5642714049e+23
-2972.19992978, 2961.66015843, -3481.37581396, -1.28320262915e+25
-2840.4644353, -3578.71717151, -1174.38854128, -4.28876363386e+24
1184.39106518, 143.259826727, 3044.5840871, -2.96867872242e+23
3509.98804412, -1085.3309116, 4915.28612977, -6.50330613809e+25
-3283.61437679, -77.7128033286, -4708.37605594, -5.03847747792e+25
-2461.2821485, 2280.37794708, -3450.05650327, -4.36932283159e+24
-274.701956077, 6344.92381918, -254.677048288, -1.74771786885e+26
5085.24011871, 2960.7348759, 5540.47203778, -8.59366183278e+26
-3261.82596488, 2794.70688934, 3911.11865713, -6.7044379782e+25
4539.44804514, 2289.63481712, -1481.84730179, -8.25238986692e+24
-4312.34933072, -3954.01608904, 1258.68060872, -2.10590538849e+25
4233.73812415, 2247.54663533, 1639.67151199, -2.18161988723e+25
2322.6158907, -252.794435384, -1484.05857034, -1.48336560172e+23
-6636.6905504, -7422.10056516, 1473.35330292, -1.62476977979e+27
-5487.30048387, -2902.03258875, -6074.35386598, -1.5948973942e+27
-6745.24973201, -616.624401167, 1081.13221472, -9.13723916855e+25
-4183.89906215, -7663.39920069, -1495.4450998, -6.79307643561e+26
-5569.96732225, 1614.72650542, 942.34222695, -1.56335887247e+25
-1105.66220124, 5872.3959018, 3612.80764614, -4.57491313568e+25
4783.57272337, -2400.36004927, 256.69163514, -4.14338175929e+24
-8006.29927617, 4216.74498459, 5114.94483451, -5.14553921848e+27
-2233.41192871, 2388.79513241, -4295.00339339, -8.56363547106e+24
5989.57050444, -716.466044911, -273.264368325, -2.68272348929e+25
-456.848844424, 1145.36664924, -7504.12637135, -1.52994552838e+26
-3457.69942576, -5913.87396416, 5726.32339633, -5.03465738948e+26
-4182.97290294, 3728.29193461, -347.397939866, -9.65023244586e+24
-4034.47488797, -3470.71088544, 2964.27155527, -1.41124020398e+25
198.635551685, -6776.24024674, -2896.48835073, -1.17028556577e+26
4651.04659329, -2029.07008018, -486.732698546, -3.31452319076e+24
1160.38455751, -1557.06861932, 3071.70061157, -2.67678921958e+23
-2438.54259965, 3343.18960175, 404.887495473, -1.42943086413e+24
2291.49629759, 1029.57834289, 4387.97011417, -1.34974014561e+25
-2879.31934437, -1007.90388686, 1407.35184842, -2.41219808874e+23
-373.636814648, 1686.08878209, -428.782521776, -7.30232676385e+21
3970.82175045, -4363.55636327, 4284.03382707, -1.44396874636e+26
-562.12255717, -601.848002624, -3733.12546946, -9.05023133989e+23
1777.83718763, -6073.33875165, -5170.41111821, -2.52040673864e+26
4501.43040386, 688.835314958, -7509.62706379, -1.93501292059e+27
-5332.13697591, 6934.9918039, -4659.14051802, -2.364037078e+27
4633.46475301, 618.978379987, -5998.72997837, -6.06576535655e+26
-5256.55600013, -1986.8355855, 3525.57812472, -6.65433830501e+25
7439.40816005, 540.451474393, 2268.50098105, -6.95734692476e+26
132.6351963, 641.781016751, 3939.25197294, -1.70692183775e+24
5533.16482057, 3586.15654532, -416.376983626, -7.92848224527e+25
2938.42153348, 6262.69236456, -8402.35581394, -1.82688255509e+27
-2899.49474898, -4619.20437476, -2208.84228651, -1.79939969804e+25
-4040.90624257, -2655.82611496, 6280.12787584, -3.43344105636e+26
-2230.53997272, 3031.95395499, -1562.58694575, -2.21779393352e+24
-4732.34912218, -8667.00014384, 1826.68291768, -2.97318662095e+27
3332.71813772, -859.463319266, 1012.73784781, -6.79324288965e+23
-1345.47072958, 1229.33936507, 6259.44239118, -1.6502775013e+26
-3034.65272175, -7000.35085479, -1127.57604929, -2.82820721607e+26
324.399182451, 1480.85798762, 6989.60058223, -1.76515757214e+26
-5422.93586198, -2460.88546161, 2146.47528389, -3.23974614069e+25
-4911.43352058, -6887.03828475, 747.290783953, -5.25722482835e+26
-951.57380699, 2671.71767488, 3052.97966977, -2.09742873564e+24
5466.02978327, 4927.41207597, 5376.90961678, -1.51014117384e+27
-1353.23271237, 770.993329985, 3234.56429462, -1.8993752577e+24
4685.25391005, 1644.55394476, 1333.24784212, -2.61730830846e+25
2490.40434815, -2339.26828608, -8348.86808701, -2.54908297449e+27
3485.28355247, -6344.3468868, -4705.51421322, -4.93270202498e+26
388.059113536, 1855.56788227, -1357.35878008, -3.0591953877e+22
1996.78267694, 1481.31772402, 355.886172965, -4.73088871061e+22
3956.12086298, 1011.48054842, -375.019848535, -1.95133732464e+24
-383.39362184, -1049.00032516, -4036.99617636, -2.12013721537e+24
-1209.25431, 4057.86229916, 976.972282979, -3.18023767782e+24
-570.738864902, 2403.81105204, -2304.65418946, -4.53670687828e+23
-1000.48773053, 1292.52449967, 417.547044455, -7.27614779719e+20
-6686.95252642, 8314.61885891, -1032.34926791, -3.60499185447e+27
38.1150874138, -108.273335269, 6998.33703353, -1.30911151636e+26
-2571.53697591, 1031.34575388, 35.7236199816, -2.44153119167e+22
-391.147876547, -4681.31152107, -4685.69747487, -2.57798288128e+25
-1537.78579738, -1065.23611486, 5460.73349682, -3.6699401217e+25
-4124.72355772, -2629.84438925, -2475.7107832, -3.91036528989e+25
-4608.55157019, 4583.57402081, 6141.66368759, -1.97317972483e+27
-1243.49927967, -6394.27101682, 3513.40219815, -4.43559254678e+26
-661.028723841, 6111.53262257, -2328.06627797, -2.5657498008e+26
1027.43552863, -4178.00255272, -558.026000059, -4.76620687314e+24
6120.09798792, -3220.72759079, -2129.66388192, -1.21208084597e+26
-7099.11188555, 2067.82761247, -2362.25282603, -3.15833179715e+26
411.946255803, -3679.89998411, -3357.91141217, -3.61914131094e+24
-2323.52119441, 6266.68767355, 6609.40458321, -1.27767227092e+27
4090.3783328, -290.72151821, 490.657329388, -2.21312499248e+24
1541.9390648, 8509.22953505, 5350.50396911, -6.16872476448e+26
1735.03794007, 4251.62921842, 2932.39821459, -4.73719235263e+24
-3361.94469542, -6519.49860648, -5167.47575306, -3.38667146794e+26
-2565.17327325, -1733.75295584, -3714.92126161, -1.08079647953e+25
-1136.95695098, 2603.92162149, 5481.13058906, -8.72776131552e+25
-3136.22923294, -153.991851556, -2545.64516981, -4.58621133056e+24
1046.94963587, 1814.64026843, 3853.94388951, -2.16772159404e+24
-3172.16027416, 3945.28152172, 2828.03291852, -2.4739359327e+25
-7623.40346124, 1660.01315272, 2299.71562614, -3.44006250384e+26
459.844325532, 2887.33887597, -6080.1005347, -3.07775803364e+25
-614.230165678, -5339.60301818, 1193.93187522, -5.94522612918e+25
3589.38719492, -3224.73583422, 8498.60315734, -9.56719152484e+26
-492.759337804, -8029.83358512, -1960.32228477, -6.34769095727e+26
6056.07334353, 374.198205824, -2951.1147723, -1.10952252979e+26
-2561.812486, 1140.62346117, 1490.50734031, -3.73606887167e+23
2867.29210676, -542.935346586, 1501.47753129, -5.76836693685e+23
3955.04610057, -3979.14824224, -591.655985689, -9.59613243768e+24
2830.40136772, -816.15712069, -180.24733327, -5.46562095134e+22
6947.80274329, 3182.90443596, -7935.36581005, -5.68957585059e+27
80.3543594058, -2721.75405016, -3324.63953424, -1.52569754965e+24
-1294.32782607, -5459.80222597, 3213.413371, -1.32885420398e+26
-2351.89385383, 3569.13911534, 3175.0822113, -1.54381742626e+25
5654.39837776, 1661.22612576, 1606.53074393, -1.05954776547e+26
-1100.08083115, 1994.72675468, -5743.03768782, -1.46176664658e+25
4945.8057379, 4224.71887956, -4315.93878776, -1.06154473188e+26
1098.65980813, 5944.33776396, -817.394044218, -1.18673106459e+26
5264.7026696, 1440.14295765, 926.550089191, -4.07486483623e+25
3938.35003003, -3289.38155492, -1387.72587585, -6.96400697582e+24
-1896.48698337, -314.753033219, 3958.21018054, -7.39922796105e+24
-1763.3277231, 5358.88101143, -2988.49105106, -1.45343953962e+26
-5411.09241777, -1847.30772606, 3100.53526255, -5.38837033038e+25
-7374.13977198, 136.244261999, -6546.30911635, -5.31900029479e+27
3593.54240937, 5371.04912314, -7286.11264084, -7.2036607364e+26
-88.7279929015, 1436.71755025, -5672.42506505, -1.51130933003e+25
2135.89287095, -923.65016579, -2803.32071155, -2.32349624904e+24
-63.3095869364, -3608.54481277, -1200.87271097, -8.88268780962e+23
-3042.84362446, -7113.36684161, -6587.15090152, -7.38408433036e+26
2930.32282822, -3534.46391802, 927.291790359, -5.17201731423e+24
-2081.54299325, 4219.79353589, 2494.69708897, -7.49982971239e+24
-1552.38672492, -2194.00204843, 847.806769925, -7.36395239576e+22
-1789.66966502, 1817.59995365, 3729.04155466, -1.05805233045e+25
2661.08110276, 4367.3449986, 1170.52963003, -8.86638977832e+24
598.766651967, -3702.05804211, 1108.02102683, -4.08330800122e+24
4385.34115665, -3354.6009158, -5303.97249213, -6.82096829793e+26
-390.584841027, -1489.51993288, -5861.74370443, -4.38391965713e+25
-3782.09094997, -259.40105988, -8534.75572391, -1.46884663744e+27
2780.55663306, -6497.29662835, 3322.26621875, -6.76636235517e+26
-908.035605979, 3001.82583389, 1016.62542377, -2.42070932982e+23
-2160.53842082, -1734.06508713, 7128.80280965, -3.10455328639e+26
7420.98324417, -3619.81249811, 143.174865409, -1.29244533802e+26
-1163.47946844, 5039.46652417, 3327.37186677, -1.7456460565e+25
-1889.02261753, 6956.17783666, -6588.57263341, -2.23952249245e+27
-3305.37431059, -5562.64698401, 445.867741999, -7.51644541771e+25
-1953.34719247, 1615.71688084, 1482.52364645, -1.70177941536e+23
-151.138196188, -3030.46650121, 3456.27643679, -3.2915871934e+24
692.158261791, -787.816157859, 871.183212604, -1.9859718327e+20
8032.73208837, 2302.65805956, -152.143643378, -7.14590619045e+26
3028.20970661, 167.92389262, 1535.98739449, -1.1120848748e+24
232.205685022, -4772.70065272, -5839.36917947, -1.44695823137e+26
2069.82293391, -1002.70056401, 2041.10064986, -2.21368608235e+23
419.554178256, -3061.87906466, -72.9814137773, -4.67283754249e+23
-2298.19500713, -6053.61657149, -2716.14370972, -5.92787152932e+25
-449.844227276, -740.211727458, -6566.91764164, -8.43007607449e+25
4259.13749081, -1947.30612931, 231.134701371, -1.55384756607e+24
-912.887404554, -2455.62164292, -4558.92331378, -8.30437821606e+24
-5947.17560287, -1084.42022844, -5397.40554701, -1.20525283862e+27
-2174.44517129, 8304.2647305, 2061.02278303, -9.36040987628e+26
2718.19782362, 2674.34316439, -2403.28532092, -1.32316627035e+24
3779.83848993, -4134.09766135, 3059.37040746, -5.54490115114e+25
100.0945875, -4075.74997081, 1540.01137892, -9.52928594181e+24
1007.36881776, 1927.92868221, -755.34814631, -2.33690441795e+22
-385.67590076, 4680.71647033, 191.966034077, -1.32479451447e+25
-7617.51266083, -3770.05940737, -2005.77444774, -1.57548615125e+27
-26.9052998686, -8219.69706694, 6252.29601208, -5.10895367075e+27
-4298.91942684, -5710.11843877, 586.673697915, -1.28502909736e+26
-764.012136142, 1429.87403607, -5941.69094727, -1.91230698217e+25
4812.94728978, 3363.60214173, 1847.67553396, -8.07545106427e+25
-1441.52642711, 465.478584052, 1474.79206317, -2.74510315284e+22
4176.4092658, 3370.51487737, 5818.75447452, -5.01217639675e+26
6604.55879156, 3916.05976015, 3210.54518285, -1.13034910043e+27
6317.93697117, -7222.26671416, -1412.24141229, -8.42563406992e+26
-229.537380374, -268.459998363, -3297.69598756, -3.18820130222e+23
-4421.93799631, 2448.96775679, -1932.3884821, -1.08756515791e+25
-2497.29590665, -414.389163323, -6685.75883412, -1.49831304429e+26
-342.542924805, 4565.5904945, -88.7387787592, -1.22146102338e+25
1129.50494628, 613.896305402, -373.202512217, -1.32681973975e+20
3242.72889105, -7341.08619138, 3140.82870556, -1.55648513822e+27
-8198.14980293, -5682.6985337, -2530.95926451, -4.68350329062e+27
1452.10541618, 2880.94412549, 1504.34593887, -2.4277783801e+23
1785.47340272, 3547.53425942, 6548.80486314, -1.66579797572e+26
4424.93326568, 2113.14581648, -507.092215154, -7.91849940099e+24
-1081.23434492, 8024.07479694, -3169.99796271, -2.35986200302e+27
-3784.8636559, 2707.55605816, -2975.95345252, -1.53305982357e+25
3791.19591078, -1712.91067114, -7664.2339282, -2.42915965542e+27
3161.1843877, -5216.31369566, 2822.44873891, -1.4954372357e+26
-367.843559385, 6246.65975854, -587.607061475, -1.725133688e+26
7254.34069284, 274.048110933, 5530.48601013, -3.10598408791e+27
1275.50813521, -1170.96180254, -2970.97970961, -1.24877864189e+24
5072.64008913, -576.689044744, -403.332082003, -6.94530173513e+24
-2835.12562494, -3671.04693902, -229.633806691, -3.85778094528e+24
615.364847545, -2244.72643674, 1635.89087018, -1.77600729125e+23
-176.085065271, -1454.7443661, 169.892554965, -1.46957545378e+21
5475.72861138, -2467.05073699, 457.679321712, -1.24511247511e+25
-4119.21016526, 5127.76791905, 4933.72025715, -6.26203160727e+26
2119.62148308, 1188.1144751, -5801.52468106, -8.13178462526e+25
6969.39833986, 1845.31136628, 195.330886378, -2.45315658993e+26
-6921.48443532, -7805.54391431, -1273.85026116, -2.8036269927e+27
2374.88810861, -1205.61071146, 2262.89289155, -5.8693681719e+23
1675.53732225, -6791.36126843, -963.436971312, -2.28844344327e+26
-599.756846548, -60.5296575581, 4534.25467524, -6.45139066783e+24
1694.47463685, -6729.91412931, 1927.02376529, -5.04643949961e+26
3969.06403769, 2539.0203221, 6451.21651245, -5.6347864869e+26
804.271458055, -1503.97679412, -1145.35289474, -5.16398409616e+21
54.0596280867, -4418.05324464, 1696.54153609, -1.82817921517e+25
-598.796706109, 1745.41477699, 3601.14524803, -2.68092186225e+24
66.2329189449, 642.626124834, 7775.01262373, -3.60654839859e+26
7654.27598911, -5941.92858449, 1004.95246079, -6.58798299765e+26
-708.566168563, 6496.61851898, -2700.11137893, -4.46386959879e+26
1531.48586316, 700.046981306, -4656.33956944, -1.32287891699e+25
1841.26705258, -2753.90604063, -4043.46901136, -2.41558823553e+25
536.864117627, -332.843012266, -4500.09564387, -6.6515848675e+24
4505.69611856, -168.930557926, -228.63475159, -3.16327540463e+24
-7384.25670435, 3991.06045575, -2345.81476075, -3.84059684175e+26
647.11060369, -3238.64328136, -4229.73320605, -1.42530040122e+25
3587.37090569, -328.557196754, 3401.00536103, -1.95564486289e+25
-900.525827896, 2344.62370288, -1582.63667789, -2.55258499181e+23
3165.36703163, 5879.01879685, -605.191967794, -1.13296380017e+26
551.401816075, -4890.49809556, 5592.2027952, -1.6608013452e+26
4980.03104605, -2125.04264876, 1839.08742882, -1.97893441254e+25
685.865167415, 2873.70411722, 6696.92890942, -1.63678665358e+26
2983.43951434, -4169.71003018, 4531.06604451, -8.54825647205e+25
649.606963303, -1242.60171249, -7555.55236296, -4.4077726705e+26
3454.52312859, 3112.0147181, 6816.29834337, -5.27045151467e+26
638.32729146, -3610.40632507, -6535.41829449, -2.76707770883e+26
-1042.89830418, -1760.36932835, -370.980056854, -5.90265671336e+21
-960.51273082, -932.279898046, 261.829021306, -1.61412990137e+20
-7055.11193724, 983.535255888, 674.442829404, -9.34642367179e+25
-2582.25392772, -2919.31625088, 3835.49922887, -7.12427292586e+24
-3664.0674727, -324.31568881, 310.641800719, -7.37816839988e+23
-4601.35372017, 270.009643861, 1637.14167962, -6.9099004255e+24
-7562.2425497, 100.913704449, 2177.50753514, -2.64895109788e+26
-6065.14137983, -1600.3674127, 3552.73361271, -1.51892227786e+26
-633.425020143, 777.423631198, 2444.76681608, -1.28591643317e+23
343.838723239, -1613.22807178, 4545.3698685, -2.12879550249e+24
-5027.33751203, 522.016198243, -163.117646444, -8.06769771885e+24
461.262016592, -1302.17052987, 5585.84010009, -1.23901890879e+25
4856.94504044, 2809.8512935, -2443.30152179, -1.92453568408e+25
5767.37985533, -1873.51467522, 50.4253326916, -1.63949380657e+25
7708.09522995, -1865.1730214, 1393.52665402, -3.30433997465e+26
-1526.49262393, -562.64757051, 2440.97032168, -2.1874782659e+23
1052.86825817, -5099.68876225, 6780.22125057, -3.49536428904e+26
2178.15926274, 3021.99782834, 2251.44416263, -1.90221544911e+24
-714.130825424, -7662.32236854, 1112.07773209, -9.27896250225e+26
14.6272778654, 2616.49833498, 853.400307309, -6.93715727532e+22
3203.16320431, 2129.00927091, 379.505179411, -1.5295460048e+24
-5541.59341429, -2982.2531972, 134.475493687, -6.67911936119e+25
-3234.73487372, 93.1440733304, -106.764504157, -2.76862889712e+23
-756.223342877, 6627.50585405, 248.969399591, -2.18198275205e+26
-5407.08804493, -1427.4673032, 1732.46853289, -2.24642641359e+25
2020.97985596, -2530.91616284, 687.937541143, -3.47809938162e+23
-2440.9400075, -2021.87769732, 7740.13925739, -6.11295486155e+26
1477.21374562, 2392.13967417, 1910.67830636, -1.97046737542e+23
1214.2939825, 3890.1309147, 260.600107936, -2.77292672915e+24
-926.997136744, 4499.62952019, 766.552532217, -7.86661274158e+24
6172.28374938, -4268.91795392, 3741.70877079, -3.84899308577e+26
-4408.48717351, 150.14324844, -1309.54365748, -8.61987348117e+24
6160.32948169, 1705.77322071, -1378.6874034, -6.11472551959e+25
1923.65975724, 5003.5085302, -6149.05675791, -2.14745636273e+26
-7456.30262426, 482.442170951, -572.30695707, -2.35008141226e+26
-4140.81375591, -1341.86511274, 414.475471458, -3.27812282888e+24
-990.204968913, -331.277720043, 4632.73999884, -9.37191481341e+24
-5412.39853163, -994.402341175, -3163.13115928, -1.81326176191e+26
257.985782119, 296.389978026, -4398.03591191, -3.45768724084e+24
-1801.88834185, -1699.61630393, 2257.73259387, -1.48426512781e+23
-2183.18176769, -2537.30011622, 2465.30631614, -7.7111321605e+23
6168.11279255, -4474.15744406, -1436.69162728, -1.10098410462e+26
-3335.64659922, -1748.43426341, 2949.84900203, -4.4063444512e+24
-208.890623009, -1422.01896266, -3733.56773167, -1.50855778301e+24
-237.966223588, 1466.4826304, -1252.84891017, -6.8849151304e+21
-197.654474929, 1723.86839735, 806.122875768, -2.06362520595e+21
-5239.86568306, 1826.65112525, 4946.67348382, -6.06845595872e+26
-2136.16979515, 4152.25558876, 2173.9909152, -5.56649446002e+24
-2094.56486449, 7436.41995787, -7970.18585569, -4.79945140172e+27
5029.27024809, 3516.3904177, -4498.43166566, -1.13335357898e+26
-1209.37459695, 2691.19681265, 573.726179148, -1.45748679509e+23
3035.81101633, -3714.37613296, -7517.24878623, -2.22118952891e+27
3713.64136027, -148.225874063, -4161.44064655, -5.97732494378e+25
-4244.70027231, 2544.08811829, -1807.39248882, -7.97307413138e+24
-7899.59557272, -27.1208638357, 2097.98235638, -3.47321140365e+26
498.070785945, -1130.25716069, 1005.49401936, -1.13556429213e+21
-1076.94703073, 3383.91988106, 2250.38162461, -9.6651635567e+23
-3220.94947717, 5434.74841425, 5804.57849523, -8.5202388077e+26
-5652.72050448, 546.74157082, -918.232136858, -3.29570905583e+25
7209.42992925, -587.233429861, 4612.38354224, -1.65231826256e+27
-2249.62991778, -1017.10846747, 4674.68267373, -2.275804191e+25
4731.66855718, -2586.82748373, 2680.45006407, -3.21378357931e+25
-1176.57805189, 3998.3688206, 3349.62148209, -8.32887353595e+24
872.937847149, -90.9161042676, -1587.15497694, -7.89346431783e+21
-979.469642307, -577.036449315, -2437.01761445, -6.50084688911e+22
-924.208515455, -2392.41205238, 1438.52414191, -1.81416775163e+23
-4241.10234417, -300.235271828, 293.809106237, -2.34970710045e+24
7590.37552276, -7639.6784153, 3650.92867195, -5.01238992086e+27
-1055.68765258, 3686.32142832, -817.451986151, -3.72655331923e+24
3734.20174588, 5294.29974657, -1963.22828109, -8.291403038e+25
-151.274171954, 6202.82706996, 153.728967402, -1.27420048702e+26
622.355303009, 2420.33100512, 1781.67989629, -3.53469263389e+22
2887.50871582, 2485.08132615, 2426.92701488, -5.90930291406e+24
6196.27378532, -7665.24412277, -1743.64864905, -1.15369313287e+27
2532.86182367, -3029.53468104, 3018.87924706, -6.88622329235e+24
-432.637859052, 603.818926008, -3326.39770076, -2.0002695312e+23
-4610.8146733, 157.228069781, 8631.53915537, -5.40930049897e+27
2159.14202123, 4772.02133878, 2548.33685811, -1.12304473519e+25
939.624238243, -23.3935858648, 5569.58720365, -1.72198381483e+25
-2249.44801366, -1103.96563703, 3746.99194982, -5.55667303676e+24
-5274.30427882, -3446.64533378, -1931.34685413, -1.48084831232e+26
1345.6039349, -6730.18312709, -4989.02196525, -2.30096356779e+26
-2732.11225038, -719.461337151, 4853.65100143, -4.72021241588e+25
1373.49910213, -1917.46923342, -5408.27942218, -7.56045398891e+25
-242.207972859, 4304.01111997, -650.9817831, -9.79218274927e+24
-4333.92980948, -1396.34307868, 1102.89867135, -3.97057958559e+24
-4456.74384598, 2030.3849883, -2598.76681922, -2.10319574735e+25
-1484.27401829, -1131.20243085, 4452.87456467, -8.00571010299e+24
1817.23591338, -5185.21426951, 3777.60013673, -1.54253927785e+26
-892.105646692, 1774.55127964, -4689.75144189, -2.92727474982e+24
-673.640146948, -3948.59025389, -1909.10124491, -1.42380558763e+24
-589.000363274, -1337.60937073, -1705.76628057, -5.90419726871e+21
-4164.10413146, 2784.90770494, 1100.09236213, -4.64534937434e+24
-4432.44847446, 1339.34013046, 4337.36500795, -1.76220033064e+26
-1948.83684461, -2728.67980091, -4827.66915091, -2.28499574359e+25
-1858.4129751, 2184.49097222, -188.554054668, -8.22314113944e+22
4854.78151265, 1826.73549251, 781.357693752, -2.52200993606e+25
1726.48832275, 3749.41243667, -1089.19104814, -3.97776510522e+24
3418.46013548, 3980.84474185, -6406.33042411, -2.29670126143e+26
-6512.16240782, -2189.73930911, -649.884866376, -2.04354002282e+26
6751.50255251, 2398.93905063, -6807.27521181, -2.72830708319e+27
-3083.90824761, -2913.63251003, 2512.54099911, -2.66283735642e+24
3530.7294644, 3989.94360741, 3376.18414664, -5.46961122361e+25
