-0.499695065333, -4.01259708436, -4.8808968686, 0.0
-0.499695063119, -4.01259708635, -4.88089689665, -1.68455122551e-13
-0.499695063177, -4.01259708475, -4.8808968591, -1.68453991239e-13
-0.499695063125, -4.01259708435, -4.88089689618, -1.6845504444e-13
-0.499695054421, -4.01259708435, -4.88089686004, -1.68453884192e-13
-0.499695216072, -4.01259711516, -4.88089743358, -8.40594139426e-11
-0.499695063119, -4.01259708435, -4.88089686001, 0.0
-0.499695056028, -4.01259697124, -4.88089682597, -4.04287285282e-12
-0.499694615731, -4.01259707007, -4.8808967272, -5.69367766444e-11
-0.499693654298, -4.01259608007, -4.88090615833, -2.25400247436e-08
-0.499694978062, -4.01259758189, -4.88092788669, -2.43193775495e-07
-0.499695063447, -4.01266289628, -4.88088249987, -1.14783202662e-06
-0.499851883292, -4.01262072218, -4.88089670305, -6.35606560654e-06
-0.499390558736, -4.01252675593, -4.88089722689, -2.4693181333e-05
-0.498631667661, -4.01262903636, -4.87960849485, -0.000706984663995
-0.502292253993, -4.01305450653, -4.88081806713, -0.00176110859137
-0.49350172167, -4.01381767382, -4.88108708872, -0.010070292959
-0.507784934315, -4.01246228527, -4.89105082643, -0.0429009896636
-1.47629678567, 3.61576501149, -4.99999999994, -3.6996691209
-1.69966177544, -0.205452367839, -4.99997670186, -819.254081375
-1.47629678962, 3.61576501153, -4.99999999485, -3.69961302546
-1.08458510953, 2.26115865176, -4.99999999207, -537.812068181
-1.47629678937, 3.61576501221, -4.99999999738, -3.6996442325
-1.47629678962, 3.61576501151, -4.99999999485, -3.69961398794
-1.47629678961, 3.61576501154, -4.99999999471, -3.69962082953
-0.976644661421, 3.86864375927, -4.99999999276, -139.932557807
-1.47629678962, 3.61576501153, -4.99999999484, -3.69961430402
-1.47629678963, 3.61576501152, -4.99999999485, -3.69961412936
-1.47632069108, 3.61577883207, -4.99999999538, -3.70798771536
-1.47629678962, 3.61576501153, -4.99999999485, -3.69961295478
-1.47629647243, 3.61576501118, -4.99999999506, -3.70002885492
-1.47629678943, 3.61576501152, -4.99999999485, -3.69962192187
-1.47629678962, 3.61576501153, -4.99999999485, -3.69961298291
-1.47629678962, 3.61576501153, -4.99999999485, -3.69961315556
-1.47629678962, 3.61576501152, -4.9999999949, -3.69961574383
-2.16934545556, -3.81284310127, -4.99998715617, -222.500357602
-1.14763692173, 4.99022875867, -4.94274710417, -240.374990016
-1.24361131279, -4.90621467108, -4.98259345964, -130.407695378
-0.635096784532, 3.58160656284, -4.89984971984, -228.600095164
-0.349936470114, 0.647096002565, -4.99855494204, -953.759160501
-0.45738683174, -4.06025015972, -4.90607282346, -1.14943181862
-1.86378526326, 4.99900009925, -4.95460079662, -198.272700134
-0.801393935175, 2.15610353532, -4.99911919479, -593.271393804
-0.447465618612, 4.90106657208, -4.96256891671, -279.339875581
0.717142275725, -0.0318763031629, -4.82025128372, -1118.23056722
-0.49969505943, -4.01259229375, -4.88089502543, -6.67230769541e-09
1.24146495345, 1.54283655979, -4.99894541354, -1326.26015155
-0.499302986876, -4.0123913722, -4.88043812703, -0.00010279749257
-0.499698784078, -4.0125970766, -4.88089669284, -3.50574454851e-09
-0.499695054474, -4.01259709455, -4.88089687956, 0.0
1.93211499354, -3.06859725577, -4.9884744853, -482.106392054
0.201097906974, -1.9955334639, -4.83806026352, -500.485990762
-0.499695098447, -4.01259707947, -4.8808968837, -3.36909717451e-13
-2.40485433753, 2.71738856767, -4.99819815225, -163.296517175
-0.499695062856, -4.01259709783, -4.8808968773, 0.0
-0.499695096731, -4.01259708429, -4.88089687801, -1.68454771821e-13
-0.499607333327, -4.01115445005, -4.87998440806, -0.000739972706172
-0.499695052651, -4.01259707851, -4.8808968855, 0.0
-0.499695066948, -4.0125971472, -4.8808968822, -1.01072831284e-12
-0.499693976398, -4.01259683453, -4.8808964256, -3.67392083512e-10
-0.499695070272, -4.01259707593, -4.88089687804, 0.0
-0.499695059695, -4.01259709735, -4.8808968777, 0.0
-0.499696427092, -4.01259708453, -4.88089688176, -4.68981755097e-10
-0.499695714876, -4.0125970896, -4.88089674603, -1.11011186562e-10
-0.499694987885, -4.01259706964, -4.88089697966, -4.21134635219e-12
-0.499695051571, -4.01259710701, -4.88089682926, -8.42270903774e-13
-0.499695156583, -4.01259706611, -4.88089688998, -2.18990307648e-12
-0.499695078245, -4.0125970783, -4.88089640404, -5.67686578188e-11
-0.499695088319, -4.01259710456, -4.88089680164, -1.68453895476e-12
-0.499695066324, -4.01259708267, -4.88089686962, 0.0
-0.499696299291, -4.01259710942, -4.8808969593, -3.86775924667e-10
-0.499695063026, -4.01259705723, -4.88089689005, -1.68454135333e-13
-0.49969507208, -4.01259705143, -4.88089688588, -3.36908341167e-13
-0.499695066691, -4.01259701316, -4.88089688029, -1.34762780894e-12
-0.499695066437, -4.01259708144, -4.88089689369, 0.0
-0.499695081791, -4.01259711609, -4.88089692812, -1.01072951101e-12
-0.499695164551, -4.01259708285, -4.88089688016, -2.52682340774e-12
-0.499695049775, -4.01259708551, -4.88089688725, 0.0
-0.499695064292, -4.01259709401, -4.88089688303, 0.0
-0.499695066365, -4.01259704063, -4.88089688872, -5.05362507549e-13
-0.499694332637, -4.01259712367, -4.88089691114, -1.36445474668e-10
-0.499695054783, -4.01259698356, -4.88089687922, -2.69525193648e-12
-0.499695045032, -4.01259709305, -4.88089688116, -1.68454539925e-13
-0.499695033994, -4.01259706195, -4.88089689981, -5.05362379317e-13
-0.499695237713, -4.01259708214, -4.88089688353, -7.58046202389e-12
-0.4996950542, -4.01259709319, -4.88089687184, 0.0
-0.49969505447, -4.01259709644, -4.88089687493, 0.0
-0.499695048072, -4.0125970751, -4.8808968823, -1.68454191689e-13
-0.499695058164, -4.01259708016, -4.88089701627, -4.88515549631e-12
-0.499695070563, -4.01259709896, -4.88089688164, 0.0
-0.499695054955, -4.01259709841, -4.88089688254, 0.0
-0.499694230897, -4.0125958961, -4.88089696953, -5.35503660443e-10
-0.499695057255, -4.01259730914, -4.88089688065, -1.2802607405e-11
-0.499695061031, -4.01259708055, -4.880896872, 0.0
-0.499695054779, -4.01259709764, -4.88089688877, -1.68454786496e-13
-0.499694877541, -4.01259710964, -4.88089693205, -9.77025001971e-12
-0.499695058721, -4.01259707274, -4.88089687277, 0.0
-0.499695047902, -4.01259708908, -4.88089690924, -3.36910238711e-13
-0.499695059743, -4.01259707912, -4.88089683061, -5.05361236011e-13
-0.499695065295, -4.01259709008, -4.8808968673, 0.0
-0.49969507588, -4.01259707363, -4.88089688335, 0.0
-0.499695082884, -4.01259706402, -4.88089690187, -3.36909632855e-13
-0.499695035033, -4.01259708534, -4.88089687228, -1.68454302811e-13
-0.49969506262, -4.01259708698, -4.8808968668, 0.0
-0.499695060165, -4.01259708779, -4.88089686102, 0.0
-0.499695074887, -4.01259707734, -4.8808968837, 0.0
-0.49969504349, -4.01259708383, -4.88089685196, -3.36908028934e-13
-0.49969505931, -4.01259708542, -4.88089687232, 0.0
-0.499695063196, -4.01259710222, -4.88089567151, -3.68071374668e-10
-0.499695065018, -4.0125970878, -4.88089688763, 0.0
-0.499695079141, -4.01259707729, -4.88089689439, -1.68454916996e-13
-0.499695066805, -4.01259710669, -4.88089697384, -2.52681921781e-12
-0.499695071318, -4.01259711653, -4.88090900094, -3.71690604225e-08
-0.499695049541, -4.01259707479, -4.88089692613, -6.73819904961e-13
-0.499695063246, -4.01259708783, -4.88089689493, 0.0
-0.499695091223, -4.01259707749, -4.88089688625, -1.68454997178e-13
-0.499695058025, -4.01259708027, -4.88089689141, 0.0
-0.499695074682, -4.01259709525, -4.88089688637, 0.0
-0.499695063165, -4.0125970999, -4.88089688558, 0.0
-0.499695063014, -4.01259706238, -4.88091125642, -5.22845789903e-08
-0.499695061569, -4.0125970795, -4.88089688623, 0.0
-0.499695058452, -4.01259707927, -4.88089688235, 0.0
-0.499695074679, -4.0125970956, -4.8808968858, 0.0
-0.499695062882, -4.01259709994, -4.8808968658, -1.68454425466e-13
-0.499695051508, -4.01259707605, -4.88089701031, -4.54825116009e-12
-0.499695056686, -4.01259708183, -4.88089612417, -1.43690727782e-10
-0.499695019066, -4.0125970908, -4.88089684812, -8.42270406486e-13
-0.499695113133, -4.01259710366, -4.88089694075, -1.68455043052e-12
-0.499695055602, -4.01259708351, -4.88089688483, 0.0
-0.499695053139, -4.0125970914, -4.88089688447, 0.0
-0.499695061771, -4.01259707597, -4.88089687696, 0.0
-0.499695061575, -4.01259707545, -4.88089687607, 0.0
-0.499695010906, -4.0125971019, -4.88089688095, -8.42271785594e-13
-0.499695067601, -4.01259708588, -4.88089681103, -1.17917427779e-12
-0.499695066663, -4.01259709363, -4.88089687282, 0.0
-0.499695061783, -4.01259707597, -4.88089687618, 0.0
-0.499695061761, -4.01259707598, -4.88089687615, 0.0
-0.499695075739, -4.01259709144, -4.88089686865, 0.0
-0.499695062897, -4.01259698559, -4.88089683237, -3.03215303461e-12
-0.499695056464, -4.01259710418, -4.88089686605, -1.68454468933e-13
-0.499692174745, -4.01259669049, -4.88089686101, -2.15255509804e-09
-0.499694541316, -4.01259706894, -4.88089686799, -6.95706952961e-11
-0.499695090378, -4.01259708052, -4.88089674084, -4.88514467087e-12
-0.499694973208, -4.01259709615, -4.88089678544, -4.37978295784e-12
-0.499695072145, -4.0125970615, -4.88089687626, -1.68454011102e-13
-0.499690762436, -4.01259707543, -4.88089687357, -4.68256359694e-09
-0.499695068908, -4.01259709688, -4.88089687507, 0.0
-0.499695067028, -4.01259708594, -4.88089688337, 0.0
-0.499695076727, -4.01259709419, -4.88089685562, -1.68454508135e-13
-0.499695116934, -4.01259710948, -4.8808969084, -1.01072892252e-12
-0.499695048192, -4.01259706597, -4.88089687851, -1.68454023718e-13
-0.49969509936, -4.01259707482, -4.88089688482, -3.36909717882e-13
-0.499695070249, -4.01259708691, -4.88089686446, 0.0
-0.499695066634, -4.01259707663, -4.88089689013, 0.0
-0.499695076066, -4.01259709619, -4.88089686715, -1.68454792694e-13
-0.499695275385, -4.01259709085, -4.88089686423, -1.12864367101e-11
-0.499695084003, -4.01259708352, -4.88089687664, -1.68454930464e-13
-0.499695142513, -4.01259707381, -4.88089687484, -1.51609292495e-12
-0.49969499431, -4.01259610209, -4.88093598696, -3.86973082213e-07
-0.499695011579, -4.01259707343, -4.88089691397, -1.01072348407e-12
-0.499695070066, -4.01259720778, -4.88089689875, -3.87446877199e-12
-0.499695057099, -4.01259708093, -4.88089687711, 0.0
-0.499695059627, -4.01259708371, -4.88089688119, 0.0
-0.499695097537, -4.01259709072, -4.88089679876, -1.85299027599e-12
-0.499695088202, -4.01259708546, -4.88089688826, -1.6845509835e-13
-0.49969515595, -4.01259709361, -4.88089671686, -8.59113137357e-12
-0.499695048774, -4.01259768425, -4.88089687337, -9.09663310118e-11
-0.499695033708, -4.01259713952, -4.88089672442, -6.90658373258e-12
-0.499695060719, -4.01259709091, -4.88089688239, 0.0
-0.499695069157, -4.01259708184, -4.880896885, 0.0
-0.499695044826, -4.01259705445, -4.88089689073, -3.36908195234e-13
-0.499695123468, -4.01259707823, -4.88089689797, -1.01072842603e-12
-0.499695065271, -4.01259707726, -4.88089686541, 0.0
-0.4996950639, -4.01259728864, -4.88089687197, -1.04442238074e-11
-0.499694815695, -4.01259708237, -4.88089689742, -1.5834508487e-11
-0.499695071315, -4.01259708812, -4.88089722078, -2.98161186377e-11
-0.499695059193, -4.01259709238, -4.88089689455, -1.68455079276e-13
-0.499695040544, -4.01259707918, -4.88090698415, -2.58325416787e-08
-0.499695050581, -4.01259705401, -4.88089688171, -3.36907839129e-13
-0.499695079085, -4.01259706475, -4.88089688235, -1.6845426776e-13
-0.499695066586, -4.01259708044, -4.88089689478, 0.0
-0.499695081076, -4.01259709347, -4.88089688534, -1.68455051706e-13
-0.499695087353, -4.01259706341, -4.88089699286, -3.53753961423e-12
-0.499695116649, -4.01259603843, -4.88089602712, -4.60553059689e-10
-0.499695078258, -4.01259707987, -4.88089687564, 0.0
-0.499694968248, -4.0125970747, -4.88089685696, -2.5267901688e-12
-0.499694920394, -4.01259708098, -4.88089691678, -5.72739239185e-12
-0.499695098205, -4.01259705781, -4.88089687575, -5.0536279513e-13
-0.499695053208, -4.01259709052, -4.8808976311, -1.4352513972e-10
-0.499695062156, -4.01259707844, -4.88089724693, -3.43642943978e-11
-0.499694600186, -4.01259707701, -4.88089685115, -5.49152171769e-11
-0.499695062086, -4.01259723612, -4.8809123876, -6.0840338376e-08
-0.499644410671, -4.01259706171, -4.88089686867, -6.48834335064e-07
-0.499694879767, -4.01259708317, -4.88089674851, -1.29707716611e-11
-0.499695069183, -4.01259708678, -4.88089686534, 0.0
-0.499704317137, -4.0126048905, -4.88089743178, -3.71333768596e-08
-0.499695063116, -4.01259708219, -4.88089684713, -1.68454029588e-13
-0.499695071231, -4.01259702771, -4.88089697736, -3.36907552623e-12
-0.499695062114, -4.01259708435, -4.88089688573, 0.0
-0.499695064874, -4.01259708435, -4.88089687121, 0.0
-1947.8767546, -1695.89194225, 2080.29814945, -1.28482649505e+23
-2690.23789897, 3858.09519712, 1055.70475473, -3.67234790027e+24
3559.21449721, -797.96292932, -2627.51901702, -8.82588853964e+24
1328.97834978, -4009.61498738, -762.089739275, -3.25090015422e+24
415.26326225, 97.3033482751, 697.423197063, -7.52889698213e+18
-2553.97528306, -1310.54929826, -1609.11935933, -7.84554874132e+23
-396.972713993, -158.257612803, 4684.11332335, -6.80734731614e+24
-554.512020182, 4520.2893353, 118.293160991, -1.05072853296e+25
4514.61093612, 1682.57884021, -642.096247787, -6.83782107494e+24
1739.9796483, -2867.22854205, 2458.3666985, -2.26909679156e+24
-234.673878353, -1125.98839359, 2303.88844927, -1.45748299701e+22
723.459626821, -1599.36033731, 3435.54227719, -3.07746728568e+23
1605.92462332, -623.727160582, 2993.43053491, -4.63424779896e+23
3635.58069851, 1066.53350134, 231.97468957, -1.58184075854e+24
-2912.17942774, -2931.73901493, 797.5367265, -1.34931161171e+24
1774.10101163, -2454.24930768, 3480.70215449, -2.57494144561e+24
4570.65505579, -662.541481358, 1999.70155384, -1.75856407292e+25
567.059857455, 2338.4919771, 2358.35670555, -9.5384311013e+22
-5520.86886763, 1443.94872869, -1543.83585755, -3.44361398178e+25
2909.52111703, -1557.16707917, 168.276157884, -8.35348581142e+22
-2442.3597233, -1411.21344904, 466.991242802, -7.83490301371e+22
60.2518654505, 1040.33575112, -1837.96872052, -2.69402785769e+21
-2132.00267244, -597.178735781, 1815.32559812, -1.36304692792e+23
-3145.62397683, 2345.05299892, 2876.67339507, -1.40573479775e+25
2547.67736306, -2514.61611054, 4501.5036861, -1.54632395692e+25
1979.77298159, -3326.85248836, 4572.59371083, -2.07062548541e+25
3497.66719104, -240.695377458, -2278.02853942, -3.96658736624e+24
2156.2550496, -154.499474404, -2952.77693436, -2.20179656843e+24
1464.28415861, -804.028246719, 355.856523528, -6.66636752739e+20
-3901.68664969, -1151.55242215, -43.2836164406, -2.43597090007e+24
1138.0079705, -44.6599560885, -495.004191914, -1.4730493125e+20
-935.36703965, 1428.56496239, 2574.20009436, -4.01487795238e+23
-2400.41444488, -157.272843002, -333.89127276, -4.40293441989e+22
483.092169965, -1685.80587721, -494.296250881, -2.50100306102e+21
-31.2090902394, -2025.4490483, 348.14422122, -2.36582770993e+22
-1015.40232033, -1992.37984664, -1332.14896005, -1.72361260208e+22
-174.021346758, 4610.37873622, 244.043687597, -1.12770412167e+25
-811.736553824, -848.489233789, 1974.8179453, -1.27694376222e+22
-267.190395628, -1988.60667654, -3550.80454882, -1.31264380958e+24
-2156.11012858, 4335.29711686, 1370.99301464, -6.12912738165e+24
2226.95399975, 79.56101663, -1756.92040791, -1.92414096387e+23
-2230.28942104, 2982.32209833, 2271.21088777, -2.67012983109e+24
2393.97684471, -598.780660688, -1851.23600195, -4.56569269839e+23
411.672179176, -3736.0688936, 4157.47969524, -1.82069521488e+25
490.680694811, -1665.05141929, 184.258391694, -5.13101400723e+21
-1820.44913408, -5086.34516605, -684.291338941, -2.14611045197e+25
-1254.47801643, 994.791716197, -151.497805181, -3.77740976341e+20
285.398985652, -275.197319546, 2014.16105785, -4.07022962443e+21
-4020.90063951, 2528.23797197, -2396.20377524, -1.07539402372e+25
264.582954921, 2758.75760211, 4620.66933591, -1.21807615542e+25
1644.45850651, -843.958365103, -1852.68129714, -1.4990694524e+23
-1811.25414786, 5345.32365717, 3239.75413458, -3.15672664229e+25
2546.85119215, 1894.08224867, -5011.21679162, -3.44948264869e+25
-76.6202333823, -4582.3095395, 2474.5538762, -3.21046165028e+25
1577.80837855, -1596.78064019, 4526.90552125, -4.12879832722e+24
0.531467555161, -113.881748645, 3497.44294854, -5.04754424207e+23
3721.23589699, -1304.17592046, -569.894244725, -6.11418633011e+23
-2092.07753181, 1263.66461907, 261.082358344, -8.52640787e+21
3834.52331515, 4724.26133263, -894.767927003, -3.42819664753e+25
2414.39237405, 931.488583303, 1540.46180891, -4.36907108138e+23
-1198.26739901, -116.917504879, 1635.79581338, -1.67270196129e+22
43.3120403593, 1805.96056925, -2429.21136449, -7.86407886666e+22
3804.50087643, 5375.5728023, 4184.17159441, -1.9636668972e+26
2215.23915234, -1423.28021233, 894.212682282, -4.36137932729e+22
-2359.25696516, 2741.12700163, 1437.49103092, -6.98935385198e+23
2833.64816046, -1411.94401883, 1550.02086109, -4.79886147607e+23
-1898.61304033, -691.87418472, -407.168952184, -1.58036823685e+22
2647.44432315, -912.428474716, 71.6832729054, -3.29243355521e+22
4405.91702213, -314.521128599, 2229.04176534, -1.90248337137e+25
2473.37842057, 237.750502101, 4881.5157085, -2.43718420147e+25
1420.50461794, 171.342448862, 991.142116536, -5.73939450701e+21
-1384.20823668, 1924.56456869, -1659.46930067, -1.13372258547e+23
-4842.6833757, 3249.36735115, -5089.07082419, -2.58686570543e+26
-4879.02678436, 1948.6439528, -713.50140227, -6.19257291949e+24
1102.45326599, 556.747489163, 521.052521206, -5.6972010309e+20
-884.178577707, -2557.37476727, 3342.79400731, -1.18562227692e+24
-306.009863363, 4585.75454353, 1866.7459922, -5.42372878051e+24
-611.78177141, 1927.38697985, -1878.30891581, -8.56036299319e+22
1534.26655731, 1490.46937106, -3900.00639723, -2.87135460574e+24
-839.990369296, -972.871554341, -1012.25247514, -1.07992093181e+21
2866.93255286, 3910.52740175, 1089.23187742, -6.10641552636e+24
1110.15519245, 2306.92351295, -4418.16064178, -4.18143935641e+24
-2866.24794576, -3567.81170894, -3994.41821426, -3.42475714253e+25
-1919.39192809, -4228.07152471, 3293.82535773, -2.33470559402e+25
1008.92147136, 2311.75583664, 4247.79258119, -4.97422685217e+24
-3676.87285993, 1200.19319846, -4465.47165482, -5.15420841835e+25
-484.82565157, 2229.33432661, -1748.39021886, -1.80167269886e+23
2243.41214876, 174.254771563, -387.123482582, -1.34433170591e+22
3562.64908112, -1183.11847599, 1847.9517325, -2.81029707811e+24
4028.41738123, 2487.38134448, 2014.41562383, -2.34075540744e+25
3582.94921334, -2291.82791518, -1963.02297212, -6.05773932816e+24
-3088.7328093, 4328.65851172, 347.071344449, -1.17272591177e+25
1785.05710338, -1950.95446395, -2688.4279572, -1.9603812393e+24
5193.4212618, -3364.20023035, -21.9367234316, -1.20308312508e+25
-2788.9852585, 1102.8659569, 2590.86571951, -3.84961607271e+24
4469.04778544, 1654.94569707, -3669.34882877, -3.93414732108e+25
-5170.54290052, 1013.1965912, 4100.29254739, -2.21475956069e+26
2234.61584673, -104.743362169, 4691.55270445, -1.40173079494e+25
-558.839981135, 2248.90757998, -3226.63839994, -6.41697635085e+23
1543.63189151, 1295.37620447, 3684.12166527, -2.21334277671e+24
-3510.3537932, -163.416637071, -1368.18348156, -2.27653230271e+24
-3814.89675382, -2780.61101442, -1389.61279819, -1.2669304562e+25
4393.79832044, 2175.67736168, 3466.66722254, -9.7331897866e+25
-1863.22120525, 1721.67113306, 3656.98008181, -9.80500913461e+24
-391.573337401, -1790.04448825, 70.6268895149, -6.64409661005e+21
-701.907684124, -1693.52403346, -1435.02027253, -5.15615597105e+21
-2418.95944061, 2923.3552002, 4227.52137062, -5.19639475108e+25
3024.2577965, 3831.62830702, -5471.70106855, -7.66204328263e+25
-4087.4121316, -1016.9424502, 81.0499422603, -2.93128603418e+24
5101.64322358, 500.806860109, -107.469837058, -1.21135624425e+25
-1617.02995598, -1868.93471401, 895.857382877, -2.85895851629e+22
-2835.89411154, 1230.8392076, 650.942466694, -1.10588226977e+23
-1897.77134397, 2121.58050144, 677.84788156, -5.44869734757e+22
202.897292702, 4917.39288992, -2868.75125504, -6.06814802314e+25
4625.30838873, -1412.24761929, -2336.19179551, -2.29041160036e+25
217.900004072, -35.4634445223, 122.794994411, -7.72699543428e+14
1104.38323919, -1660.65335886, 3216.05171685, -3.43549103353e+23
-236.306932415, -469.84914135, 1202.81386402, -1.10213838076e+20
172.793887461, 664.909484441, -3541.29086423, -4.70653843045e+23
2986.70991641, 1445.0222569, -4098.41554176, -1.73852554311e+25
-910.350069225, -4272.12024413, 129.810561139, -6.89175153362e+24
2121.91858387, -199.0057288, 658.970968597, -2.38357261951e+22
3473.79741734, -4015.76187285, 480.045714541, -1.14720023979e+25
-1622.80048026, -605.587830064, -1064.34942043, -1.90817662768e+22
2412.56641546, 866.945818329, 476.251654793, -1.00618187516e+23
-376.431890474, 42.2895713307, -1773.85634925, -1.79632312686e+21
-4340.51946242, -2472.77992327, -3818.27018936, -1.26702246993e+26
-1780.81401085, 2053.2327746, 5039.77618362, -6.70943506247e+25
-4917.95707792, 883.500886374, -1819.18283559, -2.26591827094e+25
604.210405515, 1422.98704001, -1444.3220514, -5.90974221982e+21
1826.63675797, -3913.70308483, 1111.82258039, -7.87234952714e+24
23.7248285212, -325.728523265, -1036.04696377, -5.65274731441e+19
-3592.54425471, 1617.02609587, 276.255082387, -3.92845017727e+23
-1173.97006895, -873.004213067, 1903.11680584, -2.10495042402e+22
4878.64022852, -1783.1233794, -3214.38822901, -8.79027899055e+25
-2977.6113818, 3934.82225557, 1553.26732728, -5.69731788676e+24
4307.27543037, -5233.81621467, 1402.45595613, -1.20101856677e+26
4383.47123725, 1843.25892797, -2602.64665157, -1.05828262221e+25
134.819159206, 3109.55493785, 4751.12308287, -1.79151864863e+25
4154.32630109, 2296.86529218, -189.705329391, -6.60558390617e+24
12.5842331352, 1001.73020946, 2071.31407244, -1.88694372843e+22
-2288.93895974, 1154.5981673, 3198.43225228, -5.92823553657e+24
1314.10914862, -1128.19956042, 312.397414669, -1.02240122409e+21
-4287.44395175, 1402.71523694, -2733.0440072, -2.06250662642e+25
5223.38359279, 3246.85433535, -4108.11411567, -9.51482988146e+25
1714.8876816, 1055.09829439, -794.385202897, -4.6825295865e+21
-1205.7630137, 276.035772482, 3779.18527321, -3.51490037209e+24
-408.22607643, 281.092654992, 571.703375301, -7.27241258597e+18
462.111572477, -848.426902922, -812.941539445, -1.50991038341e+20
-62.9687457998, 3849.87810493, 1274.08040415, -1.51468906666e+24
-590.744168471, 642.64472812, 1313.14541571, -2.27285536813e+21
-2895.87585498, 1654.1904524, 3885.17259706, -3.37265598685e+25
3264.94915829, 1671.33747469, -3554.50968571, -1.0012744835e+25
-4050.67331424, -851.098551117, 240.576994374, -2.27262383323e+24
-2028.98687399, 1891.1049062, -4980.96828577, -1.22387491832e+25
2093.64762069, 2974.17667414, -695.689861546, -7.00681646451e+23
2229.59499694, 13.0115213857, 676.600367517, -4.02882924026e+22
-199.643057985, -1760.95725462, -1453.83107518, -3.58200583999e+21
2129.92207843, 1336.34304655, -4006.89207484, -6.76085118098e+24
2893.49611118, -2024.62017956, 230.978634777, -1.59263544296e+23
1360.87427397, -291.77843154, 910.223701607, -2.63867913761e+21
1868.29092103, 402.290420129, 3271.20413907, -1.51463206864e+24
3029.18965812, 42.9261995402, -3105.97191966, -7.22798102326e+24
532.339970974, 3014.30037036, -1996.33781938, -1.3267408407e+24
510.781482, -3686.30794986, -754.450676493, -1.42736957379e+24
941.507603104, 3488.87141676, -1314.18832299, -2.554910239e+24
-1835.8783928, -2010.00991753, -157.606661036, -5.64770023283e+22
306.924645007, 1614.17722658, 91.5125318794, -2.44574199503e+21
-3057.04453536, -358.511179798, 1415.9421635, -3.88342330485e+23
-1184.00571776, -756.606142064, -1445.85358642, -1.14313704895e+22
-40.0922776388, -1390.9855843, 1972.59750629, -1.126594912e+22
-1220.99150339, 2329.13861086, 1844.49206894, -1.93340769477e+23
-837.176262797, -3179.15469938, -1957.0474907, -2.58330230037e+23
710.783362018, 917.610635713, 2288.6174614, -3.38271750579e+22
-126.589778566, -5502.00110099, -2584.83324787, -2.04097230259e+25
4366.02633542, -2789.87366306, 2004.4526278, -1.22929560872e+25
-394.210467398, -4219.03003115, 71.8493032087, -6.13502770697e+24
-120.863394972, -3388.32303719, 1449.82320699, -2.32482175892e+24
3692.00261092, 4622.89081724, -5083.18775342, -1.20551512505e+26
-2007.67669946, 667.713058806, -1569.50416577, -8.52698659082e+22
2670.8366833, -3924.93593054, 1818.63897784, -1.44995079213e+25
2930.39055613, 3754.70599858, 2123.11060748, -9.27816047004e+24
434.60907575, -843.553105405, -862.692743222, -1.80787512751e+20
-1867.18033386, -3885.91159352, -437.813408355, -2.88036160278e+24
113.437638687, 3672.65029969, -465.924753333, -2.54726650396e+24
-112.672819487, 2686.10543289, -4649.80061352, -4.73634363615e+24
-1528.25019873, 362.684047496, -142.293716735, -5.61593484143e+20
-898.460602293, 1909.32030115, -5381.08981274, -8.28666521752e+24
2549.8302128, 1518.53155709, -2412.9113518, -6.5551237796e+23
716.224547349, -2879.2649555, 1705.44865898, -9.99298294684e+23
499.133171656, 3402.65192814, 3409.58437515, -1.8787586668e+24
4844.12326703, 966.631737905, -3005.21865896, -3.23283073306e+25
-350.882811867, -693.310496629, -530.112225028, -4.80498404414e+18
4313.44750577, 1574.14229949, -1691.61408857, -4.66943657442e+24
-13.1518419193, 3588.18732924, 61.5286950861, -1.61428725278e+24
2969.77548506, 1106.34487047, 1507.37920396, -1.45716660266e+24
-7.55217120162, 308.340015008, 1613.56253843, -1.60357326776e+21
-1922.99045125, -183.004921493, 786.499994905, -7.41793124212e+21
709.686480787, 5063.9504694, -1456.3656213, -4.37023526386e+25
-2114.58172989, 5678.49901217, 1249.58980852, -5.18982440677e+25
3104.16103093, -2068.42362031, -2115.30894726, -3.93152982157e+24
454.35196061, 2657.96203042, -1013.80772783, -2.96926514669e+23
-1611.16166746, 81.7741880108, -2981.36888202, -5.29877761209e+23
805.360618493, 221.57385334, -1756.86212112, -9.43469446917e+21
-870.638223367, -1373.12281289, -4434.11236303, -4.62213175382e+24
2861.3501975, 745.909991512, -3872.34509435, -1.4296025631e+25
3112.07605316, 2958.9923639, 3040.11352261, -1.72147584972e+25
-632.567839759, 3784.11580127, 404.024104754, -2.19867097461e+24
-3035.00285232, 3064.97898907, 947.44646763, -1.3745052561e+24
1174.67238698, 4089.25514077, 210.622762811, -4.22287969882e+24
-1682.41568595, 2723.81701023, -1934.30596781, -1.16947628095e+24
2716.55239396, -2108.27844804, 1393.22281945, -5.03442211271e+23
-909.150516917, -3040.78668085, -2140.8577633, -2.22571236815e+23
1989.62303443, 441.098770396, -1410.10880014, -4.07403165128e+22
-382.989791938, -1588.17775716, -3727.62340044, -1.4710790482e+24
1370.52114481, -3474.09975021, 2689.37596315, -7.07528944246e+24
1697.63579389, 3056.99153949, -3406.1534614, -3.49556995565e+24
-1595.91033628, -686.188124212, 75.2855297839, -2.3076108863e+21
2372.60241264, -282.53475106, 1470.36161668, -2.02109925274e+23
-3916.47432909, 175.60563111, -2243.24244895, -1.00045386399e+25
3123.10244185, -5368.56716883, 2399.13384395, -1.52908823172e+26
-2757.81305756, 4537.4287646, 5472.07351761, -3.91558679275e+26
2063.89999441, 501.456148912, -880.229927589, -1.3567548344e+22
-3272.65543107, -3527.6462781, 937.560530557, -4.75020951789e+24
3823.2811683, 4930.89332099, -2597.97306239, -6.2072965975e+25
-1836.73523781, 1253.35884681, -1420.58203834, -4.28826407197e+22
861.632231543, 1774.31373051, 2589.93735393, -1.42595485834e+23
2279.91451931, -3080.56401975, 2125.56284062, -3.52177427907e+24
852.138709997, -2884.72865568, 2515.83827171, -1.73767604844e+24
3915.31825284, -508.159306217, 163.925466433, -1.06721800642e+24
-201.783649185, -3580.90569002, 5201.09085216, -2.3408429733e+25
10.5604176212, 601.948063272, -407.36801697, -3.71218746351e+18
423.661926708, -578.351141526, -98.0587156533, -1.04033554081e+18
1534.30267042, 4731.65259922, 1444.53187069, -8.9185779593e+24
-4650.85743101, 2324.76187683, -962.714386594, -5.59069402692e+24
-2628.99876122, -954.781714869, 300.410399416, -9.27248106412e+22
-2953.59434269, -1644.74430396, 4108.63530708, -1.60336889043e+25
3550.19101224, 1823.96907316, -4700.71772706, -5.51139599327e+25
-4412.63059975, 4186.18910657, -1334.94649651, -3.29034767603e+25
-2071.57501736, 607.643195698, 2049.84673568, -4.1667799561e+23
-404.737283502, -3066.93790737, 2823.42791349, -2.38824321708e+24
1840.70147711, 379.452515547, 2564.05264802, -4.84187789125e+23
2206.52404301, -111.892593628, -1906.85426009, -2.90007817624e+23
-3980.31212471, -684.250271219, 2904.24015961, -1.23032792351e+25
109.022935849, 5354.26736411, -1627.26103383, -7.27878432566e+25
720.088500779, 2303.88405301, 4257.52548598, -4.92531348437e+24
-1655.94045035, 912.058227914, 2142.50411037, -3.16427417486e+23
-1324.31818041, 554.431853074, -1590.97187907, -1.342195534e+22
-2294.58193158, -345.633678718, -189.927597458, -3.06112495901e+22
176.351790916, -2226.3034016, -891.11034893, -1.68775326295e+22
-2462.33062407, -397.170126182, 3474.25821062, -5.97300305073e+24
-1328.54591861, -2443.03501042, 1575.86695562, -2.34148333628e+23
4063.60137412, -2072.6724797, 2461.93853106, -1.10531339245e+25
2041.12203655, 3719.60321201, 3609.69984831, -8.69328364957e+24
177.480098327, 753.557277333, -529.62457628, -2.15727211042e+19
-2920.91638065, -362.780052866, 157.099220849, -1.3786158593e+23
-432.019926239, -43.2548504422, -4626.04276279, -4.05127266976e+24
-1062.96151032, 1527.55982831, 2021.52778467, -1.3272114773e+23
-3060.44464106, 4876.37104929, -2035.44089228, -7.12622875638e+25
-1953.3164976, -468.354069174, 574.1406696, -6.0737770754e+21
-3340.39781861, -3198.02124656, 1552.47347183, -3.31243516315e+24
3740.69233729, 873.50179634, -994.116936968, -1.06418426078e+24
-4158.3639292, -5109.9876266, 1400.3649484, -6.78192333277e+25
4315.18777687, -4159.79317027, -2208.23131613, -3.89232726654e+25
-2094.25199851, -1459.94652108, -1417.91630282, -2.34250315303e+23
227.772477173, -10.7832025871, 623.60832952, -7.81298617373e+17
3192.00491264, 1402.81565948, -275.921904887, -5.56470727877e+23
-780.499755931, -1830.41217673, -3421.22231066, -8.43219168205e+23
-2304.35563398, -599.627555925, 2309.7691745, -5.44866464489e+23
-1446.67449882, -2460.69916732, 3586.37279959, -1.72238224468e+24
-1364.09399518, -698.426342145, -966.551362771, -6.65235035186e+21
-2421.32976466, 1299.69057292, 852.960700476, -7.50426155499e+22
2656.17854599, 827.324658909, 440.655780815, -1.79251907927e+23
-2582.8784719, -2093.65693611, -1135.02943429, -7.82677865857e+23
-592.33808817, 209.942626489, -775.360540703, -3.13755092572e+19
1995.86754419, -2832.63382798, -159.666426521, -4.000890244e+23
-854.261724429, -332.522130477, -936.181771581, -4.77040848406e+20
2878.22824001, 1577.55116137, -20.5867629865, -3.74979558699e+23
1233.59067951, -2693.64498772, -3147.2557561, -3.35152900157e+24
-3728.37952975, 4714.7941751, 1580.61290543, -2.41806785003e+25
-1446.20273933, 1475.38193412, -934.084777816, -1.3403112181e+22
666.677826428, -2553.27797825, 2911.107579, -1.01917933104e+24
-1189.66943787, 2452.56978321, 1195.88217161, -6.87140726479e+22
2133.10232865, 724.623806827, -5123.64650171, -4.09776981866e+25
-491.780793181, 3109.51951025, 1418.78005005, -2.41868421747e+23
562.513772777, 184.646236159, 1714.22023784, -2.44952251715e+21
-3712.84555412, 2124.82079691, -1656.17698567, -2.85526879207e+24
-1840.16342795, 489.181210566, 297.032049885, -2.11925275745e+21
3704.50633486, 3757.9122548, 958.197499417, -1.49114334322e+25
4516.73080219, 2444.85304644, -66.7559552698, -1.33518129087e+25
4948.35476192, -1169.17480818, -2595.76077267, -3.98022381954e+25
1609.21053192, -2561.65811049, -434.658482939, -1.32398964656e+23
-3479.65901681, 4660.85222733, -3692.17205209, -1.21047110715e+26
1084.45121274, -1208.48319546, 936.053761091, -3.04943566733e+21
-2959.06632199, -384.373835166, -695.16179492, -3.73502819509e+23
-1602.73392377, -1709.30646975, -1721.56925592, -1.24205103427e+23
-1739.62215448, 1304.15164118, 3021.61120238, -2.54387984988e+24
1005.42806047, -1210.24363548, 532.619060779, -1.37818511223e+21
289.194200417, 3050.16303105, 233.704776098, -3.83753925365e+23
1704.27162146, -167.907522625, -4542.51663173, -1.77214614413e+25
-3273.85292433, 3290.40884965, 1562.32355437, -4.07360846591e+24
441.966561457, -906.792514749, 42.2460075514, -4.07952636779e+19
-889.884494972, -1096.08472544, 945.179408681, -6.75107840872e+20
-3691.75336988, -3188.84752632, -2409.39835319, -2.55757252775e+25
-115.897192446, 4253.13047477, 1651.60230014, -3.02408977911e+24
-977.304840691, -3335.22282772, -2597.06425882, -5.68882608261e+23
41.6668992843, 3269.59442149, 855.735830454, -4.68014298885e+23
-2832.41129892, 210.455401981, 2139.98893742, -1.26965715583e+24
-4954.90155015, -3467.95407911, 756.56559074, -3.35832861412e+25
1413.0607084, -6.3923613362, -552.909740655, -6.36384731333e+20
-4740.4679267, -2662.44070217, 3839.35365114, -4.97077845974e+25
-958.782608579, 2421.62194539, -1857.70077289, -3.95012462514e+23
-2931.14801857, -302.795011604, 2858.72034693, -3.95799235899e+24
2087.98123476, -1930.63975001, -3900.04751249, -1.8477166022e+25
2644.32011593, 4979.7539271, 1085.83925406, -2.052098059e+25
-1825.73058126, -343.426736919, 3870.35597251, -5.9225892618e+24
3084.64921622, -5230.07051084, -1324.84962557, -3.39119364367e+25
2400.45826418, 1392.43922613, 1855.89825956, -8.06063941486e+23
-1033.56302346, 617.40287553, -1741.8257331, -7.80536846687e+21
-2360.16288961, 674.903993866, 3026.57420299, -3.99205591967e+24
1643.01679276, 3373.47195226, 2.61138530034, -1.0944253118e+24
1096.73057413, 4849.63280393, -5461.78665948, -1.32258645827e+26
-2101.02693296, 432.014914647, -2614.67560933, -6.89099795472e+23
1198.26360841, 2630.57097071, -1677.13586528, -4.14378048083e+23
-3766.93450924, 1227.0979716, 2290.711799, -7.99621019411e+24
-2052.33642376, -18.6740162659, 1732.16081545, -1.35602918814e+23
156.576485181, 226.52147258, -23.8916957655, -6.87484255031e+14
1310.94687663, 561.098582717, -308.235690268, -3.51631034373e+20
-328.190953286, -3216.8426091, -1276.00091853, -3.12599543054e+23
2325.07735113, 1902.17018677, 1508.38679196, -5.85535710514e+23
1116.09168756, 3511.63824377, 1345.62500512, -7.28806329199e+23
-2376.90507372, -2195.8145872, 668.258181687, -1.85363316957e+23
4049.64137663, -2831.69100704, -2306.27897851, -1.96620867603e+25
3233.52843503, -3477.26910751, 2441.68299956, -1.31834379266e+25
-2827.60402322, -1880.42530693, 2458.17275007, -1.00914219962e+24
-3417.69215463, -2305.55063914, -3765.35388921, -4.00592585085e+25
188.315363192, 1622.36447285, 4997.44451569, -1.50401488563e+25
1577.87631564, -4931.02503768, -907.318856707, -1.70714554894e+25
2541.07834721, -1883.52755135, -720.064263558, -1.19591348001e+23
-2752.21098218, 872.239449902, 20.4975061983, -4.32571065697e+22
-3747.47448354, 2705.86414663, 2948.23092166, -3.12582552105e+25
-762.981322881, 3927.37860686, -349.59426246, -4.46794844401e+24
-2663.51614736, -1816.25415892, 5355.84163559, -5.97711685765e+25
1702.36824239, 2446.61620298, -2245.39795741, -4.18392091534e+23
2969.59138484, 1196.87793599, 1032.2237644, -9.10575190517e+23
-1279.23089655, 94.3037368123, -2243.3255152, -6.35523572709e+22
-1165.41030168, 1211.38987313, -498.488224539, -1.68217404204e+21
-1581.57908883, -83.8548601523, 897.635682293, -3.69837338526e+21
980.140026812, -2429.36266052, 1945.2789561, -4.27250282415e+23
2723.77219565, 3502.85394384, 2669.915191, -8.83012800226e+24
2735.22104932, -3798.82755108, -1319.92554797, -3.53907557218e+24
-171.195702794, -1787.91401286, 78.761119725, -6.69781576696e+21
3737.45969965, 3167.36752195, 1798.89859946, -1.77273696926e+25
-932.438179403, -952.91307249, -3535.57240012, -7.85473639928e+23
-1139.98732804, 4141.24004569, -3630.54695011, -3.13709860225e+25
-121.873813832, -3842.31334254, 1676.7805867, -6.46814883839e+24
-1435.28879871, -2807.85537752, -231.858127992, -2.31657659297e+23
1631.74319096, -2009.86357593, 1484.99881471, -1.42633363961e+23
-2191.59030548, -3301.33984403, 3259.11245845, -5.21240655055e+24
458.412219358, -5637.8414914, 173.319335979, -6.73536236796e+25
-1714.44343005, 63.3007172101, -3575.37838137, -1.62344044627e+24
-2797.61170033, -687.325338807, 2721.16269563, -2.27165723722e+24
-3320.34836477, -3055.05669879, -2271.51689258, -1.28785739951e+25
5346.29644507, -4128.58297604, -2349.96378502, -1.05056763794e+26
2711.30880147, 4417.15358578, -2705.12149162, -2.5976751342e+25
-2151.50266304, -1214.02285449, 2589.58142272, -5.68061313811e+23
254.665196354, 1414.68348809, -2842.83659103, -7.5257599896e+22
2721.49895003, 2011.12678795, 1846.19361198, -2.01275861945e+24
4432.48821057, -2437.66503714, -1620.47567535, -1.05808716731e+25
-527.43247052, 2836.60467753, 1024.38886059, -1.34403687344e+23
-1668.81578089, -3590.79103746, 1254.07869287, -3.09601520312e+24
4159.41436672, 274.520147667, 1399.80469391, -7.40899913217e+24
-4018.02945938, 1888.68120073, -3138.12469179, -2.06494074597e+25
4254.09376009, 3876.06608109, 1145.32048878, -3.56231317017e+25
2078.96369166, -579.161634455, 809.898164918, -2.23489434409e+22
-342.084257841, 2404.81698564, -1583.70997858, -2.50678474442e+23
-1499.47180656, 1761.77295866, -346.844921808, -1.82600235583e+22
-1667.20374966, -3882.2479454, -716.906750409, -2.43716742895e+24
183.478828244, -544.20015182, -2066.50289898, -1.6335557382e+22
2326.10656596, 1987.70923839, 2216.67531165, -1.42153779671e+24
-2510.73274488, 1578.45967025, -1686.8277835, -3.33774723336e+23
-4913.76959637, -1039.07474795, -2569.7657525, -6.94160247222e+25
-4883.53690323, -1660.75808526, 529.432514349, -1.25576356275e+25
-2745.87524281, 4607.5728554, 1484.05798591, -1.20468992441e+25
-1931.76988007, -2024.31175631, -3961.45403077, -6.57008921139e+24
1818.39364532, -426.282453224, 813.095698623, -1.03579034763e+22
-223.133762935, -1261.41017102, 3088.33442121, -1.31875916809e+23
2452.80823255, 2598.83817202, 2254.2961014, -2.48597496755e+24
2541.02904277, 4078.97188466, -3062.47668746, -1.73698053504e+25
1307.55044696, -2575.07909037, 4175.66091239, -3.94098020081e+24
-3207.40065275, 1748.61138343, 4804.05038732, -1.30597040191e+26
1164.88475698, 4188.92803965, 882.852489879, -3.82980534015e+24
772.999623691, -8.93478485498, -1434.02146652, -3.11719161027e+21
-1426.74277219, 3603.1958162, 699.958730771, -1.46864475702e+24
-2505.68502981, 1685.96619062, 3394.92931273, -1.22133095452e+25
374.728296255, 1193.67818817, -1362.1949308, -1.83744257247e+21
2788.4163762, 1669.44744137, -293.262162051, -2.73959038053e+23
130.052849181, -1660.54017254, -5031.1912987, -1.87254771053e+25
2731.28109872, 2175.9526954, -1804.87740586, -4.3209811982e+23
-924.945395462, 1788.89499142, 768.986693818, -5.46861499499e+21
3012.36397068, -4658.9502472, 844.56352991, -3.15971941452e+25
-3452.66448412, 1523.76913731, 674.508757676, -4.50289972469e+23
-3078.8281633, -1512.74097953, 3804.92157368, -1.23807712971e+25
2881.65011367, -513.07022291, 1377.67004834, -5.0128574876e+23
2530.75435415, 4937.741877, 1104.45109481, -1.83261635402e+25
103.757825931, -2334.78154518, -874.738456684, -2.54988825491e+22
516.082869877, 279.899191724, 826.079514055, -4.08240027692e+19
3991.47989489, 228.642975803, 3394.07609056, -3.65058581049e+25
-3842.74926175, 249.741278559, 4387.49809197, -8.835571081e+25
90.0428580759, 2308.69600958, -3352.55518809, -7.01306215477e+23
1466.50968116, -1172.36922748, -2805.61416551, -1.13938548502e+24
4692.59481719, 1521.70364134, 1434.18478682, -2.70034753825e+25
-3452.30549907, 1553.27195446, 2063.66181507, -4.46041830729e+24
1157.93920192, -3909.21985263, -3300.99613594, -7.21795384089e+24
-2792.31862234, -908.249742291, 2384.28174272, -1.13205764967e+24
-754.114413606, 971.041558463, -2227.23948901, -1.44806041278e+22
-321.520602247, 2055.47895187, -4012.07099192, -1.04945514191e+24
239.854749065, 4631.91362431, 3924.88525434, -1.03347511139e+25
-4289.55515756, 3449.39395289, 2347.47275435, -3.24563963956e+25
3193.85581925, 1081.36087769, 1119.2153887, -1.47351012091e+24
3419.95778413, 991.748255817, 418.318748354, -1.136854397e+24
-3830.25367922, 317.772465404, 2651.70363057, -1.03345150371e+25
-3986.91799385, 390.645540662, -673.726159361, -2.0663782823e+24
87.6064809663, 1600.8443956, 278.049470434, -1.83875523703e+21
-3735.78587875, 2906.55019165, 3789.03702024, -8.80981561205e+25
4192.87441129, 496.27391121, 2303.83357894, -1.90760468461e+25
-136.007612824, -2175.89059763, 2250.23048868, -1.91282741847e+23
455.206109914, 946.14590772, 980.421960157, -1.48174355146e+20
-1786.73034823, 282.143339315, -4312.08121072, -4.83337943432e+24
-1567.52468231, 177.037229241, -2318.9815186, -1.44372114796e+23
-2547.41902594, 2121.29023013, 2955.2897897, -7.80703918005e+24
-489.260378882, 3341.52153446, 2366.41797091, -6.25570884328e+23
-175.306717969, 1234.8689109, -2815.63775334, -4.85868656125e+22
-333.649224522, -1699.59389671, -4448.55461787, -5.91034958583e+24
1090.4720825, -4268.2196747, -1539.74512755, -3.70588084923e+24
1281.71380464, 945.514607632, -780.036203882, -7.73877239606e+20
3056.66855477, -3630.91364659, -664.739393954, -3.19182604055e+24
569.539722418, -1661.90435818, 1262.99909062, -1.79193156389e+22
247.258920351, 1308.37167544, -170.608138487, -6.48156318379e+20
4893.65322647, 738.429252823, -3720.03186791, -7.7718012708e+25
-267.094060142, -2184.43040654, -996.426226279, -1.2784828171e+22
-1513.83183192, -768.374357081, 945.602638284, -2.36310729618e+21
1912.186317, 671.520559665, -325.31753932, -6.46414973974e+21
-2350.28421459, 2277.07463686, 3257.1002728, -1.06360251065e+25
-485.604643602, 511.699546376, -2087.22136073, -5.1623609341e+21
-161.191600415, -22.7225421365, 324.543499228, -1.71816042917e+16
3986.57380438, -1366.7542468, 259.97768288, -9.57057211385e+23
-270.056847258, 3018.17174649, -744.804008005, -6.99449766488e+23
174.991328757, -1723.7115973, -272.941772893, -3.51913099665e+21
-608.179574953, 4059.93492974, -2195.58611248, -1.34090104037e+25
2043.4145364, 4205.19419479, 200.56612469, -5.95908433024e+24
3918.3692783, 1117.97978065, -1380.46388741, -1.85987913548e+24
1781.19772295, 4571.80030451, 3373.16312194, -8.88018858257e+24
2940.78679312, 1508.41509715, -682.12717447, -2.77143915574e+23
-339.172416334, -837.744471625, 311.355308352, -2.77814830036e+19
2770.53032949, 2584.64450414, 1148.27639438, -1.62175028862e+24
-2383.94399707, -4047.49387095, 2479.98341287, -1.27755856378e+25
-1720.93985499, 4513.17674844, -2050.85733612, -3.17890024234e+25
756.594179161, -1424.23690435, -387.159312875, -9.02611492182e+20
-632.670671775, -2032.90500984, -2220.96000766, -5.22115485312e+22
-2375.708266, -172.010809823, -395.84287765, -4.52711480961e+22
-1663.38653711, 335.372992938, -423.141553864, -2.27660949382e+21
4850.23721634, -1422.97065685, -4714.33108402, -3.48912574173e+26
-3790.71837347, 531.971222228, 1099.7559971, -1.12567401675e+24
4370.93028154, -2635.00081249, 1506.07916731, -7.20749071935e+24
2398.03901227, 3842.28471918, 729.381941664, -3.35582295459e+24
-476.015236995, -194.105213224, -109.976756162, -2.84477958681e+17
-2739.589739, -440.934699106, 1077.56257581, -1.14844737413e+23
3233.65337111, -791.227434151, 3211.42004492, -9.01030536245e+24
-247.503916183, 2020.02002207, 2206.60580447, -8.92025714379e+22
-611.470110699, -488.827238728, -2425.16337511, -3.37737853108e+22
-2713.70592449, -3709.89388415, 1240.14477912, -4.76607275583e+24
781.44778683, 225.803790781, -1542.82768483, -3.91289723191e+21
2193.98156903, -2727.88528828, 2537.73543223, -2.42359781681e+24
-2061.75149723, -3462.13958745, -1316.30888054, -1.37498505051e+24
-1456.34071495, -1778.31093426, 917.801063633, -1.85247179563e+22
-271.528413565, -80.1578150597, -1759.17716111, -1.77830974161e+21
-144.791377005, -4441.66005884, -5.61622162467, -9.04274992869e+24
1935.77675216, 1252.36447619, 5090.54622376, -2.17314514848e+25
1541.87702615, -54.5668188129, -1391.33517721, -1.94841605805e+22
-1953.82960749, 1947.36172586, -2288.9801573, -4.48892986315e+23
-1866.9437093, -2352.69528241, -773.218997581, -1.49734825123e+23
779.232851816, 92.6396849013, 2002.4273733, -1.04235087343e+22
2308.12524518, -714.981681161, 3231.9686401, -2.27280301966e+24
-2159.23970838, -51.2162133028, -3096.62107536, -1.76239868462e+24
-1618.30977649, 1498.89838433, -2269.19071619, -1.52964205832e+23
-178.980870473, 4172.47220742, -166.90541401, -6.11620008287e+24
3343.64529127, 1945.84708127, 3643.61872247, -3.00302561869e+25
-2144.50758006, 1838.1465765, 2571.37052631, -2.34075554803e+24
2984.60050359, 1505.86913023, -974.747597921, -2.88396172474e+23
-2835.21056363, -2600.63143687, 826.406029312, -7.36495602845e+23
2784.00810404, 1478.24447087, 1079.40667114, -7.63341895055e+23
1526.22103792, -167.116279006, -977.099335195, -5.21160037571e+21
-4364.06112084, -4880.60419101, 969.864590592, -5.68055426612e+25
-3608.03423549, -1907.48561263, -3994.4075181, -5.57355286682e+25
-4435.5325592, -404.645765781, 711.390189114, -3.1917866528e+24
-2751.8443183, -5038.89483961, -981.930179098, -2.37491665497e+25
-3662.93176932, 1060.63504587, 618.850547595, -5.45209369259e+23
-727.34617788, 3861.30011403, 2375.73064398, -1.60138643517e+24
3145.64083721, -1577.20474965, 170.180345773, -1.44867123376e+23
-5264.35910827, 2772.58550718, 3363.77833512, -1.79733874271e+26
-1468.21168243, 1571.2764113, -2824.01529498, -2.99466508243e+23
3938.76854405, -471.947515392, -181.140125334, -9.37834382676e+23
-299.405420259, 751.714861439, -4934.06219777, -5.3269852158e+24
-2273.30986494, -3888.18489882, 3765.59400974, -1.7580278984e+25
-2749.90276164, 2451.7329863, -228.583840034, -3.3826652046e+23
-2652.03892608, -2282.91967439, 1948.06274443, -4.92321333216e+23
130.815464329, -4456.02160773, -1904.06311001, -4.08956773179e+24
3058.43752964, -1334.45124327, -318.974518846, -1.15983176476e+23
764.027827226, -1022.85458099, 2019.04303726, -9.3402862513e+21
-1602.68135843, 2199.11168625, 266.30470092, -5.02219718945e+22
1507.32518379, 676.866818569, 2885.24853645, -4.72533716862e+23
-1893.15426573, -664.237220222, 924.556914732, -8.39156151947e+21
-246.094466661, 1109.692314, -281.680531801, -2.58208529403e+20
2611.89912981, -2868.67375313, 2816.16414422, -5.03350451961e+24
-369.194658955, -396.121294903, -2454.25086646, -3.13739056929e+22
1168.52302912, -3993.16284777, -3400.10374942, -8.79626585984e+24
2959.70165787, 451.813457363, -4937.7698314, -6.75870712019e+25
-3505.8678052, 4560.38146454, -3063.98012144, -8.2780399715e+25
3047.07822699, 407.841573417, -3943.99621716, -2.11848112305e+25
-3455.75258317, -1306.79312303, 2317.94026536, -2.31932285881e+24
4892.00076993, 356.557926808, 1490.69168289, -2.43077615879e+25
86.3864995903, 421.262647608, 2591.00128174, -6.02119547748e+22
3638.26670167, 2358.17581201, -272.87321223, -2.77101923783e+24
1931.8458006, 4118.0405282, -5524.94005571, -6.38265977062e+25
-1906.03816807, -3036.54127511, -1451.47005327, -6.27704412084e+23
-2656.6973399, -1746.89494617, 4129.78254679, -1.2005065122e+25
-1465.41566425, 1994.64819457, -1028.40809238, -7.80331190488e+22
-3111.29001849, -5698.88947268, 1201.2105763, -1.03873817447e+26
2190.59434873, -565.187673818, 666.73134339, -2.37058616018e+22
-884.07373944, 808.470538173, 4115.6743021, -5.77709088463e+24
-1995.18810686, -4602.71921466, -740.761358367, -9.87810431363e+24
212.828243639, 972.857514298, 4595.95447518, -6.19098085919e+24
-3566.22827465, -1617.53657976, 1411.64423918, -1.13197693667e+24
-3228.70571425, -4528.89716959, 491.441090003, -1.8374976913e+25
-625.542398911, 1756.93012786, 2007.90468445, -7.35803308912e+22
3594.27695297, 3239.3541636, 3535.85951336, -5.27715017457e+25
-889.734146697, 508.015339799, 2125.78124335, -6.63786431864e+22
3080.82425887, 1082.45820309, 876.031641584, -9.14293478999e+23
1636.44839941, -1538.43297094, -5489.83773728, -8.89071684939e+25
2291.05948092, -4171.78714175, -3094.72128214, -1.72402038367e+25
255.261525125, 1218.79381917, -892.478074774, -1.06398038295e+21
1312.19902629, 975.079054972, 232.476143904, -1.64399669765e+21
2601.0776433, 665.072945442, -246.494410294, -6.81401414521e+22
-253.21826183, -688.289490458, -2654.88140489, -7.35793145758e+22
-796.436870937, 2668.32979446, 642.762057929, -1.11441769238e+23
-374.316099559, 1579.82750006, -1515.18520508, -1.58498306837e+22
-659.050244553, 849.952473387, 272.982400172, -2.55903797813e+19
-4397.16792142, 5467.14148839, -679.246198606, -1.26184231386e+26
25.5639783431, -71.3718266066, 4602.04697511, -4.59446419181e+24
-1690.12332413, 677.582360499, 24.7055171121, -8.48519889896e+20
-255.607961591, -3078.63014643, -3080.85359277, -8.98452509643e+23
-1010.06112998, -701.309622103, 3591.31317047, -1.28593723914e+24
-2711.5007415, -1728.52745061, -1628.74477404, -1.36614597883e+24
-3030.69329113, 3013.84411834, 4038.05604783, -6.89474637786e+25
-817.669548245, -4204.71698999, 2311.00744443, -1.54994356134e+25
-436.132472471, 4018.93368867, -1531.89094998, -8.98916339228e+24
674.684309052, -2747.82108487, -368.262749949, -1.66308292223e+23
4023.78947776, -2116.87087923, -1399.89131271, -4.23637725628e+24
-4667.79974206, 1359.81058794, -1552.15377533, -1.10243028197e+25
269.584787995, -2419.81184166, -2208.91695474, -1.26145370052e+23
-1528.75045383, 4120.83225, 4346.25771275, -4.47466558286e+25
2689.77316988, -191.763201679, 322.45101289, -7.729916699e+22
1012.81736233, 5595.16337547, 3518.70448913, -2.15705232296e+25
1139.89107908, 2795.91946154, 1929.09640145, -1.65521555404e+23
-2210.97590954, -4286.44132753, -3398.52526224, -1.18442937724e+25
-1686.42437685, -1140.64993778, -2442.68156153, -3.77465365142e+23
-748.827493821, 1711.21753427, 3603.78475254, -3.05840871848e+24
-2061.41767736, -101.179206712, -1674.82898953, -1.60252869998e+23
688.603283623, 1192.36464516, 2533.95123532, -7.60381479132e+22
-2085.60856036, 2594.15576036, 1859.86236117, -8.64147543643e+23
-5012.46486938, 1092.31039643, 1512.67875677, -1.20086254034e+25
302.980679218, 1898.87643007, -3997.61186621, -1.07197728681e+24
-404.941521629, -3511.09042267, 785.123560311, -2.07588512898e+24
2361.14890035, -2121.44045079, 5588.11017637, -3.34755399703e+25
-325.0561396, -5280.00414453, -1288.08982086, -2.2177596297e+25
3981.99893801, 244.765474597, -1941.29001632, -3.88785788567e+24
-1684.75487846, 751.353577121, 981.214761364, -1.30895812529e+22
1885.02071747, -358.411071342, 987.689580507, -2.01307974147e+22
2601.41024074, -2617.06067714, -388.794527836, -3.35407856914e+23
1859.97619675, -538.169447762, -118.310813448, -1.90389993931e+21
4568.27004716, 2092.30330776, -5217.81472896, -1.9883593311e+26
52.0700851033, -1789.26897472, -2185.21180963, -5.28377999447e+22
-852.472154817, -3590.06417537, 2113.33992346, -4.64059389916e+24
-1545.74637601, 2346.43053329, 2087.72695092, -5.38832425518e+23
3718.24516117, 1092.45462663, 1055.98671344, -3.70166287707e+24
-722.187349805, 1312.48494709, -3776.13523546, -5.08597674866e+23
3251.40185508, 2777.9444127, -2837.42936673, -3.70714058986e+24
722.248336582, 3908.67556617, -538.722425365, -4.15279579968e+24
3461.14077242, 946.865448255, 609.574750254, -1.42191384728e+24
2590.02283864, -2162.00935666, -911.20770473, -2.43127685579e+23
-1247.22524782, -206.361880043, 2603.56394363, -2.59790498481e+23
-1159.74395648, 3523.99574984, -1965.90188098, -5.0936775988e+24
-3557.42655675, -1215.48957596, 2038.63620554, -1.87825226464e+24
-4848.60837213, 87.9485291114, -4304.02299235, -1.85834173296e+26
2362.17455688, 3531.13683581, -4791.24246436, -2.51518760308e+25
-58.4567185082, 943.874565922, -3729.61275873, -5.2508042304e+23
1404.51955202, -607.366547816, -1843.5520044, -8.12604557767e+22
-40.1824662054, -2372.17562564, -788.483729883, -3.09598647531e+22
-2001.71458977, -4677.0110588, -4331.50410145, -2.58094801582e+25
1926.49789344, -2324.13221153, 608.278267046, -1.79887281922e+23
-1367.87795007, 2774.77921187, 1639.87256608, -2.61807016677e+23
-1020.02361631, -1441.59510584, 556.923191226, -2.55689362545e+21
-1177.1822566, 1195.67484198, 2451.32016285, -3.70028341064e+23
1749.00929993, 2871.88233204, 770.52138551, -3.09549565271e+23
393.53626736, -2435.18134891, 727.850969274, -1.42695165392e+23
2882.8674784, -2205.36396643, -3487.04439378, -2.38041833826e+25
-257.495965043, -978.539581396, -3853.77062253, -1.52236224546e+24
-2486.31861418, -171.594202951, -5611.90064908, -5.12704592192e+25
1827.65148544, -4272.37043101, 2184.83606513, -2.36122866532e+25
-597.786217684, 1974.03887257, 668.843183375, -8.49241677668e+21
-1421.88728413, -1140.19979601, 4687.42996286, -1.08837875479e+25
4879.35961573, -2380.38114669, 95.2478117071, -4.51655261661e+24
-764.532391628, 3313.06934907, 2187.80468523, -6.10152639606e+23
-1240.8957102, 4574.00701169, -4332.62190169, -7.83538202111e+25
-2173.91096388, -3657.85976938, 292.924394471, -2.62752152252e+24
-1283.33166142, 1063.80264708, 974.03085923, -5.9080407358e+21
-99.5830152208, -1992.42585753, 2273.21397427, -1.14805759053e+23
456.259134216, -517.646276327, 571.54746185, -6.85363326674e+18
5281.84849218, 1514.39685045, -100.072195058, -2.49695136762e+25
1990.89694573, 109.168825157, 1010.59685176, -3.88280372265e+22
152.131880717, -3137.97601701, -3839.60508886, -5.03922475478e+24
1361.60027004, -658.293431247, 1341.15001841, -7.72979253887e+21
276.373682868, -2013.75783468, -48.917246933, -1.63048779679e+22
-1512.01496402, -3980.05917067, -1785.87080678, -2.07080877513e+24
-294.924582723, -486.778170683, -4317.85326235, -2.93381954896e+24
2800.98482801, -1281.05606367, 152.991593552, -5.44098664911e+22
-599.082167886, -1614.07561817, -2998.04105633, -2.88994821045e+23
-3910.44108681, -713.794532438, -3549.60790839, -4.21459332538e+25
-1430.08197034, 5460.49928177, 1356.42045379, -3.27367906323e+25
1788.20064294, 1758.48016135, -1581.29957537, -4.63873732821e+22
2485.09631145, -2719.03195674, 2010.68475317, -1.93348746875e+24
64.4170635894, -2679.32838214, 1011.74770316, -3.31600829429e+23
663.619640122, 1267.72186552, -497.390289488, -8.18709261529e+20
-254.221757544, 3076.99927088, 124.89006882, -4.63159414448e+23
-5008.72476094, -2479.19126684, -1320.02509183, -5.51071995012e+25
-18.9958150284, -5404.85316717, 4111.35025519, -1.78393174615e+26
-2827.53627991, -3754.8421516, 384.217634545, -4.4938559133e+24
-502.846682303, 940.499211948, -3907.17947944, -6.65287547563e+23
3164.9123833, 2211.71390069, 1214.13950602, -2.81956651127e+24
-946.512309686, 306.616552727, 968.450348863, -9.48845753612e+20
2745.68936364, 2215.34396018, 3825.64513674, -1.74934435546e+25
4342.3472502, 2575.72633174, 2111.81633817, -3.94944728196e+25
4154.76042323, -4748.64419132, -929.11192755, -2.94072462054e+25
-151.264804726, -175.196779028, -2168.57216169, -1.10396520329e+22
-2907.46311454, 1610.93123663, -1270.49929744, -3.80369047762e+23
-1641.80991624, -273.584520899, -4396.17484662, -5.22808220033e+24
-223.620073141, 3002.86111029, -57.8610203327, -4.28162825609e+23
744.111415116, 403.805019927, -244.900230935, -4.70645788207e+18
2132.7810041, -4826.93547837, 2065.26128657, -5.43109859084e+25
-5390.70159101, -3736.99583856, -1663.98379156, -1.63740815902e+26
955.131460231, 1894.7944391, 988.795941421, -8.4927519345e+21
1173.85784402, 2333.04635888, 4305.82146244, -5.83414328746e+24
2909.21787516, 1390.06997344, -334.805018673, -2.76298952524e+23
-712.246287636, 5276.03691987, -2084.60071717, -8.25497229165e+25
-2487.81432594, 1781.30931596, -1957.7067845, -5.36682798271e+23
2491.96922257, -1127.53278786, -5039.75747461, -8.48187940556e+25
2078.39657615, -3430.3361654, 1855.43065449, -5.21684801126e+24
-242.216926785, 4107.19742023, -387.765071954, -6.03656977275e+24
4770.25427618, 179.999377649, 3636.94040613, -1.08585670672e+26
840.076706128, -769.324082416, -1953.33677028, -4.3604654332e+22
3335.62226577, -378.502443619, -265.661162181, -2.43036350724e+23
-1864.66624411, -2413.97460685, -151.864479131, -1.34998862971e+23
405.34926022, -1476.90267098, 1075.11213026, -6.20471814012e+21
-115.662044361, -956.996634931, 112.66554934, -5.14713600302e+19
3600.65507486, -1621.38509124, 301.349780253, -4.3522034804e+23
-2708.13451359, 3371.5889169, 3244.66758505, -2.18858542733e+25
1393.41628512, 780.794995777, -3814.52080299, -2.8341356562e+24
4582.60683308, 1213.29105373, 127.28683171, -8.56341725272e+24
-4551.47120462, -5132.42453423, -836.931796783, -9.80145156376e+25
1560.44086471, -793.501574412, 1486.906712, -2.03819522347e+22
1100.46481807, -4465.61135558, -632.647788616, -7.98852797139e+24
-393.591290834, -38.2123360926, 2980.88104868, -2.26227378651e+23
1115.00581059, -4425.37706554, 1267.78625483, -1.76242270086e+25
2609.09262898, 1668.57423466, 4241.93701198, -1.96737808008e+25
527.800944108, -988.825501981, -753.792663937, -1.80275461694e+20
35.589223184, -2905.14273086, 1116.02937717, -6.38257308486e+23
-393.37686084, 1146.4822982, 2368.53295591, -9.41329868266e+22
42.09814853, 421.679307233, 5112.48861466, -1.26548534457e+25
5033.02234886, -3906.95740808, 661.354225755, -2.29884923924e+25
-465.373899868, 4271.49906028, -1775.38561591, -1.560812825e+25
1007.92770104, 460.36525286, -3061.08494325, -4.6081677442e+23
1211.18121198, -1811.19231824, -2658.28079038, -8.42924634409e+23
354.306663392, -219.592072378, -2959.74901224, -2.32248456953e+23
2963.03932614, -111.644937692, -150.538490218, -1.10635509355e+23
-4855.30117793, 2624.36217281, -1541.39776675, -1.34155965944e+25
426.830427059, -2130.313573, -2780.65432871, -4.9684691593e+23
2358.10426149, -217.051303343, 2236.90783431, -6.82768617361e+23
-591.834356891, 1541.2760233, -1040.13954452, -8.93517112511e+21
2081.39588393, 3865.88595781, -396.420712523, -3.95924706413e+24
361.227822859, -3214.954686, 3677.29104195, -5.78673421718e+24
3275.23004671, -1397.48296251, 1208.32614104, -6.91120747623e+23
449.910835666, 1889.7553754, 4403.08426426, -5.73886006461e+24
1961.0246025, -2742.04711543, 2980.08752567, -2.98274562889e+24
426.814626094, -816.207315217, -4967.9439902, -1.53470921398e+25
2272.334829, 2047.16118689, 4481.62694144, -1.84429693277e+25
418.648115017, -2374.97720947, -4297.70781459, -9.64617813576e+24
-685.119313107, -1157.78393789, -244.101900146, -2.06363975622e+20
-631.651580099, -613.322592309, 170.942932016, -5.66122843752e+18
-4639.21590279, 647.364022935, 444.778351062, -3.26443931641e+24
-1698.95493436, -1919.66642638, 2521.21145632, -2.49023845592e+23
-2408.62578943, -212.767555348, 205.86750869, -2.56823610245e+22
-3024.94435892, 178.033802672, 1077.82615131, -2.41192047894e+23
-4972.61184386, 67.6089781303, 1432.5330081, -9.25253256765e+24
-3988.00044936, -1052.92889821, 2335.68629682, -5.29757837809e+24
-416.937546788, 512.300066986, 1607.55664259, -4.52813208304e+21
226.729737776, -1059.89157457, 2988.82701393, -7.48581739278e+22
-3305.01342466, 341.962766902, -107.516518217, -2.8173959437e+23
302.974163594, -857.488960831, 3672.47049667, -4.34811458508e+23
3193.68637231, 1848.75148164, -1606.82570154, -6.73683276195e+23
3792.11585019, -1231.19200546, 32.7624182517, -5.72981779736e+23
5068.42663487, -1225.87562634, 914.904940693, -1.15339943043e+25
-1004.17011006, -370.587643954, 1606.19887424, -7.69387579667e+21
691.12094171, -3353.02427741, 4458.40998907, -1.21929398554e+25
1431.51589154, 1986.00703743, 1480.88142865, -6.62694022781e+22
-470.832109542, -5038.46640846, 732.635532628, -3.24271594471e+25
8.01933729151, 1721.41913641, 562.169618147, -2.4388602097e+21
2106.20995803, 1398.72907553, 250.714406259, -5.33994703956e+22
-3644.37178827, -1960.82195925, 89.5194546254, -2.33555643215e+24
-2127.32961492, 62.2753913291, -70.0250842141, -9.6771232906e+21
-498.110088304, 4358.05043607, 164.828480169, -7.6328206452e+24
-3555.57391546, -938.592034851, 1137.96436608, -7.8407783024e+23
1327.83179982, -1664.52595524, 453.319657931, -1.21147881374e+22
-1606.17600008, -1328.50341603, 5089.51431933, -2.1432103275e+25
971.85309817, 1571.76238736, 1257.1469744, -6.89501467867e+21
799.456051991, 2557.66792523, 170.159246034, -9.69845836921e+22
-609.652567291, 2959.07364582, 504.059023311, -2.75705135163e+23
4058.3384894, -2807.30774449, 2459.78076967, -1.34297154129e+25
-2898.10074661, 98.5570610318, -859.809201251, -3.00364325449e+23
4050.77301524, 1120.79610012, -905.473212211, -2.13736513974e+24
1264.40498008, 3289.61011338, -4043.37578707, -7.50109135704e+24
-4902.67287941, 318.795385874, -377.06292426, -8.21017226256e+24
-2721.97422635, -883.629452046, 271.705450235, -1.14526493895e+23
-651.746369788, -217.162206622, 3046.76563128, -3.29657262436e+23
-3558.95023418, -653.404078549, -2079.30303109, -6.3340065821e+24
170.021089042, 195.018643261, -2892.04896445, -1.20206664447e+23
-1185.20585788, -1116.500463, 1484.35526619, -5.18592005851e+21
-1436.81763317, -1667.9190908, 1621.57147413, -2.69612007796e+22
4055.32415937, -2942.31262838, -945.585732514, -3.85358161989e+24
-2193.71552595, -1150.37092978, 1940.63844684, -1.54239417382e+23
-137.310852998, -935.067028039, -2454.08525804, -5.22419154884e+22
-155.123157967, 962.925727973, -822.787953835, -2.39114629781e+20
-130.055412414, 1133.80445408, 530.648248728, -7.25556347503e+19
-3445.46725095, 1200.16783441, 3252.65706768, -2.1190247456e+25
-1404.48905401, 2729.77337322, 1429.53790132, -1.94477523425e+23
-1376.01161743, 4889.68584835, -5240.6159349, -1.67845516361e+26
3307.65193947, 2313.04393461, -2958.60375929, -3.97005889636e+24
-795.245091515, 1769.00304812, 375.758190111, -5.10790324997e+21
1995.82314469, -2441.98872199, -4943.05750963, -7.75327084463e+25
2442.69961409, -96.2750514108, -2735.58978988, -2.08777246528e+24
-2791.44489267, 1673.63417903, -1189.33310451, -2.7972372092e+23
-5194.48508428, -16.2463787474, 1378.73400654, -1.2120466131e+25
327.832884081, -744.273230248, 662.493605414, -3.98445293791e+19
-706.970992878, 2225.16688917, 1479.73061634, -3.37856335936e+22
-2118.65280296, 3573.49675045, 3816.6996918, -2.98045283191e+25
-3716.42374295, 360.730236943, -603.424573477, -1.14974732391e+24
4740.35019592, -384.626499418, 3032.99040347, -5.77495304093e+25
-1478.36601691, -668.20378505, 3073.99997777, -7.96369395967e+23
3111.60779061, -1700.98669259, 1763.46247012, -1.12434685867e+24
-774.253966839, 2628.53747879, 2202.31580688, -2.91566274082e+23
575.032531431, -58.9017761062, -1044.20112207, -2.76701442335e+20
-643.481143758, -378.843982814, -1602.8759352, -2.26266194644e+21
-606.822860092, -1574.19816705, 945.297010154, -6.35786485989e+21
-2789.57651322, -196.231974984, 193.50135444, -8.22098034533e+22
4990.82527351, -5023.50478672, 2400.70322176, -1.74919053868e+26
-693.100971863, 2423.06059062, -536.815278132, -1.30106050859e+23
2456.33444384, 3481.84667114, -1292.00655501, -2.90355454029e+24
-100.000702938, 4078.32389507, 102.281953222, -4.45227420164e+24
410.150882335, 1590.30937897, 1171.06967332, -1.23471361644e+21
1899.60628705, 1635.02273679, 1595.89206974, -2.07010697281e+23
4074.57492454, -5040.28467591, -1147.06986246, -4.02833467657e+25
1665.73301229, -1991.49562146, 1986.01488044, -2.40021105943e+23
-285.187676083, 398.031386783, -2187.679526, -6.93449445389e+21
-3031.83327358, 105.017183851, 5675.65763143, -1.89246408859e+26
1418.76264678, 3137.75174996, 1676.81721841, -3.91961397089e+23
617.213283189, -16.183180294, 3662.1059441, -6.04214130139e+23
-1479.89336457, -726.840318483, 2463.69285001, -1.94518806079e+23
-3467.96604998, -2265.98252989, -1270.6842498, -5.17861427877e+24
883.367289448, -4425.15052111, -3280.78133698, -8.02290045889e+24
-1797.20536218, -471.8532226, 3192.03086164, -1.65546417336e+24
902.098951376, -1260.39898953, -3555.63188589, -2.62996770772e+24
-158.575108121, 2830.31859477, -427.97107373, -3.42921756146e+23
-2849.16776639, -918.49294237, 723.981605161, -1.38495938308e+23
-2931.03619161, 1334.98651362, -1709.72198317, -7.37046607251e+23
-977.100910671, -744.597033624, 2927.29468506, -2.80544695566e+23
1195.92630777, -3409.31064883, 2484.33912704, -5.38141868012e+24
-588.065871806, 1166.42148641, -3083.51478811, -1.01977923816e+23
-441.991772649, -2596.64157447, -1255.34278814, -4.97445813522e+22
-387.430903209, -878.902719678, -1122.16077827, -2.05478727597e+20
-2738.76065848, 1832.24884781, 723.246275202, -1.62340444243e+23
-2914.45138111, 879.464328543, 2851.2041354, -6.14403524552e+24
-1281.99226463, -1794.68235582, -3175.17712387, -7.98936184726e+23
-1220.77767742, 1437.47244699, -123.521526706, -2.89897467014e+21
3192.98504093, 1201.40019652, 515.127739055, -8.83496125455e+23
1134.24838145, 2466.23778733, -715.911155915, -1.39402248203e+23
2247.47265039, 2616.72766714, -4212.54287515, -8.01716666779e+24
-4282.23587218, -1439.45977358, -427.892235916, -7.14742130579e+24
4439.21239906, 1576.77857918, -4475.961185, -9.53604189e+25
-2026.73910702, -1915.80864459, 1652.09112635, -9.28611162415e+22
2321.71133131, 2624.10424061, 2220.19368315, -1.91179634927e+24
