-0.492766951449, -4.00880018207, -4.86259608312, -0.100344605159
-0.499093680499, -4.0134198789, -4.87687906048, -0.00435230991652
-0.493675353957, -4.01303709824, -4.88710434297, -0.0189047280981
-0.49690820526, -4.01112529756, -4.88271340139, -0.00334638265917
-0.499642429035, -4.01258495543, -4.879469766, -0.000516310440223
-0.49942126678, -4.01268653069, -4.88127456338, -5.70540671167e-05
-0.499689116971, -4.01259631306, -4.88091394003, -8.27181639132e-08
-1.25651564531, -3.15920587314, -4.76407795453, -196.703006124
-0.50146568412, -3.99240103708, -4.85945637221, -0.221651673542
-0.622471908639, -4.01115032786, -4.87619336811, -3.82905566717
-0.49972456013, -4.0125698085, -4.88092758206, -6.46335086842e-07
-0.499743704261, -4.0126628655, -4.88088640601, -1.72031433037e-06
-0.499851883292, -4.01262072218, -4.88089670305, -6.35606560662e-06
-0.49939086669, -4.01252676166, -4.97510363255, -2.42200237402
-0.49863166766, -4.01262903619, -4.87960849485, -0.000706984712622
-0.502292254521, -4.01305450657, -4.88081807151, -0.00176111053167
-0.493501721458, -4.01381771493, -4.88108709431, -0.0100703438485
-0.507784934195, -4.01246228527, -4.89105082643, -0.0429009930425
-1.47625920883, 3.61575379289, -4.99999228626, -3.7052516405
1.82700023388, -0.904224213146, -4.99997836601, -1492.04679903
-1.5296837236, 3.79249374576, -4.99997880654, -58.4393702168
-1.72904273062, 4.90075261573, -4.9999781155, -204.335940261
-1.76292094448, 4.31151599766, -4.99996149686, -150.948292516
-1.47628911027, 3.61575893578, -4.99998653216, -3.70354247415
-1.47636602855, 3.61576659342, -4.99999997249, -3.72060979418
-3.94037714867, -0.728481948757, -5.0, -823.274886244
-1.47629162633, 3.61576574584, -5.0, -3.70326992771
-1.47619497269, 3.61771853634, -4.99999760752, -4.04402627316
-1.47631340498, 3.61575117085, -5.0, -3.70629532434
-1.47632815657, 3.61576298374, -5.0, -3.70259732151
-1.47643705916, 3.61575618079, -5.0, -3.73628637212
-1.47574975931, 3.61556917659, -5.0, -3.75936203597
-1.4742859261, 3.61865579031, -5.0, -4.27302586896
-1.47291153146, 3.63979095539, -4.99999999261, -19.7661148316
-1.55792654029, 3.74250237074, -4.99999847895, -58.9562745362
-1.62494739776, 3.70104208099, -4.99999983951, -65.9776490488
-1.45255487911, 3.631149348, -4.9999991271, -25.8108241018
-1.47016442047, 3.54226961178, -4.99999956533, -77.781323834
-1.50546521448, 3.76424360801, -4.99999997417, -23.5690127853
-1.4754237032, 3.62290371883, -4.99999594928, -5.74765384483
-1.47522092602, 3.61577873864, -4.99999999898, -3.72586980042
-1.47378502908, 3.49751023902, -4.99999914759, -71.2959255352
-1.47626705066, 3.61576814526, -4.99999997093, -3.7049471629
-1.47626993834, 3.61576140243, -4.99999932359, -3.70529799418
-1.55701275059, 3.61578020932, -4.99999422479, -107.785838739
-1.32435725675, 3.7949650485, -4.99788508758, -38.9680873885
-1.47629742546, 3.61576430229, -4.99999999914, -3.70099495766
-0.70680647226, -4.93410759958, -4.96222122609, -97.2814232361
0.227150564766, 4.97346739182, -4.91121033956, -470.460454481
-1.06020214189, -1.07799924298, -4.74869979778, -669.261282987
-0.880216788055, -2.24900696277, -4.99907592561, -412.309207172
-1.73251837434, 1.02630056384, -4.98891204088, -607.090837224
-0.268298046975, -3.27164886799, -4.80763006507, -143.000076029
-2.31236269133, 3.35808633576, -4.96591585687, -162.282608335
-0.160048879918, -3.94592149753, -4.88376509293, -36.1667765867
-3.53851654984, -3.96862118246, -4.82174939081, -543.721377442
-1.03106444324, 4.93962369945, -4.98159345935, -236.263344762
-0.522524342979, -4.02037846829, -4.90447902759, -0.289228580762
-0.510606681134, -4.01284235504, -4.88089410436, -0.030132880484
-0.489992376468, 4.99900835736, -4.9594403553, -272.294705312
-0.737070322806, -4.99977735213, -4.71270093918, -108.892548812
-0.506860023057, -4.01248112078, -4.88100473748, -0.0129930231986
-0.499458788059, -4.01257351712, -4.88099860524, -1.68757046897e-05
-0.522826552943, 4.90113135307, -4.9952748837, -340.995843376
-0.574922037915, -4.01285205628, -4.92436998044, -2.02881950213
-0.500356465607, -4.01088092471, -4.89516417017, -0.052547534297
-0.501337273478, -4.00921704047, -4.73155069817, -7.07182451391
-0.45578794034, -4.01259869806, -4.89877872668, -0.543343948155
-0.499613447144, -4.01231443904, -4.88118422872, -4.27584625543e-05
-0.500417219381, -4.00597478287, -4.8729538912, -0.0272576557096
-0.499733584534, -4.01259114101, -4.88082264186, -1.77724139874e-06
-0.50175121057, -4.0137996081, -4.885919519, -0.00781555789176
-0.50396622173, -4.00721015161, -4.88087919394, -0.0120333612758
-0.496177261347, -4.01253572155, -4.88165531852, -0.00327642900498
-0.491175661429, -4.01077061332, -4.88110751866, -0.0191862464784
-0.499634501156, -4.01258430776, -4.88090483335, -9.84723421817e-07
-0.499660971313, -4.01274505999, -4.88100381799, -8.71679757315e-06
-0.492674339885, -4.12890758688, -4.88087140153, -3.72982379092
-0.499429449023, -4.01254996838, -4.88091700556, -1.85019298023e-05
-0.499137293348, -4.01273364707, -4.8810021036, -8.61467410929e-05
-0.460480451034, -3.99991026044, -4.83565730348, -0.979918515641
-0.49943881265, -4.0281603514, -4.88093856695, -0.0604491716192
-0.500767115366, -4.00929811681, -4.87918953037, -0.00379664391832
-0.524817766154, -4.05077910549, -4.89842625523, -0.605131670666
-0.499541681745, -3.99130190982, -4.78588678482, -2.60855549078
-0.49977490457, -4.01291874798, -4.86407867087, -0.0713420291181
-0.502833496368, -4.01275152729, -4.87359839781, -0.0159708596141
-0.499776111281, -4.01237657886, -4.88094318205, -1.44893181211e-05
-0.499707868902, -4.0125898629, -4.88088005029, -1.26242122027e-07
-0.435971403602, -4.01063385191, -4.88238218899, -0.991118889934
-0.495816341355, -4.01256061867, -4.87975229773, -0.00413113874111
-0.499768815867, -4.01671039413, -4.87269362408, -0.0211139594065
-0.498417320034, -3.96811479776, -4.88083575769, -0.526274135733
-0.499673411696, -4.01258356149, -4.88086938218, -3.55982277155e-07
-0.499894574363, -4.01337272871, -4.88804229019, -0.0130485621173
-0.553865671386, -4.01251199083, -4.88169368722, -0.738052987402
-0.499668867287, -4.01273789945, -4.88099732682, -7.73370867266e-06
-0.499691235258, -4.01256833256, -4.88088207559, -2.68170014711e-07
-0.499283857845, -4.01310571334, -4.88076762469, -0.000112380918696
-0.501415654947, -3.99589699422, -4.81585648147, -1.17092026501
-0.497102455977, -4.02351932449, -4.88084403051, -0.0315494999908
-0.498991443636, -4.01268484238, -4.88086593312, -0.000127425301156
-0.500188355353, -4.01260437368, -4.88086899908, -6.16844189469e-05
-0.499229145768, -4.0119831768, -4.8959486307, -0.0576236624571
-0.499685068981, -4.01274171682, -4.88085640037, -5.72640179833e-06
-0.495198066306, -4.01258031031, -4.8809095052, -0.00511397871647
-0.499846344189, -4.01308061746, -4.8752413623, -0.00817350043925
-0.496730373904, -4.01262958269, -4.88094742552, -0.00222297863888
-0.49925568428, -4.0126323155, -4.88075733577, -5.4065035273e-05
-0.500173578536, -4.01254310531, -4.88042142428, -0.000115641837014
-0.500021893154, -4.01308568683, -4.87893343047, -0.00106366372414
-0.499513226145, -4.01304291561, -4.88130026885, -9.96011784765e-05
-0.499558748572, -4.01259705616, -4.88089381303, -4.69959878547e-06
-0.501038610483, -4.01267081063, -4.88079249651, -0.000459726365081
-0.49972451086, -4.01248121237, -4.88098556979, -5.59947790283e-06
-0.438059757894, -4.01123939265, -4.88065926495, -0.931885979544
-0.49969424097, -4.01259725819, -4.88091990078, -1.34216627346e-07
-0.499710051155, -4.01351060736, -4.88064280711, -0.000227058043828
-0.499680343486, -4.01256208555, -4.88083958747, -1.19433133303e-06
-0.499696034088, -4.01259897777, -4.88078407234, -3.21743135755e-06
-0.499609982495, -4.01253304429, -4.87719513214, -0.00347470426807
-0.499596801314, -4.01234207136, -4.88086211406, -1.91850957084e-05
-0.49984568796, -4.01913151213, -4.88124123812, -0.0107825739617
-0.496119277582, -4.00946983979, -4.89679299056, -0.069639683756
-0.499669359665, -4.01283738476, -4.88177996583, -0.000211640256051
-0.498039814277, -4.01374433787, -4.88091686658, -0.00102493183542
-0.499570714168, -4.0125119924, -4.88025979705, -0.000108361820799
-0.499621880184, -4.01260398331, -4.88082067405, -2.8333548503e-06
-0.595369719139, -4.01476267393, -4.90863511702, -2.64398876021
-0.499412873425, -4.01270296937, -4.88103091734, -2.7512843011e-05
-0.494285919027, -4.01290676628, -4.88126755472, -0.00745501072405
-0.499520855184, -4.01261628067, -4.88076579719, -1.21033488217e-05
-0.4999930439, -4.01409841119, -4.88139397582, -0.000654076942757
-0.499579191631, -4.01733056829, -4.88026163166, -0.00574679090246
-0.510785789289, -4.6088541813, -4.89393335077, -75.2800777462
-0.499045266884, -4.01270436505, -4.88043452921, -0.00016396338867
-0.499333563243, -4.00663956497, -4.88069541808, -0.00907287845398
-0.499546247014, -4.01264341783, -4.89723417824, -0.067547051263
-0.499826883104, -4.01234299209, -4.88005383403, -0.000200440198599
-0.515187627897, -4.01188590495, -4.87964588275, -0.0614902646575
-0.67378575618, -4.01363207849, -4.88231583754, -8.1475406106
-0.499106511903, -4.01313003509, -4.88364710615, -0.002068054674
-0.501866931909, -4.01271399994, -4.88027748938, -0.00129389733358
-0.499570885352, -4.01303325052, -4.88113958165, -6.68189826696e-05
-0.495329510897, -4.01538694419, -4.87843365845, -0.00826519654423
-0.499578998129, -4.01887757026, -4.88075451506, -0.00994039075879
-0.505616407241, -4.01269058181, -4.88127934629, -0.00889954386056
-0.499588994417, -4.0125312202, -4.88138190714, -6.34413748443e-05
-0.511886599932, -4.0128617109, -4.88045848819, -0.0376742759296
-0.499854660125, -3.99394741471, -4.88058053054, -0.0899609671257
-0.497521905206, -4.72766838668, -4.88154851961, -80.3615320728
-0.500191439387, -4.01189550163, -4.88139380987, -0.000249233919402
-0.500129801675, -4.01253858489, -4.88086236883, -4.8917272144e-05
-0.49974616636, -4.01449071741, -4.8808366901, -0.000905465370235
-0.499345572851, -4.01303623489, -4.88071905537, -8.75857023693e-05
-0.499977188455, -4.01256912428, -4.88090904191, -2.03400813405e-05
-0.49617212985, -3.93263420854, -4.88169526095, -1.77799939382
-0.500255906702, -4.07384334237, -4.87218761949, -0.974300305426
-0.510626870227, -4.06905718792, -4.88096053956, -0.837514374408
-0.500978719233, -4.05022859527, -4.88278072027, -0.353505945908
-0.535731246228, -4.01012527555, -4.87935202904, -0.334018122991
-0.333777685956, -3.20874762899, -4.82191924008, -155.415995932
-0.506915692811, -4.01162068032, -4.87081261455, -0.0391283925846
-0.499210575829, -4.00995103389, -4.87964390426, -0.0022344213967
-0.498766384093, -4.01236913804, -4.88087218202, -0.000231577883293
-0.502120300299, -4.01238905715, -4.88125877183, -0.00153372143562
-0.589823149417, -4.01919058136, -4.90279853788, -2.26949440486
-0.35075348176, -4.01172638434, -4.88145360731, -5.5726580728
-0.49971237499, -4.01271798025, -4.88066420011, -1.74489426517e-05
-0.500044090556, -4.01325305124, -4.88030055959, -0.000229161253536
-0.477694785583, -4.01315795964, -4.87772839469, -0.12323504316
-0.499942889795, -4.01285300322, -4.88088639689, -3.20710303338e-05
-0.500079910888, -4.01286046176, -4.95657488619, -1.50745973672
-0.499700077089, -4.01261049178, -4.87213188701, -0.0193807642591
-0.490961674077, -3.99325966673, -4.8840358261, -0.118084949569
-0.499696259652, -4.01262469871, -4.88089755018, -1.93329747513e-07
-0.499741388807, -4.0126235055, -4.88091855826, -8.38014637076e-07
-0.494118617397, -4.21715624867, -4.87985471088, -13.0060958499
-0.355145401827, -3.97556151066, -4.88680308963, -5.90959685767
-0.499656580914, -4.01226817833, -4.90523633615, -0.150329621291
-0.501088132196, -3.86159545699, -4.8656302315, -7.59364162925
-0.499725358965, -4.01254201435, -4.88052043359, -3.68039526621e-05
-0.521437625376, -4.01540544728, -4.88294849966, -0.122976827075
-0.501518963177, -4.01166587373, -4.87819692698, -0.00291766434363
-0.523606575819, -3.97212804254, -4.88758459411, -0.592969997007
-0.501291891165, -4.01526089345, -4.87059708058, -0.0290222245185
-0.53425151496, -4.0115781031, -4.88514579209, -0.31001014382
-0.500947893318, -4.01262765329, -4.88097151213, -0.000397688305591
-0.497934983259, -4.01227614706, -4.88114457664, -0.000824618472692
-0.499708822521, -4.01262732027, -4.88099572735, -2.74925640923e-06
-0.50322367875, -4.04853724268, -4.8773856518, -0.32628603565
-0.499744859273, -4.01005042157, -4.88084346992, -0.00164891895183
-0.484331355433, -4.00283014195, -4.86886167388, -0.120866373869
-0.499602034543, -4.01258669621, -4.88089900748, -2.21632273627e-06
-0.587749600398, -4.01614410678, -4.87568644482, -1.98677044282
-0.614382500232, -4.01271458472, -4.88145261223, -3.34859355858
-0.499711077635, -4.0117495688, -4.88075876967, -0.000186574509828
-0.464195265375, -3.95369341348, -4.85680371887, -1.41230243303
-0.503092578327, -4.01282432939, -4.80700012554, -1.45320784227
-0.499581834935, -4.01249764623, -4.88086553046, -5.98891300961e-06
-414.713046703, -361.555704734, 440.734915615, -5.31058475064e+17
-569.99173539, 816.806748917, 223.491645421, -1.50680604395e+19
753.079628986, -171.482894384, -554.766438868, -3.57269075067e+19
279.997651564, -849.339812856, -158.759058815, -1.30218955491e+19
89.4545960433, 17.7129697974, 150.215937509, -3.51711875639e+13
-541.834453972, -277.15420605, -339.678074978, -3.19744713445e+18
-87.3977425241, -32.9804016009, 990.945332293, -2.87494997597e+19
-118.284361492, 955.402301812, 28.7326304904, -4.20448970031e+19
955.44829681, 354.881094486, -135.657579659, -2.74273244248e+19
369.977039215, -606.339481584, 517.899064542, -8.83954354249e+18
-50.1787127471, -235.182341552, 485.609809245, -6.05281870733e+16
155.858551733, -339.272250694, 725.487698725, -1.25994069362e+18
336.975810231, -129.529736668, 631.824666078, -1.80972219835e+18
769.856237739, 228.843227456, 51.713543027, -6.4839778221e+18
-614.710306953, -621.678196783, 165.970109004, -5.43797131547e+18
374.992970276, -517.564857994, 735.979219433, -1.00232711055e+19
966.491376904, -142.987730119, 421.957310025, -6.96222607893e+19
122.838388208, 494.824975805, 497.634385394, -3.96814764775e+17
-1168.20543461, 307.359372523, -328.767954428, -1.39517482686e+20
615.525986863, -331.040460561, 32.0995677777, -3.31773589612e+17
-517.663200857, -298.744259231, 100.510416249, -3.17760146665e+17
15.3304234878, 218.44127247, -391.004489176, -1.06839936703e+16
-448.54355058, -123.686840707, 383.418506804, -5.29076563984e+17
-665.313424291, 493.808539621, 610.3368252, -5.64523153158e+19
536.750030492, -534.012283531, 952.934501825, -6.14244503895e+19
418.7100173, -702.383925744, 966.996613433, -8.11086129021e+19
739.539542082, -49.121283153, -484.183452341, -1.63127994959e+19
457.995900828, -29.9351909972, -624.82651288, -8.87694991972e+18
309.821016576, -172.093152779, 73.8828887619, -2.5782810338e+15
-826.617353546, -246.670501575, -11.5805327322, -1.00704616869e+19
240.165610543, -11.933135705, -102.919660325, -6.0428149384e+14
-195.27911364, 299.438652944, 546.291579713, -1.64371255952e+18
-506.397901821, -34.6947303397, -70.2029900205, -1.74435305165e+17
98.989851613, -357.078038119, -107.000992362, -9.6101173375e+15
-5.30930368762, -426.14136854, 74.6367863149, -8.96357477725e+16
-216.709638577, -423.932843964, -279.626602063, -7.18453347671e+16
-38.0327621523, 976.013298157, 53.2150988787, -4.58344409201e+19
-171.896344548, -178.631814022, 415.315861573, -5.18021716712e+16
-52.9037563691, -421.190519465, -752.416415955, -5.15813550097e+18
-455.161037285, 917.243152911, 289.293353244, -2.49563900586e+19
471.078371998, 16.9648421157, -374.44106804, -8.07759424775e+17
-471.642261991, 631.228131641, 481.961744336, -1.0794861097e+19
508.177840337, -125.558171203, -393.055996842, -1.90560708629e+18
90.2435142732, -789.035570831, 880.211348825, -7.16733874589e+19
101.341766372, -352.826720193, 41.853112419, -2.02910243274e+16
-385.617138306, -1076.17733757, -146.826473172, -8.57107070977e+19
-265.045630625, 208.254563668, -35.4948553231, -1.59191124817e+15
59.1520216825, -57.3662081794, 427.066430636, -1.85877010988e+16
-849.684659895, 535.581776418, -506.594720789, -4.32902263859e+19
57.79114898, 583.186974995, 977.530666993, -5.03216851741e+19
350.640491503, -177.162186344, -392.405097529, -6.20553915027e+17
-384.761948957, 1130.74997426, 685.320740301, -1.28145459346e+20
540.556908844, 402.273769382, -1060.51994724, -1.37987023228e+20
-19.8648653398, -969.923570993, 525.702689563, -1.28352229885e+20
331.805478, -337.024334027, 957.514084813, -1.65549259569e+19
-2.68181852074, -25.2728705452, 738.406789148, -2.13118690215e+18
787.16681931, -274.014477411, -117.925853915, -2.46523114485e+18
-444.411004154, 269.037997529, 56.5498758967, -3.51924676613e+16
810.178748044, 999.143361812, -186.969455917, -1.36730642927e+20
512.937284606, 197.382980193, 325.200680492, -1.77830856705e+18
-254.762210789, -22.6358289672, 346.227586095, -6.94650366053e+16
11.3880368891, 383.416507754, -514.167765638, -3.26597462458e+17
803.492085871, 1137.36451909, 884.395014465, -7.79167465781e+20
467.73326932, -301.54547537, 188.299258973, -1.68436469762e+17
-500.296367797, 579.64658009, 302.510225595, -2.77228362121e+18
599.218119594, -299.804966624, 326.136172913, -1.88407793035e+18
-403.964461122, -147.605975542, -83.1616349549, -6.54033023378e+16
560.050527702, -190.660194515, 18.8097638561, -1.34915832596e+17
932.303502666, -68.0917749164, 469.741569511, -7.55356672305e+19
524.509295516, 52.398160923, 1032.80867147, -9.92766160072e+19
300.388812455, 38.9548520556, 210.286780387, -2.32453012353e+16
-291.325767916, 408.914225169, -350.958362295, -4.79578543591e+17
-1024.04920549, 686.102176898, -1076.87828493, -1.03976134043e+21
-1032.2147381, 411.158801766, -148.172974883, -2.46619749021e+19
236.17186707, 119.776355821, 112.76795944, -2.53446550048e+15
-186.492496784, -542.816365774, 708.738807005, -4.8690602142e+18
-61.3459493365, 969.8806401, 395.423724549, -2.18893778561e+19
-130.755212915, 407.127455203, -399.934713291, -3.57084033921e+17
325.73281828, 318.101434583, -826.175037584, -1.14059797654e+19
-178.762610826, -208.714670203, -212.116529476, -4.41200154273e+15
605.208288209, 827.549079443, 233.529960589, -2.43284790785e+19
237.828476744, 489.561269874, -934.859510458, -1.66215867082e+19
-608.164058445, -754.714862692, -846.056137077, -1.39501674558e+20
-406.40507806, -894.858620905, 698.074460311, -9.3738202752e+19
215.951475851, 486.69208417, 899.311509117, -2.07131509973e+19
-778.336996951, 256.912562391, -944.213460725, -2.06450738266e+20
-104.654805369, 471.055431094, -371.141198536, -7.43741535298e+17
472.670131033, 38.5087548632, -78.6837657569, -5.30954529854e+16
754.854465403, -248.851796558, 392.543789455, -1.14728973433e+19
853.314742049, 528.020334652, 427.694557364, -9.49821709934e+19
757.478862204, -486.168035454, -414.405971767, -2.452404316e+19
-653.590080727, 916.158130757, 76.4264678172, -4.78919647175e+19
380.070212895, -410.250861938, -569.533590161, -7.9717821182e+18
1098.58330047, -710.786670499, -1.16439695367, -4.78230117142e+19
-588.407955658, 230.805380636, 548.620081035, -1.51939237185e+19
945.563000283, 351.188573736, -775.522888161, -1.58248090486e+20
-1093.7147428, 216.409445994, 868.013217767, -8.87349302627e+20
474.92986065, -21.8509877867, 991.908390323, -5.71918600817e+19
-119.771876533, 477.393421947, -682.309528855, -2.67142078471e+18
326.243869369, 273.714771999, 778.606690455, -8.94915210652e+18
-743.576881509, -32.3246167981, -292.001672189, -9.32181753283e+18
-805.900430446, -586.423830488, -294.516429649, -5.05482459991e+19
928.697257881, 460.613778724, 733.232769138, -3.87895533981e+20
-391.809844611, 363.438633665, 774.808444696, -3.96021521215e+19
-81.7555524909, -380.181167691, 16.5610643609, -2.73341144171e+16
-147.681068958, -355.473866974, -303.03669534, -1.96670421032e+16
-510.352811311, 618.870034683, 893.378940905, -2.07518896862e+20
639.519218525, 811.253487309, -1157.67493487, -3.06354614483e+20
-865.256218641, -216.156454428, 18.2117737334, -1.18403182235e+19
1079.60507557, 102.623978894, -23.1008965274, -4.8307594739e+19
-344.336344878, -397.704035366, 191.632687881, -1.20332103817e+17
-600.767212285, 259.243256074, 138.510735008, -4.36298943048e+17
-401.043258517, 448.593970064, 143.910140117, -2.20017210004e+17
43.6677840483, 1040.84200906, -607.639908039, -2.46875723965e+20
978.842500049, -300.510562018, -492.65537801, -9.27191689071e+19
47.4747943466, -8.31636651548, 28.3782790419, -53398.1625025
236.083745363, -350.214245313, 681.628207127, -1.39960277547e+18
-50.261584961, -101.546810355, 257.216109097, -5.51681505956e+14
33.6183570738, 142.728141423, -748.922883358, -1.74733699266e+18
630.621145082, 307.259541744, -868.230906404, -6.95787074275e+19
-190.701396998, -904.866746676, 31.0307318524, -2.79445131163e+19
448.579781398, -42.6658058593, 136.13686976, -9.16168056717e+16
734.310473609, -850.332154091, 100.021276313, -4.50837502002e+19
-342.546261023, -127.791218764, -225.797427191, -7.65144712258e+16
508.32971855, 184.397702165, 100.13218975, -3.90032422866e+17
-78.1866986594, 8.50723410174, -377.858392849, -6.90291290625e+15
-919.247918861, -521.738928948, -807.436633773, -5.10566312669e+20
-377.02227714, 432.454304635, 1066.70671926, -2.7323110894e+20
-1040.13561998, 184.868581974, -385.059422013, -9.12430617546e+19
129.477047015, 301.289840262, -306.599074174, -2.43739555978e+16
389.116368216, -827.770851269, 235.687642162, -3.10576817167e+19
6.75555483516, -68.3230772827, -219.751641036, -2.05518373737e+14
-761.497790468, 343.51849522, 56.5754345365, -1.57140896463e+18
-249.379636185, -187.859172443, 404.620521281, -8.906166783e+16
1032.3604404, -379.722210989, -679.177559512, -3.56053005276e+20
-629.851103666, 832.94903172, 328.751114306, -2.30289793917e+19
911.798366698, -1106.97654336, 297.039706126, -4.73799520492e+20
927.226751535, 390.187356415, -551.940832979, -4.31731605947e+19
29.5588286869, 656.962679835, 1005.12313716, -7.38618678538e+19
879.831293099, 484.845314013, -43.4116653151, -2.63260881919e+19
4.79984462818, 213.470415534, 438.907119622, -8.22315119885e+16
-483.684872923, 241.257025792, 676.80463326, -2.36929819758e+19
276.387598895, -237.041552303, 67.3011072441, -3.6919497979e+15
-906.958088853, 296.577074835, -578.254337504, -8.28805923438e+19
1105.1840483, 687.374651027, -869.118111713, -3.84382232907e+20
362.657942299, 221.872171971, -168.185906997, -1.8879080225e+16
-252.483121137, 61.9747928986, 799.600254232, -1.43993501987e+19
-84.6729443945, 61.9098848705, 119.930624951, -2.86892622309e+13
98.2407613794, -176.319799736, -171.182977541, -5.79564025414e+14
-17.0871270965, 814.534235971, 271.884679033, -6.12418522994e+18
-123.842245852, 137.632354275, 278.164932955, -9.52961676147e+15
-611.245958031, 350.118295984, 822.730449228, -1.35457910179e+20
690.732196176, 354.714984563, -752.634802294, -4.04136714783e+19
-857.827441564, -178.827662808, 48.7629932752, -9.21804430557e+18
-430.70967898, 400.455174982, -1053.19834287, -4.91582984285e+19
445.347203278, 628.502025102, -143.942555577, -2.79666898805e+18
469.726669528, 4.78916434551, 142.148808029, -1.56013791446e+17
-39.3001163301, -373.483258187, -309.359498985, -1.41668580317e+16
449.686749437, 283.907022728, -847.771260851, -2.66797243649e+19
610.576201478, -427.044417936, 48.8576983852, -6.10701938809e+17
289.381104515, -59.2109129183, 194.813624181, -1.128045045e+16
396.17745159, 86.1106326283, 692.050495047, -6.16609129939e+18
640.004541003, 12.2412768814, -658.278928996, -2.9103111386e+19
113.251808378, 637.318542453, -424.230454961, -5.39504151761e+18
107.651779078, -780.691206302, -156.750145636, -5.74031337932e+18
200.297155346, 739.278717493, -277.715101984, -1.04521491126e+19
-388.447553551, -422.924032341, -34.5285491871, -2.24416056327e+17
67.4436101119, 342.247444754, 21.7211115308, -1.00530789262e+16
-644.956879219, -72.5802622986, 300.657539511, -1.52219304453e+18
-249.598604702, -159.035419347, -304.977341744, -4.4682653758e+16
-9.23949811253, -294.894186977, 415.753905033, -4.48037067096e+16
-257.983620437, 490.631126044, 388.355484077, -7.58025830809e+17
-178.370559411, -673.48352625, -415.317954099, -1.0440926125e+18
151.420551364, 195.20755073, 485.768693945, -1.46933121158e+17
-24.912132405, -1163.95047961, -545.74825761, -8.14160210633e+19
923.969103089, -589.236330371, 421.903363049, -4.83129281348e+19
-81.8622232388, -892.527525413, 12.1716863537, -2.42536975232e+19
-23.1135474557, -716.161120435, 306.857889452, -9.16459315709e+18
780.531516676, 977.184276196, -1074.91497228, -4.81500555804e+20
-426.515019915, 140.278323259, -332.271551669, -3.51555575932e+17
566.597919434, -831.04326421, 386.832544386, -5.77029263663e+19
619.92183309, 795.4293032, 450.52074123, -3.72847239688e+19
93.5985321346, -177.319034451, -184.773979583, -7.76648719839e+14
-393.164096098, -822.047197363, -89.5225643142, -1.15604015231e+19
22.1460079701, 775.878261615, -96.2196375564, -1.01789272007e+19
-25.5013278533, 568.399493211, -982.892520413, -1.88510470434e+19
-321.91620039, 79.8702786065, -28.1155644484, -2.09744822155e+15
-192.464883196, 401.670891402, -1138.48476222, -3.24562370871e+19
539.74174636, 318.551698909, -511.142461424, -2.68511484201e+18
153.145816092, -607.243148265, 361.659663792, -3.86073453445e+18
103.619282156, 720.691647806, 721.885779438, -7.89846370484e+18
1025.17753727, 204.892175487, -634.13198362, -1.30199057446e+20
-77.6074845636, -148.149743718, -113.47712985, -2.33772096614e+13
913.082292001, 330.928021629, -355.905617337, -1.88660906243e+19
-4.40399923748, 758.230830005, 13.5395418395, -6.49444976545e+18
628.827327333, 233.113708652, 318.655205112, -5.82892539509e+18
-4.33260088216, 66.8695172639, 339.264847292, -7.11295536123e+15
-405.336078622, -40.0332635222, 163.90645268, -2.73233822403e+16
147.72019014, 1070.83754732, -306.781191078, -1.75736319728e+20
-447.835723, 1201.30285419, 262.327511312, -2.11613549802e+20
655.700101721, -437.815888913, -447.735433902, -1.59336163609e+19
98.5182281392, 563.330959609, -212.658422783, -1.21578777865e+18
-342.172912686, 15.4204524284, -630.165785552, -2.13285471845e+18
169.331688358, 45.9961275767, -370.47693198, -3.58075969558e+16
-183.688169783, -287.619418837, -938.473263865, -1.78501173083e+19
603.457549487, 155.459326196, -820.022037014, -5.73006040015e+19
658.075800641, 627.91036697, 642.875918986, -6.88410133254e+19
-133.577964651, 800.224063379, 89.1218560504, -8.84413893283e+18
-643.876230968, 647.431599946, 200.475681681, -5.54723937226e+18
246.724617779, 864.754197386, 45.6489857591, -1.69363789892e+19
-356.478633176, 578.241712131, -410.955058074, -4.95876748648e+18
573.402699502, -447.269429693, 295.758393652, -1.98375195224e+18
-191.447177851, -641.989888277, -454.424961247, -8.75484733832e+17
423.123040529, 89.9964054286, -296.988476239, -1.70150358941e+17
-79.9228726454, -338.258283693, -787.952611192, -5.64765990632e+18
287.973696298, -734.290254731, 568.126010198, -2.75527888607e+19
357.650154235, 645.359569889, -721.24303921, -1.3922736456e+19
-337.373254446, -146.369271187, 16.3220974906, -9.33251176405e+15
503.895823943, -60.2114033039, 308.218800198, -8.07574711103e+17
-828.392606395, 37.7684480504, -474.685262434, -4.01591582272e+19
660.620191542, -1135.57767325, 506.600986325, -6.02886005292e+20
-583.924128378, 959.27342028, 1157.8758995, -1.58234955144e+21
437.837126157, 107.060981674, -183.831297416, -5.57982835922e+16
-691.581658041, -746.184341404, 200.24461893, -1.90063950843e+19
809.088489309, 1043.61684932, -550.887771394, -2.50686894899e+20
-390.783480442, 263.32658962, -299.594869821, -1.76615033515e+17
179.435898135, 376.523134765, 549.337906909, -5.96140495969e+17
480.895574284, -650.445397019, 447.93483116, -1.35236257197e+19
181.105139413, -608.517543236, 532.086109098, -6.70605311465e+18
827.476834291, -105.015225115, 31.1670669281, -4.21955499473e+18
-44.7297415641, -757.091536928, 1100.46950723, -9.35088542368e+19
3.16327239901, 130.392655568, -83.4753598458, -1.83577936667e+13
89.2722828256, -119.306199498, -19.0198154525, -3.18030869814e+12
323.995608885, 1001.05935814, 305.459337326, -3.58875035005e+19
-984.604815056, 490.232072647, -205.68204084, -2.28648238641e+19
-555.293772473, -203.310307614, 67.0473870712, -3.66259790297e+17
-623.494263999, -349.1412176, 868.775581488, -6.39287387859e+19
752.236115019, 384.8396531, -994.822855843, -2.22629957023e+20
-933.228089463, 885.423381308, -281.321502955, -1.3407914291e+20
-438.311911489, 131.932997834, 432.405177493, -1.65576306026e+18
-85.2765533101, -649.945373893, 595.404743736, -9.52779552071e+18
391.563961777, 79.613492405, 540.294788017, -1.9533679258e+18
468.23902804, -25.1257011213, -403.47130155, -1.19832337569e+18
-842.63792241, -147.579922534, 615.372811955, -4.91378676242e+19
24.4165899632, 1132.89036105, -345.134543006, -2.95145341936e+20
150.776129846, 487.115571091, 900.916015302, -2.05615933013e+19
-352.852305989, 190.22590056, 454.260776426, -1.30110252642e+18
-280.286689239, 114.31641384, -338.939373927, -5.57247834153e+16
-483.55404188, -70.3060721552, -36.9287336703, -1.16009167934e+17
34.6446919385, -469.009976128, -189.764497275, -6.36021736749e+16
-521.129177926, -85.0770805016, 735.897995792, -2.42218817774e+19
-281.70214428, -515.887117549, 333.307334736, -9.22114637874e+17
860.857698703, -436.129640016, 519.894069519, -4.42528202105e+19
431.817372185, 788.33774312, 764.433948523, -3.52341909627e+19
40.9252269254, 162.212288091, -111.369802981, -1.01277708511e+14
-619.124781742, -73.0521962761, 33.9278671618, -5.52631151199e+17
-92.5476581723, -5.46872391499, -979.021814486, -1.54621903005e+19
-221.74561935, 323.141672338, 427.692276817, -5.28530958832e+17
-647.402181811, 1031.99155239, -428.388319721, -2.90256876859e+20
-415.813056413, -102.607779913, 119.666623211, -2.5199163039e+16
-705.941678004, -676.357777667, 329.116970907, -1.32188789291e+19
792.566886358, 182.482808249, -211.323630802, -4.34295860987e+18
-878.870272284, -1080.71454397, 293.558136236, -2.70639450423e+20
913.481919413, -881.159285225, -468.31787069, -1.59149729983e+20
-442.486122478, -307.51491752, -298.540199335, -9.27629330376e+17
48.3697938274, 0.904922442953, 134.063526906, -4.17601478974e+12
676.394020368, 299.108221802, -55.6658528286, -2.28841713972e+18
-163.312343241, -386.11870375, -725.03047966, -3.27308202503e+18
-486.760590342, -127.994074096, 488.146461355, -2.1479554833e+18
-306.297534187, -520.639576493, 759.609534598, -7.04224278758e+18
-289.920638602, -149.644729008, -203.003841375, -2.73315516837e+16
-510.381550088, 275.722220801, 181.835023543, -2.92122943771e+17
560.006520816, 176.844617708, 93.3411907246, -7.02958268383e+17
-545.950493165, -442.706313821, -241.618563934, -3.16806413876e+18
-127.933877169, 45.0400976553, -165.403057542, -1.40940250493e+14
423.13384016, -598.960714211, -33.5754313428, -1.55697950537e+18
-183.603080799, -72.702001963, -199.694933117, -2.13407763938e+15
607.091704337, 331.237911401, -8.11578907451, -1.43287997689e+18
261.852704174, -571.508833245, -666.785192146, -1.34892593075e+19
-787.378434431, 997.396899067, 333.172894367, -9.7046293757e+19
-305.691467775, 313.693720235, -196.159105849, -5.71988879653e+16
143.235373924, -541.575031749, 615.713111355, -4.07564483963e+18
-253.147818129, 520.359143047, 250.797171644, -2.84404142135e+17
453.136978904, 151.617680326, -1083.46675838, -1.63366151879e+20
-103.934765694, 659.399455088, 301.991688403, -1.00524580152e+18
116.137264982, 41.3262107657, 360.770933133, -9.88100721805e+15
-784.883401732, 451.934522223, -352.38695011, -1.16982154179e+19
-391.815860026, 104.722670382, 62.4775044875, -8.56116607941e+15
783.5789212, 795.038924225, 204.60656312, -5.96977724963e+19
956.311578917, 516.454398451, -11.556807198, -5.38701083812e+19
1047.17686211, -248.136018902, -548.398190374, -1.61475749864e+20
341.699877307, -544.036358285, -93.882234404, -5.29757501521e+17
-734.907148822, 986.693495798, -780.821263474, -4.93814058946e+20
229.244016014, -253.467021078, 197.62787676, -1.10742632614e+16
-626.222748969, -80.8032960087, -146.028253895, -1.49836554714e+18
-340.178640782, -363.629592056, -365.656912815, -5.1663052673e+17
-368.982459801, 273.702148224, 638.987099413, -1.02861253306e+19
214.786649363, -253.166982244, 109.237812031, -4.76394873889e+15
62.8222703153, 645.063702968, 46.9872112773, -1.56526451141e+18
358.258000376, -32.5521198386, -960.718620423, -6.88901640472e+19
-692.761272768, 697.262182663, 328.617517245, -1.61392214677e+19
96.8789257086, -194.693598965, 9.99423066197, -1.73164757595e+14
-187.801286714, -230.009585446, 202.896085499, -2.65389963054e+15
-781.876440842, -674.445913708, -509.357136992, -1.03492822494e+20
-22.3935186527, 898.777669004, 346.819854438, -1.21991566377e+19
-203.580433507, -705.339550125, -551.143341967, -2.2370009292e+18
11.6739097405, 690.10567061, 178.614674781, -1.87650245531e+18
-600.24464444, 44.5442323618, 452.898440974, -5.07701266258e+18
-1048.71203619, -734.651064077, 158.60112019, -1.36046721598e+20
299.172485908, 2.50034930852, -114.547311258, -2.56548776442e+15
-1003.1754773, -562.754006878, 812.3250562, -1.98652179014e+20
-201.995717801, 513.799440846, -392.503415745, -1.65573001436e+18
-621.148622045, -62.1912175292, 604.885781447, -1.59691408433e+19
439.5594555, -410.14152312, -824.213191013, -7.27697002652e+19
561.381362026, 1053.65562711, 232.240582618, -8.25925734693e+19
-386.249388796, -70.7749654902, 817.741609605, -2.40267776707e+19
653.341013589, -1106.65774189, -282.705148426, -1.34393753777e+20
509.184736509, 293.753487699, 390.748490529, -3.21977643817e+18
-221.385959133, 132.675220271, -367.142012155, -3.20063581254e+16
-497.743318367, 140.212901711, 638.970534667, -1.56662969392e+19
347.519426412, 714.650001231, -0.489336965976, -4.4593249111e+18
229.721076536, 1025.35310698, -1155.2298373, -5.31603735671e+20
-445.375811114, 89.3135667101, -551.231126736, -2.75331616669e+18
250.9039308, 556.661444234, -353.634242611, -1.67361059951e+18
-795.600140152, 261.958028457, 485.562158707, -3.17783427479e+19
-434.358836884, -1.96264616847, 366.817063758, -5.44013825283e+17
34.9820640426, 50.7740696809, -3.25990277546, -57051.3918408
276.452723816, 116.838971748, -62.9545102175, -1.37239114641e+15
-66.8123273789, -679.366095184, -272.126278048, -1.21654544648e+18
489.598876778, 404.109740218, 316.420469266, -2.25537395837e+18
237.016627134, 742.83382189, 286.058316187, -2.92851038809e+18
-503.624491274, -464.45128015, 142.290785565, -7.4889521798e+17
856.611245967, -599.340582157, -486.417652369, -7.91887969565e+19
682.788050401, -736.125915773, 517.197950061, -5.19242770802e+19
-598.250203803, -397.995838554, 519.971598482, -4.01858928988e+18
-724.631358945, -489.846862053, -797.315177964, -1.63327817714e+20
39.7335318121, 340.985170755, 1056.83327411, -6.21393962539e+19
332.578715418, -1043.2602979, -193.950977372, -6.7294172723e+19
539.024880784, -398.026107995, -155.744893048, -5.09531171202e+17
-582.305313149, 185.597353641, 6.8974417926, -1.70994990488e+17
-792.604054935, 574.084806021, 622.277893369, -1.23605859315e+20
-163.487336457, 830.057356865, -77.254125878, -1.82459169537e+19
-561.960349916, -385.652037422, 1133.04614186, -2.40782709512e+20
360.605213589, 516.917570249, -473.806158628, -1.66772390432e+18
627.719014347, 252.86446771, 217.14752196, -3.58807082105e+18
-268.485806852, 16.5490855173, -474.186790031, -2.47243350886e+17
-247.83526579, 258.681367986, -103.297528864, -7.54637524676e+15
-335.315343019, -18.4618404471, 186.882236281, -1.37704581589e+16
207.286915002, -512.862921709, 410.980255344, -1.64233250334e+18
574.127735929, 741.931472665, 566.598050076, -3.50527918787e+19
580.50908005, -802.971959199, -280.570311794, -1.41457172547e+19
-33.2626551037, -378.299025924, 15.8292634295, -2.63259342213e+16
791.867442841, 670.88191396, 380.093050308, -7.13471070146e+19
-197.913686546, -200.888199646, -746.590083929, -3.00236839467e+18
-241.214297436, 875.893242525, -769.043775844, -1.27888934401e+20
-28.0556915883, -813.206246871, 354.406319191, -2.56970672236e+19
-304.573093049, -592.664709885, -47.4894885744, -9.17686193521e+17
347.434412336, -422.8067339, 312.473281803, -5.36888959612e+17
-465.146643799, -699.950460937, 688.869440364, -2.11112392196e+19
95.828744744, -1192.77547738, 35.4139655956, -2.67347835643e+20
-365.069033536, 16.2381729333, -756.392872256, -6.54830043873e+18
-592.031664556, -145.890865228, 575.381998881, -9.04907577121e+18
-702.932611085, -647.336685594, -479.664436666, -5.20469336463e+19
1131.36361341, -874.55103017, -495.53257583, -4.24155175724e+20
574.798098214, 934.17063563, -571.530671642, -1.04264616613e+20
-456.269852951, -256.063308702, 545.692220214, -2.25747928325e+18
53.7609219982, 300.841156263, -601.752546196, -2.92778299089e+17
577.443383862, 427.944812925, 388.407496456, -8.11217060139e+18
937.471754622, -517.737749282, -343.190828457, -4.33716011352e+19
-113.668471202, 598.436243725, 215.622842139, -5.40698912331e+17
-355.746977467, -758.308237405, 265.149392295, -1.22145138328e+19
879.283116694, 56.9325486121, 294.844674014, -2.92585432333e+19
-849.425803558, 400.962368659, -662.146787031, -8.20682234718e+19
900.805955891, 821.141294385, 242.956287044, -1.43564747718e+20
440.683099778, -125.560790056, 171.35593788, -8.97241560198e+16
-73.6336725921, 509.394763522, -333.197641465, -1.0344243578e+18
-314.879135425, 372.048879101, -73.1606112532, -7.54926825889e+16
-355.413490133, -820.516882315, -154.239574434, -9.68834568051e+18
38.7197012671, -111.584707935, -437.935989586, -6.11390148195e+16
490.972972682, 420.549939606, 466.830035816, -5.55507746681e+18
-529.84263246, 332.506363343, -355.376252466, -1.32156753328e+18
-1039.97655537, -220.936812802, -542.106757583, -2.78761027703e+20
-1033.61120214, -350.568280476, 115.343911941, -5.02088473779e+19
-581.238323685, 974.832640858, 313.616185842, -4.90075860983e+19
-406.993676079, -426.970305096, -838.909344253, -2.59656932178e+19
385.395427541, -92.7625558694, 168.630627002, -3.99575428589e+16
-48.9069118469, -267.001807856, 654.675347966, -5.76172193779e+17
518.40748976, 550.243648665, 475.74783438, -9.83559850592e+18
537.041048084, 863.388069113, -647.819890029, -7.01642565098e+19
273.85435728, -545.846003377, 882.481177087, -1.55450861634e+19
-677.388184065, 369.690292092, 1015.98467133, -5.22515806817e+20
246.27618351, 886.098688864, 184.257941147, -1.55042000484e+19
165.501456382, -1.0551224916, -303.936172712, -1.26843133015e+16
-303.749681002, 761.871472626, 147.893074641, -6.00853737185e+18
-531.66961348, 359.113105269, 717.606535687, -4.9457187288e+19
76.8095824904, 255.237516671, -290.814835492, -8.15993581724e+15
590.136223663, 350.393857081, -65.7328670854, -1.07179593429e+18
26.3720027093, -353.54910414, -1063.9393496, -7.26370772656e+19
577.396363527, 462.572638402, -379.381777995, -1.74603592963e+18
-196.398025781, 377.733897829, 161.24340647, -2.22741043128e+16
636.305071668, -985.165054351, 180.00642812, -1.24251650649e+20
-731.752006873, 320.267165623, 141.443770149, -1.7614114752e+18
-652.092313725, -319.117546231, 805.391920782, -5.01496779387e+19
611.346329159, -108.698873984, 292.388151992, -2.05331691898e+18
535.791511788, 1045.16235372, 231.580937925, -7.39704913852e+19
22.3515190005, -496.296043791, -184.501038352, -1.05021084678e+17
112.157288481, 62.113531003, 173.301194468, -1.78017319558e+14
845.426067855, 51.0973417271, 716.816920435, -1.46851912254e+20
-812.001665975, 49.0985224417, 929.158999352, -3.52961817102e+20
17.8803280986, 488.488770058, -709.473995894, -2.83947656283e+18
310.933970809, -245.154734923, -592.04232451, -4.45296390474e+18
992.213018625, 320.48891527, 300.48090747, -1.06285253754e+20
-729.644262841, 329.471338566, 436.031681558, -1.75302208598e+19
243.509353135, -826.058426341, -697.980473772, -2.82895437649e+19
-591.214236852, -193.774961447, 503.182918408, -4.45570385636e+18
-159.866043836, 204.431476753, -470.223744356, -5.71112782215e+16
-69.8614105521, 436.052765205, -848.825259149, -4.18251685373e+18
51.5796458728, 980.280207477, 830.362643489, -4.25105674262e+19
-908.449890503, 729.843806453, 498.971554016, -1.31082656516e+20
676.515695657, 227.30144612, 234.082417119, -5.8293049896e+18
725.00875522, 209.994338647, 91.1396732713, -4.65731593115e+18
-811.092360331, 64.0739568169, 560.540444855, -4.08629881856e+19
-843.551358099, 83.0216182636, -144.149116183, -8.37633201133e+18
20.8893983674, 337.36305896, 61.8510124918, -7.18875804823e+15
-791.274038806, 616.10434405, 801.062461474, -3.53099098603e+20
886.86630139, 106.190362181, 489.151797217, -7.69776476012e+19
-29.5186935712, -459.937118635, 477.705685179, -7.54595174977e+17
95.2067192469, 201.476710739, 204.46909312, -5.74000360123e+14
-379.995108165, 56.4419974993, -912.464537012, -1.95002597226e+19
-333.587072604, 36.8185562057, -491.827169776, -5.97157582548e+17
-537.296775273, 447.463030204, 624.595053133, -3.08114229421e+19
-103.011553488, 705.350516106, 498.889949101, -2.51177074476e+18
-39.7491288216, 260.42748072, -594.835610255, -1.832462908e+17
-69.1031885938, -359.4185233, -941.775324773, -2.30063728416e+19
230.656860426, -902.715830379, -324.557236081, -1.4666563311e+19
271.100102333, 200.358030993, -167.340353845, -3.23901370169e+15
647.739846811, -769.551209655, -141.677751537, -1.27730051693e+19
121.210294141, -349.130941001, 269.616234216, -6.70885543505e+16
55.5908287482, 274.495484014, -33.8273257369, -2.46134209751e+15
1035.48911606, 154.042390526, -786.211436769, -3.14148866803e+20
-54.6027042487, -463.419395386, -210.206161013, -5.19473189667e+16
-319.605038757, -162.433143307, 202.409191303, -9.424194336e+15
401.881123211, 144.143976511, -70.7249442038, -2.4878833144e+16
-497.202877473, 480.175554871, 689.91339925, -4.29027093303e+19
-99.1250866536, 108.310028123, -439.828807476, -1.83397526212e+16
-31.8031884277, -3.39219592897, 65.1095423798, -76746.2483461
842.938111775, -286.73062453, 56.7020864802, -3.85999068624e+18
-55.718349643, 637.344811254, -154.816832493, -2.79205025449e+18
33.6272066144, -367.305567762, -59.4689809295, -1.44151279416e+16
-132.172480779, 858.107885018, -462.194326641, -5.41136658206e+19
434.269496257, 889.905342557, 43.4332579343, -2.40330429285e+19
828.179256063, 237.853110812, -289.209314435, -7.45177698776e+18
378.206891277, 966.614998168, 714.929985021, -3.60323590036e+19
622.011329033, 317.233191123, -146.044725543, -1.09913613526e+18
-69.3775042364, -180.028476604, 64.3539554834, -1.20706222952e+14
587.543887538, 545.936425415, 243.754683625, -6.54258877294e+18
-502.478565823, -857.311313711, 523.657469278, -5.1373798642e+19
-364.458824334, 953.884380762, -432.650203613, -1.28517698467e+20
159.523531482, -298.465218285, -80.1394167901, -3.23989459665e+15
-135.831799926, -432.076036321, -471.497651406, -2.08127373406e+17
-501.463195862, -38.9973941989, -87.045192821, -1.85860416265e+17
-351.781084411, 73.4359090458, -92.6394681387, -9.43316994956e+15
1026.34163885, -301.572307665, -998.053766662, -1.41168515093e+21
-801.32302061, 115.03598032, 232.39360021, -4.40652991636e+18
925.401680461, -558.769935419, 320.732377237, -2.90695517864e+19
506.608249083, 812.329171788, 155.884932083, -1.33396354452e+19
-104.216267233, -42.6061658822, -25.2262658823, -338304.270801
-578.09666879, -95.6770046924, 231.009850031, -4.52623258991e+17
684.795791704, -169.643962914, 678.477027147, -3.6066337752e+19
-53.9426086862, 427.856478229, 467.641564592, -3.83577038364e+17
-131.92654026, -100.685138089, -513.045663609, -1.288674199e+17
-575.783415947, -786.071967155, 260.137355899, -1.92920774689e+19
165.532429122, 50.5051977915, -328.786181737, -1.58759832339e+16
463.397191085, -577.068939238, 535.442755224, -9.42199858112e+18
-438.629684592, -733.680084526, -275.890689003, -5.65714007489e+18
-309.815018941, -374.814100874, 193.801315429, -7.27989372812e+16
-57.503643259, -18.4401004774, -374.550445704, -6.80954382927e+15
-28.5772991076, -940.58500823, -3.92082974761, -3.60603014782e+19
408.67593072, 263.83181375, 1076.59680603, -8.78766387167e+19
327.301960655, -8.24544766707, -294.780574193, -8.01123502675e+16
-412.153165259, 411.849579978, -483.852637909, -1.82273313109e+18
-393.163556399, -496.662145236, -165.901972213, -5.94801756559e+17
165.877514131, 16.0075615499, 424.741516193, -4.40998762087e+16
488.665738783, -154.322487287, 683.651135349, -9.1286122797e+18
-457.086866146, -11.1039204088, -656.639636569, -7.14581908437e+18
-342.162368303, 315.842863572, -481.517877018, -6.26099515476e+17
-34.0719513198, 883.67107248, -34.0309007802, -2.49293970262e+19
707.103692806, 409.442720077, 772.036542029, -1.20471891852e+20
-453.037007282, 390.042220358, 543.171072166, -9.30761899285e+18
630.769315071, 319.352723317, -207.066480161, -1.15777852468e+18
-599.020064671, -551.788113525, 172.000140746, -2.98068756061e+18
589.310781581, 313.623902163, 231.240647785, -3.10511089204e+18
320.585763245, -37.4110112764, -209.630868284, -2.21994919433e+16
-923.604170385, -1033.11865232, 207.650030988, -2.29123312629e+20
-763.076521789, -401.874529691, -845.64697841, -2.23688720209e+20
-938.929726624, -83.7384678401, 151.65022213, -1.27510433723e+19
-583.904999726, -1065.74631256, -204.537281194, -9.57565927931e+19
-775.935043199, 221.814696023, 129.127418, -2.14096770716e+18
-154.626325218, 816.770112319, 502.961544474, -6.54828516295e+18
666.031064999, -331.057738148, 39.2138261431, -5.85065653313e+17
-1113.4284789, 586.321241217, 712.746505713, -7.17868996155e+20
-309.800869146, 333.662425656, -597.136085642, -1.21178645898e+18
834.128708424, -101.779170541, -41.6763447534, -3.78067229973e+18
-61.0571370211, 155.778712858, -1043.32883223, -2.05551659371e+19
-480.302503692, -821.562626988, 797.312001972, -6.99749841039e+19
-580.426267129, 519.193501752, -48.7151864541, -1.40401180624e+18
-559.215805966, -484.762669732, 409.658541403, -1.9408214138e+18
28.1449242528, -943.520960102, -401.664050646, -1.64126303499e+19
647.440447962, -282.891242209, -65.0110755154, -4.72295483441e+17
163.996757563, -214.125987893, 425.460282016, -3.70071162742e+16
-337.299250993, 467.130763597, 56.5088879603, -2.13863710487e+17
320.195014781, 142.908752391, 610.329084368, -1.93452420102e+18
-400.232254349, -143.971858652, 193.669967809, -3.21215407335e+16
-53.0124129381, 237.10516491, -58.987796569, -1.18041098391e+15
554.672062996, -605.621449378, 594.005798887, -1.96637267544e+19
-77.1276287055, -84.6785791364, -518.205790457, -1.15547272684e+17
246.102900085, -844.054791003, -720.09520416, -3.482325956e+19
625.730570955, 92.9940709872, -1044.32201467, -2.6989471504e+20
-741.14057775, 965.539058463, -649.120662983, -3.39606792475e+20
645.501234908, 88.2086916928, -833.404161025, -8.4522263716e+19
-729.577100398, -277.299803001, 489.738090015, -9.04944583253e+18
1035.56674377, 78.1676949005, 313.192451749, -9.73144290643e+19
16.3721593835, 87.4273351047, 549.930088539, -2.67906250912e+17
769.644427065, 499.177246753, -55.6276985986, -1.11336871031e+19
408.024788995, 871.324534479, -1168.91750492, -2.55584567736e+20
-402.077797638, -640.60105246, -304.909804593, -2.47089653006e+18
-561.190224606, -370.894742841, 874.447366774, -4.85068904472e+19
-307.119810629, 424.306031994, -219.732764596, -3.37324983708e+17
-657.223381905, -1205.56695582, 254.329119869, -4.15707692706e+20
461.571712205, -119.693711378, 142.92378042, -9.36651469554e+16
-185.580416685, 171.331433179, 870.296183562, -2.36500143758e+19
-421.577727386, -973.025638728, -155.175659869, -3.94136937772e+19
43.9247669374, 203.812752078, 972.294463193, -2.58609623596e+19
-755.421356155, -340.819186036, 299.208334614, -4.53486383044e+18
-681.280911192, -958.986965883, 104.118877955, -7.38802742677e+19
-131.974459764, 372.064151284, 425.800954636, -3.08748785213e+17
760.693549187, 683.860292996, 748.755931012, -2.1170317738e+20
-188.059319706, 109.901840789, 447.232023808, -2.67207696034e+17
651.932388898, 231.520440821, 183.867475031, -3.65357064208e+18
343.673325296, -326.075430253, -1161.64823557, -3.49450479818e+20
483.163985969, -882.822307467, -656.196257595, -6.93256708033e+19
54.2237403863, 254.803067861, -188.710873264, -4.06300109892e+15
275.830954841, 208.70142874, 45.6498682627, -6.20567980768e+15
549.723470599, 140.658172905, -51.9240894329, -2.71175539617e+17
-56.1501801168, -142.221538418, -562.544524102, -2.7430880076e+17
-171.486490097, 564.763457811, 136.812483955, -4.61206807153e+17
-76.9583079797, 332.426625295, -320.034768692, -6.34965637095e+16
-142.159564316, 179.957627722, 54.1308669021, -1.12013387449e+14
-930.740330169, 1156.44165178, -144.69538569, -5.15446269712e+20
6.56327815108, -15.5078787461, 974.384374438, -1.93299906872e+19
-355.780960592, 142.031905268, 8.02558324131, -3.20622706e+15
-50.4186612997, -652.38493327, -651.334632607, -3.50495384656e+18
-211.156576385, -150.373593912, 761.260865647, -5.32264244914e+18
-572.070442228, -364.054173188, -346.551533418, -5.46607703488e+18
-642.026924138, 637.483026171, 853.475477367, -2.76483661149e+20
-173.02029741, -890.025086407, 490.742629661, -6.2162693774e+19
-95.6696318985, 851.018826259, -326.588006475, -3.71016269299e+19
140.666149563, -582.717655565, -80.9865735982, -6.57111719387e+17
850.258813119, -445.779479015, -295.113263394, -1.70336993462e+19
-987.118389432, 287.96752306, -325.772178183, -4.3686810682e+19
54.0685691919, -512.206953906, -469.493045274, -4.92809721371e+17
-325.573867778, 872.294186302, 920.156088301, -1.83946905272e+20
569.444309879, -41.9535479431, 67.8091503929, -3.08415363073e+17
211.797884536, 1183.65701968, 745.605113254, -8.71869799457e+19
238.918343346, 592.169617517, 410.231666385, -6.6391862551e+17
-468.563130908, -905.891319606, -720.57084873, -4.79448097396e+19
-356.116096492, -242.771306854, -516.680841006, -1.50506512102e+18
-161.251415128, 359.782961762, 761.734285508, -1.26562749928e+19
-434.296757981, -21.2279270782, -356.529780215, -6.42340076924e+17
146.114841723, 250.322592312, 535.658930123, -3.18277319032e+17
-440.714611892, 548.732095531, 394.181647939, -3.45441186189e+18
-1059.85310225, 232.884364069, 321.210217152, -4.76331816336e+19
65.5101020902, 402.476511971, -845.0025932, -4.15690082485e+18
-88.1065107364, -742.96695018, 166.242457158, -8.25884923424e+18
501.760421775, -451.198826271, 1182.01313504, -1.36207801638e+20
-71.1759309006, -1117.13021164, -270.419793927, -8.8800585768e+19
842.12773356, 48.8216335225, -412.550418366, -1.60739462177e+19
-357.006983197, 162.051044663, 210.213924072, -5.41290347863e+16
397.993230917, -79.06600213, 209.883351583, -7.96054519955e+16
552.186622588, -555.042307789, -81.6894170881, -1.34972181868e+18
390.882300071, -117.333296903, -24.5472075834, -7.38836876372e+15
965.975851396, 441.279087582, -1103.80591453, -7.98554033754e+20
9.2514773501, -377.611307496, -460.27065394, -1.92497205555e+17
-183.561774844, -759.530878532, 447.975878891, -1.84900553269e+19
-325.346931618, 495.413299781, 441.616540423, -2.13659861201e+18
787.168187289, 231.410660568, 222.53669665, -1.48094382748e+19
-150.107169237, 279.662112758, -798.508031885, -1.94906475453e+18
686.30103412, 587.721402508, -599.16388105, -1.47734602807e+19
152.411720598, 826.9553059, -116.850871864, -1.69191212417e+19
730.789319603, 200.109283954, 129.716488372, -5.61531380692e+18
548.835834388, -455.318655219, -189.822936697, -9.66299198828e+17
-264.329830887, -42.2721734409, 552.810749747, -1.09937080594e+18
-245.998874215, 746.224913378, -417.838667547, -2.1090114129e+19
-751.224404999, -259.001413989, 431.063081711, -7.33528411686e+18
-1025.29166894, 14.8352499597, -909.501747538, -7.43894774191e+20
498.048346268, 745.755754814, -1014.34275184, -1.00031297535e+20
-12.6300584153, 197.776214446, -788.454813762, -1.98018044881e+18
297.318181762, -128.555458941, -390.590568451, -3.29595600951e+17
-5.17109909547, -500.478063378, -164.181977111, -1.20816087257e+17
-425.58450136, -988.694310931, -916.756580294, -1.0384009836e+20
406.841222192, -491.851911998, 125.334466664, -6.85862746237e+17
-287.484540486, 587.220822479, 345.782586893, -1.04034452513e+18
-214.097083204, -302.551643013, 116.564364093, -9.57089672426e+15
-249.958251685, 254.163416814, 517.020894341, -1.49959589501e+18
368.254596802, 607.951900456, 164.962411748, -1.22961203026e+18
82.8449183953, -517.299503419, 152.324356859, -5.73102984636e+17
608.323312964, -465.572956631, -736.45830035, -9.41720521972e+19
-56.0172098845, -204.983682251, -813.967979781, -5.70692231466e+18
-524.69263111, -38.6663673387, -1187.0890513, -2.03184019186e+20
385.080560503, -904.129792956, 462.918964703, -9.33299672535e+19
-128.110145355, 418.106898498, 142.347393672, -3.56179627332e+16
-303.668271326, -241.167185625, 991.518051236, -4.52452729491e+19
1031.68143109, -504.047877319, 22.6926635254, -1.81255781796e+19
-160.579883825, 699.534963268, 462.652410416, -2.45701356304e+18
-259.718271387, 967.719041743, -917.414268673, -3.18506913344e+20
-461.026810948, -774.266726682, 61.3886252929, -1.05824806277e+19
-269.017774297, 228.278325824, 204.240799625, -2.21372610835e+16
-21.5353676876, -420.97117999, 482.215662335, -4.51789327058e+17
99.1394109061, -108.645215868, 117.939016989, -2.41576613139e+13
1117.37870871, 321.074824264, -21.2429878139, -1.00090243074e+20
420.544185374, 20.2215125871, 215.225850699, -1.54312836176e+17
30.9108523393, -663.221592971, -812.229760817, -1.9493951996e+19
289.445894714, -136.907103016, 281.518393639, -3.07704981428e+16
59.6175658692, -427.042497937, -12.4873173546, -6.44297310713e+16
-321.843544769, -840.970642193, -377.562072797, -8.28062224698e+18
-60.3969642166, -103.113667116, -913.070645737, -1.12634217767e+19
593.536751217, -272.442587449, 34.6933813883, -2.23187574104e+17
-124.023016779, -340.08750892, -635.074115195, -1.10912440783e+18
-827.09748011, -152.716806674, -752.289460375, -1.70329618447e+20
-303.215656346, 1155.41879822, 289.746780831, -1.32540829838e+20
380.309315584, 371.986088233, -336.923112292, -1.92988599395e+17
525.029848757, -576.811770977, 423.11495353, -7.57822734142e+18
10.4060649128, -565.332893906, 212.027163032, -1.27154730117e+18
143.229367938, 268.257059816, -106.876600857, -3.38132055779e+15
-55.2177691189, 649.185957521, 23.3460300621, -1.86852384448e+18
-1059.36885377, -524.989579397, -281.892298547, -2.23355078416e+20
-7.0219130191, -1143.55603994, 870.244770042, -7.09768278216e+20
-600.059019971, -794.815406901, 77.726236817, -1.81786863891e+19
-107.477120862, 199.651191086, -827.201270383, -2.54612391447e+18
670.007989811, 467.909189962, 255.050706789, -1.12068082746e+19
-197.127153128, 66.1206880137, 201.916725903, -3.39780719717e+15
579.77081682, 466.569716862, 808.3442143, -6.92510176078e+19
917.661588889, 546.640815315, 448.487842483, -1.58201497352e+20
880.000494226, -1003.91058415, -197.718515091, -1.16462510569e+20
-32.7705955889, -34.0087406223, -459.229730361, -4.01811537479e+16
-614.750732354, 342.256047857, -268.487611692, -1.5406681309e+18
-346.718563709, -60.4251274738, -930.050963428, -2.06451147378e+19
-43.5867838369, 637.097866342, -11.1162245418, -1.77708976436e+18
160.677162394, 85.7549172818, -50.6677398581, -2.21384491842e+13
452.468379166, -1020.84761267, 436.996091106, -2.14437026978e+20
-1140.60054588, -791.462231575, -351.498899407, -6.60219017358e+20
202.779370313, 401.895729525, 208.322209561, -3.44749241964e+16
247.953702939, 494.474137521, 910.244633983, -2.39940819188e+19
614.627528662, 295.429871735, -73.9852497755, -1.09065125755e+18
-153.647727836, 1115.87517449, -441.454479225, -3.34952271878e+20
-524.255144532, 379.095650776, -416.217538302, -2.19679301767e+18
525.113812036, -241.348977608, -1066.65119575, -3.37457925717e+20
439.200672205, -726.60509187, 391.494631084, -2.05470985058e+19
-52.0350098957, 868.33763237, -85.2310323518, -2.45817215452e+19
1009.67973352, 37.6221762002, 770.365658135, -4.37698289902e+20
180.891769447, -161.29830056, -412.761488565, -1.74134624739e+17
706.009639217, -78.4744406101, -57.2458055828, -9.89783495026e+17
-395.52055828, -510.935252435, -34.1321202803, -5.50013200265e+17
87.4137544494, -314.520200136, 226.168132462, -2.48601961945e+16
-24.1896733928, -203.473152841, 26.0315179845, -2.12476007941e+14
762.044566056, -341.160426871, 64.6877664293, -1.75173458383e+18
-571.954734239, 712.968828806, 687.667781278, -8.79947204039e+19
294.0387587, 164.167790543, -806.462729841, -1.10595499397e+19
969.323768988, 256.496844832, 24.2772350833, -3.3958917068e+19
-963.588206113, -1085.67937156, -175.495687576, -3.95046622305e+20
327.476684718, -169.623468077, 312.167438558, -7.634152132e+16
229.881973232, -944.737099262, -131.877215138, -3.16933420846e+19
-81.4842179098, -4.42689674501, 629.281170311, -9.44318007976e+17
237.767522218, -936.61622512, 269.788849099, -7.02600012776e+19
550.277837325, 350.835296432, 897.383379934, -7.82052101806e+19
109.261568996, -208.955356625, -161.022852871, -7.21014029365e+14
7.62750091696, -614.798592544, 237.211622712, -2.53574571525e+18
-82.3986937783, 239.778643517, 502.522830154, -3.98756000487e+17
5.56133459045, 87.1953810779, 1081.78342639, -5.31065242029e+19
1064.79497831, -826.283261749, 141.192460485, -9.08023154492e+19
-97.2133364939, 902.965850373, -375.474509732, -6.30314653359e+19
215.330679094, 97.519177822, -646.082833776, -1.79001878323e+18
257.315534855, -384.049847811, -561.291118152, -3.33493621863e+18
77.9390980905, -48.1452987801, -627.870261587, -9.25737570859e+17
627.663301067, -24.9221716624, -32.3111973081, -4.48072883404e+17
-1026.80080515, 555.363793417, -323.618043384, -5.35954283904e+19
93.3557061567, -452.450653984, -586.942749313, -1.94459162976e+18
497.158999145, -48.246296679, 474.619898258, -2.71196174944e+18
-124.516762939, 325.11509891, -218.871453534, -3.65593925043e+16
440.408567333, 818.272132968, -80.3689590297, -1.58908525025e+19
73.3298363919, -678.406098615, 778.370802113, -2.25006262876e+19
694.389382127, -296.054921973, 253.437927232, -2.75466226865e+18
92.7075406191, 400.188601487, 930.51031529, -2.38879840771e+19
413.225192728, -580.756438604, 632.113519985, -1.17773106096e+19
89.5368301249, -170.703235828, -1050.65105396, -5.92117659444e+19
482.65988281, 435.115384336, 947.246744051, -7.51146624089e+19
86.0832280034, -504.702789757, -910.113482876, -3.7714082878e+19
-143.489780134, -245.55026358, -52.0253431715, -8.32391442437e+14
-133.799789121, -130.463897816, 33.3535505132, -2.36492374101e+13
-981.87247705, 138.445745317, 97.0970526913, -1.30236149213e+19
-361.758415874, -406.330313596, 531.555578807, -1.00337719016e+18
-508.055019316, -43.898602895, 47.2532460417, -9.87025332811e+16
-638.471459682, 38.7946825689, 231.097260159, -9.5623993968e+17
-1052.25736585, 17.1900776026, 304.741228181, -3.69389076587e+19
-843.486936348, -224.180217212, 493.239462966, -2.0815376758e+19
-89.2044713021, 110.938455912, 340.132432144, -1.98240603551e+16
49.4423992625, -222.214136706, 632.429348293, -3.22348932715e+17
-697.645148852, 69.3859573024, -23.3438477517, -1.12233118616e+18
63.3475280617, -184.300549624, 775.884865387, -1.82864937851e+18
675.735240145, 393.774931228, -340.513203676, -2.75397903807e+18
801.830374211, -258.801405875, 6.02312852871, -2.30191287216e+18
1072.32148605, -258.06488796, 190.335691154, -4.57107269909e+19
-213.443694287, -79.8346066895, 342.466568808, -3.32784132941e+16
143.483894932, -708.807895809, 943.498324033, -4.80095466709e+19
301.197704781, 417.655562792, 314.352526313, -2.57190855641e+17
-102.510399366, -1066.2994738, 158.210799996, -1.30201237853e+20
-1.98420080406, 366.388963032, 121.285312206, -1.04712078252e+16
445.569480777, 293.18254811, 55.7424038346, -2.12006249122e+17
-772.23203467, -414.511700168, 21.4620251822, -9.43618973854e+18
-450.866188877, 15.544336032, -14.4065169928, -3.89036073312e+16
-107.361148266, 922.398514557, 37.4503835561, -3.09773113616e+19
-752.629197436, -198.500274607, 237.964583379, -3.10652215682e+18
278.4983641, -352.927076519, 98.1395671961, -4.69610037605e+16
-342.454957858, -278.8275057, 1076.82273282, -8.91606625303e+19
206.80467919, 329.820915652, 267.787959617, -2.80971768779e+16
171.446917382, 540.497200556, 33.2438792394, -3.92982632953e+17
-129.235339798, 626.87812964, 106.678964151, -1.14253970102e+18
858.108144754, -594.625404603, 519.113257374, -5.29902165753e+19
-611.577738195, 20.462473895, -178.971394755, -1.16809276205e+18
857.186716929, 235.218990976, -189.090227831, -8.59945810168e+18
266.381434883, 694.997175668, -855.656470695, -2.99723381751e+19
-1036.81904055, 71.0560440298, -81.4895760584, -3.28431377161e+19
-574.040974416, -189.92195919, 55.5707362138, -4.58342553221e+17
-139.365325762, -44.4065843452, 645.812591964, -1.42221139915e+18
-753.07744456, -137.178323707, -438.532226903, -2.53048483219e+19
36.8543106162, 41.5560027022, -612.186179393, -4.56834449569e+17
-251.631069741, -233.741082281, 313.565445508, -2.08669842542e+16
-306.922173393, -351.792513969, 344.269788345, -1.09048848103e+17
856.844792973, -623.304489802, -202.117102267, -1.57412352494e+19
-464.984635256, -244.983044612, 412.82866672, -6.31210876246e+17
-28.948656308, -197.886937785, -517.119947234, -1.90231341855e+17
-29.7098383966, 200.60793767, -171.73319449, -8.99383374128e+14
-27.7194743828, 240.526575861, 113.616513177, -3.13062739497e+14
-728.988058467, 251.755935713, 688.142819441, -8.43572386009e+19
-296.822287656, 576.325581992, 302.535622567, -7.79405511938e+17
-288.218121062, 1034.27107897, -1108.4122049, -6.79106749325e+20
701.352118259, 491.338328877, -627.510289292, -1.6358706356e+19
-168.308417708, 372.92504897, 76.0611365612, -2.11931258065e+16
421.420624477, -515.764386945, -1046.07626218, -3.07423919885e+20
518.663822154, -17.6284552912, -577.042326592, -8.34131901542e+18
-591.410647467, 355.883354187, -253.673873439, -1.17190021158e+18
-1099.30966296, 0.216137014451, 289.888217552, -4.79069180848e+19
70.1154731011, -159.945191998, 143.236861294, -1.67927005743e+14
-146.876762652, 470.969863925, 313.068078547, -1.36441458185e+17
-449.923090607, 755.810708032, 807.317098683, -1.2097293852e+20
-785.129461216, 79.1339598815, -126.848033807, -4.5284112345e+18
1002.49376439, -77.9067091222, 642.000464184, -2.32090600493e+20
-310.775641691, -140.008768269, 650.780496768, -3.24894493663e+18
659.052502879, -359.942232277, 375.265916805, -4.5683095526e+18
-165.189120303, 554.796067371, 465.448487804, -1.19422549675e+18
124.043733738, -10.4363657738, -222.241615835, -1.16170396026e+15
-134.839501583, -78.807100412, -340.097014558, -8.70437559807e+15
-126.343434028, -335.531795787, 198.617110859, -2.63437719476e+16
-592.160573368, -38.7848959125, 41.6488362217, -3.34100486959e+17
1055.45393369, -1062.96787428, 508.029130773, -6.91456120948e+20
-144.193239877, 510.652666652, -111.968842502, -5.17130084591e+17
521.814286752, 738.035163807, -275.866649936, -1.19208910286e+19
-22.3795296167, 862.110279578, 24.3980557344, -1.78492406256e+19
88.90177567, 333.767667605, 246.687476063, -4.94791784481e+15
404.054159973, 348.147743441, 337.816328968, -8.53002198921e+17
862.60666549, -1066.44720987, -243.929382924, -1.60260131623e+20
353.015986264, -420.043342037, 422.396393948, -9.37067485955e+17
-61.9678232353, 86.4965802561, -463.812533859, -2.56173733213e+16
-641.466652141, 25.9768867181, 1200.84840758, -7.69129917947e+20
297.927313207, 663.686206039, 357.453065647, -1.55197508536e+18
129.12622562, -5.26759078382, 774.434477754, -2.53727799469e+18
-314.89056791, -155.923033634, 520.949677716, -7.9694702511e+17
-733.411602402, -478.616980107, -270.529442598, -2.09410897999e+19
183.602840865, -935.639496053, -694.733534325, -3.14356586865e+19
-381.881394389, -97.0076593, 676.560242179, -6.91594407833e+18
188.46218155, -265.682535472, -750.971341551, -1.00474693715e+19
-31.9661383384, 599.345245023, -90.3626915194, -1.40884201086e+18
-601.436647311, -195.09175722, 150.351854059, -5.44878954654e+17
-621.318894283, 282.24624527, -363.827027439, -3.04940137829e+18
-209.308669441, -159.328177798, 617.770821635, -1.16223317191e+18
255.346676445, -720.830126832, 526.514955753, -2.1205656563e+19
-127.790323528, 245.794327982, -651.887357924, -3.97123457379e+17
-91.3071211825, -549.97212178, -265.639936784, -1.99246356651e+17
-82.2817042855, -184.482210413, -238.660115728, -7.93004555171e+14
-580.981306245, 390.050773718, 152.75170967, -6.5238710391e+17
-616.406841753, 183.273881268, 601.355375656, -2.40603712247e+19
-272.478773257, -380.735163269, -673.525246048, -3.2271917006e+18
-255.483132147, 306.586327218, -25.0709786657, -1.28085419888e+16
677.247478524, 254.726208454, 112.091200787, -3.64055108318e+18
237.676333276, 523.683016397, -150.815332123, -5.77323496945e+17
474.754239015, 551.636891726, -891.441985368, -3.1814405116e+19
-906.42539082, -303.636920425, -91.8250889871, -2.89483119898e+19
938.714417974, 332.137604457, -946.663604453, -3.83565256561e+20
-426.32644393, -405.236789575, 349.485119968, -3.6463022856e+17
491.419606177, 556.406145358, 470.178756367, -7.68920488214e+18
