-0.752320460281, -4.12648478356, -4.97583003707, -31.3980729036
-0.501635740058, -4.00479645061, -4.86528371121, -0.0779827613242
-0.746796658926, -4.54459075929, -4.9577597166, -61.9761540827
-0.439994648199, -4.02916403146, -4.77725509194, -4.11838762822
-0.497684824216, -4.06064755142, -4.87486970764, -0.589291062934
-0.500233385036, -4.01029025949, -4.87464331671, -0.0113613820169
-0.495512686093, -4.02194210268, -4.75111565044, -5.19375366219
-1.5313555149, 0.535351659376, -4.73569222256, -752.749111104
-0.617193390979, -4.01654369002, -4.85204276308, -3.7060465191
-0.595475663166, -4.02281932491, -4.84617503966, -2.64825233134
-0.505466722868, -4.27688221261, -4.90463709209, -24.1403551638
-0.508052400602, -4.04452479995, -4.86900553026, -0.303706523306
-0.499245123325, -4.01235255551, -4.88004140198, -0.000251783984909
-0.494670294988, -4.01420433402, -4.87667904997, -0.0114737051164
-0.498511006014, -4.03226891591, -4.87958702724, -0.0968061294158
-0.502278722058, -4.01386809854, -4.88158836137, -0.00221613800073
-0.493350169531, -4.00082569227, -4.88139380091, -0.0457536170356
-0.507595746467, -4.00630738311, -4.89097402938, -0.0519367791905
-1.45988713473, 3.59706180801, -4.99995003424, -26.3519283915
0.36269762703, 2.39979344742, -4.54142502388, -1033.37608175
-1.53848137621, 3.58493273445, -4.99986918181, -74.0138108608
3.75505376976, -3.93530209254, -4.99975425432, -919.862907465
-1.00593826816, 4.27830602819, -4.99999956823, -161.642336115
-1.47441179161, 3.61566646824, -4.99999999939, -3.87498754348
-1.47998651439, 3.61567166676, -4.99998615834, -4.41473440758
-2.05836941676, -4.96650297915, -4.99953548405, -200.784100946
-1.47705067773, 3.53852677967, -4.99997726435, -84.8443764381
-1.47621541326, 3.6151645372, -4.99998713971, -3.7734533113
-1.54850081001, 3.60858230885, -4.99782559257, -101.153525524
-1.50894731078, 3.50332000435, -4.99960373619, -110.05802378
-1.63297189384, 3.99619909626, -4.99767581213, -60.9626970674
-1.55469972876, 3.81342835262, -4.99999999432, -71.6905085212
-1.56079636935, 3.74001418014, -4.99988425869, -63.2055982365
-1.43663338019, 3.64124882619, -4.99999999179, -50.9115667206
-1.54240316701, 3.65335518225, -4.99999991567, -114.135154095
-1.52168637533, 3.74089634496, -4.99999999669, -7.81703961429
-1.51897215574, 3.73732870997, -4.99999998579, -8.45705496994
-1.46627669055, 3.58276810645, -4.99999998572, -35.4079914062
-1.51624752611, 3.7399993676, -4.99999999795, -8.63301586619
-1.5171369641, 3.73131175586, -4.99999998243, -11.1991881802
0.329206506159, 4.99966930844, -4.99614094094, -457.197312785
-1.13303008799, 3.29972167089, -4.99310586438, -93.6640490489
-1.66969245086, 3.64269502117, -4.99996143907, -83.0864879418
-1.4809449299, 3.66264394028, -4.99893035407, -51.9998669633
-1.51716156237, 3.82724825273, -4.86204859605, -21.6049322447
-1.31336371201, 3.75306032315, -4.99984141272, -87.5521751697
-1.4783067337, 3.6153451314, -4.99999732365, -4.01752993625
-1.44689737448, 3.62112872734, -4.99510865897, -31.785212006
-1.81982721284, 3.64556681584, -4.99995394429, -113.062200957
-1.47621227863, 3.61697463156, -4.99999949772, -3.89884270653
-1.47679470618, 3.61680938805, -4.9999943766, -3.92871934155
-1.47589791927, 3.61456126037, -4.99999596603, -3.78170460037
-1.38344604648, 3.70506006661, -4.99878517557, -70.2034102341
-2.158434721, -0.731987991437, -4.89508529571, -733.102987278
-0.990047001096, 4.9023305461, -4.94411369711, -238.831371552
-0.894470755922, 4.53387700514, -4.94227414485, -151.506257466
-1.22180649517, 4.03985014986, -4.99244270076, -128.303562067
-0.549076394252, -0.268261759087, -4.90598796703, -769.659152254
-0.824741767305, -4.94948072474, -4.92839323519, -104.325311848
-0.910208097593, -4.99900009995, -4.89443297409, -118.559095183
-0.861737358335, 4.99925508195, -4.86997082667, -248.178012703
-1.64390049259, 2.28356936187, -4.91262584791, -324.947682471
-0.367418336413, -3.74833250605, -4.85392436738, -38.603476463
-1.17460851696, 1.19858805235, -4.87683030365, -776.381356716
-0.407001609462, -4.02548890415, -4.88372418247, -2.11543968497
-0.503620593049, -4.01709490889, -4.87946129718, -0.00950597650807
-0.721442747714, -4.0633207932, -4.88311930018, -15.4827384886
-1.03391698024, -4.01509693663, -4.77314387451, -74.780493933
-0.499908907748, -4.01980889043, -4.88877191275, -0.028713121561
-0.500752244516, -4.08529915638, -4.81866489719, -2.41830499165
-0.499376883179, -4.02289465507, -4.87336166339, -0.0407905516751
-0.285432760591, -3.87083932231, -4.90422028443, -22.862037151
-0.838775255488, -3.93249248376, -4.87628296646, -32.0867736531
-0.576534398786, -4.0124990472, -4.88113653834, -1.50564001186
-0.461712567846, -4.01073100491, -4.8791850999, -0.357412435498
-0.517308980604, -3.99800039971, -4.86812450177, -0.176380746073
-0.427865875553, -4.02367859059, -4.89828170156, -1.34135821586
-0.5009877517, -4.00967868402, -4.88771669379, -0.0143728598618
-0.509914435828, -4.01401701113, -4.8785641631, -0.02819365942
-0.508064791946, -3.93413495725, -4.86672082541, -1.73986777686
-0.595083381207, -3.67766044272, -4.86499456023, -44.3809095531
-0.540604724517, -3.98187180285, -4.94032350465, -1.63387806316
-0.53559958145, -3.93984380167, -4.86117741732, -1.79758348057
-0.502670266809, -4.27256524013, -4.84350867186, -23.8066346414
-0.484453706723, -4.08099341757, -4.78878731941, -3.73189675465
-0.499679472398, -4.44841518827, -4.93591903281, -43.5888502473
1.66874483056, -4.00793990772, -4.88460208838, -267.023445422
-0.499570964377, -4.02162011336, -4.88905055407, -0.0370957997841
-0.500166756314, -4.01260119216, -4.88078102665, -5.96117547557e-05
-0.498571647112, -3.94668239816, -4.88424027027, -1.18993833314
-0.501341463471, -4.01497981046, -4.87891885169, -0.00310991677942
-0.502691229383, -4.04305852261, -4.87707910821, -0.234573407105
-1.93801956377, -4.00241552871, -4.79688053284, -193.624815813
-0.460772434644, -4.01845756665, -4.79177710615, -2.60795073541
-0.564329093345, -3.89762920407, -4.98497739649, -8.48669626842
-0.412281770131, -4.06323131189, -4.9588914885, -4.07794642439
-0.500806265588, -3.99114646298, -4.8807607655, -0.119971027632
-0.513220589632, -3.98668146435, -4.88002998051, -0.22459481372
-0.502528016516, -4.00825365701, -4.88103706053, -0.00683933807887
-0.614721547958, -4.00150172518, -4.89776920116, -3.54912293641
-0.483871162378, -3.67090495187, -4.88723235398, -43.051642249
-0.499070784167, -4.01218281318, -4.88357971488, -0.00196077604576
-0.498899602412, -4.01233236881, -4.88071925145, -0.000185858645696
-0.512911770322, -4.01543728787, -4.88177570337, -0.0463398888133
-0.50186527655, -4.01171928398, -4.89974017901, -0.0915831968614
-0.500919017674, -4.01163292403, -4.88031760706, -0.000699843300303
-0.506536410584, -3.99979112464, -4.92284797172, -0.512075584179
-0.49846896358, -4.01263936934, -4.87969021817, -0.000750288745128
-0.499569316538, -4.01303643963, -4.88166933937, -0.000203445559039
-0.330828924341, -4.03168147729, -4.99992696057, -10.9392516297
-0.535703567869, -4.01412472271, -4.6710541859, -16.6550867657
-0.511257769222, -4.0117191741, -4.87177166219, -0.0551666905778
-0.499660424102, -4.01241976694, -4.88068555629, -1.95360600028e-05
-0.508345685408, -4.02583665901, -4.88594739651, -0.0691843102463
-0.48807122115, -4.0110215732, -4.87663885178, -0.0393470994789
-1.11815115351, -4.05880817562, -4.88062085693, -75.1125745398
-0.498463806782, -4.01029086945, -4.88193101071, -0.00200303841626
-0.499612507497, -4.01229384239, -4.88103275288, -2.96186974088e-05
-0.499454590261, -4.03372483397, -4.88265884195, -0.111506524356
-0.501075493743, -4.01240695913, -4.88119336698, -0.000512207353162
-0.509784228094, -4.01116059513, -4.89392997129, -0.0698156443393
-0.531664672861, -4.01290493968, -4.88094625719, -0.260945263418
-0.502957232796, -4.01222947952, -4.84458670595, -0.336741987692
-0.524751845117, -4.01134160699, -4.87680582404, -0.165110296964
-0.498734162101, -4.06303366281, -4.88667416256, -0.649701696135
-0.530244261798, -4.01216336546, -4.88033015184, -0.238021439276
-0.499826984781, -4.01211040993, -4.87993095645, -0.000300419992048
-0.496881154295, -4.01189738155, -4.87980861069, -0.00242768587917
-0.495673166081, -4.10297762731, -4.87850126084, -2.17900941281
-0.542840634059, -4.00965962223, -4.69449245311, -12.4995823791
-0.447984657614, -3.89521774051, -4.905408931, -5.28486889133
-0.49942192353, -4.00908270603, -4.88070457779, -0.00316476541584
-0.486787698236, -4.02578900658, -4.88675468513, -0.0924174590624
-0.50481550922, -4.00417403928, -4.8730376158, -0.0404779076239
-0.249961042469, -3.31598026586, -4.87207409131, -129.124302634
-0.503510662004, -3.98686391301, -4.87808663134, -0.179403165439
-0.0391756483128, -4.00164839602, -4.89201302745, -56.1692483642
-0.500329984278, -4.02358384309, -4.8837288323, -0.0323601724721
-0.421248732491, -3.98855846946, -4.9974259967, -5.75550164034
-0.440550257926, -4.01243038884, -4.89286710069, -0.876749096226
-0.475208577635, -4.03470227902, -4.9582849317, -1.76844528924
-0.562891861782, -3.98762020807, -4.83445606288, -1.70176706115
-0.548683393841, -4.02954088491, -4.88392887505, -0.674662502397
-0.49332022194, -4.01589429541, -4.88034581135, -0.0130109614056
-0.519027083742, -4.16014725021, -4.76385117007, -11.7110966805
-0.410780359632, -4.0067430364, -4.98764928201, -5.25848067332
0.184569642318, -4.07028000437, -4.87460606868, -82.2361430348
-0.504462145736, -4.03176500289, -4.88157575708, -0.0971161852074
-0.576709420008, -4.0146058835, -4.99837070586, -5.70346376732
-0.501642403142, -4.0243757698, -4.88667288082, -0.0441777486123
-4.01002036798, -3.78962657573, -4.95539413947, -762.217491089
-0.483640497451, -4.00886195559, -4.8784275068, -0.0696899569478
-0.460900151897, -4.0145323671, -4.96925638069, -2.38253887342
-0.531520766821, -4.00877299582, -4.90634849072, -0.434962146893
-0.466664385121, -3.98877032994, -4.88224798158, -0.420308834164
-0.195701258901, -3.99653437542, -4.8794981769, -26.1585774407
-0.506342656447, -4.01430199723, -4.88037679247, -0.0119663964349
-0.500190022675, -3.69467242745, -4.83052637165, -42.6605623061
-0.379408611176, -4.66079651567, -4.83339277833, -73.2713836134
-0.605574838646, -3.59097831962, -4.89791747368, -51.1228808403
-0.494058925267, -4.01744664571, -4.90368134421, -0.14375228342
-1.26423416436, 4.9000052873, -4.9894289779, -239.678779908
-0.497368424294, -3.99934505235, -4.89350414165, -0.087647766459
-0.447735071673, -3.95246001563, -4.93714875627, -2.54137075875
-0.519815333844, -4.03199368242, -4.83169513605, -0.817212276614
-0.499427947621, -4.01370747918, -4.884250442, -0.00316138536008
-0.327142918448, -4.08004000495, -4.88591356304, -8.25248902328
-0.510023566889, -4.00970098158, -4.87658017268, -0.0338557248798
-0.507747462692, -3.78447739376, -4.88285191061, -20.7646370098
-0.493310030361, -3.99847816992, -4.85689068588, -0.207516502593
-0.409316363769, -4.01210459622, -4.99745217167, -5.96244400561
-0.374631796809, -4.01901394931, -4.87772780302, -3.91242246705
-0.498966347654, -4.01452557572, -4.87722171847, -0.00448899239266
-0.501296511726, -4.01646491631, -4.8894535109, -0.0228828770113
-0.515914896573, -4.99165132103, -4.85663087174, -97.9842957831
-0.498430236572, -4.01451100946, -4.87352428401, -0.0150486195292
-0.504677650809, -4.02544200118, -4.88452249064, -0.0508888889843
-0.518989048049, -4.01469344296, -4.87811683512, -0.09705427852
-0.531897621014, -3.95791302763, -4.86712223697, -1.09423037428
-0.543516359971, -4.01449041283, -4.80177544423, -2.17104102449
-0.505431033582, -4.03714263641, -4.86175888402, -0.249037001798
-0.499617894332, -4.01469394902, -4.88544376136, -0.00629501819651
-0.498807865791, -4.01792681904, -4.88381864662, -0.00950407868027
-0.262815396072, -4.02745761727, -4.85948910398, -15.3142538414
-0.747855833372, -4.08752220489, -4.86369311862, -20.1501795998
-0.964811660638, -4.24022783445, -4.85283111403, -63.0265154028
-0.156319092269, -4.03887046669, -4.86879912469, -31.6175580605
1.20995362766, -3.93121576609, -4.88788582177, -219.988519136
-0.341789374226, -4.01334139906, -4.82674754732, -7.67341899344
-0.502517794942, -4.0113418627, -4.99658204819, -3.84490302994
-0.524100011291, -4.00622404465, -4.87522805386, -0.170601235573
-0.484699638862, -4.12386347074, -4.94098946483, -4.14700384719
-0.49752885184, -4.00539408489, -4.88057433971, -0.0143892020818
-0.496151192798, -4.00706502728, -4.88835368407, -0.0251262586682
-0.515068121338, -3.781714967, -4.90399748394, -21.4349593003
-0.566541814904, -4.01359313074, -4.8880119709, -1.15594347848
-0.557986140366, -3.76292064248, -4.87586614776, -24.957886402
-1.75777445132, 4.91923096954, -4.86603725815, -198.76837726
-0.530170233883, -4.01521821833, -4.8139425922, -1.42171344924
-0.511426944286, -4.0174751273, -4.87935302309, -0.0412469179971
-190.025261925, -166.006428546, 200.454096864, -1.00486691994e+15
-259.266004521, 371.100683232, 101.529379402, -2.80925918625e+16
341.835725883, -79.6711651259, -251.000974829, -6.52449644143e+16
126.267721654, -386.196037279, -70.3399073679, -2.33966300954e+16
41.7067742716, 6.04886260672, 70.021770161, -107408.882644
-246.95174626, -125.70837357, -153.639266063, -5.88985055696e+15
-42.0289967055, -14.6208103041, 449.705195674, -5.59970250739e+16
-54.3544459945, 432.961960697, 15.6073803308, -7.53945791336e+16
433.846875532, 160.304700716, -61.4381196752, -4.93127139853e+16
169.200794779, -275.002291688, 233.520187152, -1.52127398208e+16
-23.1406281326, -104.633178753, 219.137939587, -1.17255100089e+14
72.6756355561, -154.604169036, 328.324527743, -2.34681874177e+15
151.00917383, -57.1042521295, 285.727254266, -3.13018491455e+15
349.879377108, 106.078273524, 25.2959612061, -1.20445210377e+16
-278.012246148, -283.13480102, 73.4129323022, -9.85102638206e+15
169.95127456, -233.740412782, 333.735341019, -1.72447954915e+16
438.294975687, -66.8462320926, 190.736170845, -1.22712776574e+17
57.7369659903, 224.63239803, 224.942321234, -7.56819827937e+14
-530.315103911, 140.79024274, -150.697658281, -2.54748766239e+17
279.337045373, -151.349490592, 12.1426537103, -5.91397795876e+14
-235.595607051, -135.709981415, 46.8020192537, -5.80489100537e+14
8.74710871742, 97.9912195649, -178.949386306, -1.92330060997e+13
-201.829713755, -54.2957871186, 173.570053766, -9.10316175268e+14
-301.819636419, 222.50547231, 278.201293409, -1.01897593253e+17
242.045162787, -243.751377849, 432.885569647, -1.08890041032e+17
189.933548396, -317.763532946, 438.590142263, -1.40797734833e+17
335.331179736, -21.0457693324, -221.292361994, -3.05039480072e+16
209.113094542, -11.6800804979, -283.661364904, -1.61488771513e+16
140.632452657, -79.4819752186, 32.5591664255, -4.39399226955e+12
-375.960646352, -114.058495973, -6.93439115426, -1.89588159237e+16
108.585264687, -7.13696375221, -45.4589962134, -358106.497352
-86.8179520693, 133.963245525, 249.098090498, -3.07351458078e+15
-228.82651189, -16.7306965874, -31.5590175501, -3.07585630868e+14
42.6989946131, -162.350682391, -50.242204476, -1.6344054504e+13
-1.51364531365, -191.760070644, 34.553800165, -1.48092512432e+14
-99.6598490106, -194.074231502, -125.377635805, -1.37347864042e+14
-18.1034006153, 443.390777061, 25.2488401872, -8.41665202183e+16
-78.1266587063, -80.4630542285, 186.768142406, -9.62172623149e+13
-21.4996799259, -191.482979203, -342.307810277, -9.02805286347e+15
-205.884015285, 416.321451297, 130.768402867, -4.59858040619e+16
213.751771379, 7.79126481623, -171.836337196, -1.5609305782e+15
-213.909488682, 286.671257212, 219.744197454, -1.97073304767e+16
231.810744868, -56.2065994675, -179.357202991, -3.6500292115e+15
43.1375892443, -357.142756287, 399.922022196, -1.25355019797e+17
44.2834751355, -160.517928083, 20.9833732149, -3.59433817199e+13
-175.340035476, -488.480328218, -68.0600704295, -1.53183188958e+17
-120.042608567, 92.9861878665, -18.4944230163, -3.11521100764e+12
25.9951390318, -25.4426832377, 194.474976648, -4.11185561525e+13
-384.937490468, 243.554575347, -229.669255913, -7.83240191392e+16
27.4854532818, 264.353348608, 443.622413789, -9.48217480955e+16
161.029230684, -79.4420566978, -178.399102758, -1.17789078823e+15
-175.707057739, 513.096934526, 310.964122174, -2.35012989826e+17
246.531022497, 183.646664658, -481.538513152, -2.4771264299e+17
-11.5472682991, -440.522179056, 240.095188073, -2.29847117136e+17
149.201604643, -152.404875365, 434.41361568, -2.9847212908e+16
-3.15273113531, -12.2870866856, 334.06528303, -4.15687465559e+15
357.173937237, -123.042541793, -51.6891069862, -4.47018080889e+15
-202.942633722, 123.273751269, 26.5752879518, -6.64497892329e+13
366.955837348, 453.220900572, -83.2403696371, -2.4376460149e+17
234.275762878, 89.7985383577, 147.102066846, -3.26896947081e+15
-116.489898723, -8.8186868078, 157.239138993, -1.33237509244e+14
6.70951913918, 174.940222879, -233.514824426, -6.22803057048e+14
363.689073461, 516.24778793, 400.807067404, -1.37820460211e+18
211.633269222, -137.153315642, 84.8464296953, -2.85993366095e+14
-227.862487149, 262.877897623, 136.176831712, -4.91783717449e+15
271.75854464, -136.819071043, 146.773761714, -3.2787014209e+15
-184.92113486, -67.8425310935, -35.6778039817, -1.23231276819e+14
254.139368024, -84.8838086231, 11.0610599438, -2.50821416185e+14
423.2394524, -31.9771282561, 211.913092536, -1.33716281205e+17
238.89916512, 25.2344557504, 468.774019496, -1.82838709941e+17
136.233909927, 19.5532214892, 95.8510845723, -4.23975324284e+13
-131.161957838, 186.793054135, -159.193828224, -9.36848907761e+14
-464.421783989, 310.451246189, -488.884550729, -1.87578030514e+18
-468.457800289, 185.837702045, -65.323119145, -4.3865599159e+16
109.21683447, 55.7374828315, 52.9331529739, -301345.943024
-84.2453987181, -247.579358658, 322.713475926, -9.10769290126e+15
-25.4900309016, 439.968085287, 179.798909462, -3.97692297595e+16
-60.2599414113, 184.330800729, -183.276424991, -6.83528521659e+14
148.620115146, 146.288892169, -375.699752119, -2.03028564994e+16
-81.8585427739, -96.7261613212, -94.8552270945, -8.18944648638e+12
273.748697699, 375.73329083, 108.12536933, -4.32964706901e+16
109.987492546, 223.223699768, -424.37572397, -2.96311830371e+16
-277.237971511, -342.450669707, -384.658246454, -2.56870243135e+17
-184.67424659, -406.370522933, 317.662690861, -1.68932478693e+17
99.7403558197, 219.225844584, 408.585834762, -3.94785960596e+16
-353.551568755, 118.67315883, -428.167001245, -3.7050987262e+17
-48.9401123909, 213.376627441, -169.302980041, -1.40109110931e+15
213.164835331, 18.614942071, -33.4813934636, -9.31465913017e+13
343.367323445, -111.933403883, 179.251246078, -2.11945813848e+16
387.997975963, 240.872600454, 195.157849348, -1.73814441176e+17
343.401310744, -221.545466873, -187.453480336, -4.4778067865e+16
-296.715715333, 416.050316305, 36.7629945177, -8.85637371711e+16
174.166961704, -184.458092679, -259.005967406, -1.46944081554e+16
498.477737173, -321.924338453, 1.87982330604, -8.48743434414e+16
-265.909557829, 103.003399633, 249.325461603, -2.67315009791e+16
429.190230046, 160.120719455, -351.427707209, -2.86106692751e+17
-496.248547268, 99.6389160925, 394.317109115, -1.59414773747e+18
217.044845447, -9.70296740314, 449.71913739, -1.05584826663e+17
-55.4256887899, 217.774967752, -309.433746023, -5.10382829201e+15
147.833555779, 123.988527585, 352.798461387, -1.63179000204e+16
-338.100954796, -13.1128552064, -134.28537254, -1.72943485194e+16
-364.92683133, -264.861915602, -134.028168742, -9.0143694627e+16
420.88072285, 209.268253637, 332.643237173, -6.90657537434e+17
-176.171972793, 164.387319098, 352.421222015, -7.22149209621e+16
-36.3512219438, -173.563267265, 8.63762446759, -5.12430419777e+13
-66.4582029426, -159.380308092, -137.142550407, -3.28915382246e+13
-230.643219086, 281.143760426, 404.754619309, -3.71348472418e+17
290.031668305, 368.612349938, -525.446966998, -5.49116025939e+17
-393.043714155, -98.7998860831, 9.00273179411, -2.15131027037e+16
490.168450426, 44.2695911294, -10.7364828289, -8.6106897554e+16
-157.820901871, -182.092642806, 88.4273446489, -2.32954776305e+14
-273.205511532, 116.854194213, 63.4129812258, -7.66064207144e+14
-181.695177028, 203.414909432, 65.6606435267, -4.01852469705e+14
20.3324250215, 472.726793761, -276.270141668, -4.53869128125e+17
444.446637053, -137.583579486, -222.481937514, -1.69215453742e+17
22.4986860248, -4.33791542828, 14.5413466171, -12077.2358163
108.832957475, -158.167133846, 310.204072082, -2.59231497771e+15
-22.9963185237, -47.5714687432, 118.637127773, -287748.084267
13.2219431378, 66.2015652909, -339.696541334, -2.80161979808e+15
285.332273421, 140.518454179, -394.841778809, -1.24929491621e+17
-85.23564331, -411.389941014, 16.5543775604, -5.11146759538e+16
203.349094828, -19.7539206007, 59.514631137, -1.54227140425e+14
332.833938751, -386.432971168, 44.3280396758, -7.86249622828e+16
-154.922797859, -57.7693015905, -102.906186803, -1.37438443196e+14
229.260547451, 84.3690989342, 45.011233666, -6.64999265131e+14
-34.4783515832, 3.55637433542, -173.272485446, -1.1763157281e+13
-417.854675409, -235.810507366, -366.193785109, -9.24585460888e+17
-171.294178234, 194.926425417, 484.446539141, -5.03680730856e+17
-471.834199415, 82.4828132263, -174.886163127, -1.65043367711e+17
59.9040548213, 136.903181677, -139.863810271, -4.60542373504e+13
178.445276614, -375.522161868, 107.288556388, -5.44842940253e+16
4.26867851911, -30.5998653715, -100.122154084, -265351.963366
-346.603050018, 156.883760642, 24.3810033861, -2.82236457684e+15
-113.879314142, -87.4499854552, 185.013307164, -1.76049752932e+14
468.68150593, -174.051350101, -307.638064844, -6.50374402073e+17
-285.782787044, 378.364162708, 149.296152059, -4.19863692596e+16
414.185348746, -502.181074289, 135.039048797, -8.30851330599e+17
420.708163111, 177.237212308, -251.406359564, -7.97207044473e+16
14.1327457661, 297.531055815, 456.140386493, -1.38734501251e+17
399.948403998, 219.290662041, -21.9720766143, -4.6877690421e+16
3.65902907112, 97.9495836653, 199.675066191, -1.69152265774e+14
-219.121773993, 107.405306779, 307.255758059, -4.25007434503e+16
124.307716608, -106.440809735, 31.381820811, -5.67400714066e+12
-411.542057222, 134.470620044, -262.466196255, -1.49454963617e+17
501.654804708, 312.278490393, -394.437662858, -6.99246639386e+17
164.486342573, 99.761447133, -76.4153205289, -3.42883261318e+13
-112.778309296, 30.60378727, 362.936932485, -2.68557180203e+16
-37.2556750445, 29.7882720079, 53.7225494692, -16179.3656216
44.9148666496, -77.8213449589, -77.1321538134, -361695.298059
-10.3630967692, 369.699358624, 125.011167593, -1.11680302782e+16
-55.416964089, 63.6219201769, 126.486758758, -1.87619579819e+13
-276.429507616, 159.004273061, 373.924272391, -2.44574501833e+17
313.476262073, 161.761688596, -342.01520731, -7.35124446985e+16
-389.910374016, -80.305205039, 20.6523207004, -1.68611397485e+16
-196.479400402, 181.997886786, -477.576885719, -8.87185034301e+16
203.785935209, 284.739361019, -63.0830365986, -4.99515762042e+15
211.814931891, 3.58416374479, 63.8240105179, -2.65610253171e+14
-15.8015817772, -170.146551814, -141.635216266, -2.5292274662e+13
203.445365016, 129.670708893, -384.796658801, -4.69361339687e+16
276.010352643, -192.916935629, 22.1675611554, -1.02723813272e+15
132.351933129, -25.1277420858, 89.969043869, -2.23351525032e+13
180.436684516, 39.7739396325, 314.071081699, -1.13484590144e+16
289.865342804, 7.74434856071, -299.565301054, -5.27351152243e+16
51.8337155841, 288.967757329, -193.835410176, -9.91972411531e+15
48.5724260631, -354.868062849, -69.1561023204, -1.03771857429e+16
91.6714862785, 336.321166738, -125.818164423, -1.93864249632e+16
-176.324068489, -190.333859511, -16.4912396921, -3.97945534011e+14
32.3472515497, 155.843942246, 11.4930585487, -1.88435066901e+13
-291.46127444, -30.6765933547, 137.21065496, -2.6478069064e+15
-112.659631236, -71.4603996385, -137.779961059, -7.72544713382e+13
-4.7179700785, -134.260102887, 187.595791055, -8.0478872779e+13
-116.853154832, 221.194684304, 174.956156985, -1.32452411804e+15
-81.8214477084, -306.273095705, -189.374832357, -1.90363086871e+15
69.4449670445, 89.3381331033, 221.558098714, -2.99490882785e+14
-10.0110980538, -528.201681645, -246.916836624, -1.45280711314e+17
419.529681109, -266.729135063, 189.978039767, -8.42459518566e+16
-36.0870495258, -405.022847848, 3.42582871119, -4.26888311745e+16
-8.7881387679, -324.551184359, 139.354351537, -1.60628766542e+16
353.850408037, 442.899696905, -487.495685393, -8.61018398298e+17
-194.793049637, 62.981853394, -150.952978912, -6.59157048281e+14
258.218100592, -377.627959661, 176.998842931, -1.02579463824e+17
281.318658161, 361.74220129, 205.399812555, -6.72321923095e+16
43.6228490185, -79.6812826732, -85.4238159457, -399252.736899
-177.144475047, -373.032587582, -38.4799406186, -2.08161986088e+16
8.76706208915, 351.351325001, -42.0387154168, -1.82227074283e+16
-12.7261954586, 258.046036534, -445.500817112, -3.36658285218e+16
-145.125873047, 38.4234331658, -11.3825593719, -3.37617552908e+12
-88.9999933284, 180.722271008, -516.723677235, -5.64713744706e+16
245.159815934, 142.692581762, -232.434951627, -5.00240766023e+15
70.6256572011, -274.274435136, 164.725069669, -6.56188526875e+15
45.6560397289, 327.645744654, 327.998916273, -1.52969373546e+16
465.504456188, 93.2579292709, -286.645143268, -2.35774696923e+17
-37.558514183, -68.2554954461, -52.4185383155, -225464.885917
414.752907224, 148.732825736, -160.155237932, -3.43094279218e+16
-3.12198780998, 343.495825807, 6.50664869125, -1.17491076687e+16
285.757338701, 105.140176316, 144.445653556, -1.0436130983e+16
-3.86076730086, 31.481599491, 152.514323592, -1.50583777535e+13
-182.921213668, -19.0805205436, 72.6642956301, -4.33096033281e+13
65.3630613382, 485.639963907, -138.307610786, -3.17441308414e+17
-203.57122199, 545.162037937, 117.642519479, -3.90432523175e+17
296.873931061, -198.847514483, -203.349660393, -2.91498697291e+16
46.3701811392, 256.359164748, -95.2486108363, -2.25919494489e+15
-156.200422763, 5.69619807584, -285.592917966, -3.86116246486e+15
76.1205520452, 20.2649091459, -167.299792193, -6.01157399851e+13
-83.0144550334, -128.537024882, -426.181326918, -3.03419373964e+16
272.559489002, 68.9277631757, -372.698830336, -1.03121136594e+17
298.4378326, 286.286281213, 291.556615008, -1.23216397715e+17
-60.4501381263, 362.929584551, 42.972388568, -1.59907911866e+16
-293.452501976, 293.135861885, 91.0058251191, -1.00880096029e+16
110.732272293, 392.198024648, 21.4717942946, -3.04766551997e+16
-162.160271994, 263.803952927, -187.705355785, -9.70861877431e+15
259.320416694, -203.845694246, 134.923089872, -3.47354636776e+15
-86.2665160914, -290.442082469, -207.275326463, -1.53067551846e+15
193.549765562, 38.5417484937, -133.858773598, -3.26951841294e+14
-35.507893094, -155.080429823, -357.13878863, -9.52638727293e+15
129.324501257, -332.766449359, 257.253172265, -4.73975495065e+16
161.272948423, 291.930746758, -327.764787681, -2.48186654749e+16
-152.932475212, -67.2578875537, 7.68090482691, -1.69594570979e+13
230.033651461, -27.6295333741, 137.904766748, -1.44331401419e+15
-375.828905656, 17.5681712227, -215.500157513, -7.22911976836e+16
299.7391721, -515.22576442, 229.247033052, -1.05636882815e+18
-265.336957723, 434.888585337, 525.622800293, -2.88094435651e+18
199.534809259, 49.2616899242, -81.772877477, -1.04393386114e+14
-313.320846477, -338.556298957, 92.1897008462, -3.4047664502e+16
367.353355319, 473.929780199, -250.883892542, -4.55639996006e+17
-178.876757379, 118.235655378, -135.312267537, -3.30777618619e+14
79.4588492737, 171.674512974, 250.284539674, -1.15239427709e+15
217.246246134, -294.307322998, 202.075553912, -2.27606789818e+16
82.7640126896, -274.934880205, 241.363809405, -1.13787275959e+16
374.948350538, -45.9337649535, 11.7110945869, -7.42894253193e+15
-21.7132206197, -343.256704148, 499.516379098, -1.6755172085e+17
2.07920801299, 61.2853975423, -36.0083325087, -111054.139974
40.2669039808, -52.0323717872, -7.43652835408, -111521.693841
146.623022281, 454.334486604, 138.526293642, -6.4885706239e+16
-447.309173063, 221.378566861, -94.7376453414, -4.23600178944e+16
-251.388731018, -93.1808772407, 32.847635262, -6.42703899799e+14
-282.014080052, -159.268351495, 393.968552738, -1.1421067116e+17
342.191000771, 173.932755333, -451.717572992, -4.05348763969e+17
-423.315652611, 401.690473296, -126.910943555, -2.47062623881e+17
-198.954387353, 62.2168481476, 195.366328448, -2.94752498896e+15
-38.4590325061, -295.730950883, 268.88410679, -1.70162514852e+16
179.190360391, 35.6715665997, 243.709584396, -3.54373085731e+15
213.490362053, -12.4098634263, -183.147936937, -2.2631759904e+15
-382.80635828, -68.9299576406, 279.935355833, -8.79118210414e+16
12.0173841006, 514.240283009, -157.236695214, -5.39839228281e+17
67.3424203125, 220.865017706, 408.999110116, -3.93767666865e+16
-161.882491728, 84.4401284474, 206.845805072, -2.44207999067e+15
-127.282074154, 49.8167374001, -155.451851621, -1.05589890464e+14
-218.144782183, -29.9563367107, -14.506486391, -1.90890330561e+14
13.8772722609, -211.47559481, -86.9810534984, -1.04438953507e+14
-236.642759094, -39.3393065658, 334.586584998, -4.44267990668e+16
-128.285384249, -233.460271181, 151.208079951, -1.61516569747e+15
391.490091098, -196.291465235, 235.284105328, -7.93972442735e+16
195.970998959, 358.755734747, 347.455325279, -6.44261413767e+16
20.912875082, 75.5496603574, -50.0738448253, -199014.07797
-281.793254315, -30.5920793621, 15.8768929145, -9.91941856922e+14
-42.7974119902, 0.0688980760705, -444.544606545, -2.58228254442e+16
-98.4639801557, 146.632114997, 194.112935149, -9.4927571001e+14
-293.76664899, 468.591108879, -192.871994432, -5.34489233536e+17
-190.489276239, -49.0070306251, 53.0626681371, -4.80756123919e+13
-319.857588433, -306.803648606, 149.831966462, -2.35877786e+16
360.514018548, 81.2127841325, -96.6039221401, -8.02555133235e+15
-398.254822564, -490.217626691, 131.353689626, -4.82947343722e+17
414.956060993, -400.669836555, -213.330555411, -2.94947343086e+17
-200.416985474, -138.624079068, -134.493701411, -1.63517919997e+15
22.0780212681, 2.61783731805, 62.31989204, -68756.621525
307.726906845, 137.357993866, -23.3869486476, -4.27092323764e+15
-72.8624637948, -174.455005124, -329.89891822, -5.61038748321e+15
-220.388902911, -58.8753741732, 221.184512015, -3.77879477806e+15
-139.173323853, -236.320498527, 345.342504383, -1.3099942389e+16
-132.498681173, -69.2198374281, -91.1046356526, -5.09836052482e+13
-230.328794503, 125.657893335, 83.4803984747, -5.0344125941e+14
252.808896437, 81.5156461529, 42.4416387286, -1.2202248176e+15
-247.435185937, -200.756653658, -110.687660519, -5.77429013281e+15
-59.8746393495, 20.8733477401, -76.0127367341, -226267.678294
192.647004225, -271.612068228, -15.0965786011, -2.67770001845e+15
-85.3169002674, -34.6249141635, -91.7615171355, -414056.060604
274.252729281, 148.588555802, -6.28814634604, -2.39139685444e+15
119.442828478, -260.50612095, -303.267954325, -2.44709977124e+16
-356.369653221, 452.605918959, 150.358409987, -1.74981694354e+17
-138.54757453, 143.44630958, -88.0148263368, -1.1340266688e+14
66.5239800227, -246.756496486, 279.319094546, -7.30680133174e+15
-115.898960064, 237.190342335, 112.293335443, -5.4083565633e+14
206.935160407, 67.6426445458, -491.37145117, -2.917737071e+17
-47.0952616662, 300.330136659, 138.324428506, -1.91356017645e+15
50.7200181499, 20.3224139407, 162.420603994, -1.83330359459e+13
-355.785500089, 206.770154381, -161.314272485, -2.17518846252e+16
-179.558026796, 48.3796084581, 28.1031314551, -1.56118673144e+13
355.511972646, 360.824729227, 94.1665121111, -1.07019750448e+17
434.526003093, 233.844251763, -3.46727687718, -9.77148378085e+16
475.452514726, -113.156196336, -248.353674003, -2.95638671408e+17
155.944005511, -248.350411842, -43.940887636, -9.52454333643e+14
-332.659030238, 448.239198935, -354.157785831, -9.11484962305e+17
103.911926838, -113.507754142, 89.4102902636, -1.71777385585e+13
-284.340501199, -36.3145100977, -65.5517866753, -2.69374458325e+15
-155.148987241, -166.418325497, -166.945621153, -9.8174429646e+14
-168.112849374, 122.687998393, 289.80942915, -1.87908767903e+16
98.9167873899, -112.905748579, 47.1905600594, -6.82794106744e+12
29.6470736625, 292.592249714, 19.623430226, -2.89178700023e+15
160.997383493, -12.7155521889, -435.799946353, -1.18317404033e+17
-314.497841073, 317.232067673, 147.815770425, -2.85619492648e+16
46.3057377111, -90.3342750995, 5.26767715231, -195188.457489
-84.9097820556, -103.084780447, 94.1131846876, -4.71832233187e+12
-355.428959862, -305.956022204, -230.902820824, -1.88596132065e+17
-8.69039404512, 407.191481952, 155.601737394, -2.2151369156e+16
-90.1897876264, -319.925621512, -251.310104152, -3.90725876621e+15
7.27838541078, 312.077146774, 79.3814019668, -3.37687204473e+15
-273.116772662, 20.2296644004, 205.652419944, -9.11004352314e+15
-476.253228114, -334.080794633, 70.9683960573, -2.48341064974e+17
135.930246405, 3.80359138576, -50.3045414322, -4.67264778323e+12
-455.468825227, -255.041301533, 368.708796596, -3.55580358554e+17
-91.087294152, 234.204763457, -177.776216853, -3.18754364717e+15
-282.614227726, -26.9303166734, 274.582439954, -2.90443646755e+16
197.980401643, -187.30988642, -373.444368038, -1.27498894475e+17
256.123096368, 478.279152115, 107.144225596, -1.49326790279e+17
-175.290938176, -30.8173782981, 370.375711593, -4.40984722195e+16
297.028604583, -502.364491273, -129.977078499, -2.37559675615e+17
232.015340212, 132.739198447, 176.028265758, -5.75200645863e+15
-102.36001005, 61.6375466558, -165.679742705, -5.97887535227e+13
-224.802519133, 61.8530002745, 289.063100516, -2.73336058388e+16
157.662053758, 324.995060132, -0.943753160178, -8.22030487806e+15
102.65933982, 464.898323807, -524.096509908, -9.59857345778e+17
-202.737284636, 39.0900933056, -248.829780149, -4.92326267222e+15
112.066736668, 252.726427422, -159.672797909, -3.04743798954e+15
-360.145965372, 120.515105755, 221.014366595, -5.64291828723e+16
-197.241431911, 0.486433932025, 166.723582907, -9.83913844614e+14
17.1621919793, 25.0179847734, -0.236277940704, -11452.9522493
124.845822111, 51.7319597957, -27.0081303824, -2.35874633961e+12
-28.5068390994, -307.494537111, -125.006718667, -2.09146465274e+15
220.606341744, 184.566398913, 141.735749561, -3.80971996645e+15
108.186661382, 337.060760064, 130.776991085, -5.28487726908e+15
-229.091992122, -210.717002392, 65.2093568233, -1.3610409283e+15
388.667175093, -272.18577851, -219.713837331, -1.43430849818e+17
308.972649205, -334.406654916, 235.161347979, -9.08448175831e+16
-271.534557854, -180.743244051, 235.924877991, -7.16788146779e+15
-329.958656129, -223.752342997, -362.343987523, -3.0112395342e+17
17.9586082478, 153.196824758, 479.329902495, -1.17081392505e+17
150.078205042, -473.501672247, -89.4056847105, -1.17939213037e+17
245.620493462, -180.323310263, -73.0429163357, -1.00995100413e+15
-264.301896136, 84.968770568, 4.90432890556, -3.00677651949e+14
-359.562699019, 261.668868174, 281.405466809, -2.17729167182e+17
-75.6304591362, 376.139587469, -37.34220931, -3.37649344813e+16
-253.973724428, -175.994829961, 514.18818157, -4.36800335541e+17
163.967528333, 234.116908556, -214.176326048, -2.97737167982e+15
284.51358074, 114.517666324, 97.6966933261, -6.27679803447e+15
-120.359371293, 5.15400731027, -214.916459618, -4.24530904799e+14
-113.363062254, 119.060293956, -45.3816510498, -1.61285530415e+13
-152.67324234, -8.87838066277, 82.720093331, -2.22434470719e+13
94.0239589609, -231.996580677, 186.126135406, -2.77104423147e+15
259.093634074, 337.313524303, 258.353296664, -6.20515420372e+16
264.732325933, -363.92415694, -128.25100994, -2.53872187184e+16
-13.0483291491, -171.717519218, 6.60649138621, -4.60460640378e+13
360.185818999, 305.017643823, 172.164650863, -1.28941811973e+17
-90.2678556969, -90.6776579365, -337.859916901, -5.03379686938e+15
-109.497560193, 397.351038612, -349.685552029, -2.35872954529e+17
-14.306484018, -369.285379402, 160.610090332, -4.55899738949e+16
-138.864756875, -268.024698249, -20.4699465908, -1.62051788413e+15
159.216746504, -190.220817396, 140.63764336, -8.77514471319e+14
-212.133348553, -318.712361691, 312.19589461, -3.85845247514e+16
42.6915113955, -541.343389122, 15.203695798, -4.7339439992e+17
-167.315889219, 9.34107592716, -343.265685576, -1.18987800686e+16
-268.800107588, -66.5427096171, 260.914138151, -1.61487356319e+16
-319.345819597, -294.481166418, -217.065369851, -9.46647896229e+16
513.657939801, -397.667038102, -223.762484828, -7.70788645348e+17
261.688771012, 423.733479142, -258.84925837, -1.87766218216e+17
-207.830561817, -115.672685612, 246.15673364, -4.01944832546e+15
24.3180542047, 137.605642117, -273.317815487, -5.10236566313e+14
263.228343992, 195.92676486, 174.766427802, -1.46916661542e+16
425.271067112, -236.369095027, -156.00253193, -8.06571993742e+16
-53.030643716, 270.42880084, 97.0967877107, -9.80050859043e+14
-163.314480414, -343.202999466, 120.220098246, -2.14364684754e+16
398.574226605, 25.0447108195, 132.910877995, -5.13654236224e+16
-385.061474688, 182.934608786, -299.287956162, -1.4556005974e+17
409.375846655, 373.436799782, 110.71325748, -2.59988382359e+17
200.590254416, -59.0848042394, 77.7764735724, -1.61523557182e+14
-34.2917764781, 231.617368901, -149.932902404, -1.94648532522e+15
-141.27503707, 168.382419166, -33.0517036719, -1.42487751871e+14
-163.168365891, -371.814916174, -71.7797296785, -1.72082634027e+16
17.5050016239, -48.1841687447, -199.266701141, -1.00049976856e+14
222.030980564, 190.88004237, 210.387193668, -9.59661321643e+15
-239.539771156, 149.90975802, -160.249734987, -2.3313218272e+15
-472.26550626, -101.037287822, -244.949835915, -5.02164523969e+17
-469.397952846, -158.557705637, 54.6585133117, -8.98180048336e+16
-264.007051055, 442.448299072, 142.085922038, -9.01610041257e+16
-183.535094459, -192.877161384, -381.295036747, -4.56671315328e+16
175.38706804, -43.8846398778, 74.1831596092, -6.76360797826e+13
-23.3736664288, -121.269547737, 298.018414817, -1.18794153307e+15
234.91772573, 250.018589207, 215.098519386, -1.73175272353e+16
243.353152311, 392.138716835, -293.947773163, -1.27622576082e+17
122.364413104, -248.458395801, 399.860008982, -2.73106179484e+16
-306.610494688, 167.607028707, 460.837109501, -9.37341410514e+17
111.65251326, 402.063352973, 81.8777055568, -2.82986542089e+16
76.4715525519, 0.0996556133797, -138.320224482, -2.38215890469e+13
-139.173107293, 345.470491239, 66.9869008975, -1.11533741234e+16
-242.374250742, 164.660497933, 325.240266637, -9.04119641671e+16
33.1490813352, 117.707418261, -133.802235317, -1.73657345859e+13
267.974477171, 157.084280073, -32.3880566164, -1.85568229336e+15
11.1773958988, -162.007309632, -482.531736368, -1.24317119609e+17
261.740841991, 211.473836946, -170.47293598, -3.18006401637e+15
-89.6281526379, 170.925806527, 72.1775798761, -4.14650415707e+13
288.089543364, -446.765500227, 82.6144390642, -2.16867611311e+17
-332.997592104, 143.891876669, 63.3221771495, -3.05299121154e+15
-296.449990943, -144.189974109, 365.805678547, -9.17500292604e+16
278.629395223, -49.4375556071, 133.338218906, -3.81142779733e+15
243.426267649, 474.698113239, 103.660311485, -1.343427367e+17
10.4212843642, -226.86282376, -83.3455546311, -1.97269472206e+14
52.9612981044, 30.1966669318, 77.6354062524, -157185.845562
384.366455273, 25.0777229401, 324.459973089, -2.65225750457e+17
-367.840380388, 19.6939805969, 422.333442675, -6.31718499495e+17
7.30478491227, 221.734260817, -322.125890142, -5.20524251928e+15
141.582358084, -109.269852394, -267.639554709, -7.73360085557e+15
449.915686077, 144.448826105, 134.334649289, -1.85650322978e+17
-330.633564428, 150.121248306, 197.499679233, -3.06012413563e+16
109.498082192, -374.215803523, -316.504040524, -4.92209004248e+16
-268.638594152, -89.0674504616, 227.504642431, -7.80609833201e+15
-72.7779206805, 92.0834475367, -212.73005764, -1.00942211098e+14
-32.9803221141, 198.723065435, -385.246143139, -7.51260472199e+15
23.9876048876, 445.127034321, 376.855019486, -7.95748229291e+16
-412.943084124, 331.289043613, 228.070516036, -2.38438422061e+17
307.595160302, 102.137563907, 104.364654042, -1.02606620913e+16
330.05932857, 95.4269542338, 43.1910157161, -8.64504793887e+15
-368.629063598, 26.8940029722, 254.076874536, -7.19843374216e+16
-382.885558033, 37.93880205, -66.5386874418, -1.5304616299e+16
11.1118948831, 152.197690659, 30.1667557243, -1.24928226794e+13
-359.750751917, 280.43555604, 363.169638206, -6.34883992542e+17
402.365112869, 49.0229455132, 223.207053344, -1.39690892149e+17
-13.9125588531, -208.461177747, 217.939119149, -1.32799956453e+15
42.4481878561, 92.3441560087, 90.751862606, -303159.980297
-173.835633328, 23.365076716, -414.244852073, -3.54383911405e+16
-152.751388423, 16.2692679161, -224.05454969, -1.12588648841e+15
-242.709893709, 202.160768145, 283.02772105, -5.41883520391e+16
-46.4061221804, 319.015108243, 225.200497629, -4.54246172072e+15
-19.8829304121, 117.621409056, -269.373227216, -3.04753426617e+14
-30.3335109147, -163.01351168, -427.850773199, -3.96057632286e+16
104.649457191, -409.495439401, -146.469355434, -2.58716868951e+16
122.992921823, 91.1540499344, -77.5487206497, -6.25773985757e+12
294.707191334, -350.213611138, -65.0221660106, -2.29310529192e+16
55.5068434456, -156.74173331, 124.03426388, -1.08867266668e+14
27.5015394616, 122.979145616, -13.7818617994, -336450.277252
470.068513676, 68.3994882929, -356.254994274, -5.7209739217e+17
-23.4617296781, -211.202264441, -94.984254896, -9.55724813112e+13
-144.589043207, -73.6314137019, 93.4929102795, -1.69856991974e+13
180.543293087, 66.8560289797, -33.4139604369, -4.1996875015e+13
-225.63061255, 216.836896304, 313.687736747, -7.8008737127e+16
-42.4858412388, 49.1925987244, -198.400588465, -2.75758561909e+13
-12.8410935674, -0.559300364069, 27.0890487038, -9591.9319992
382.232880963, -128.451300577, 26.9116973526, -7.00042207475e+15
-24.3066732683, 288.430519022, -68.353194703, -4.99084315575e+15
12.9100507832, -168.521925502, -28.1841752107, -2.69712225903e+13
-62.4128204258, 388.874611222, -208.162771821, -9.83236148506e+16
198.446516236, 404.044045247, 20.4051653926, -4.35940665956e+16
375.306580391, 108.869029888, -129.284075293, -1.33780438162e+16
172.596165945, 438.268875687, 325.361335644, -6.60049810779e+16
282.190786883, 142.663429034, -67.4809183732, -1.94361462903e+15
-29.8385947048, -83.639063541, 28.1554813561, -153375.60681
267.6234607, 247.160241463, 111.195467393, -1.1866311751e+16
-226.746562967, -389.784559633, 236.95452927, -9.27875429245e+16
-165.664190531, 432.263947567, -195.499158332, -2.34043460046e+17
72.0217986321, -133.481436707, -35.1451216742, -4.95902870382e+12
-63.0192066383, -197.471790201, -215.110926782, -3.73862631534e+14
-226.789349375, -19.5040488058, -41.7903596995, -3.4619663867e+14
-159.563043928, 35.0485777857, -44.2038176445, -1.78267607584e+13
465.943149042, -137.229446146, -453.426918429, -2.57413749586e+18
-363.221977518, 53.9334017642, 105.280145494, -7.63765545612e+15
420.453523406, -254.494720677, 147.01776145, -5.2731151615e+16
229.41580965, 368.283962257, 71.837956541, -2.3662567138e+16
-49.728487182, -20.403719289, -12.8059354103, -76709.8223789
-261.326132639, -45.0788943042, 106.946088495, -7.93769628219e+14
311.256318859, -78.5498335089, 307.269860748, -6.46499040498e+16
-25.5758653461, 194.522165769, 212.793357024, -7.70934737738e+14
-61.6486032128, -43.8022440302, -232.821516233, -2.17398831003e+14
-262.467186246, -357.580824147, 116.515578359, -3.51947786769e+16
75.2689715272, 24.8148867499, -150.866306283, -2.95719154749e+13
209.77706673, -261.863094982, 242.00331118, -1.61620800171e+16
-200.758384465, -333.819640132, -123.415609209, -1.05746217988e+16
-141.789701423, -169.12922012, 87.6979040541, -1.27159809708e+14
-26.1379441623, -9.3952629955, -171.631013273, -1.15954050118e+13
-11.5459256227, -427.496423226, -3.67236714494, -6.43128098301e+16
184.876672405, 118.960647703, 488.345598256, -1.60197066955e+17
149.303890711, -1.45697086122, -134.078606509, -1.5069604977e+14
-186.217824587, 186.817627564, -219.308087654, -3.34468576353e+15
-177.178533991, -224.657288926, -76.8986150476, -1.05370717441e+15
75.9892318839, 4.7769917484, 193.528933686, -8.64456174074e+13
222.020811122, -72.1569157706, 310.190811377, -1.64523603844e+16
-207.633432371, -5.22539472607, -299.056149849, -1.30654176803e+16
-155.140765379, 142.464037254, -219.531340243, -1.16204624149e+15
-12.835299375, 401.691595809, -14.5579117723, -4.59660612404e+16
320.713975789, 184.280011971, 351.201222482, -2.1671705206e+17
-205.149078512, 177.820030234, 245.934945265, -1.65700261438e+16
285.811296064, 145.466698167, -94.5614887648, -2.08488956012e+15
-271.302491548, -251.526592, 76.0958294905, -5.43445047815e+15
267.674105015, 142.946749852, 106.940454708, -5.70297467154e+15
143.89783506, -18.4024806608, -97.1570412367, -4.39314137103e+13
-419.399272473, -469.263013032, 95.9461731153, -4.15514335102e+17
-346.143063746, -181.224629605, -384.190692421, -4.02595766991e+17
-426.496552884, -36.7089500384, 69.6193648993, -2.27822795301e+16
-266.189754762, -483.47454566, -90.6090116731, -1.73593659746e+17
-352.840695405, 98.8841275104, 57.3576490078, -3.73575733458e+15
-70.6932433623, 370.588991378, 228.504004029, -1.21613283887e+16
302.639977693, -148.432745083, 20.0204568871, -1.0662177372e+15
-505.102438384, 265.920443618, 324.233220368, -1.28344269616e+18
-140.033767199, 152.287962243, -270.783098067, -2.21562754851e+15
379.138387686, -47.5303613817, -21.2376872546, -6.86758304528e+15
-26.1267851673, 68.4432428068, -473.135149346, -3.4924537903e+16
-217.53418351, -372.143845771, 362.305156006, -1.24510241827e+17
-262.485746382, 235.976508327, -22.3551251536, -2.66436942111e+15
-252.508969397, -221.239660429, 184.202753028, -3.41016727536e+15
13.0983795865, -428.757934155, -181.484878153, -2.95709811327e+16
294.104668751, -128.783311019, -27.7922950273, -8.6941360975e+14
76.0611697681, -95.6054182151, 191.917981679, -6.61175294215e+13
-151.855321456, 213.305973208, 25.7629498541, -4.22470139863e+14
146.219041736, 64.656277175, 276.935716391, -3.59220103395e+15
-181.441959578, -67.7260729045, 86.5572255878, -5.41905970093e+13
-24.715905065, 109.226013751, -26.3517922678, -313293.395795
253.181889411, -273.967232448, 268.344662072, -3.3994109248e+16
-34.3247018586, -39.0361121706, -234.47504656, -1.83530995277e+14
110.920639796, -382.547575787, -327.335331148, -6.152098196e+16
283.68308408, 40.4084712597, -473.730524287, -4.82858870566e+17
-335.965035796, 438.708705848, -295.218845796, -6.32197763292e+17
293.545986069, 41.3659417849, -377.541532109, -1.51079948927e+17
-330.051383095, -126.425781962, 221.811909146, -1.56268427739e+16
470.399688212, 37.3691264313, 140.627909254, -1.74466253295e+17
6.11143711178, 38.5031944793, 250.807586086, -5.66268497595e+14
349.242886821, 226.737801844, -23.7899940147, -2.0063506204e+16
184.706192467, 395.512707814, -530.534889717, -4.59158642826e+17
-181.669812315, -289.4718819, -136.879423321, -4.31699628248e+15
-254.090043916, -169.239540629, 397.372383496, -8.8470529713e+16
-137.369556219, 194.169680581, -101.220001042, -6.80292617566e+14
-297.575685164, -547.062793865, 115.562009874, -7.45123694532e+17
208.180463749, -54.4058030899, 66.1588789501, -1.64562431531e+14
-83.2150159362, 77.9575988262, 394.680424811, -4.4017844998e+16
-190.962413153, -441.087787083, -69.357066124, -7.03294413976e+16
19.171671214, 91.1079162351, 441.240840747, -4.95565685392e+16
-343.49275603, -153.714050748, 136.178934808, -8.14014861555e+15
-307.951414192, -435.810470512, 47.3561399826, -1.33359437688e+17
-59.6412273023, 169.109654717, 193.940925266, -5.99887162077e+14
345.427015874, 309.348260235, 340.301095668, -3.80799515118e+17
-85.2276640261, 51.5576211063, 201.237741634, -4.87485450028e+14
295.974097609, 106.814044627, 82.4296230363, -6.53002694707e+15
154.214909263, -148.402342393, -527.344601697, -6.09981447945e+17
218.213784123, -400.818840374, -298.826210895, -1.2534877621e+17
24.761306416, 113.528561204, -85.5725764907, -6.83484476326e+12
123.949427128, 96.3874662754, 18.2701554532, -1.01692853077e+13
249.093979773, 63.8042838261, -23.4094734447, -4.81479775531e+14
-27.2695129693, -62.1943385498, -255.908946745, -4.439851054e+14
-79.8989342837, 256.482184337, 62.664701562, -8.72691672299e+14
-33.3800109378, 149.617876407, -144.883411635, -1.14396827839e+14
-66.4083439359, 81.7687279264, 22.0577973712, -1689.12904262
-422.729390072, 524.701158481, -66.3560424174, -9.5329072826e+17
3.77869277811, -7.32092086999, 442.744165718, -3.74586002005e+16
-160.230786625, 63.546062691, 5.58111017403, -5.26208306658e+12
-20.3478155673, -296.8145141, -295.284440169, -6.070208755e+15
-94.0757366344, -69.6329690911, 346.511820975, -1.01011961463e+16
-258.533243197, -164.088261842, -158.643903326, -9.78936391605e+15
-291.963749665, 289.22321094, 386.76970411, -4.97638718546e+17
-78.5458382358, -404.251272951, 223.979682669, -1.11839653789e+17
-45.7742156077, 386.75544125, -149.948781995, -6.97647229694e+16
62.4048675694, -265.418015063, -38.8857546502, -1.15834625086e+15
385.172422611, -200.878153121, -133.206135477, -3.07696777581e+16
-447.708191202, 130.887073897, -146.043840671, -7.71151990764e+16
22.4842957467, -232.644168631, -214.577472336, -8.55751563028e+14
-149.246264649, 396.215332139, 418.054988166, -3.43889381706e+17
258.706459706, -19.9986848956, 30.4909464063, -5.49957705565e+14
94.4070989971, 537.143157196, 339.202618513, -1.58871757431e+17
106.879235523, 269.206278307, 187.639420728, -1.19882588466e+15
-213.209534041, -410.465887409, -328.112012267, -8.74649215559e+16
-161.15712437, -111.185645426, -234.422114723, -2.68325386684e+15
-75.1411277331, 161.727895102, 345.226889478, -2.39272959147e+16
-195.839381865, -9.51092920085, -163.330758161, -1.15351971696e+15
66.6122252373, 112.264705257, 242.805747464, -6.13366398368e+14
-199.65256772, 248.971730858, 179.383612379, -6.20330004909e+15
-480.591032925, 106.933997258, 146.598448415, -8.42431147433e+16
30.7083795801, 183.176523973, -382.982268708, -7.14937535105e+15
-41.6737936227, -337.29368266, 75.5443644547, -1.4687317739e+16
229.263834398, -206.422036471, 536.292016912, -2.50432112611e+17
-33.9693485911, -507.053859403, -121.278496877, -1.59365373498e+17
381.974194977, 20.1057257788, -188.510994527, -3.0298273151e+16
-162.423239925, 75.6877424926, 97.2224220546, -1.02793656103e+14
180.066788922, -38.1275006076, 95.8945076894, -1.40081385089e+14
251.869368204, -252.849960556, -36.6826336165, -2.44542722987e+15
175.584056592, -55.6590334149, -10.8059894825, -1.26943609103e+13
438.053426154, 199.318641522, -500.890829654, -1.44020878861e+18
2.97633655869, -170.730442471, -207.477553537, -3.00700848312e+14
-85.5318053653, -344.711343651, 203.913906842, -3.29525781965e+16
-146.495288905, 224.1435328, 200.376221644, -3.79602468924e+15
357.613803185, 105.223182783, 100.393159707, -2.65194059842e+16
-66.2678324295, 128.300145658, -362.131631361, -3.28793502298e+15
310.38108622, 266.740444118, -271.142215046, -2.6341250852e+16
68.9011820488, 375.323888447, -55.0248683339, -3.1187632086e+16
330.65160669, 90.6708805648, 59.3924327517, -9.85616123007e+15
249.696359627, -205.200190353, -84.1027551746, -1.71847222468e+15
-120.284812888, -18.2245440251, 252.269333402, -2.15948278979e+15
-112.087956987, 339.137808033, -190.967334543, -3.98372989063e+16
-339.97064138, -118.826424734, 195.470468736, -1.26808178515e+16
-464.978014158, 4.12037284265, -412.028806488, -1.33361941105e+18
224.857436091, 337.553355013, -460.831587079, -1.77865006253e+17
-5.91408236718, 88.4342146605, -357.423045965, -3.25455855873e+15
135.055911983, -58.3848683301, -177.656564906, -6.07094692636e+14
-0.0401228810836, -226.177558564, -72.6894788595, -2.08777578317e+14
-194.599919438, -448.165132363, -416.319443573, -1.87847264125e+17
184.132916922, -223.328074997, 54.5582200567, -1.14279923824e+15
-129.151023565, 266.630368862, 156.131469254, -1.85635324886e+15
-95.987160249, -135.622859667, 52.029018737, -1.55059506662e+13
-114.071975104, 116.18329416, 233.546001542, -2.75393229463e+15
165.902614446, 276.168992378, 76.2167000761, -2.179645415e+15
37.3125655297, -236.230612268, 67.9799395223, -1.03539367764e+15
274.984943891, -210.603584504, -333.355165969, -1.66079550892e+17
-26.4901509388, -91.6177315139, -368.479661447, -9.27533254405e+15
-237.212961178, -19.1855638438, -538.625282657, -3.58835016902e+17
173.669304261, -410.508320138, 210.569044814, -1.6421776001e+17
-59.2783071694, 190.082385056, 65.1885279391, -6.89736969479e+13
-139.791347036, -109.412406517, 449.875788327, -8.60915216607e+16
467.797559202, -229.068001635, 12.0595814642, -3.26250108861e+16
-72.0696025094, 316.516992935, 209.828370142, -4.46500470976e+15
-115.925026043, 439.21132201, -416.909701765, -5.84757107798e+17
-210.000685087, -351.671194562, 27.4566591203, -1.91588638096e+16
-120.368325322, 105.830795985, 91.4267391652, -3.63176711806e+13
-10.0973503767, -190.671787591, 219.741771792, -7.93327944887e+14
46.8028997313, -48.7054052832, 51.4619173108, -126887.755899
507.068481828, 146.191423875, -9.69043157976, -1.79774180908e+17
190.406280839, 7.18613057256, 98.662859164, -2.73638934822e+14
13.1457016288, -300.54206531, -368.56268688, -3.3242543561e+16
132.319822469, -60.4970376723, 126.227552078, -5.47890725583e+13
27.8515832056, -194.506629622, -7.14844836463, -1.13669017964e+14
-147.421871257, -380.931806123, -171.171999714, -1.48358118716e+16
-26.0265373665, -46.8869726274, -414.093882958, -1.89922750873e+16
270.031429617, -124.628543521, 17.3565744334, -4.15346930475e+14
-54.4022791171, -153.382354978, -288.777235892, -1.87035924735e+15
-375.228158439, -70.4898985878, -342.337618855, -3.09823643587e+17
-138.071455156, 524.501830808, 133.423914965, -2.41917705905e+17
173.980414161, 168.79299131, -154.557596151, -3.68499087209e+14
237.778729225, -262.86570927, 190.453862203, -1.31632476891e+16
2.49065993435, -255.523210286, 94.8267390469, -2.1395413775e+15
66.9652763246, 121.783769326, -49.6461464882, -6.39024973056e+12
-26.0533915049, 293.385730563, 8.46457610628, -3.39728505446e+15
-480.583936343, -238.597952788, -129.752147806, -4.08029274759e+17
-5.26711703498, -519.055598882, 395.255173081, -1.26132830713e+18
-273.618387048, -361.018383972, 32.8093940465, -3.31390730129e+16
-49.535029961, 91.0786363049, -375.825153539, -4.28243378936e+15
304.375449385, 212.351603045, 114.494589661, -1.98679603937e+16
-87.3034663913, 30.875604392, 89.579901849, -4339.87850067
262.351719442, 210.283836375, 366.153561874, -1.22085169737e+17
415.768000593, 249.27483446, 204.724183632, -2.83862737459e+17
400.078780492, -455.113417585, -90.5315494714, -2.05701482437e+17
-15.4050649395, -13.3173901662, -208.722649907, -6.28788955799e+13
-278.749779792, 156.329511572, -121.64107154, -2.81628125046e+15
-156.92069308, -29.1862508512, -422.08453227, -3.62903903129e+16
-17.2025948871, 290.391184039, -4.26569412419, -3.36982180936e+15
75.1738667363, 39.1441263769, -22.2026334072, -191796.308715
206.21566689, -463.05887373, 198.371019357, -3.76578030277e+17
-517.740909951, -359.789202964, -159.151975557, -1.1966026198e+18
92.5208743764, 183.108849673, 93.9424385124, -6.3229008242e+13
112.260854678, 225.028208528, 412.616995329, -4.49040913385e+16
278.351357193, 135.00847752, -35.7616629543, -1.91409132418e+15
-71.7841457968, 506.196298012, -200.648565044, -6.13406995199e+17
-236.49216105, 173.598820533, -190.309631531, -4.08457575301e+15
236.867760492, -111.477212313, -484.385620405, -6.0016047796e+17
198.973686282, -330.368641439, 176.952282827, -3.59623820059e+16
-24.1635220758, 393.677146219, -40.8941472377, -4.52817431894e+16
458.561050542, 16.75655185, 350.264186446, -7.93011152877e+17
84.2870804509, -72.1910739087, -186.987524865, -3.15195503292e+14
320.63537498, -34.5048194795, -26.7021757365, -1.82223274426e+15
-180.214725012, -232.041553943, -16.8782401039, -1.01344639764e+15
40.819757914, -144.171044927, 101.753925888, -4.4846662727e+13
-10.7842397164, -93.0429873622, 13.3351513204, -168623.998817
346.041301835, -153.541295024, 30.0045402654, -3.17016192484e+15
-258.893904506, 323.343471069, 312.935051415, -1.59138396e+17
132.923086724, 73.8000104651, -365.626632913, -1.91455844897e+16
439.790906146, 116.277003874, 9.18100109498, -6.00078526179e+16
-437.777766676, -492.62189082, -78.561085365, -7.15561326466e+17
146.783658339, -78.1930559418, 140.007372622, -1.23529959864e+14
102.296556316, -428.746906525, -58.4884241972, -5.61075136116e+16
-35.7443882571, 0.524417642134, 284.650153653, -1.81576313512e+15
109.206738578, -425.332308851, 123.530608604, -1.25239426602e+17
248.554979927, 157.71838307, 407.233278686, -1.38792163261e+17
47.9239019541, -94.6640422198, -74.1514150425, -436383.406055
3.52966230886, -279.144710205, 108.419365594, -4.50082519737e+15
-36.8243072261, 106.899659642, 229.055828966, -7.85588438029e+14
0.206801513101, 38.1761850034, 491.076631555, -1.02441777153e+17
483.244415387, -374.805154097, 64.9618569537, -1.59568307834e+17
-43.2587711718, 409.301500645, -170.315123481, -1.14601909545e+17
99.174218981, 44.3434599285, -292.160110836, -3.08944995917e+15
117.524875277, -174.899658179, -253.973666188, -5.90495618856e+15
37.4369548997, -23.0194785114, -286.129410198, -1.66368102491e+15
285.409918082, -12.2128007787, -14.9847836921, -8.18025487196e+14
-465.727474657, 252.148513678, -145.150325304, -9.58298498982e+16
44.4844108521, -206.556950336, -265.450535091, -3.39324296722e+15
224.434262422, -23.5076319093, 216.353562802, -4.80538449912e+15
-56.0305638253, 146.884618612, -98.5131988212, -6.80438849212e+13
199.919046798, 371.639072431, -34.0510296384, -2.86156310094e+16
31.1378900993, -306.670529773, 353.529042827, -3.86592335233e+16
316.162733007, -134.638743619, 113.49741314, -4.90650425792e+15
40.3587818623, 181.890022552, 421.598615873, -4.55369949885e+16
186.392520607, -264.015563553, 288.013881221, -2.06946991987e+16
40.1081876122, -76.1035000557, -476.565020197, -1.00516095411e+17
220.379933799, 198.867292583, 429.277232365, -1.38293284341e+17
37.3452704238, -230.610848937, -413.655692883, -6.53476972578e+16
-64.1130382326, -111.860845793, -23.8761925804, -454958.912308
-60.8387507882, -59.7001236227, 13.1895894309, -4223.09002253
-445.882492244, 63.862894287, 46.1437589645, -2.32246794969e+16
-165.789960579, -184.548297068, 239.968079516, -1.82597255861e+15
-229.52309611, -19.1505667597, 24.0080523778, -1.66041437574e+14
-288.72974169, 18.3889494504, 107.007681283, -1.69275521876e+15
-477.722657862, 9.80110080117, 139.461398366, -6.59667059287e+16
-382.653059441, -102.725669135, 223.225702832, -3.63110383781e+16
-41.1746240326, 52.1182198063, 154.389228889, -4.12729922066e+13
23.4606341354, -99.4510639155, 287.095207639, -6.5114269431e+14
-315.530832569, 29.4393558956, -11.0081977698, -1.99765900143e+15
28.229831475, -85.6436272922, 351.385247009, -3.54730774868e+15
306.725160431, 180.545609185, -154.932923817, -5.09942466958e+15
363.598882042, -116.29588697, 2.10443951758, -4.15240602622e+15
486.685386656, -116.230555612, 84.1488183773, -8.07136763494e+16
-97.5613747338, -37.2242477799, 157.264420598, -6.82276188536e+13
63.2267415247, -321.293426091, 428.381959328, -8.40935438077e+16
135.547625687, 187.810950129, 143.395704419, -4.40140542864e+14
-48.5322177023, -484.171560963, 74.027865041, -2.346555058e+17
-3.45023655944, 167.806954865, 56.6729570245, -2.10539347793e+13
202.199755663, 131.162798402, 27.1689207208, -3.75096379883e+14
-351.315001815, -187.897265647, 11.4880915569, -1.71481425289e+16
-205.177583337, 8.69581930745, -6.25552007249, -7.01073449089e+13
-50.0962173987, 418.897801922, 18.7829038801, -5.67664872863e+16
-341.852816346, -90.0385511226, 106.0680635, -5.49100456176e+15
124.716739899, -160.709999466, 46.0873125195, -8.04488887665e+13
-157.254460291, -124.995691255, 488.755862386, -1.69786854416e+17
94.6855143399, 147.812251695, 122.79569021, -5.19584698878e+13
79.4110959309, 244.877352974, 13.1786961746, -7.18847815428e+14
-58.8293668033, 285.090855717, 48.4422313429, -2.1633715059e+15
389.108870108, -270.352992724, 234.705087469, -9.29398818159e+16
-276.48384903, 9.01757750429, -79.1934403544, -2.00263224582e+15
389.161138727, 105.436138773, -84.103066327, -1.55318812082e+16
120.119363604, 314.752176177, -388.490708812, -5.36915530769e+16
-470.271495203, 34.7494163457, -38.1727922701, -5.88149738646e+16
-259.257653013, -88.257930064, 23.895821228, -8.21735977715e+14
-64.2750003442, -19.0889500461, 293.948784479, -2.86963064825e+15
-341.871949529, -61.5245492907, -198.074436635, -4.52220576395e+16
17.33848964, 19.0657881375, -278.068357445, -7.62464327715e+14
-114.814074928, -104.371173038, 141.984178683, -3.83732456026e+13
-141.334045668, -158.911894951, 157.079024049, -2.00246166938e+14
388.102127208, -283.449848803, -93.1604926623, -2.91539027689e+16
-211.636142654, -112.296889027, 188.925509288, -1.17703550093e+15
-13.0679895518, -89.851924558, -233.25434134, -2.9696025276e+14
-11.3303001836, 88.8889511601, -76.3199969997, -321627.703976
-12.721966223, 109.615162674, 52.4997933117, -26845.5883592
-330.883349223, 112.764536767, 312.308834784, -1.50199240738e+17
-134.491813276, 260.734095347, 137.371495507, -1.40671509816e+15
-128.800108664, 469.253397245, -502.830623781, -1.2379306762e+18
319.394385841, 224.364231486, -285.884522137, -3.06986174183e+16
-76.4297672364, 168.327411163, 32.1400166444, -4.04247589652e+13
190.689220654, -233.472889568, -474.966941431, -5.43980820114e+17
236.693059543, -6.1026610323, -260.703474214, -1.49640533991e+16
-268.991835669, 162.764698821, -116.55139992, -2.25399246677e+15
-499.154644319, 2.62874708299, 130.315989855, -8.42504426544e+16
32.3465421817, -74.3109105305, 67.1388901725, -196460.661131
-64.7939875331, 213.889265398, 142.091672145, -2.50644718393e+14
-205.367874143, 342.873960436, 366.286891071, -2.21871102754e+17
-355.543230273, 37.8655399674, -57.0049202342, -7.91625826997e+15
454.704459772, -32.9563950271, 291.596766185, -4.18577556144e+17
-139.663259116, -62.6008778782, 295.653503863, -6.03453925642e+15
299.626296919, -163.409854472, 171.823318474, -8.38272785025e+15
-75.9296169315, 250.885688111, 210.907587595, -2.22890023947e+15
57.950547869, -3.33367632849, -101.782033025, -334792.128725
-60.2971919537, -34.8361779909, -155.034586534, -1.47613943814e+13
-55.9283457251, -154.003103447, 89.1898842385, -4.99373520822e+13
-270.125478735, -15.7107550141, 19.3945878621, -6.12371714859e+14
478.718478718, -482.544361249, 230.654479508, -1.21624601028e+18
-63.7498653616, 230.38598814, -49.7068648669, -9.18904620064e+14
238.307022352, 335.924856697, -126.949594883, -2.22207830479e+16
-11.0040128368, 390.768629032, 12.9840362751, -3.21053906406e+16
41.8221652105, 149.619313353, 111.217671293, -8.98359790607e+12
184.878417212, 159.553994416, 153.443160062, -1.59751639684e+15
391.88717925, -484.074477772, -111.572588509, -2.84953699555e+17
160.635042794, -189.744301087, 193.245408858, -1.62128366215e+15
-29.2545689387, 40.8406172306, -211.176853977, -4.13064592485e+13
-291.154302447, 14.3933948969, 545.057400642, -1.41292421306e+18
133.666962597, 301.107634946, 164.097974293, -2.73997800325e+15
57.5962258034, -3.66789232112, 351.241245617, -4.911623378e+15
-144.157399434, -72.2541211989, 236.237316259, -1.49019358307e+15
-332.657933361, -216.675477123, -123.955031198, -3.81167674705e+16
81.0511544352, -424.245638933, -315.743770142, -5.46420701409e+16
-174.463226696, -42.0733957129, 307.913685879, -1.32815206801e+16
83.8774825237, -119.905124102, -339.943503156, -1.68194513629e+16
-13.4113755255, 272.392254113, -40.885601023, -2.63174480033e+15
-272.027776411, -89.0760662924, 66.2854250179, -9.53058715878e+14
-282.825842089, 127.965343874, -166.583801169, -5.74800641226e+15
-96.7873927091, -73.5560178927, 279.306117512, -2.20748113285e+15
117.503109785, -326.828671022, 239.592447893, -3.71391176308e+16
-60.3361483494, 110.874830626, -295.528165569, -6.91893848444e+14
-39.9136808814, -250.029184747, -120.597277533, -3.5826070654e+14
-37.561563064, -82.7136875035, -109.181570356, -1.3715371548e+12
-264.755021865, 178.694159412, 69.1447474797, -1.18129073127e+15
-279.624452364, 81.2459708915, 271.636160866, -4.17932468224e+16
-124.532830555, -173.51876436, -306.903850161, -5.88081809465e+15
-114.017552236, 140.853016563, -10.6428811082, -2.67511028348e+13
308.561801275, 115.989503306, 53.0255012133, -6.81769795845e+15
106.282153803, 238.998265484, -67.9995648427, -1.09227915142e+15
214.959299418, 248.994278087, -404.728923935, -5.64387272866e+16
-411.694544415, -137.180122981, -42.5738691786, -5.28189863399e+16
425.710403504, 149.733323678, -429.438959028, -6.93426313071e+17
-191.783208823, -183.859879788, 158.58596386, -6.37000067744e+14
223.187198183, 253.381424503, 213.71105158, -1.38838655732e+16
