-0.499695064437, -4.01259707003, -4.88089687789, 0.0
-0.499695062809, -4.01259707887, -4.88089685512, -1.68454037642e-13
-0.499695063529, -4.01259707815, -4.88089685084, -1.6845388363e-13
-0.499695064637, -4.01259707125, -4.88089685622, -1.68453889951e-13
-0.499695050495, -4.01259707708, -4.88089686091, -1.68453946753e-13
-0.499692880367, -4.01259587098, -4.88089604368, -1.75597675847e-09
-0.499695092084, -4.01259708435, -4.88089686001, -3.36908491237e-13
-0.499695061899, -4.01259697144, -4.88089682596, -3.87442192821e-12
-0.499694615731, -4.01259707007, -4.8808967272, -5.69367766444e-11
-0.499693654298, -4.01259608007, -4.88090615833, -2.25400247436e-08
-0.499694978062, -4.01259758189, -4.88092788669, -2.43193775495e-07
-0.499695063447, -4.01266289628, -4.88088249987, -1.14783202662e-06
-0.499851883292, -4.01262072218, -4.88089670305, -6.35606560654e-06
-0.499390558736, -4.01252675593, -4.88089722689, -2.4693181333e-05
-0.498631667661, -4.01262903636, -4.87960849485, -0.000706984663995
-0.502292253993, -4.01305450653, -4.88081806713, -0.00176110859137
-0.49350172167, -4.01381767382, -4.88108708872, -0.010070292959
-0.507784934315, -4.01246228527, -4.89105082643, -0.0429009896636
-1.47629678898, 3.6157650104, -4.99999999552, -3.69964010491
-1.90963952667, 2.01184281528, -4.99999414396, -380.053772781
-1.47629678962, 3.61576501152, -4.99999999485, -3.69961335987
-1.24597025332, -2.50451439041, -4.99999999503, -308.898587273
-1.47629678963, 3.61576501356, -4.9999999951, -3.69965129861
-1.47629678974, 3.61576501144, -4.99999999484, -3.69962143929
-1.47629678946, 3.61576501153, -4.99999999497, -3.6996183514
-2.51162412973, 4.90541390976, -4.99999999846, -276.687472947
-1.47629678964, 3.61576500204, -4.99999999483, -3.69972184396
-1.47629678981, 3.61576501139, -4.99999999466, -3.69962150121
-1.47629829946, 3.61576050383, -5.0, -3.70402904548
-1.47629678962, 3.61576501153, -4.99999999485, -3.69961295847
-1.47627088738, 3.61576500146, -4.99999999518, -3.70393390709
-1.47629678959, 3.61576501116, -4.99999999487, -3.6996258548
-1.47629678962, 3.61576501153, -4.99999999486, -3.69961340015
-1.47629678624, 3.61576501137, -4.99999999487, -3.69965758831
-1.47629678962, 3.61576501148, -4.99999999638, -3.699642914
-1.47629678962, 3.61576501152, -4.99999999487, -3.69961426764
-1.47631154807, 3.61575424671, -4.99999999544, -3.70647314345
-1.47629678958, 3.61576501154, -4.9999999949, -3.69961534037
-1.47629679001, 3.61576501155, -4.99999999461, -3.69962107072
-1.47629678749, 3.61576501177, -4.99999999581, -3.69962780714
-1.14769000231, 1.7430328748, -4.99998843206, -550.607454909
-1.87369132244, 4.93573137303, -4.94190079436, -214.669520921
-3.52495866005, -3.75508269265, -4.85949317446, -553.116144508
-1.09993075628, 2.22742721789, -4.87149495791, -456.395872622
-0.79348363063, 3.03847953194, -4.87111082416, -339.032120582
-0.49969128963, -4.01259629946, -4.88088654573, -3.07570721777e-08
-1.43973049985, 0.20448672735, -4.82784355349, -849.789713071
-0.45212114366, -3.79992880262, -4.94297643175, -20.6436565841
-0.499695252839, -4.01258603271, -4.88081058996, -1.91330868082e-06
-0.49969505603, -4.01259708625, -4.8808968734, 0.0
-2.15013913997, 4.98234702495, -4.93956324003, -240.999724837
-0.875719352253, 0.214965102526, -4.98369260114, -820.321955924
-0.499695074932, -4.01259707685, -4.88089687515, 0.0
-1.06112253541, 4.90967654504, -4.9363010445, -199.33792652
-0.499695090656, -4.01259707846, -4.88089671272, -7.07503051175e-12
-0.499695068902, -4.01259707779, -4.8808968761, 0.0
-0.504452591283, -4.00809255574, -4.88799148185, -0.0237978478293
-0.499695072562, -4.01259707684, -4.88089687509, 0.0
-0.499695066644, -4.01259699572, -4.88089727463, -4.17762508421e-11
-0.499065170236, -4.01259417228, -4.87539001373, -0.00778833075708
-0.499695069168, -4.0125967889, -4.88089687632, -2.2067190684e-11
-0.499695062003, -4.01259708215, -4.88089687858, 0.0
-0.499695123806, -4.01259703424, -4.88089687008, -1.51608500629e-12
-0.499695067609, -4.01259709693, -4.88089687472, 0.0
-0.49969531951, -4.01259706707, -4.8808968403, -1.68453161958e-11
-0.499695059918, -4.0125971347, -4.88088839394, -1.82021696158e-08
-0.499695158616, -4.01259707385, -4.88089688869, -2.18990955207e-12
-0.499695078173, -4.01259707774, -4.880896866, -1.68454309046e-13
-0.499695077968, -4.0125969999, -4.88089687487, -1.85298515496e-12
-0.499695082312, -4.01259706976, -4.88089682327, -8.42266338647e-13
-0.499695091416, -4.01259709054, -4.8808968751, -1.68454932828e-13
-0.499695047846, -4.01259707442, -4.88089694898, -1.34763859131e-12
-0.499695057263, -4.01259709502, -4.88089686684, 0.0
-0.499695077186, -4.01259709115, -4.88089687509, 0.0
-0.499695068649, -4.01259708628, -4.88089652538, -3.15005909168e-11
-0.499695077209, -4.01259709101, -4.8808968751, 0.0
-0.499695042641, -4.01259709072, -4.88089687514, -1.68454361944e-13
-0.499694991402, -4.0125970586, -4.88089687204, -1.51607632647e-12
-0.499695077229, -4.01259709116, -4.88089687509, 0.0
-0.499695077222, -4.01259709117, -4.88089687509, 0.0
-0.499694436143, -4.01260114779, -4.88089422279, -6.0578163094e-09
-0.499695041671, -4.01259701773, -4.88089674564, -5.72736884054e-12
-0.499695054271, -4.01259708056, -4.88089686802, 0.0
-0.499687760578, -4.01259723496, -4.88089685042, -1.35000676073e-08
-0.49969495051, -4.01259745265, -4.88090338574, -1.07488662013e-08
-0.49969505618, -4.01259708809, -4.88089668556, -9.43335853914e-12
-0.499695285624, -4.01259800655, -4.88089689559, -2.27247483267e-10
-0.499695003005, -4.01259707962, -4.88089684934, -1.17917543974e-12
-0.499695202367, -4.01259709876, -4.88089690263, -4.88518881546e-12
-0.499695046033, -4.01259700481, -4.88089688291, -1.68453638401e-12
-0.499695061091, -4.01259705718, -4.8808955341, -4.56847621626e-10
-0.499695057223, -4.01259708227, -4.88089689005, 0.0
-0.499695445589, -4.01259231199, -4.88089866112, -6.60090262398e-09
-0.49969506738, -4.01259684549, -4.88089778995, -2.2488549281e-10
-0.499695064553, -4.01259708929, -4.88089688268, 0.0
-0.499695060605, -4.0125970882, -4.8808968771, 0.0
-0.499695053439, -4.01259707915, -4.88089687392, 0.0
-0.499695050116, -4.01259707726, -4.88089686899, -1.68454183985e-13
-0.499693219912, -4.01259710573, -4.88089688229, -8.61324486304e-10
-0.499695064408, -4.01259708923, -4.88089688277, 0.0
-0.49969507758, -4.012597086, -4.88089692252, -5.05365299139e-13
-0.49969527916, -4.01259717782, -4.88089688612, -1.38133059908e-11
-0.499695069016, -4.01259708449, -4.88089688454, 0.0
-0.499695020978, -4.01259647158, -4.88089690669, -9.58478330239e-11
-0.499695064412, -4.01259708923, -4.88089688277, 0.0
-0.499695079125, -4.01259705839, -4.88089684293, -5.05361105244e-13
-0.499695044757, -4.01259707378, -4.88089688792, -1.6845434225e-13
-0.499695057388, -4.0125970844, -4.88089669189, -8.75955761612e-12
-0.499695084283, -4.01259708792, -4.88089685329, -1.68454152768e-13
-0.499695085238, -4.01259709023, -4.88089629185, -8.69222050138e-11
-0.499695062673, -4.01259708884, -4.88089687914, 0.0
-0.499695093298, -4.01259707496, -4.88089688117, -1.68454686353e-13
-0.49969497707, -4.01259702965, -4.88089687552, -2.69524063992e-12
-0.499695059458, -4.01259709836, -4.88089685119, -1.68454478287e-13
-0.499695054153, -4.01259708781, -4.88089693415, -8.42274732835e-13
-0.499695084981, -4.01259708109, -4.8808969272, -6.73820354542e-13
-0.499695064919, -4.01259708683, -4.88089688069, 0.0
-0.499695132752, -4.01259710942, -4.8808968681, -1.34763927926e-12
-0.499695048686, -4.01259710162, -4.88089690164, -3.36909809131e-13
-0.499695039829, -4.01259708779, -4.88089671482, -6.90656489243e-12
-0.499695069505, -4.01259707622, -4.88089689629, -1.68454739864e-13
-0.499695072013, -4.0125970885, -4.8808969242, -5.05364570259e-13
-0.499695069925, -4.01259709322, -4.88089688929, 0.0
-0.499695045211, -4.0125971033, -4.88089689066, -1.68454501996e-13
-0.499695056951, -4.01259708778, -4.88089776183, -1.97599095499e-10
-0.499694826928, -4.01259708513, -4.88089688679, -1.43184460745e-11
-0.499695073804, -4.01259665478, -4.88089681842, -4.7671794999e-11
-0.499695030073, -4.01259709106, -4.88089676177, -3.70596489656e-12
-0.499695054472, -4.01259709377, -4.88089687976, 0.0
-0.499695057733, -4.01259708778, -4.88089687914, 0.0
-0.499695012237, -4.01259707692, -4.88089686647, -8.4226970202e-13
-0.49969505596, -4.01259708334, -4.88089702713, -5.72741615234e-12
-0.499695050366, -4.01259709094, -4.88089687977, 0.0
-0.49969508934, -4.01259149982, -4.88094183663, -5.18904210373e-07
-0.499695057733, -4.01259708778, -4.88089687912, 0.0
-0.499695061746, -4.01259708466, -4.88089686809, 0.0
-0.499695316449, -4.01259708246, -4.88089687798, -1.60030969276e-11
-0.499695220183, -4.01259712381, -4.88089699391, -9.77036029177e-12
-0.499695075578, -4.01259622668, -4.8808967239, -1.92203612033e-10
-0.499694969447, -4.01259713075, -4.88089695585, -4.37980253805e-12
-0.499695088187, -4.0125970845, -4.88089685684, -1.68454201699e-13
-0.499695029803, -4.01259710063, -4.88089685635, -5.05362843954e-13
-0.499695063185, -4.01259709908, -4.8808968655, -1.68454390554e-13
-0.499695085403, -4.01259709363, -4.88089687828, -1.68455158878e-13
-0.499695068448, -4.01259706968, -4.88089688266, 0.0
-0.499695060071, -4.01259721669, -4.88089688031, -4.3798360406e-12
-0.4996950518, -4.01259709173, -4.88089686974, 0.0
-0.499695127362, -4.0125973243, -4.88089686702, -1.54978896095e-11
-0.499693305377, -4.01259787619, -4.88089689924, -9.41843938882e-10
-0.499695071035, -4.01259706016, -4.88089689752, -3.36908901958e-13
-0.499695071, -4.01259707493, -4.88089686994, 0.0
-0.499695034327, -4.01259709497, -4.88089689128, -3.36908931609e-13
-0.499695039818, -4.01259710173, -4.88089688582, -3.36908916311e-13
-0.499695066537, -4.01259707662, -4.88089689014, 0.0
-0.499695069493, -4.01259707144, -4.88089686817, 0.0
-0.499695069512, -4.01259707144, -4.88089686812, 0.0
-0.499695063293, -4.01259709211, -4.88089686936, 0.0
-0.499695068006, -4.01259709774, -4.88089688539, 0.0
-0.49969506201, -4.01259707788, -4.88088083915, -6.50488852618e-08
-0.49969505572, -4.0125970735, -4.88089695699, -1.68454941314e-12
-0.499695005587, -4.01259570956, -4.88089660924, -4.97436740362e-10
-0.499695061906, -4.01259709172, -4.88089681391, -1.01072087383e-12
-0.499695066529, -4.0125970973, -4.88089688533, 0.0
-0.499695066036, -4.01259708709, -4.88089688773, 0.0
-0.499695060252, -4.01259709162, -4.88089688855, 0.0
-0.499695181594, -4.01259687931, -4.88089694124, -1.51606325004e-11
-0.499694874009, -4.01259638965, -4.88089669257, -1.40150937553e-10
-0.499695085776, -4.01259728956, -4.88089701752, -1.56663395925e-11
-0.499695067818, -4.01259708626, -4.88089687825, 0.0
-0.49969511603, -4.01259708316, -4.88089684563, -8.4227155716e-13
-0.499695113837, -4.01259707093, -4.88089686617, -6.73816313182e-13
-0.499695034161, -4.01259692444, -4.88089686154, -6.73811425638e-12
-0.499695299439, -4.01259691582, -4.8808989768, -1.13508105705e-09
-0.499695076773, -4.01259702229, -4.88089687764, -1.01072297296e-12
-0.499695060438, -4.01259708953, -4.88089686781, 0.0
-0.499695072403, -4.01259709173, -4.88089685883, -1.68454545751e-13
-0.499695056767, -4.01259722908, -4.88089688773, -5.39056684746e-12
-0.499695061678, -4.01259708262, -4.88089687324, 0.0
-0.499695057017, -4.01259707482, -4.88089687413, 0.0
-0.499695059978, -4.01259708602, -4.88089687128, 0.0
-0.49969506357, -4.01259708346, -4.88089686807, 0.0
-0.499695062593, -4.01259707644, -4.88089688375, 0.0
-0.499695052586, -4.01259707201, -4.88089695712, -1.68454745401e-12
-0.499692463705, -4.01259666574, -4.8808954947, -2.23996503557e-09
-0.499695182732, -4.01259760685, -4.88089746893, -1.60707875408e-10
-0.499695057125, -4.01259713073, -4.88089676598, -3.70597889089e-12
-0.499695061152, -4.01259708148, -4.88089689199, 0.0
-0.499695069557, -4.01259708121, -4.88089682836, -6.73814596553e-13
-0.499695102634, -4.01259704455, -4.88089702238, -6.06433422144e-12
-0.499695062585, -4.01259709477, -4.88089688281, 0.0
-0.499695062501, -4.01259709363, -4.88089687962, 0.0
-0.499695064876, -4.01259738541, -4.88089682571, -2.35836494883e-11
-0.499702138622, -4.01259709183, -4.88089688745, -1.26517966741e-08
-0.499695040733, -4.0125970897, -4.88089686903, -1.68454151333e-13
-0.499695062583, -4.01259709474, -4.88089688062, 0.0
-0.499700302564, -4.01278122864, -4.88084987365, -9.13399528447e-06
-0.499695062644, -4.01259709495, -4.88089688107, 0.0
-0.499692002302, -4.01259676369, -4.88089779917, -2.6135100857e-09
-0.499695048684, -4.01259708423, -4.88089687966, 0.0
-0.499695064033, -4.01259708849, -4.88089687507, 0.0
-1749.62282685, -1523.34846326, 1868.28566231, -5.44013011167e+22
-2416.06813644, 3464.82513916, 948.090990597, -1.5546167898e+24
3196.35222977, -716.952579974, -2359.49066639, -3.73472740528e+24
1193.33429397, -3600.95871481, -684.07284094, -1.37520043931e+24
373.132831275, 87.0114889892, 626.663637638, -3.19960951737e+18
-2293.78465861, -1176.92062255, -1444.96746912, -3.32062142036e+23
-356.941467682, -142.057973423, 4206.54849692, -2.88429852344e+24
-498.103271213, 4059.31256373, 106.712057909, -4.44468111808e+24
4054.37438793, 1510.89378688, -576.608488978, -2.89269710384e+24
1562.82413851, -2574.87219802, 2207.44415963, -9.59066964579e+23
-210.816744869, -1010.79795583, 2068.76621133, -6.17121152606e+21
650.062936077, -1436.41791231, 3085.10418514, -1.30267310328e+23
1441.83641473, -559.822321283, 2688.05046566, -1.95886056275e+23
3265.01288031, 958.211483168, 208.665058551, -6.69632093417e+23
-2615.0929035, -2633.02425396, 715.86862941, -5.70898852793e+23
1593.18186835, -2203.81597367, 3125.7810853, -1.08830425054e+24
4104.59940766, -595.357806629, 1795.68290162, -7.43652925636e+24
509.617426087, 2100.08676141, 2117.7460607, -4.03954724346e+22
-4958.02445819, 1296.97596712, -1386.71500801, -1.4572417776e+25
2612.88381572, -1398.61622332, 150.66711606, -3.5326597591e+22
-2193.4765523, -1267.35967449, 419.601480748, -3.31564662086e+22
54.4430583002, 934.056292673, -1650.86127681, -1.1391403228e+21
-1914.31399289, -535.951335555, 1630.16519838, -5.76027311249e+22
-2824.894164, 2105.66793953, 2583.61263172, -5.94699199507e+24
2287.64365626, -2258.5035467, 4042.63698123, -6.53965242821e+24
1777.91139138, -2987.48155354, 4106.35270686, -8.75325320996e+24
3141.01275367, -215.922865264, -2046.06581264, -1.67930118632e+24
1936.65257346, -138.392023963, -2651.74886262, -9.3157213785e+23
1315.00013162, -722.312501813, 319.394415584, -2.81699944496e+20
-3504.04837864, -1034.54182897, -39.1840797542, -1.0314707009e+24
1021.90766534, -40.4280396596, -444.303605932, -6.23543354826e+19
-839.666014735, 1282.55724996, 2311.97054505, -1.69942246942e+23
-2155.49851259, -141.422224985, -299.793649992, -1.86193933825e+22
433.42376673, -1513.98762215, -444.214967452, -1.05657000544e+21
-27.8599799094, -1818.64202075, 312.7768805, -9.99092272436e+21
-912.123094239, -1789.56342388, -1196.046931, -7.2999985929e+21
-156.43661599, 4140.4176882, 219.367576987, -4.77256370292e+24
-728.998595728, -761.869739853, 1773.1581931, -5.40324478406e+21
-239.480916414, -1785.92355278, -3188.94401439, -5.54940446145e+23
-1936.15981505, 3893.30738014, 1231.11805843, -2.59404077988e+24
1999.90111685, 71.4666837187, -1578.15152776, -8.15107823855e+22
-2002.87815047, 2678.30132678, 2039.84246405, -1.12982493927e+24
2150.12352518, -537.588097393, -1662.67824267, -1.93378483427e+23
370.10812768, -3354.98699841, 3733.69499527, -7.69787916454e+24
440.33514372, -1495.36719096, 165.843915926, -2.16959166661e+21
-1634.91051394, -4567.78898133, -614.791571816, -9.07774114517e+24
-1126.53417343, 893.084325784, -136.497423734, -1.60027922384e+20
256.142912725, -247.029503421, 1808.93330433, -1.72855301796e+21
-3610.82960767, 2270.5669122, -2151.85777682, -4.54985523464e+24
237.842635187, 2477.43381412, 4149.57381838, -5.15755017719e+24
1477.15445284, -757.734721298, -1663.85247823, -6.34749182116e+22
-1626.79394972, 4800.33568093, 2909.43947153, -1.33590460318e+25
2287.41658655, 1701.1759798, -4500.35082036, -1.45913140108e+25
-69.2811771699, -4115.19066426, 2222.54725724, -1.35801868302e+25
1416.68731383, -1433.88111785, 4065.34628378, -1.74659897846e+24
0.115956424657, -102.423704063, 3140.67103138, -2.13861435329e+23
3341.83041281, -1170.96538903, -511.450056258, -2.58696394384e+23
-1879.01720496, 1135.04910766, 234.63419251, -3.61004525853e+21
3443.4442763, 4242.5650433, -803.242262638, -1.45002386395e+25
2168.51456076, 836.561134625, 1383.31597333, -1.84913396064e+23
-1076.26241777, -104.725908856, 1469.04130123, -7.08312503165e+21
39.1839364623, 1622.01090613, -2181.57641637, -3.33021404552e+22
3416.4393949, 4827.52862774, 3757.47634701, -8.30441687662e+25
1989.26856402, -1278.22830669, 802.930774095, -1.842917733e+22
-2118.87412929, 2461.62522298, 1290.72627161, -2.95571331973e+23
2544.71324138, -1268.13293449, 1391.75991004, -2.02880235763e+23
-1705.33951715, -621.494674912, -365.271454266, -6.69205959669e+21
2377.52271167, -819.096369518, 64.846181218, -1.39374007143e+22
3956.74286013, -282.655263899, 2001.54605036, -8.04582914693e+24
2221.36948199, 213.782526948, 4383.8380744, -1.03151542413e+25
1275.66205689, 154.223363068, 890.169443758, -2.42873929976e+21
-1242.88722779, 1728.57530014, -1490.26530002, -4.80384351176e+22
-4348.89447438, 2917.91064758, -4570.25282342, -1.09442375051e+26
-4381.59419217, 1749.83121775, -640.398588383, -2.61915456462e+24
990.434119577, 500.242601231, 468.257103736, -2.41785284946e+20
-793.960550001, -2296.8715257, 3002.18342106, -5.01916296546e+23
-274.372288274, 4118.18464222, 1676.48880242, -2.29488525128e+24
-549.58006126, 1730.80169649, -1687.13983789, -3.62564843853e+22
1377.99064278, 1338.87006893, -3502.52820417, -1.21430432271e+24
-754.486779839, -874.058164151, -908.786620095, -4.57093785757e+20
2574.4682083, 3511.8664118, 978.580767485, -2.58274660419e+24
997.354324039, 2071.91977462, -3967.73377135, -1.76837443618e+24
-2574.25433964, -3204.04918572, -3587.30242842, -1.44949710892e+25
-1723.74707679, -3797.05261473, 2958.1679141, -9.87704834771e+24
906.382247799, 2075.75621347, 3814.79933911, -2.10669497223e+24
-3302.062188, 1078.21725414, -4010.13654352, -2.18035644221e+25
-435.665628354, 2001.97067632, -1570.29767313, -7.62836965689e+22
2014.43688785, 156.701407335, -347.239036441, -5.68446840855e+21
3199.57219116, -1062.30812951, 1659.75242952, -1.18951497379e+24
3617.84376409, 2234.01569665, 1809.23617558, -9.9059049515e+24
3217.58666794, -2058.3374135, -1762.7707738, -2.56338341032e+24
-2773.84366336, 3887.38691074, 312.074162126, -4.96383058064e+24
1603.37776409, -1751.72554989, -2414.43299594, -8.29646699146e+23
4663.91635301, -3021.08640795, -19.2506467319, -5.08813449027e+24
-2504.42784865, 990.09950307, 2326.78223178, -1.62771971631e+24
4013.42475287, 1486.35641388, -3295.14719852, -1.66444218713e+25
-4643.36684564, 910.163770702, 3682.3253927, -9.36900589426e+25
2007.07024509, -94.0245206538, 4213.15042245, -5.93299426792e+24
-502.063933127, 2019.83247334, -2897.63035627, -2.71764658259e+23
1386.21102658, 1163.26481234, 3308.40852198, -9.36555284313e+23
-3152.58091669, -146.465082725, -1229.0220407, -9.63679031608e+23
-3425.80240166, -2496.87991305, -1248.00550915, -5.35880157052e+24
3945.72490718, 1953.90189836, 3113.20587081, -4.11675012178e+25
-1672.95249483, 1546.03762021, 3284.28547357, -4.14870908098e+24
-351.5106928, -1607.7345761, 63.6356190209, -2.81284126726e+21
-630.240449404, -1520.50030504, -1288.64308583, -2.17786050715e+21
-2172.15685923, 2625.3614288, 3796.38226333, -2.19797435293e+25
2715.88642866, 3441.06259757, -4913.85286161, -3.24101889899e+25
-3670.75403941, -913.392536951, 72.9243170197, -1.24032809661e+24
4581.55208375, 449.317694435, -96.5600602656, -5.123651187e+24
-1452.45750627, -1678.68936763, 804.793844731, -1.21123454087e+22
-2546.86908147, 1105.20180008, 584.679742769, -4.67595460721e+22
-1704.22891913, 1905.24603617, 608.804208097, -2.30540844085e+22
182.307270031, 4416.11475878, -2576.36616707, -2.56818783501e+25
4153.78262726, -1268.48851706, -2097.80346566, -9.69208180776e+24
195.862261435, -31.9530465042, 110.585936389, -3.3027104842e+14
992.103132226, -1491.20002521, 2888.32453887, -1.45398406869e+23
-212.249344382, -422.223839928, 1080.53829226, -4.69276899005e+19
154.797051635, 597.386034913, -3180.20879774, -1.98633886122e+23
2682.04326495, 1297.89776787, -3680.7192527, -7.35410389055e+24
-817.292051264, -3836.69953326, 117.037307352, -2.91645794259e+24
1905.53856631, -178.789359454, 591.363110989, -1.00705211575e+22
3119.553416, -3606.43906439, 430.904623391, -4.85010739918e+24
-1457.2503657, -543.803785499, -955.915973028, -8.07236816069e+21
2166.32891155, 778.685286066, 427.615517072, -4.25218951726e+22
-337.865701877, 37.9211656546, -1593.33937213, -7.58869024318e+20
-3898.11365937, -2220.49013952, -3428.93826407, -5.36080529226e+25
-1599.2892177, 1843.64935176, 4526.01720116, -2.83965329715e+25
-4416.51464801, 793.160502184, -1633.73584245, -9.5869531303e+24
542.822471226, 1277.93998832, -1297.2027009, -2.50205818443e+21
1640.75050067, -3514.66012359, 998.52926941, -3.3286475065e+24
21.5305258894, -292.443336285, -930.491534104, -2.38322392358e+19
-3226.4606602, 1452.34838889, 247.848231372, -1.66172700893e+23
-1054.41096126, -784.407871607, 1709.34573456, -8.91843297172e+21
4381.27646281, -1601.64909038, -2886.55926313, -3.71975322755e+25
-2674.02169066, 3533.71795938, 1394.92471353, -2.41073805548e+24
3868.20512042, -4700.17315373, 1259.51419967, -5.07824501813e+25
3936.543071, 1655.36174199, -2337.46917503, -4.47927513878e+24
121.20790957, 2792.40938725, 4266.72653816, -7.58514494189e+24
3730.90022247, 2062.55236397, -170.788045243, -2.79390065636e+24
11.5776311731, 899.800063692, 1860.22696648, -8.00221558546e+21
-2055.50093127, 1036.49370934, 2872.35971533, -2.50756564827e+24
1179.92101719, -1012.96361109, 280.70392664, -4.31128224426e+20
-3850.31215913, 1259.68012977, -2454.40741198, -8.72577740452e+24
4690.85778962, 2915.88713479, -3689.2784255, -4.02603633537e+25
1540.03038773, 947.353537182, -713.411156013, -1.9811901634e+21
-1082.49406208, 248.355473398, 3393.89410697, -1.48786071756e+24
-366.387309356, 252.750055407, 513.28448517, -3.07279234052e+18
415.059312421, -761.516501648, -729.955518509, -6.37702307205e+19
-57.035777864, 3457.37674256, 1144.48612935, -6.40925506942e+23
-530.368919857, 577.341403916, 1179.31173259, -9.62638831972e+20
-2600.4495752, 1485.56043217, 3489.16714691, -1.42681361605e+25
2932.07627526, 1501.08456649, -3192.19827837, -4.23656231449e+24
-3637.80531346, -764.166970732, 215.773459749, -9.61744623665e+23
-1822.31309877, 1698.34847544, -4473.06700005, -5.17767190795e+24
1880.50532534, 2670.85667642, -624.343227153, -2.96372232336e+23
2002.02581667, 11.9482855615, 607.490252066, -1.70255568132e+22
-178.909056909, -1581.5425137, -1305.83906102, -1.51453867582e+21
1912.65026864, 1200.2521814, -3598.38507303, -2.85864518826e+24
2598.29095044, -1818.03710694, 207.428513692, -6.72820612228e+22
1222.31912275, -261.705045511, 817.713777802, -1.11845225255e+21
1677.93142068, 361.40510278, 2937.692892, -6.41041367385e+23
2720.24330677, 38.9583216102, -2789.459895, -3.05805941966e+24
478.147536155, 2706.93203054, -1793.04807398, -5.61496874536e+23
458.652641105, -3310.58164681, -677.161814745, -6.03880779833e+23
845.661424515, 3133.32063669, -1180.16161338, -1.08147972052e+24
-1648.71061186, -1804.78329444, -141.691387952, -2.38852852225e+22
275.957269805, 1449.70354789, 82.4877792481, -1.03539379849e+21
-2745.13664879, -321.53735426, 1271.72432419, -1.64168087551e+23
-1063.17721176, -679.33406585, -1298.32648581, -4.83214676035e+21
-36.1026940794, -1249.24962775, 1771.28152337, -4.76431532045e+21
-1096.46462197, 2091.40057403, 1656.19854503, -8.1730993118e+22
-751.985870117, -2855.14549596, -1757.68591269, -1.09308168241e+23
638.451964089, 824.196443689, 2055.49046561, -1.43446781992e+22
-113.44180708, -4941.04627926, -2321.15846465, -8.63269757858e+24
3920.93272779, -2505.30849073, 1799.81263666, -5.19720576766e+24
-353.820608239, -3788.87884506, 64.1323699947, -2.59421960489e+24
-108.223328483, -3042.7848583, 1302.02596765, -9.82973239272e+23
3315.51927977, 4151.46324728, -4564.87661793, -5.09915594878e+25
-1803.21613745, 599.510291278, -1409.51718981, -3.6103078004e+22
2398.73684314, -3524.863603, 1633.49159421, -6.13242038972e+24
2631.62304884, 3372.04090866, 1906.82743512, -3.92528556384e+24
390.512884765, -757.402147954, -775.030834131, -7.66188485089e+19
-1676.57478587, -3489.72223195, -392.775799212, -1.21853543882e+24
101.632686439, 3298.06770856, -418.118057327, -1.07746931562e+24
-101.400643845, 2412.26414758, -4175.63146355, -2.00312627239e+24
-1372.25873342, 326.113301519, -127.529300491, -2.37066358528e+20
-807.168052409, 1714.3656361, -4832.47709069, -3.5029836771e+24
2289.90498007, 1363.36174784, -2166.99296081, -2.77479819426e+23
643.412642445, -2585.46903215, 1531.68284064, -4.22260768602e+23
447.989134221, 3055.84671947, 3062.03714295, -7.95918544528e+23
4350.29407784, 868.13093242, -2698.61262336, -1.3677865948e+25
-315.54548506, -622.815571684, -476.236997203, -2.04445803177e+18
3873.74510744, 1413.38183252, -1518.89316557, -1.97580695124e+24
-12.0206553656, 3222.24467847, 55.3232011318, -6.82967684061e+23
2667.06667156, 993.427047824, 1353.66489377, -6.16393997007e+23
-7.13584745342, 277.115381679, 1448.78266457, -6.80401637787e+20
-1726.742041, -164.517207101, 705.992209273, -3.12988741957e+21
637.018425962, 4547.59966051, -1307.71246222, -1.84893026536e+25
-1899.054229, 5099.55123312, 1121.92658043, -2.19660622139e+25
2787.54970388, -1857.56917229, -1899.67444123, -1.66371099814e+24
408.338977963, 2387.10456437, -910.210834936, -1.25690234807e+23
-1447.06829399, 73.193963582, -2677.33399886, -2.24182532381e+23
723.115498217, 198.869837077, -1577.58817425, -3.98408608122e+21
-781.808475059, -1232.75599469, -3982.09006573, -1.95308144201e+24
2569.3813206, 669.558612377, -3477.64814728, -6.04760852144e+24
2794.7484343, 2657.55934706, 2730.12590145, -7.28191361841e+24
-568.043286943, 3398.26773171, 363.303986387, -9.30204954179e+23
-2725.80544439, 2752.36510254, 850.855417723, -5.81575451982e+23
1054.67914096, 3672.29381189, 189.289946813, -1.78644191908e+24
-1510.95830843, 2446.37192858, -1737.32093638, -4.95575314179e+23
2439.42096795, -1893.49279912, 1251.30931611, -2.12861516465e+23
-816.344050658, -2730.59744043, -1922.78455614, -9.40999646417e+22
1787.05838004, 395.697602512, -1266.17082722, -1.7255423209e+22
-343.800104098, -1426.55023904, -3347.493557, -6.21486738804e+23
1230.53656095, -3119.81403959, 2415.07640027, -2.99043950192e+24
1524.36178877, 2745.1425779, -3058.96676888, -1.47843677284e+24
-1433.16847225, -616.383962183, 67.6609480218, -9.76478586611e+20
2130.95931928, -253.786042298, 1320.08452834, -8.54913797714e+22
-3517.15341667, 157.781857439, -2014.54970932, -4.2324498805e+24
2804.67801293, -4821.1978375, 2154.40976753, -6.46530375151e+25
-2476.70673051, 4074.73626318, 4914.20313596, -1.65682581491e+26
1853.6332442, 450.456773838, -790.178380584, -5.74394184253e+21
-2938.89589146, -3167.97447595, 842.217955778, -2.00939197695e+24
3433.51487361, 4428.22826, -2333.26375752, -2.62649478386e+25
-1649.75871746, 1125.33743424, -1275.62680103, -1.81557723832e+22
773.41718843, 1593.56494658, 2326.06673578, -6.03958795852e+22
2047.28275918, -2766.32454267, 1908.62818422, -1.4878816045e+24
765.367127594, -2590.39101183, 2259.31859551, -7.34243263185e+23
3516.02841424, -456.028606075, 146.758432014, -4.51278619267e+23
-181.474954234, -3215.75730815, 4670.83809204, -9.90133599753e+24
9.60389022182, 540.971070897, -365.48534579, -1.58024101195e+18
380.421886551, -518.991881781, -87.8381682136, -4.36348509217e+17
1377.79744695, 4249.2483008, 1297.23800862, -3.77329301624e+24
-4176.77304101, 2087.53819526, -864.822272919, -2.36650183754e+24
-2360.84725405, -857.608688069, 270.23414782, -3.9208543759e+22
-2652.28829803, -1477.2094221, 3689.68792877, -6.7815713006e+24
3188.38649967, 1637.8747516, -4221.50718337, -2.33202725209e+25
-3962.70786135, 3759.36595244, -1198.70188528, -1.39262494719e+25
-1860.37720195, 546.128945974, 1840.69481005, -1.76217078619e+23
-363.427706322, -2754.39576942, 2535.32146912, -1.01015232476e+24
1653.3130053, 340.680228071, 2302.3598213, -2.04868304974e+23
1981.74580831, -100.672736838, -1712.45129131, -1.2279307029e+23
-3574.57839165, -614.853243372, 2608.26593362, -5.20407919507e+24
98.082460088, 4808.3996482, -1461.46881519, -3.08024733409e+25
646.470521779, 2068.95709414, 3823.48115788, -2.08612580169e+24
-1487.43767306, 818.717840756, 1924.1967827, -1.33958600691e+23
-1189.31410828, 497.520373863, -1429.0711241, -5.68404070243e+21
-2060.39729067, -310.030970972, -170.143261623, -1.29277071565e+22
158.027597082, -1999.06718278, -800.41907501, -7.1261236439e+21
-2211.31319569, -356.813266826, 3120.15990698, -2.52762105796e+24
-1193.17818917, -2193.83485186, 1415.19114258, -9.89981506325e+22
3649.45348506, -1861.05056077, 2210.81209206, -4.67566516934e+24
1833.02229547, 3340.56026345, 3241.77753368, -3.67877642663e+24
159.822140818, 677.090252862, -475.539907319, -9.16931262815e+18
-2623.27091528, -325.315243824, 141.171890631, -5.83206739655e+22
-388.122650196, -38.3687133913, -4154.44522637, -1.71124694594e+24
-954.183593385, 1371.81610125, 1815.42836555, -5.61302822491e+22
-2748.41328857, 4379.25301089, -1827.63236996, -3.01610230108e+25
-1754.50139745, -421.05929039, 515.372473946, -2.57195363008e+21
-2999.73538663, -2871.94407385, 1394.28082085, -1.40108420734e+24
3359.46921864, 784.145892707, -892.893664619, -4.50429799336e+23
-3734.29147356, -4588.96093488, 1257.24337786, -2.8685947468e+25
3875.31201944, -3735.83189203, -1983.24250853, -1.6475735203e+25
-1880.6615835, -1310.92519303, -1273.16939289, -9.90595249871e+22
204.573854326, -9.2718071091, 560.305122286, -3.33212972761e+17
2866.71040071, 1260.09487013, -247.440518845, -2.35591615046e+23
-700.691038773, -1643.6500897, -3072.57681527, -3.56356224229e+23
-2069.32179213, -538.640467757, 2074.21451332, -2.30372730138e+23
-1299.21196029, -2209.82939264, 3220.84306705, -7.2904123642e+23
-1225.19226803, -627.463202515, -867.816769487, -2.81628736276e+21
-2174.22439209, 1167.28087222, 766.177207769, -3.17166273096e+22
2385.12181859, 743.210860478, 395.744411407, -7.57796842403e+22
-2319.48261258, -1880.17194185, -1019.50216657, -3.31199111441e+23
-532.285819506, 188.619023623, -696.486728225, -1.33190006213e+19
1792.4968066, -2543.79678741, -143.361556455, -1.69097030748e+23
-767.53862396, -298.924700066, -840.946404538, -2.02483291791e+20
2584.54679144, 1416.38996525, -18.9741370496, -1.58399064951e+23
1107.93490683, -2419.23082982, -2826.50525214, -1.41794917882e+24
-3348.07766397, 4234.09625148, 1419.30600745, -1.02295026545e+25
-1298.72283353, 1325.1636306, -838.663354717, -5.68066925577e+21
598.991302397, -2293.14397655, 2614.28932887, -4.31111699224e+23
-1068.56750428, 2202.71495905, 1073.67290437, -2.90949746318e+22
1915.86542998, 650.528187021, -4601.20946594, -1.7331779205e+25
-441.628289627, 2792.69364105, 1274.36776191, -1.02429448037e+23
504.792672631, 166.113474255, 1539.20524155, -1.03625801826e+21
-3334.22975855, 1908.49929587, -1487.58344659, -1.20867222013e+24
-1652.87710451, 439.466744162, 266.701720739, -8.96708986863e+20
3326.80020378, 3374.78208274, 860.750395585, -6.30782287286e+24
4056.3317647, 2195.4911523, -59.6181343984, -5.64941172429e+24
4443.89210246, -1050.07496474, -2331.01561117, -1.68438067404e+25
1445.3082921, -2300.75874598, -390.592588732, -5.60047602079e+22
-3124.73420629, 4185.74549481, -3315.7042777, -5.12344147865e+25
973.864075236, -1084.98972463, 840.567655358, -1.28610799879e+21
-2657.40551513, -345.119024068, -624.153147373, -1.58008997833e+23
-1439.47246476, -1535.29652867, -1546.23576328, -5.26023754928e+22
-1562.38426293, 1170.90386192, 2713.51325803, -1.0764057275e+24
903.189946967, -1086.48372343, 477.87148551, -5.80396747172e+20
259.921968077, 2739.1588076, 209.560263405, -1.62425477167e+23
1530.21813598, -150.404668817, -4079.35309578, -7.4896851244e+24
-2940.09107284, 2955.08815995, 1402.7926013, -1.72262771601e+24
397.343160282, -814.710758398, 38.0755191606, -1.72861910585e+19
-799.097873214, -984.092250443, 849.1944962, -2.85389154952e+20
-3315.47618078, -2863.70938676, -2163.70336834, -1.08225417124e+25
-103.806200145, 3819.37795678, 1482.88043216, -1.27953183542e+24
-877.254270797, -2995.15171424, -2332.50551957, -2.40514308372e+23
37.788495464, 2936.03984164, 768.177060324, -1.97985793455e+23
-2543.76905912, 189.001371427, 1921.83068357, -5.37059090624e+23
-4449.79083714, -3114.50972372, 679.242598859, -1.42114762432e+25
1269.02343825, -5.24244185628, -496.22494375, -2.69245558254e+20
-4257.19735135, -2390.92949157, 3447.92753973, -2.10260276049e+25
-860.922234772, 2174.92075946, -1668.2355974, -1.67330121951e+23
-2632.44120006, -271.682452025, 2567.27622208, -1.67466981868e+24
1874.82324606, -1734.02359998, -3502.31031575, -7.81216430369e+24
2374.97458741, 4472.06880211, 975.460115512, -8.68214563016e+24
-1639.59077189, -308.170042337, 3475.62135662, -2.50631435986e+24
2770.25591416, -4696.87058382, -1190.08956387, -1.4340807211e+25
2155.89703216, 1250.36779443, 1666.4392377, -3.40957109378e+23
-928.540127213, 554.722575281, -1564.06490712, -3.30410210834e+21
-2119.33277264, 605.762904363, 2717.83234933, -1.68764803316e+24
1475.49558159, 3029.65876894, 2.21042983487, -4.63207712981e+23
984.617277028, 4355.1138776, -4904.90431178, -5.59542396957e+25
-1886.93411548, 387.700085172, -2347.85089175, -2.91483613775e+23
1075.76020182, 2362.3930147, -1505.99341407, -1.75333956786e+23
-3382.71023737, 1102.29539274, 2057.28727655, -3.38175137511e+24
-1843.11518408, -16.5130632361, 1555.60774411, -5.73639193436e+22
140.853068654, 203.795515308, -21.2237914996, -2.94818126543e+14
1177.17608101, 503.65121923, -276.518296296, -1.48635080134e+20
-294.391993039, -2888.72064609, -1146.18954261, -1.32120213207e+23
2087.73099669, 1708.45547386, 1354.25321575, -2.47402589479e+23
1002.41818837, 3153.60318921, 1208.61207121, -3.08331253387e+23
-2134.67051564, -1971.93140094, 600.245156326, -7.84341407276e+22
3636.74954939, -2543.02500383, -2070.95208289, -8.31887672209e+24
2903.69131633, -3122.81093616, 2192.8271742, -5.57404718904e+24
-2539.32551209, -1688.73184119, 2207.54329081, -4.26807504012e+23
-3069.4515345, -2070.76135762, -3381.55578, -1.69552219346e+25
169.102195341, 1456.66887344, 4487.88271721, -6.36829103183e+24
1416.84645354, -4428.29683857, -815.073010241, -7.21808752364e+24
2282.19212311, -1691.43684746, -647.091931164, -5.06830739337e+22
-2471.61973187, 783.449523661, 18.7388771803, -1.8291512727e+22
-3365.37916949, 2430.203025, 2647.46113352, -1.32177416435e+25
-685.460548775, 3526.86292798, -314.377865488, -1.89114954105e+24
-2391.76324252, -1631.26250528, 4809.79049416, -2.52886703003e+25
1528.86440246, 2197.08620737, -2016.31281102, -1.7696082479e+23
2666.76306107, 1074.80722888, 926.82597443, -3.85005299744e+23
-1148.53110047, 84.2492560414, -2014.5575766, -2.68602688331e+22
-1046.75835738, 1088.19480781, -447.385979408, -7.1404946594e+20
-1420.42429411, -75.3988662249, 805.727909102, -1.56096312368e+21
880.202124423, -2181.53941843, 1746.87826204, -1.8050939498e+23
2445.80092931, 3145.83810705, 2397.93452623, -3.73433990973e+24
2456.59450157, -3411.43243144, -1185.52616398, -1.49698217154e+24
-153.359532834, -1605.63621283, 70.6233796868, -2.83164066098e+21
3356.5641492, 2844.54610713, 1615.43236466, -7.50022283069e+24
-837.456563947, -855.668476863, -3174.9281351, -3.31792948732e+23
-1023.76667753, 3718.99692459, -3260.52498792, -1.32777746758e+25
-109.742160094, -3450.61845948, 1505.78391418, -2.73548345345e+24
-1289.07556091, -2521.40830843, -208.017355653, -9.79632366525e+22
1465.66877993, -1804.64070842, 1333.37913373, -6.02227167766e+22
-1968.34328026, -2964.95328587, 2926.75344749, -2.20569963849e+24
411.526425226, -5063.04847235, 155.486744981, -2.84842739579e+25
-1539.95536154, 57.2150433812, -3210.85439312, -6.86891581798e+23
-2512.40738536, -617.312260327, 2443.69105381, -9.60785900798e+23
-2981.8894311, -2743.71359364, -2039.81183363, -5.44944207819e+24
4801.26202718, -3707.80298304, -2110.1666459, -4.44521913657e+25
2435.03586571, 3966.76785947, -2429.22612697, -1.09894698758e+25
-1932.29152381, -1090.14877529, 2325.28540515, -2.40238820111e+23
228.686195359, 1270.65215207, -2553.04124041, -3.18039535256e+22
2444.25038544, 1806.40498084, 1657.68678669, -8.51609293886e+23
3980.54642747, -2189.3985775, -1455.30953135, -4.47910524657e+24
-473.928505091, 2547.18634557, 919.807047858, -5.68621841768e+22
-1499.02240113, -3224.52170987, 1126.199904, -1.30907772702e+24
3735.2594637, 246.383820203, 1256.92193271, -3.13284279237e+24
-3608.29622802, 1696.30376555, -2817.95513514, -8.73312268279e+24
3820.47895782, 3481.0327035, 1028.63546269, -1.50723079784e+25
1867.1170634, -520.506352852, 727.328049352, -9.45484373079e+21
-307.370820093, 2159.71928451, -1422.00579706, -1.06137735774e+23
-1346.29171977, 1582.06725871, -311.454709236, -7.73176097183e+21
-1497.57569886, -3486.33444586, -644.148063861, -1.03073387328e+24
164.759975618, -488.258499593, -1855.91235035, -6.89553061217e+21
2088.8048082, 1785.05932907, 1990.40221564, -6.00895224365e+23
-2254.58316138, 1417.3450185, -1514.6573269, -1.41144735497e+23
-4412.84808245, -933.281049443, -2307.56846867, -2.93670204535e+25
-4385.70168326, -1491.33698982, 475.886574382, -5.31191546576e+24
-2465.96529637, 4137.82196559, 1332.70775315, -5.09849596938e+24
-1734.60054335, -1817.75898245, -3557.67670061, -2.77816755754e+24
1633.09215164, -383.15488029, 729.759697982, -4.37666882105e+21
-200.604428743, -1132.82288268, 2773.63712726, -5.59315707603e+22
2202.67020547, 2333.93370779, 2024.3114117, -1.05123621993e+24
2281.89266415, 3663.16363265, -2750.23658435, -7.34971306712e+24
1173.88284915, -2312.67826015, 3749.81870524, -1.66632618615e+24
-2880.24386801, 1570.30262162, 4314.21430335, -5.52433178737e+25
1046.09916558, 3761.83803739, 792.516987888, -1.62061852405e+24
694.443826194, -7.91586299765, -1287.88974749, -1.31905151759e+21
-1281.52814833, 3235.78318557, 628.570930409, -6.21666808665e+23
-2250.42441563, 1514.39036062, 3048.72378122, -5.16817787741e+24
336.204324647, 1072.32810134, -1223.65440124, -7.79641769761e+20
2504.15601165, 1498.88016754, -263.84027046, -1.15808283725e+23
116.645843172, -1491.5327068, -4518.18458115, -7.91351386914e+24
2452.76152089, 1954.3949294, -1620.54607467, -1.82834948565e+23
-830.736683865, 1606.4172638, 690.399199764, -2.31433870433e+21
2705.11497512, -4183.89181709, 758.629421919, -1.33588604881e+25
-3100.82235344, 1368.14388235, 605.577940323, -1.90344468005e+23
-2765.02611378, -1358.39312178, 3417.05135994, -5.23907342287e+24
2588.07634843, -460.780824342, 1237.33187209, -2.12201412773e+23
2272.78502108, 4434.39107657, 991.57995383, -7.75421752423e+24
93.2311483105, -2097.04635103, -785.483618107, -1.07955406082e+22
463.851113662, 251.737252838, 741.668524453, -1.73143856143e+19
3584.66258967, 205.684488638, 3047.87878408, -1.54449146915e+25
-3450.84224505, 223.796094579, 3940.29907137, -3.73732106617e+25
80.7114964409, 2073.32438378, -3010.77744772, -2.96755655937e+23
1317.08178758, -1052.47080172, -2519.37642745, -4.81609744963e+23
4214.09717082, 1366.3741509, 1287.58514725, -1.14170746274e+25
-3100.23723577, 1395.02187482, 1853.19240126, -1.88575862304e+24
1039.69396285, -3510.53518544, -2964.39928307, -3.05129890792e+24
-2507.69305525, -815.86076201, 2141.03620509, -4.78623590345e+23
-677.271951998, 871.910944449, -2000.0391772, -6.12234736582e+21
-288.97846539, 1846.07039325, -3603.03059545, -4.43847981815e+23
215.508830549, 4159.71964799, 3524.73146845, -4.37533968254e+24
-3852.34326958, 3097.72798568, 2108.44242672, -1.37332235473e+25
2868.33769982, 970.922158092, 1004.75853893, -6.23097375098e+23
3071.47299591, 890.659387217, 376.011109335, -4.81249535167e+23
-3439.84488798, 284.966623776, 2381.29459793, -4.36999571976e+24
-3580.44817026, 350.86658518, -605.246369295, -8.74448969295e+23
78.9792720096, 1437.46318827, 250.092773287, -7.7723769327e+20
-3355.03003738, 2610.37184929, 3402.66099971, -3.72681453055e+25
3765.3733626, 445.832072973, 2069.17645199, -8.07147303636e+24
-122.237493955, -1954.00006155, 2021.02469513, -8.08775850212e+22
408.654464569, 849.852477076, 880.08322735, -6.26093299314e+19
-1604.82492926, 252.957820977, -3872.47560636, -2.04506228314e+24
-1407.9637845, 158.905504279, -2082.7115597, -6.11325542354e+22
-2287.48942456, 1904.84705773, 2653.90684962, -3.30102255647e+24
-439.314410081, 3000.63735105, 2124.92727844, -2.64643158464e+23
-157.777719372, 1108.86355355, -2528.46506243, -2.05134478913e+22
-299.440685393, -1526.29535704, -3995.09177824, -2.49800902158e+24
979.28907965, -3833.02521207, -1382.60876228, -1.56709149158e+24
1151.0309983, 849.158153756, -700.808292239, -3.27790449584e+20
2745.16915288, -3260.9098832, -597.102112607, -1.35016488307e+24
511.566089451, -1492.14917493, 1134.54441091, -7.56460657907e+21
222.474253334, 1174.68078862, -152.920964424, -2.73730807123e+20
4394.75269495, 662.861986146, -3340.6585363, -3.28855679545e+25
-239.616729639, -1961.88587924, -894.759838529, -5.41052016646e+21
-1359.4059535, -690.019889783, 849.500037381, -9.99450836756e+20
1716.88823159, 603.325311843, -292.396083055, -2.73117856688e+21
-2110.6616279, 2044.71699695, 2925.13645294, -4.50018266254e+24
-435.628838824, 459.537108671, -1874.1964616, -2.17575814637e+21
-144.460340244, -20.2229284028, 290.996004808, -7.22515574628e+15
3580.06918895, -1227.09601978, 233.692045414, -4.04943696095e+23
-242.340662222, 2710.30619452, -668.512562895, -2.95850745601e+23
156.711485377, -1548.31426589, -245.337532553, -1.48960417831e+21
-546.626933465, 3645.90557051, -1971.44062293, -5.67359551616e+24
1835.33543638, 3776.49305011, 180.247219506, -2.52136069592e+24
3518.77574094, 1004.17029748, -1239.35338228, -7.86781245317e+23
1599.77649472, 4105.61254938, 3029.42607838, -3.75799617365e+24
2640.94513828, 1354.38295413, -612.806168144, -1.17202976134e+23
-304.285143218, -752.69498951, 279.41547824, -1.17805641951e+19
2488.24759993, 2321.01845948, 1031.31238006, -6.86191871067e+23
-2140.65105337, -3634.97026441, 2227.01023051, -5.40501693841e+24
-1545.53282516, 4052.92342503, -1841.60641381, -1.34512830445e+25
679.386767824, -1278.66297943, -347.458464244, -3.80531256516e+20
-568.424265932, -1825.90126327, -1994.73642711, -2.20821150117e+22
-2133.34898969, -154.810799182, -355.912142542, -1.91652579836e+22
-1493.78238375, 301.501818297, -380.404215192, -9.64056977297e+20
4355.76796063, -1277.96224963, -4233.77798263, -1.47643122428e+26
-3404.15862957, 478.057182326, 987.597066466, -4.75854169283e+23
3925.38779002, -2366.52268183, 1352.80156515, -3.04958310961e+24
2153.45744807, 3450.48012254, 655.222845598, -1.41926637471e+24
-427.937784008, -174.514819171, -99.0176410394, -1.21636590707e+17
-2460.08632475, -396.289307587, 968.094550922, -4.85576992922e+22
2904.0597186, -710.850261146, 2883.88430987, -3.81150676953e+24
-222.474436766, 1814.1368052, 1981.73973896, -3.78149829838e+22
-549.460166246, -438.636449853, -2177.90677449, -1.42647043236e+22
-2437.2504277, -3331.81346385, 1113.41968129, -2.01680532146e+24
701.80355954, 203.135869274, -1385.83955943, -1.65566689425e+21
1970.19910637, -2449.76248453, 2278.81827572, -1.02430590832e+24
-1851.86505594, -3109.32154828, -1181.77204543, -5.82128412469e+23
-1308.08308184, -1596.82427477, 824.180406537, -7.83173015407e+21
-243.852796715, -72.1770761051, -1580.13060308, -7.51152530818e+20
-129.763694518, -3988.93483678, -5.39698991643, -3.82477275612e+24
1738.30681835, 1124.53697673, 4571.50104043, -9.19552133633e+24
1384.81990562, -48.5769863371, -1249.53932337, -8.24835074573e+21
-1754.47489513, 1748.80412079, -2055.55849531, -1.89969640619e+23
-1676.36868953, -2112.69099743, -694.686623611, -6.33256184597e+22
699.919661598, 82.7303586058, 1798.41627109, -4.41660050251e+21
2072.850309, -642.48264747, 2902.44482483, -9.61531192918e+23
-1939.1337374, -46.0292788768, -2781.10623414, -7.45814466783e+23
-1453.29071509, 1345.91706699, -2038.02612492, -6.47499800646e+22
-160.242648169, 3747.19619859, -149.723364886, -2.58866952932e+24
3002.71318802, 1747.17410353, 3272.29344051, -1.27041342269e+25
-1925.78293703, 1650.89170286, 2309.10335552, -9.89953996811e+23
2680.22578094, 1352.4402845, -875.478487866, -1.22007102957e+23
-2546.04799911, -2335.69480023, 741.784578204, -3.11653795729e+23
2500.21103648, 1327.64698354, 969.730030187, -3.23065320257e+23
1370.31992482, -150.34404611, -877.857723094, -2.2086942328e+21
-3919.17444621, -4383.08450928, 871.302363057, -2.40352686403e+25
-3240.15177251, -1712.79452432, -3587.24020693, -2.35789396195e+25
-3983.38564119, -363.149132427, 639.01002097, -1.35010029992e+24
-2471.50733745, -4525.12563353, -881.405235404, -1.00484967321e+25
-3289.61322715, 952.166897184, 555.524280837, -2.30494068751e+23
-653.287576243, 3467.61088967, 2133.56222594, -6.7783838284e+23
2825.00164252, -1416.06504989, 153.245019959, -6.12963678292e+22
-4727.60083723, 2489.87892107, 3020.97249511, -7.60249160559e+25
-1318.41718072, 1411.24012005, -2536.05677653, -1.26717955406e+23
3537.30649634, -424.080919075, -163.106015776, -3.96797822832e+23
-268.584521564, 674.654152571, -4430.95012464, -2.25084795797e+24
-2041.45546477, -3491.6389154, 3381.76443977, -7.43540290179e+24
-2469.36700804, 2201.83563916, -205.324962416, -1.43248513011e+23
-2381.41524676, -2050.39937206, 1749.13116646, -2.08157947468e+23
117.539101388, -4001.81893778, -1709.78736957, -1.7300770657e+24
2746.67066563, -1198.47365692, -286.134418415, -4.90882798617e+22
686.437602701, -918.277607744, 1812.97630167, -3.94948927252e+21
-1439.05436178, 1975.14863591, 239.175932003, -2.12843314143e+22
1353.81697228, 607.820516908, 2591.07791765, -2.00025314163e+23
-1700.10400564, -596.961526916, 830.045671595, -3.54474431585e+21
-221.126959714, 996.857768856, -252.884057417, -1.09662985208e+20
2345.87838841, -2576.03767937, 2528.81608232, -2.12766242372e+24
-331.427370561, -355.848529933, -2203.90021008, -1.32374932523e+22
1049.24456416, -3585.95059905, -3053.55092029, -3.71964877676e+24
2657.89505181, 405.41439878, -4434.30675165, -2.85879939741e+25
-3148.35997406, 4095.53115341, -2751.71381215, -3.50436594276e+25
2736.52947801, 366.509735263, -3541.76448576, -8.96048147452e+24
-3103.22989143, -1173.66898682, 2081.53481165, -9.80336208097e+23
4393.3239562, 320.559189923, 1338.42885128, -1.02826383131e+25
77.3329211152, 378.094288232, 2327.06966193, -2.55520558865e+22
3267.32416616, 2117.78806651, -244.78111995, -1.17232519577e+24
1734.79998014, 3698.20656349, -4961.66127759, -2.69996800906e+25
-1711.56053397, -2726.72141873, -1303.20795215, -2.65394191572e+23
-2385.72659224, -1568.96388539, 3708.83403214, -5.07967569151e+24
-1315.636028, 1791.58670803, -923.838006887, -3.30865953748e+22
-2793.95381548, -5117.8563886, 1078.76900866, -4.39400001817e+25
1967.01383538, -507.580695916, 598.997606799, -1.00240211937e+22
-793.751327015, 726.081860803, 3696.0133385, -2.44541381289e+24
-1791.70400607, -4133.36228674, -665.039069768, -4.17818174817e+24
190.987276824, 873.412070908, 4127.37774949, -2.62225560563e+24
-3202.76186278, -1452.44381333, 1267.79476876, -4.78856750176e+23
-2899.29733455, -4067.27085014, 441.356321204, -7.77396366688e+24
-561.718958504, 1577.85263089, 1803.3223056, -3.11682932079e+22
3227.86530593, 2908.90236999, 3175.45818805, -2.23247100104e+25
-799.000332862, 456.535145961, 1908.72746496, -2.80821495625e+22
2766.74341362, 972.423147622, 786.52765453, -3.86742329713e+23
1469.27920879, -1381.6625993, -4930.15806033, -3.75879624798e+25
2057.27989105, -3746.4899649, -2779.39477034, -7.29381134459e+24
229.265259857, 1094.13984271, -801.473695269, -4.49408981005e+20
1178.18591361, 875.978499856, 208.317573778, -6.94198359397e+20
2335.81632786, 597.260690372, -221.33445501, -2.8819464686e+22
-227.735320229, -617.677255281, -2384.32060134, -3.10565433846e+22
-715.62432169, 2396.3169061, 577.337544053, -4.71884464464e+22
-335.864660993, 1418.52566281, -1360.63989003, -6.70471166335e+21
-592.210932454, 763.315208862, 244.682632939, -1.08496451252e+19
-3948.92297428, 4909.72340607, -610.12324866, -5.34108973822e+25
23.1069912493, -64.1480402453, 4132.9526733, -1.94645400943e+24
-1517.57905298, 608.33014646, 22.5486291116, -3.58309572338e+20
-229.074862416, -2764.89154128, -2766.69165827, -3.79748921342e+23
-906.754506669, -630.06789432, 3225.35813105, -5.44502094309e+23
-2434.85027177, -1552.0869406, -1462.94392396, -5.77895744968e+23
-2721.81401954, 2706.55604607, 3626.25683613, -2.91672280218e+25
-734.309731327, -3776.09303694, 2075.62837356, -6.55687146381e+24
-392.107105156, 3609.28952543, -1376.03281074, -3.80608411269e+24
605.630236704, -2467.85081384, -331.114968524, -7.03216553568e+22
3613.4191332, -1900.78147403, -1257.03208219, -1.79228991329e+24
-4191.84956715, 1221.21019162, -1393.56994811, -4.66203484305e+24
241.716311425, -2173.13879583, -1983.9914492, -5.33199568305e+22
-1373.1672746, 3700.7626728, 3903.22733028, -1.8943730795e+25
2415.59271385, -172.391263696, 289.523185843, -3.2695681652e+22
909.237257446, 5024.70996739, 3160.1140526, -9.12728482991e+24
1023.38598394, 2510.9518093, 1732.69147881, -7.00206937655e+22
-1985.6639123, -3849.3012403, -3052.2380536, -5.01202396466e+24
-1514.40175439, -1024.5449424, -2193.62974422, -1.59654524379e+23
-672.847828473, 1536.46306368, 3236.27822663, -1.29504343796e+24
-1851.0141102, -90.8406791733, -1504.35926418, -6.77925634142e+22
618.453916136, 1070.54886246, 2275.55136827, -3.22081261182e+22
-1872.90675668, 2329.66132094, 1670.33468274, -3.65523478786e+23
-4501.3512788, 981.177719832, 1358.60954906, -5.07842428955e+24
272.273277003, 1705.37644066, -3589.94687401, -4.53002302943e+23
-363.971477117, -3153.14342192, 705.095831455, -8.77961017189e+23
2120.71073502, -1905.46093038, 5018.35624861, -1.41677259364e+25
-292.226802268, -4741.70148079, -1156.49455876, -9.38152705468e+24
3575.98110985, 219.427908941, -1743.60817176, -1.64623720384e+24
-1513.06334028, 675.150663441, 881.516377231, -5.54229095185e+21
1692.73268042, -322.288864116, 887.111188836, -8.51249990917e+21
2336.42442804, -2350.42037076, -349.082660066, -1.41903197019e+23
1670.00715838, -483.750979979, -106.186209241, -8.04592152383e+20
4102.45614254, 1878.80879653, -4685.83083054, -8.41187148217e+25
46.5331961697, -1606.72703499, -1962.15907398, -2.22863254943e+22
-765.975122924, -3224.04693871, 1897.99112459, -1.9627533786e+24
-1387.93610303, 2107.07485654, 1874.86784611, -2.27860221124e+23
3339.22658696, 981.112734467, 948.213004373, -1.56584261698e+24
-648.211464387, 1178.93027023, -3391.097235, -2.14851198998e+23
2919.70778341, 2494.72592, -2547.99848496, -1.56795225349e+24
648.562567274, 3510.17725665, -484.170069309, -1.7576335771e+24
3108.07808456, 850.302151147, 547.524112942, -6.01247535613e+23
2326.07624327, -1941.31659354, -817.925191622, -1.02822291206e+23
-1120.12670253, -185.1433835, 2338.38034097, -1.10076277975e+23
-1041.5872648, 3164.80124513, -1765.72129304, -2.15691670779e+24
-3194.55558885, -1091.80576191, 1830.76037056, -7.93927695996e+23
-4354.21397086, 78.4942257728, -3865.07627966, -7.86110004255e+25
2121.12375379, 3170.95824775, -4302.85026015, -1.06374256924e+25
-52.5308572893, 847.396330817, -3349.29061067, -2.21708223181e+23
1261.34696104, -545.451320806, -1655.6690601, -3.43863908218e+22
-35.6551342515, -2130.14576845, -707.755054955, -1.30861726901e+22
-1797.90466454, -4200.0735483, -3889.94192199, -1.09194201172e+25
1729.99056526, -2087.19941418, 545.828637687, -7.5981959978e+22
-1228.17190572, 2491.90528221, 1472.53334463, -1.10718570912e+23
-915.808978405, -1294.30500289, 499.980239442, -1.07938895039e+21
-1057.28260079, 1073.92767494, 2201.19525744, -1.56580707074e+23
1570.46343315, 2579.13270727, 692.216345799, -1.30913551696e+23
353.36066189, -2187.17938614, 653.429424565, -6.03673077497e+22
2588.74538804, -1980.39099103, -3131.36515756, -1.00658354461e+25
-231.442677738, -878.510801334, -3460.69269459, -6.42689580718e+23
-2232.66008188, -154.405258691, -5039.72673558, -2.16815783682e+25
1641.1121417, -3836.82207264, 1962.17437111, -9.98449407764e+24
-537.052242814, 1772.84077248, 600.761831258, -3.59737736368e+21
-1277.28999799, -1023.94557915, 4209.51031911, -4.60925839779e+24
4381.81502289, -2137.75184461, 85.8656804767, -1.91072333051e+24
-686.435084585, 2975.11231642, 1964.7246497, -2.58142802012e+23
-1114.01931725, 4107.67667075, -3891.000225, -3.31604196349e+25
-1952.41732342, -3284.98135869, 262.984424319, -1.11168875793e+24
-1152.17038292, 955.760708987, 874.489041178, -2.49397386959e+21
-89.4906470053, -1789.2205113, 2041.61936497, -4.85376823644e+22
410.07985965, -464.758208164, 512.891197428, -2.88745686683e+18
4743.33946846, 1360.08796776, -89.8787630871, -1.0562985903e+25
1787.83408879, 97.6670174971, 907.747153349, -1.6421306204e+22
136.456747737, -2817.96466907, -3448.13414127, -2.12942446502e+24
1222.95961806, -590.872785355, 1204.12868762, -3.26923096779e+21
248.344874635, -1808.57912734, -44.2064801771, -6.89432369472e+21
-1358.1134874, -3574.14255061, -1603.76191876, -8.75951715377e+23
-264.597735503, -437.166381429, -3877.57964813, -1.23945455046e+24
2515.53895602, -1150.63190726, 137.694410944, -2.3033409412e+22
-537.652105243, -1449.33577646, -2692.48498635, -1.2209030188e+23
-3511.73286181, -641.241378244, -3187.88569529, -1.78336406153e+25
-1284.36649871, 4903.80783994, 1218.48851332, -1.38529367907e+25
1606.14572992, 1579.19213465, -1420.38882584, -1.96450549353e+22
2231.63944127, -2442.02072582, 1805.39555494, -8.17369090118e+23
57.432882726, -2405.96689659, 908.335564353, -1.40086838832e+23
596.327794581, 1138.48072685, -446.892829751, -3.46645011063e+20
-228.488483179, 2763.05789415, 111.759374153, -1.95967516027e+23
-4498.03218674, -2226.49277278, -1185.78378236, -2.33201408858e+25
-17.4474656307, -4853.82336623, 3692.24178728, -7.54490117757e+25
-2539.50042734, -3372.08007254, 344.585126218, -1.90157438464e+24
-451.721307978, 844.699898906, -3508.90643516, -2.81033264731e+23
2842.29543587, 1986.22191224, 1090.11940267, -1.19246907951e+24
-849.609056683, 275.517949531, 869.329621756, -3.99959772189e+20
2465.61368948, 1989.20935975, 3435.47691401, -7.39750180986e+24
3899.49996641, 2313.34458392, 1896.73075683, -1.67071871768e+25
3731.30008759, -4264.41139729, -834.53519318, -1.24355663682e+25
-135.942277682, -156.939705096, -1947.53650247, -4.6561611551e+21
-2610.99168581, 1446.87841049, -1140.92882083, -1.60958571839e+23
-1474.34120686, -246.020806232, -3947.96917207, -2.21063169332e+24
-200.339906421, 2696.94344944, -51.8164346701, -1.81318615778e+23
668.667330712, 362.677851481, -219.783960537, -2.00092156758e+18
1915.49919915, -4334.76894401, 1854.70975268, -2.29647803793e+25
-4841.11955931, -3356.10787214, -1494.26591758, -6.92804911547e+25
857.844552052, 1701.74719217, 887.872614026, -3.59407346372e+21
1054.12886026, 2095.29995095, 3866.73825186, -2.46994172558e+24
2612.50360621, 1248.52168443, -301.078324419, -1.16829256647e+23
-640.013715248, 4738.08497004, -1872.12491054, -3.49341729884e+25
-2233.9058111, 1599.98858339, -1758.37627853, -2.27176033097e+23
2237.63447121, -1012.94005378, -4525.99373165, -3.58727248036e+25
1866.43158857, -3080.71576796, 1666.1285825, -2.20571250168e+24
-217.624437532, 3688.37934421, -348.644290971, -2.55488369119e+24
4283.97308532, 161.588532634, 3266.26263699, -4.59433130633e+25
754.837274661, -690.7000589, -1754.12444937, -1.84422556078e+22
2995.58615027, -339.705719092, -238.710900552, -1.02862251898e+23
-1674.69050887, -2167.89193171, -136.640467211, -5.71372284549e+22
364.236910336, -1326.59459285, 965.334889165, -2.62467648501e+21
-103.833720529, -859.558253626, 101.462872871, -2.1791472572e+19
3233.59337113, -1455.83879843, 270.746933638, -1.84134600536e+23
-2431.90436971, 3027.80183654, 2914.0210587, -9.25918354674e+24
1251.25539809, 701.058719238, -3425.54777629, -1.19792139236e+24
4115.37195411, 1089.56766464, 113.966625249, -3.62143680302e+24
-4087.52081688, -4609.13852181, -751.40126542, -4.14704854033e+25
1401.00584144, -712.827681352, 1335.00077147, -8.60453715058e+21
987.889450202, -4010.3258914, -567.89297308, -3.37833432919e+24
-353.232617611, -33.8435292804, 2676.79485751, -9.58153179201e+22
1001.56982502, -3974.24419825, 1138.73486615, -7.45437973078e+24
2342.86657834, 1498.17695817, 3809.45162852, -8.32053483677e+24
473.679473188, -887.980224565, -677.141395265, -7.62416240896e+19
31.9734832357, -2608.97754056, 1002.3891503, -2.69928408212e+23
-353.164166824, 1029.23613595, 2127.23854309, -3.98859573154e+22
37.3735605206, 378.427075403, 4591.27673687, -5.36086992227e+24
4519.88949922, -3508.59437192, 594.091928522, -9.72053577087e+24
-417.766930466, 3835.91286934, -1594.36262804, -6.60423928033e+24
905.436706821, 413.445501777, -2748.80018772, -1.947432736e+23
1087.83651235, -1626.64803327, -2387.11833276, -3.56429134963e+23
318.569478224, -197.422230965, -2658.2129669, -9.82257513102e+22
2661.05104704, -100.430786913, -135.250478203, -4.68172137473e+22
-4360.23647456, 2356.81927892, -1383.9262508, -5.67466143378e+24
383.708695908, -1913.34854037, -2496.98472793, -2.10019019568e+23
2117.46478791, -195.223069723, 2009.02577361, -2.88753943965e+23
-531.405357673, 1384.0138348, -933.941084477, -3.78213095848e+21
1869.19924816, 3471.79796322, -355.551951296, -1.67495829035e+24
323.999634954, -2886.9527135, 3302.43066611, -2.44568713981e+24
2941.50065043, -1255.05692278, 1084.84921684, -2.9231718702e+23
403.72075441, 1697.13898222, 3954.04452948, -2.43049115675e+24
1760.8781271, -2462.56987273, 2676.47019735, -1.26121665377e+24
383.201117995, -732.736960123, -4461.39748982, -6.48471650179e+24
2040.91134458, 1838.70698828, 4024.59501936, -7.80578485058e+24
375.6440348, -2133.13137933, -3859.65682342, -4.07750959355e+24
-615.081011429, -1039.8226869, -219.26441433, -8.73149449897e+19
-567.274193334, -550.883968021, 153.151201649, -2.39786955545e+18
-4166.28356325, 581.555624967, 399.81956248, -1.38077324821e+24
-1526.04159145, -1723.97641179, 2263.92836871, -1.05358272977e+23
-2162.86232778, -190.931052875, 185.357043692, -1.08507213435e+22
-2716.3487254, 160.028744038, 968.335346419, -1.019969961e+23
-4465.66945446, 61.0892927173, 1286.69786414, -3.91365321585e+24
-3581.38232268, -945.763120494, 2097.43886141, -2.23967847717e+24
-374.558269786, 460.399858658, 1443.66558089, -1.92049773971e+21
203.8046509, -951.571216225, 2684.12041924, -3.1734558169e+22
-2967.85373383, 306.715765661, -96.6321211737, -1.19162702743e+23
271.987960724, -770.438735244, 3297.91200986, -1.84204124016e+23
2868.08924315, 1660.60796219, -1443.07839578, -2.85161055088e+23
3405.44100416, -1105.45184172, 29.3047514772, -2.42406223484e+23
4551.68890011, -1100.72768603, 821.210641184, -4.87758363557e+24
-901.921004571, -332.990268446, 1442.78521405, -3.26191855237e+21
620.30580635, -3011.09974531, 4003.89554963, -5.15515410088e+24
1285.35405704, 1783.20296744, 1330.03717404, -2.80065247248e+22
-423.204302192, -4524.82413243, 658.356472374, -1.37184388889e+25
6.72577633087, 1546.19971743, 505.158716517, -1.03382286742e+21
1891.47196528, 1255.77047285, 225.502509393, -2.25833285004e+22
-3272.97440634, -1760.86804644, 80.7189249561, -9.8826267547e+23
-1910.54555121, 56.2325824545, -62.8330281079, -4.09416270173e+21
-447.582208127, 3913.78510139, 148.357174572, -3.23014194996e+24
-3193.12416744, -842.89051413, 1021.58508383, -3.31570204497e+23
1192.14213141, -1494.92265195, 407.391197922, -5.11960902894e+21
-1442.76379634, -1192.76946211, 4570.63178659, -9.07666870767e+24
872.924423302, 1411.1665074, 1129.21261904, -2.91821087601e+21
718.24797424, 2296.82688325, 152.454672741, -4.10408606877e+22
-547.529649942, 2657.49663942, 452.673670833, -1.16749417567e+23
3644.5156, -2521.18502812, 2208.83238446, -5.67850057723e+24
-2602.42966794, 88.4586230399, -771.769829721, -1.26947827343e+23
3637.80926977, 1006.28181877, -812.837481472, -9.04283678968e+23
1135.3502113, 2954.09981971, -3631.17070306, -3.17286362562e+24
-4402.77798645, 286.760126153, -338.842232682, -3.47297212072e+24
-2444.22423687, -793.925896935, 243.756995836, -4.84461211511e+22
-585.490200302, -194.823117534, 2736.29756585, -1.3976438128e+23
-3196.12185621, -586.650748181, -1867.13439261, -2.67923301186e+24
152.801247005, 175.174336292, -2597.23912156, -5.0766299376e+22
-1064.4849801, -1002.35054308, 1332.96003076, -2.19379779692e+21
-1290.71046164, -1497.73030931, 1456.40315269, -1.14079622328e+22
3641.72768957, -2642.44088633, -849.447547568, -1.63111378361e+24
-1970.17273836, -1033.29491015, 1743.07683735, -6.52871324317e+22
-123.298499977, -839.742016369, -2203.61560578, -2.2034664479e+22
-138.905918367, 864.350151641, -738.599838402, -1.00950785122e+20
-116.822316979, 1018.29438362, 476.7217312, -3.07572791543e+19
-3094.19838986, 1077.52836475, 2921.03884593, -8.96221976484e+24
-1261.2562825, 2451.31029677, 1283.80484804, -8.22671665013e+22
-1235.34866531, 4391.14083507, -4706.27924568, -7.10244251587e+25
2970.63041086, 2077.47855456, -2657.16925886, -1.68086174053e+24
-714.17569404, 1588.47572065, 337.004260773, -2.16296149526e+21
1792.2366119, -2192.90798901, -4439.13752073, -3.27877755688e+25
2193.90188237, -86.105232947, -2456.46727307, -8.83085954026e+23
-2506.95770579, 1503.23536547, -1068.3426867, -1.18491372587e+23
-4664.93653842, -14.1176051575, 1237.9349821, -5.12517722669e+24
294.507356799, -668.713570129, 595.348336778, -1.68791536461e+19
-634.545014832, 1998.33106694, 1328.86908128, -1.42945269235e+22
-1902.86878843, 3209.14079669, 3427.55539097, -1.26129886779e+25
-3337.37706858, 324.316925254, -541.798296795, -4.86124067687e+23
4257.00669185, -344.964457569, 2723.81066994, -2.44319956024e+25
-1327.38450287, -599.902705294, 2760.65263108, -3.3705580702e+23
2794.46702064, -1527.575771, 1583.95429512, -4.75831578529e+23
-695.495581511, 2360.3812618, 1977.72089493, -1.23418669962e+23
516.715014488, -52.6346971839, -937.913254882, -1.1718356743e+20
-577.708517615, -340.04611009, -1439.58555753, -9.55947436241e+20
-544.691899825, -1414.02579146, 848.743574901, -2.69224237114e+21
-2505.4279003, -175.872438897, 173.865252946, -3.47924170376e+22
4481.94104853, -4511.36639287, 2155.96088241, -7.39653094543e+25
-622.121523762, 2175.76646252, -481.878239042, -5.50243355492e+22
2206.18097525, 3127.04345899, -1160.60915349, -1.22919702017e+24
-89.9634822502, 3662.43420341, 92.210759581, -1.88345898276e+24
368.610049576, 1427.82553699, 1051.53749264, -5.2227800192e+20
1706.21592579, 1468.61648765, 1433.20986188, -8.76466231045e+22
3659.23420139, -4526.42638289, -1030.28445562, -1.7037171108e+25
1495.985121, -1788.29058533, 1783.82283477, -1.01453654448e+23
-256.323039939, 357.746713525, -1964.76569081, -2.92591318902e+21
-2722.7341415, 94.7964557737, 5097.01850765, -8.00906527154e+25
1273.8270433, 2817.82948135, 1506.20978486, -1.6574962572e+23
554.098577469, -14.7716816504, 3288.70015103, -2.55958160875e+23
-1329.24645121, -653.014807511, 2212.47606049, -8.23387560948e+22
-3114.35987142, -2034.85767431, -1141.3538868, -2.19132229205e+24
792.880507304, -3973.92064718, -2946.37860388, -3.39156519833e+24
-1614.18933186, -423.381813553, 2866.75448843, -7.0118121823e+23
809.818334588, -1131.77186185, -3192.96026377, -1.11091716655e+24
-142.20325858, 2541.83066161, -384.31481741, -1.45174898313e+23
-2558.5128803, -824.949685669, 649.805344243, -5.85543813883e+22
-2632.36585144, 1198.85630651, -1535.68384234, -3.12097356747e+23
-877.817431202, -668.915716061, 2628.64935789, -1.18794227781e+23
1074.29963131, -3061.66230547, 2231.17220834, -2.27532941207e+24
-528.547481942, 1047.3748711, -2769.08020662, -4.30977152943e+22
-396.644619442, -2331.9860418, -1127.36397115, -2.10428364432e+22
-347.971955072, -789.106964169, -1007.91500294, -8.68106688147e+19
-2459.73746638, 1645.75771754, 649.475426211, -6.86789129918e+22
-2617.2904493, 789.43970174, 2560.27541647, -2.59725615445e+24
-1151.45172696, -1611.84435679, -2851.68765691, -3.38049833123e+23
-1095.95510691, 1291.23717288, -110.79085239, -1.2299851318e+21
2867.67414924, 1078.98545668, 463.010945314, -3.74065327701e+23
1018.31234073, 2215.04536006, -642.83842008, -5.90297444124e+22
2018.24182133, 2349.69006687, -3783.09017389, -3.39042491983e+24
-3845.70865476, -1292.58612877, -384.435277261, -3.02456582473e+24
3986.56179806, 1415.83362555, -4019.58649786, -4.03446363695e+25
-1819.78919369, -1720.47607713, 1483.65069449, -3.92577767161e+22
2085.0356772, 2356.72948691, 1993.89864951, -8.08839202274e+23
