-0.446886424462, -4.02432228555, -4.88014041657, -0.714664265611
-0.504952256826, -4.05902053671, -4.88600137091, -0.555150044325
-0.496045694126, -3.99842875016, -4.93918240068, -0.944722903775
-0.500029822891, -4.03015593713, -4.88450242818, -0.0799772003446
-0.500259767286, -4.01267350617, -4.9189476867, -0.367412856355
-0.501179414211, -4.02510108252, -4.88087484687, -0.039687124071
-0.499901928385, -4.01290113694, -4.88083906433, -3.49846328807e-05
-2.15781743195, -4.04012230841, -4.79210257217, -224.226753773
-0.461383545136, -3.93460834779, -4.88424347775, -2.09371717601
-1.52912718523, -4.0085022197, -4.87969534876, -143.789385369
-0.499784852767, -4.01552707465, -4.88053213692, -0.00219556690566
-0.501258913181, -4.01263131996, -4.87509200178, -0.00915892316074
-0.49985192226, -4.01262144329, -4.88090256077, -6.37600346117e-06
-0.499411547928, -4.01252198942, -4.89271267823, -0.0353425101549
-0.498618669735, -4.01374111241, -4.87960732204, -0.00104464344884
-0.502292254556, -4.01305451414, -4.88081805484, -0.00176111202237
-0.493494904874, -4.01555288562, -4.87801151827, -0.0139240310325
-0.507784934437, -4.01246228505, -4.89105082643, -0.0429010006471
-1.47614274649, 3.61549224426, -4.99997341754, -3.74473136009
0.575776825676, 2.39810763278, -4.99998680807, -1038.32353236
-1.57164459033, 3.6409352526, -4.99999887019, -106.69914198
-1.05526255162, -2.47476294651, -4.99982400229, -338.343625344
-1.47157066279, 3.77763773314, -4.9950392599, -61.8430919151
-1.4762456655, 3.61566598292, -4.9999708263, -3.72417557564
-1.47629644446, 3.61566336, -4.99998396423, -3.71223232071
-1.09607266425, 4.99923299417, -4.99983377043, -200.632055126
-1.47603465283, 3.621000615, -4.99999015928, -4.99085324673
-1.4756717162, 3.61529217747, -4.99998713702, -3.76096877525
-1.72954390951, 3.61500477065, -4.99997662146, -62.6828606364
-1.47549393375, 3.61690024959, -4.99999999999, -3.89617392374
-1.47551684275, 3.61533788948, -4.99999999937, -3.76513559146
-1.47388065893, 3.61497570276, -5.0, -4.10545780526
-1.4742859261, 3.61865579031, -5.0, -4.27302586936
-1.47107262458, 3.63018375258, -4.99999999261, -10.3576795083
-1.52244760755, 3.74003450454, -4.99999998306, -7.99336348315
-1.52131473567, 3.74095339435, -4.99999999625, -7.75914347028
-1.52172558816, 3.74014680645, -4.99999998593, -7.80792907174
-1.41640546504, 3.6588044964, -4.99975932177, -68.5210117385
-1.5135240185, 3.64071035883, -4.99999748992, -73.6682626162
-1.48749409011, 3.73588730335, -4.99999990543, -44.8389315259
-1.43202139829, 3.72631153109, -4.99997203976, -91.2420310041
-1.59149895348, 3.4846617504, -4.99993970269, -82.3041524686
-1.50590318548, 3.61568859508, -4.99996462504, -38.7247158385
-1.4766352903, 3.61591917529, -4.99998811301, -3.79323290458
-1.47523811461, 3.61449631681, -4.9999952877, -3.80726961769
-1.8936593585, 4.94560146825, -4.99538324503, -233.81644823
-1.47654255887, 3.61604941313, -4.99999440407, -3.79107208547
-1.47606289774, 3.6156669899, -4.99999683111, -3.75019851125
-1.47902588934, 3.61508025614, -4.99999463502, -4.11577919806
-1.4762839887, 3.61561021332, -4.99999600028, -3.72252010699
-1.48005083257, 3.61543984483, -4.99999489133, -4.45750103846
-1.47621825708, 3.61492949362, -4.9999948345, -3.74286176137
-1.56518275542, 3.5393729377, -4.93648691723, -5.78748175549
1.26747964072, -2.19097691149, -4.8817901693, -680.258338286
-1.44463169031, -4.9990001, -4.91300724083, -152.326280916
4.87969694812, -3.59013280586, -4.86015043877, -1908.74851655
-0.52135014646, -4.90014571432, -4.95452520719, -79.3794643064
-1.3499721594, 4.92258226933, -4.88913419623, -179.055345688
-0.503150628354, -4.01205102496, -4.89442844058, -0.0493685309767
-0.659526672663, 3.27521868018, -4.99946793037, -263.897590349
-0.367784167408, 2.85576824162, -4.97429207433, -653.152484344
-0.506325193158, -4.03703570224, -4.88648093875, -0.16580571328
-0.499433418247, -4.01300955147, -4.88163830484, -0.000199109624911
0.255975335343, 2.90252108484, -4.99998469611, -677.162412854
-0.536212259109, -4.01047769361, -4.89034791389, -0.36568999022
-0.513489415431, -4.01168070216, -4.85221772599, -0.257496058735
-0.526346071837, -4.01501309333, -4.88201300525, -0.18250625927
-0.496970679925, -4.01302578183, -4.99959726475, -4.06283217585
-0.499407253759, -4.01862895158, -4.88061402879, -0.00920724831697
-0.496504044337, -4.09755635964, -4.91071784683, -2.12965491703
-0.498952523598, -4.0125377815, -4.8814883898, -0.000228808554047
-0.540888777838, -3.97807778787, -4.83634487577, -1.22873379684
2.52226390147, -4.07336604606, -4.88152095888, -394.183226285
-0.533760267652, -4.01251255057, -4.88186257737, -0.296444193147
-0.498515171895, -4.01238270278, -4.88105250555, -0.000369818443625
-0.499605809278, -4.01257053696, -4.88098879654, -4.32767603085e-06
-0.492146641587, -4.01499176139, -4.88748653375, -0.0267268156923
-0.499998548862, -4.0078072382, -4.88198788324, -0.0061644151032
-0.498699181248, -4.01192455656, -4.88401015906, -0.00281262100225
-0.49959364743, -4.00487768379, -4.88140767675, -0.0152572478401
-0.450669234469, -4.01123898514, -4.89221817655, -0.61493572709
-0.501345983214, -4.01015428776, -4.95690494014, -1.5281993303
-0.501773067561, -4.06841011153, -4.87920944632, -0.788473004756
-0.508211341404, -3.97598805673, -4.86549740517, -0.425978152261
-0.484188818962, -3.82006669283, -4.88580759258, -14.0420424372
-0.495103511088, -4.02279343209, -4.89146724663, -0.0595136520852
-0.556956676093, -4.17911481869, -4.91033480726, -10.1082525453
-0.499483348482, -4.01227468259, -4.85592965553, -0.156652641272
-0.499692946024, -4.0126590282, -4.88089825087, -9.72123141964e-07
-0.296284282758, -4.01295286898, -4.88067129298, -10.8755860036
-0.499820400038, -4.01299008708, -4.88116611561, -6.128199257e-05
-0.501768469916, -4.02051617489, -4.8765303281, -0.0215852983793
-0.504963244992, -4.007713595, -4.687140754, -13.3072787034
-0.49953473713, -4.01266638532, -4.88128762832, -4.63132177608e-05
-0.499926533519, -4.04212031722, -4.86716198156, -0.262248907796
-0.418341985105, -4.02626320656, -4.88654404512, -1.65159040381
-0.499092095192, -4.01280471035, -4.88178090872, -0.000300339636334
-0.499823606444, -4.01255715387, -4.88115395019, -2.12788875937e-05
-0.502646440357, -4.01145128549, -4.86453062358, -0.0700518066071
-0.495917484892, -3.96022825864, -4.88528432228, -0.746491791272
-0.500678890867, -3.92127226656, -4.8869929567, -2.38144183199
-0.500056462693, -4.01258268487, -4.88013414842, -0.000180016848784
-0.499813575987, -4.01226985242, -4.8802792721, -0.000127090540167
-0.499948936331, -4.00907303089, -4.88132255993, -0.00321685128535
-0.499636340465, -4.013945814, -4.88070140443, -0.00047007699422
-0.499626627319, -4.01577562827, -4.88048435215, -0.00258745456195
-0.469838064315, -4.01245550607, -4.88509218401, -0.223823420698
-0.499939799304, -4.00861259926, -4.88085631232, -0.00404450072981
-0.499434120035, -4.01058872339, -4.88084763925, -0.00104118697472
-0.505917901752, -4.01179220016, -4.88087586831, -0.00997378852205
-0.489587474348, -4.01486432153, -4.82635426387, -0.785622463725
-0.495174298958, -4.01605622679, -4.88141658569, -0.00821416152261
-0.499567211172, -4.01253618455, -4.88084523119, -5.74312513241e-06
-0.507924597125, -4.0123893227, -4.88119474323, -0.0171674759515
-0.500033755316, -4.01206644518, -4.88416127459, -0.00279157530508
-0.490308593362, -4.00723469785, -4.88866953932, -0.0446992582516
-0.499718265676, -4.01259089582, -4.88094649033, -7.68117432645e-07
-0.499435534169, -4.01250833988, -4.88076226419, -2.35832929485e-05
-0.499747719477, -4.01261372406, -4.88081317034, -2.54207492582e-06
-0.499705497418, -4.01294865554, -4.88078340501, -3.44919589092e-05
-0.505103386793, -4.01248895207, -4.87074077497, -0.0334261638429
-0.499168972917, -4.01220196783, -4.88049608563, -0.00015018008539
-0.497748551419, -4.01099120138, -4.8802926892, -0.0017057341285
-0.438903928973, -4.0127900569, -4.8841189077, -0.903148397077
-0.495463681165, -3.96129656742, -4.88049385785, -0.708810367454
-0.509570883596, -4.01293455908, -4.88701930467, -0.0343774602369
-0.499749365841, -4.0100374479, -4.87974503138, -0.00199917634525
-0.499616044051, -4.01307324422, -4.8807905571, -6.16784611026e-05
-2.62909633907, -4.0386756286, -4.88046730616, -304.299607431
-0.499106285405, -4.01306259815, -4.86442896976, -0.0686211254249
-0.504134886642, -3.99870023319, -4.73641305157, -6.53814330209
-0.499167665634, -4.01264478369, -4.88211268802, -0.000443883362486
-0.500870285124, -4.02393889723, -4.85418952513, -0.212441690074
-0.499105213962, -4.01753839154, -4.88135423335, -0.00629416555312
-0.499367110273, -3.87059841679, -4.90249762016, -6.6830771558
-0.49932820616, -4.00991332145, -4.88351648613, -0.0036051531004
-0.507312898352, -4.03046344063, -4.88364960428, -0.0956371848112
-0.499644185402, -4.01525667336, -4.88238690134, -0.00234081128074
-0.499402100757, -4.01180535393, -4.87970365684, -0.000540952308255
-0.506416363895, -4.01223257321, -4.8838470052, -0.013705164236
1.07948770017, -4.0165170811, -4.7781999602, -187.83229898
-0.49779178495, -4.01240491846, -4.88016724637, -0.00106077763607
-0.501311614677, -3.99660669703, -4.8846168815, -0.0705811940272
-0.499298782202, -4.01106028517, -4.88034973171, -0.000713719774938
-0.499249051398, -3.96069979261, -4.81047080719, -1.99146199833
-0.498551039802, -4.01531446398, -4.88284199143, -0.00313673048361
-0.492581959777, -4.01015204447, -4.88065206063, -0.0143377553952
-0.501768776234, -4.01175296941, -4.88108757351, -0.00127918209556
-0.550600596941, -4.01290996827, -4.9108469193, -0.913858999726
-0.454721495251, -3.97460183012, -4.88721173338, -0.89074110184
-0.427640347852, -4.00694307485, -4.76202137157, -5.86245232625
-0.503340746917, -4.01642133251, -4.88144871639, -0.00712925276127
-0.49951175382, -4.01062601916, -4.88166251494, -0.00114334949508
-0.48761366224, -4.0197059238, -4.87950639348, -0.0495084014292
-0.501466889706, -4.01229931405, -4.88147090912, -0.000899087748223
-0.528046916045, -4.01222324861, -4.88142374869, -0.205057531005
-0.497519386386, -4.02667777991, -4.88183977897, -0.050783102748
-0.49738439748, -4.00564822864, -4.77383811843, -3.333284386
-0.646672495327, -4.16186023557, -4.87763640175, -14.2005653424
-0.532485779908, -4.05596472284, -4.85843348002, -0.854956937646
-0.499309753538, -4.01595651932, -4.88130008796, -0.00291553994612
-0.477278501816, -4.29680329278, -4.89530055018, -26.7983515541
-0.49507318005, -4.01752394886, -4.88123555813, -0.011495461529
-0.499394902229, -4.01198573746, -4.86925196068, -0.0343615634172
-0.496676303498, -4.01243159102, -4.87487964686, -0.0114469217878
-0.500157922468, -4.01240621066, -4.89478231648, -0.0488692051779
-0.580712450338, -4.01155346485, -4.89213006386, -1.71156565527
-0.42753813686, -3.95989310528, -4.88181111723, -2.10386906443
-0.498589110324, -4.0096777969, -4.87939252907, -0.0030448082165
-0.499905588727, -4.01419519594, -4.88073685823, -0.000662247008186
-0.486598450714, -4.0133008283, -4.8811532765, -0.0430685491396
-0.489953171358, -4.02151890812, -4.88132468405, -0.0435917110107
-0.499969531512, -4.01037168642, -4.84111919647, -0.402266545791
-0.502372370489, -4.02070588877, -4.88013399116, -0.0185490095562
-0.511113471717, -4.56571173164, -4.90197948295, -65.0874595321
-0.499650055145, -4.01295010024, -4.8809202584, -3.21232647314e-05
-0.499646319248, -4.01436770471, -4.88112947962, -0.000805426333307
-0.610050183302, -4.01035619635, -4.879878003, -3.0849960007
-0.512972011177, -3.97609324791, -4.8838988442, -0.40105551338
-0.502546247406, -4.01285106231, -4.85663039712, -0.150481169293
-0.491797079227, -3.96970811412, -4.87736720833, -0.503827390691
-0.499720105719, -4.01252725246, -4.88051651248, -3.79434748761e-05
-0.500958948242, -4.01269875735, -4.87984038422, -0.000688680815727
-0.498776417737, -4.01259429402, -4.88064973156, -0.000229219226402
0.486567553228, -3.90254282039, -4.88406737298, -144.980966282
-0.515832838657, -4.03340044852, -4.83843142756, -0.626727962388
-0.599574643613, -4.023468024, -4.91909588689, -3.12754371932
-0.499129050313, -4.01031771165, -4.87968374961, -0.00177183867186
4.90692052347, -4.01268906303, -4.86974459909, -1894.30667381
-0.50739783094, -4.01152038516, -4.88018032334, -0.0154386840356
-0.542082851204, -4.01303683376, -4.87978315411, -0.454844555638
-0.499297796859, -4.01958330847, -4.8827000487, -0.0131451734957
-0.500051487258, -3.82104063959, -4.88393396066, -13.54893393
-0.499560630741, -4.01268296954, -4.88168620318, -0.000163745987273
-2.73108805222, -4.01507082264, -4.93499677948, -319.249227327
-0.500247233138, -4.04251839461, -4.88659063321, -0.229174589747
-0.524845697219, -4.01333522369, -4.88608608219, -0.168252604225
-2.15991909252, -2.00691229609, -4.85042799029, -490.930216293
-0.541829408178, -4.00633073123, -4.87365257104, -0.470850025429
-0.499785547233, -4.0125590678, -4.88060323952, -2.42168397979e-05
-317.238198895, -276.721827565, 336.495442774, -6.17984168221e+16
-435.191602145, 623.448970422, 170.581544722, -1.74749873806e+18
574.672347493, -131.652805956, -422.985833146, -4.12135425319e+18
213.305990794, -648.41714551, -120.400750466, -1.49590461496e+18
68.7404674806, 12.6528056485, 115.425820792, -303416.656479
-413.90739695, -211.453440489, -258.970062287, -3.69742448307e+17
-67.7157130881, -25.015578906, 756.142625966, -3.37217778395e+18
-90.5500599159, 728.755389122, 23.0385881417, -4.82772021905e+18
729.165327285, 270.469276601, -103.459431578, -3.15181012742e+18
282.875580232, -462.597612438, 394.528816263, -1.0042951761e+18
-38.4489554511, -178.547042985, 370.008042261, -7.07400776414e+15
119.77184545, -259.158891739, 553.188970137, -1.46044652112e+17
256.299107674, -98.1098573464, 481.679465365, -2.05842680318e+17
587.660393789, 175.584901853, 40.2529744429, -7.51445105675e+17
-468.642765869, -474.810105974, 125.816627935, -6.26098920697e+17
286.041058164, -394.435135439, 561.476360415, -1.13857598059e+18
737.347349906, -109.95575671, 321.648139351, -7.95964487418e+18
94.5958594516, 377.609078094, 379.334151678, -4.62827783523e+16
-891.47359997, 235.097764749, -251.51687007, -1.60963671957e+19
469.679313717, -253.086289766, 23.4417888808, -3.80118856734e+16
-395.29564178, -228.016153414, 77.2104499052, -3.66697616845e+16
12.4744266389, 166.187205401, -299.009996019, -1.22546663399e+15
-341.513283134, -93.5833689296, 292.381310265, -6.00680879417e+16
-507.621266317, 376.11088542, 466.248616556, -6.49217513004e+18
408.900124649, -408.090272978, 727.325038601, -7.03231990098e+18
319.461402114, -535.526549456, 737.761453146, -9.23535502043e+18
564.184443711, -36.9414646573, -370.135111676, -1.89343025378e+18
350.024683395, -22.0156945306, -476.821044273, -1.02273446715e+18
236.42303664, -131.916244867, 55.9556856895, -2.92140849644e+14
-631.111870278, -189.140293262, -9.56492719472, -1.17107933922e+18
183.082960503, -9.85244346075, -77.991872218, -7.01449319387e+13
-148.226109723, 227.651527667, 417.362051304, -1.90634052697e+17
-385.980901777, -26.9015098148, -53.4383254929, -1.9946235735e+16
74.5695533557, -272.600729384, -82.3776946764, -1.08736551832e+15
-3.66265777539, -324.461246659, 57.247843794, -1.00752853399e+16
-165.930685751, -324.21476944, -212.709771113, -8.38550530265e+15
-29.3869361914, 744.949116211, 41.0826778287, -5.29524414112e+18
-131.216848485, -136.04389617, 316.166483405, -5.99259320495e+15
-39.2799290886, -321.537983616, -574.501653197, -5.88336291342e+17
-347.0187998, 699.931532358, 220.521499772, -2.8855484516e+18
359.444037906, 12.9851284343, -286.54636863, -9.45403918381e+16
-359.831720629, 481.751252293, 368.205602674, -1.24491530394e+18
388.283291567, -95.4718275822, -300.348431863, -2.22524169898e+17
69.8078556209, -601.670305698, 671.850538008, -8.17689813212e+18
76.5885370857, -269.398641263, 32.7993284996, -2.32098992605e+15
-294.393983402, -821.220546746, -112.655754335, -9.8335353589e+18
-202.13990782, 158.248430048, -28.1196677782, -1.8679804129e+14
44.7677858267, -43.5170319179, 326.162785156, -2.25124170096e+15
-648.06640257, 408.893505365, -386.457938232, -4.9822971391e+18
44.6438251109, 444.869445901, 745.908704206, -5.85191239027e+18
268.382665119, -134.768894806, -299.564261562, -7.22669282568e+16
-294.069018208, 862.797552613, 522.916030967, -1.47987208169e+19
413.00156109, 307.428187186, -809.344178041, -1.58457322018e+19
-16.2564960354, -740.256790667, 401.79943524, -1.47326255339e+19
252.587621176, -256.932068872, 730.580793057, -1.90302024756e+18
-2.88611149324, -19.6393319591, 562.993929876, -2.50019600764e+17
600.625789587, -208.519299459, -89.1907945857, -2.83896136115e+17
-339.656343452, 205.802037754, 43.5461943618, -4.09298427516e+15
617.898220609, 762.309352892, -141.969337604, -1.56777781045e+19
392.047359739, 150.710317926, 247.937311337, -2.05530250006e+17
-194.776428348, -16.6416275892, 264.239950955, -8.10589850479e+15
9.35838580642, 292.97459005, -392.413916142, -3.80809394576e+16
612.695190781, 867.909466601, 674.60318449, -8.91594622696e+19
356.631063395, -230.228288429, 143.418987448, -1.90708103131e+16
-382.108140163, 442.224872255, 230.350885602, -3.17337036275e+17
457.158451047, -229.097850159, 248.324538643, -2.14691703659e+17
-308.938312229, -113.002716553, -62.5620318121, -7.60800089717e+15
427.339068724, -144.771909459, 15.4481937765, -1.56368373623e+16
711.459539683, -52.4243914388, 357.889509646, -8.64541663559e+18
400.604900711, 40.6139064731, 788.117168043, -1.14786813553e+19
229.17455327, 30.5379682069, 160.641882938, -2.6812644517e+15
-221.842938544, 312.552834794, -267.766395308, -5.62918092193e+16
-781.269662337, 523.135964311, -821.792767887, -1.19585318417e+20
-787.64371361, 313.409207034, -112.230758055, -2.82611336887e+18
181.095786751, 91.9947859213, 86.810212517, -3.03198559048e+14
-142.135299829, -414.735605334, 541.271935434, -5.65034808005e+17
-45.7908082508, 739.992105292, 301.880606239, -2.52189719246e+18
-100.172705424, 310.473024218, -305.943249984, -4.16896140375e+16
248.897160303, 243.565111036, -630.748259331, -1.30660606588e+18
-136.723346009, -160.131420027, -161.245817413, -5.10985352381e+14
461.413318797, 631.540759383, 179.126498205, -2.78830940611e+18
182.368049776, 374.017765196, -713.399632496, -1.90471643329e+18
-464.600535437, -575.864955441, -645.890875704, -1.6129140531e+19
-310.213026172, -682.940990167, 533.042883858, -1.07773641502e+19
165.536357602, 370.658936114, 686.423165095, -2.41602843499e+18
-594.055083248, 196.941056435, -720.340364333, -2.37122317264e+19
-80.484460621, 359.268303039, -283.579030218, -8.64747886814e+16
360.09062775, 29.8783507842, -59.0739130708, -6.06364376075e+15
576.341661172, -189.453376206, 300.01246549, -1.32763274067e+18
651.449380291, 403.44889114, 326.814661975, -1.09646968933e+19
577.842277379, -371.368538791, -315.948640926, -2.82899995287e+18
-498.769583975, 699.199593605, 59.2195198417, -5.54314137387e+18
290.744537746, -312.296645862, -434.819400878, -9.21566910662e+17
838.243386982, -542.089041155, 0.156257423704, -5.47669495789e+18
-448.500562482, 175.361874172, 418.779032899, -1.73565500915e+18
721.548342607, 268.298842835, -591.540419954, -1.82085703847e+19
-834.519849148, 165.751642581, 662.512700043, -1.01937555393e+20
363.053273172, -16.5808907085, 756.693935007, -6.61688881509e+18
-91.8569862623, 364.764827848, -520.547240714, -3.11698668286e+17
248.845277444, 208.760004202, 593.881061668, -1.0319033727e+18
-567.671883891, -23.9901025782, -223.580630429, -1.07993903217e+18
-614.5957073, -446.922705648, -224.892845873, -5.79655221904e+18
708.39449636, 351.574175929, 559.447604535, -4.44625337411e+19
-298.261061984, 277.085489845, 591.566928975, -4.5656083386e+18
-62.0580855624, -290.545460889, 13.1236897013, -3.17405629793e+15
-112.444678554, -270.403867165, -231.067911876, -2.21712470369e+15
-389.008208801, 472.356430409, 681.402213154, -2.38124706597e+19
487.903296003, 619.225346832, -883.399566452, -3.51695550372e+19
-660.399323313, -165.244413749, 14.2166746568, -1.36435195233e+18
823.893598483, 77.3084724371, -17.7369229376, -5.5387571659e+18
-263.421557103, -304.166740064, 146.859781626, -1.40936196511e+16
-458.663239164, 197.471530708, 105.931562411, -4.98221205845e+16
-305.884899636, 342.229524643, 109.963667332, -2.53697929911e+16
33.5443562352, 794.380261247, -463.883906452, -2.85311671561e+19
747.009000661, -229.829003419, -375.4477825, -1.06948930169e+19
36.6395708835, -6.59042082324, 22.3754921811, -31807.7853992
180.879359441, -266.899689603, 520.495677953, -1.61961412634e+17
-38.4332708448, -78.1310371556, 197.097286317, -6.94807596801e+13
24.7699127927, 109.529112072, -571.390867333, -1.94862889881e+17
480.826708111, 234.923334639, -662.863564286, -7.99096507253e+18
-144.947871501, -690.784897161, 24.7505487405, -3.2252804469e+18
342.19293943, -32.7260909309, 102.896339769, -1.03517178838e+16
560.140506281, -649.081773264, 75.8602398306, -5.13976758622e+18
-261.150788032, -97.4140635195, -172.484315552, -8.79098059643e+15
387.262945794, 141.002940469, 76.219422037, -4.42156178795e+16
-59.224989266, 6.35943464429, -289.104212431, -7.81226911062e+14
-701.731732364, -397.696451939, -616.015103838, -5.87795733396e+19
-287.772587173, 329.409121739, 814.108552886, -3.15946300501e+19
-793.593091938, 140.451226415, -293.881317055, -1.05014257517e+19
99.2946459899, 229.975039846, -234.26539351, -2.83475216159e+15
297.722291712, -631.574728661, 179.985097599, -3.5461316226e+18
5.67668937452, -51.9578603506, -167.853554784, -2.29126133074e+13
-581.506689832, 262.551955955, 42.6087327874, -1.8046300882e+17
-190.59640824, -144.299304559, 309.349744568, -1.04719366534e+16
787.823255591, -290.497352221, -517.99498462, -4.1079040785e+19
-480.58617219, 635.739419428, 250.899329214, -2.65523542498e+18
695.922130969, -844.602038396, 226.760009196, -5.40943955949e+19
707.487069792, 297.80457331, -421.561907012, -4.99501969013e+18
22.8666309492, 501.03278412, 766.961502678, -8.58240567465e+18
671.646804445, 369.641457643, -34.1106672758, -3.01767777483e+18
4.30493199681, 163.354760532, 335.122625854, -9.775311347e+15
-368.911175593, 183.189000632, 516.48563593, -2.72003759391e+18
210.411767609, -180.383877218, 51.7184756297, -4.07252242926e+14
-692.034957484, 226.251480477, -441.258011521, -9.53129273035e+18
843.35886174, 524.649110752, -663.190564048, -4.43008688464e+19
276.686439477, 168.897666342, -128.373667279, -2.17459322593e+15
-191.875886588, 48.3653125156, 610.165430827, -1.66957750245e+18
-64.10221725, 47.974773408, 91.2080039701, -22848.8077458
75.1067335187, -133.588852443, -130.381517247, -6.58270871318e+13
-14.170084528, 621.554399474, 208.167493923, -7.06171617136e+17
-94.1577486167, 105.524886541, 212.36337209, -1.1181208224e+15
-465.994703807, 267.208536039, 628.02776957, -1.55790434409e+19
527.069695352, 271.007304695, -574.498360352, -4.65699037655e+18
-654.834007848, -136.086302453, 36.5679220847, -1.06398363367e+18
-329.095072832, 305.683263191, -803.480210722, -5.65345279323e+18
340.552241395, 479.36969289, -108.863793667, -3.20797225897e+17
357.83848923, 4.26640673196, 108.169667932, -1.76794747392e+16
-29.1058991343, -285.271010569, -236.596758687, -1.62221053536e+15
342.861442961, 216.995680697, -646.921984962, -3.04762978709e+18
465.433664116, -325.474407229, 37.2788888517, -6.89656172485e+16
221.258155164, -44.4248314542, 149.329578311, -1.3290835002e+15
302.58403058, 66.0086849316, 528.074131903, -7.12799486386e+17
488.105918255, 10.2904035658, -502.660516874, -3.3503661224e+18
86.6071945926, 486.195775378, -324.279663474, -6.23455535081e+17
82.0217656375, -595.959107304, -118.749788609, -6.60465727837e+17
153.172784207, 564.466250621, -211.818636424, -1.21064883979e+18
-296.42339459, -322.020942657, -26.7035399209, -2.56955044906e+16
52.2179839709, 261.381219401, 17.2839414871, -1.16713831378e+15
-491.602168322, -54.4014647421, 229.750435184, -1.73391614393e+17
-190.191255919, -121.043315209, -232.443183947, -5.08297742181e+15
-7.27795286247, -225.207341673, 316.773546763, -5.14004905484e+15
-196.757903741, 373.743257937, 295.777834823, -8.64055043291e+16
-136.485283011, -514.179001234, -317.298511579, -1.20382960144e+17
115.857614049, 149.278906318, 371.147921014, -1.74327747376e+16
-18.4477130909, -888.147692256, -416.108155859, -9.33679515833e+18
705.131412671, -449.325120642, 321.288700743, -5.5078770398e+18
-62.0038758192, -681.036525587, 8.37752752351, -2.77157505903e+18
-16.8988480985, -546.271515814, 234.190913445, -1.04612410055e+18
595.427212193, 745.399054298, -820.078664, -5.52475096327e+19
-325.988576927, 106.745295891, -253.611288488, -4.08386326136e+16
432.815498025, -634.341036501, 295.801747431, -6.6110583773e+18
473.027808672, 607.285633989, 344.18151482, -4.28775647728e+18
71.9179049004, -134.961480371, -141.673540946, -9.21577870437e+13
-299.449701672, -627.25409459, -67.3790731521, -1.32888923707e+18
16.3419064482, 591.708487643, -72.714678687, -1.16821674007e+18
-19.9591748291, 433.76086127, -749.75935501, -2.16124099596e+18
-245.220396616, 61.8896618344, -20.8563931284, -2.34284797914e+14
-147.579379503, 305.818181084, -868.750173884, -3.69673975405e+18
411.945173602, 242.259876029, -390.23258585, -3.11281412113e+17
117.346629514, -462.793485951, 276.224803106, -4.37213998758e+17
78.47346375, 550.179086879, 551.008390271, -9.24958214072e+17
782.378185921, 156.46261279, -483.384016114, -1.49878590198e+19
-60.2332988838, -113.489738953, -86.9884761697, -2.90273926838e+12
696.895279488, 251.887458705, -270.98449686, -2.1743089674e+18
-3.84783251525, 578.309026713, 10.4885073119, -7.47359778724e+17
479.99549403, 177.595779183, 243.079002598, -6.69107524239e+17
-4.12790837262, 51.5174058771, 258.248075981, -8.5172609856e+14
-308.847276914, -30.9434706124, 124.323458078, -3.03787746248e+15
111.991729851, 816.965066278, -233.693387863, -2.02171099403e+19
-341.868035062, 916.653529494, 199.559757502, -2.44780350984e+19
500.03286592, -334.1457853, -341.7151351, -1.83890637896e+18
75.8951783377, 430.159372133, -161.723283777, -1.40880730684e+17
-261.493670734, 11.2018420843, -480.681967997, -2.4548998626e+17
128.894504222, 34.833319581, -282.333908102, -4.03530376672e+15
-140.013543531, -218.605733224, -716.228967689, -2.0213365418e+18
459.906185012, 117.919898121, -625.962704705, -6.58474630663e+18
502.056388035, 479.705800355, 490.465338584, -7.90155657641e+18
-101.85339285, 610.515429181, 69.1011311867, -1.01764483913e+18
-491.854172067, 493.729772405, 152.985082143, -6.39188212485e+17
187.727938487, 659.748210684, 35.1603512267, -1.9464348162e+18
-272.178755899, 441.831213653, -314.104084287, -5.82475149768e+17
437.146415048, -341.666485639, 225.984254512, -2.26393282407e+17
-145.817331941, -489.480178405, -347.205634392, -9.98617793209e+16
323.528752124, 67.6741645525, -226.218972888, -1.98809047699e+16
-60.6546094576, -258.791420617, -601.055438168, -6.38166230973e+17
219.147942567, -560.099780342, 433.262058447, -3.12998919034e+18
272.457101714, 492.033830443, -550.542915385, -1.59599511157e+18
-257.358504631, -112.048891522, 12.5733447909, -1.07563804686e+15
385.087969705, -46.0766214961, 234.332565099, -9.26605216191e+16
-632.059824457, 29.0050926619, -362.244665446, -4.6162881969e+18
504.06151399, -866.454418686, 386.27831542, -6.88177543279e+19
-445.713517579, 731.782940415, 883.58962852, -1.82401290055e+20
334.455973973, 81.9862889299, -139.555953472, -6.47719585381e+15
-527.48321773, -569.345705342, 153.367852996, -2.18202655778e+18
617.453394416, 796.473194336, -420.739029833, -2.88870039633e+19
-298.853357937, 200.382728442, -228.325211477, -2.05095732534e+16
136.063501938, 287.654982664, 419.601519653, -6.97243168526e+16
366.518292219, -495.944320789, 341.275291766, -1.52771786844e+18
138.442444732, -463.801535009, 405.963934967, -7.59105776382e+17
631.15933031, -79.3842975449, 22.7266083389, -4.82215113273e+17
-34.7446332132, -577.560249178, 839.761900175, -1.07325228457e+19
2.69297976096, 100.412300983, -62.8830465157, -328784.974167
68.012596415, -90.1212301235, -13.9947129613, -343290.85866
247.047207343, 763.877244754, 233.03985514, -4.12961300701e+18
-751.513323309, 373.597095872, -157.551751616, -2.64781016198e+18
-423.452614783, -155.533569438, 52.2107300363, -4.18297970018e+16
-475.352125375, -266.769900687, 662.793120486, -7.33192392461e+18
574.348896337, 293.343278333, -759.211005194, -2.56613683438e+19
-712.016076417, 675.568663862, -214.334569098, -1.55048316386e+19
-334.472985577, 101.68849172, 329.572147392, -1.89686738301e+17
-64.9660111966, -496.278822734, 453.75240859, -1.09279976164e+18
299.43129647, 60.550451063, 411.629148211, -2.24987301312e+17
357.723062649, -19.609271533, -307.889841902, -1.39405263657e+17
-643.152170324, -113.459717176, 469.852150843, -5.63839803868e+18
19.037522714, 864.505400721, -263.620035508, -3.40647602482e+19
114.580623504, 371.609816314, 687.510887317, -2.40105627014e+18
-270.005107155, 144.33354354, 346.926340324, -1.51093710961e+17
-213.909687107, 86.3349365607, -259.338169397, -6.49103309796e+15
-368.4132601, -52.8014075139, -27.2014352182, -1.30328731705e+16
25.6352966372, -357.28550188, -145.174620931, -7.13604325049e+15
-397.712275639, -65.2349579853, 561.799663168, -2.79675841399e+18
-215.146343973, -393.363706257, 254.308393322, -1.05230052931e+17
657.23498658, -332.082196545, 396.423570348, -5.08212718582e+18
329.501666153, 601.974960076, 583.538810498, -4.06611448481e+18
32.2433978168, 124.61600106, -84.7781740752, -1.2400106888e+13
-472.782427932, -54.6319984972, 26.0969298045, -6.34834222304e+16
-70.9648307845, -3.06637319828, -747.153025747, -1.74289422507e+18
-168.263143523, 246.567673198, 326.360062417, -6.06492064563e+16
-493.986766837, 787.575183514, -326.21579625, -3.35592627694e+19
-318.062298838, -79.3545136779, 90.7722603482, -2.93787234915e+15
-538.449315617, -516.036501089, 251.338917508, -1.51604553962e+18
605.132186352, 138.549488963, -161.555521897, -5.0255401877e+17
-670.367981596, -824.543087211, 223.190030721, -3.10391390097e+19
697.20967201, -672.711656758, -357.698373621, -1.84301216033e+19
-337.470835102, -234.246097897, -227.372968618, -1.06058620358e+17
36.9638042612, 1.64802521965, 102.939450016, -196396.524321
516.457552001, 228.937167036, -41.6625046913, -2.65540449386e+17
-124.073057305, -294.294010963, -553.613111094, -3.71416810379e+17
-371.202284765, -98.0087557473, 372.332086274, -2.45312962518e+17
-233.79511941, -397.29527061, 579.890749432, -8.15943754003e+17
-221.627289424, -114.75451869, -154.45933301, -3.17073396713e+15
-388.888075239, 210.620784621, 139.166472962, -3.31907040908e+16
426.736963181, 135.488666813, 71.2597674322, -8.0057731871e+16
-416.447529, -337.742858309, -184.817657305, -3.65351755837e+17
-98.4081784089, 34.5559929127, -126.623433074, -1.69352020877e+13
323.143227512, -456.949169263, -25.5588702269, -1.76844356021e+17
-140.964223069, -56.1832653441, -152.870877655, -2.55946879709e+14
462.698325453, 252.00032331, -7.32291465554, -1.61534210297e+17
200.071949277, -436.588538941, -509.082861032, -1.55303263249e+18
-600.396683759, 761.053753285, 253.863669525, -1.11577154344e+19
-233.180514088, 239.836387672, -149.243572825, -6.73855971772e+15
109.956166276, -413.675814245, 469.77747171, -4.6790969497e+17
-193.606034116, 397.513854503, 190.710948586, -3.31277132759e+16
346.328837056, 115.187333921, -826.601882459, -1.87352429644e+19
-79.2764514469, 503.626736064, 230.988980065, -1.17193093212e+17
87.7577240768, 32.214269496, 274.721893286, -1.14166961324e+15
-598.730635578, 345.57645088, -269.495126729, -1.35581333076e+18
-299.733417669, 80.2797244001, 47.5650926573, -9.8701517438e+14
597.873406754, 606.66658963, 156.695070403, -6.85500800725e+18
729.948718817, 393.851467167, -8.04737860296, -6.20468099192e+18
799.149387879, -189.578595877, -418.231819301, -1.86413579722e+19
261.114609395, -415.760837401, -72.2165030856, -6.08500039727e+16
-560.402450319, 753.099352306, -595.724607732, -5.7129583856e+19
174.872006739, -192.749397922, 150.680541442, -1.22441829148e+15
-477.906185598, -61.5030138856, -111.115668851, -1.72186721151e+17
-259.908423437, -278.074704357, -279.451278932, -6.02234093557e+16
-281.840496454, 208.188656753, 487.505610107, -1.18639408353e+18
164.519576889, -192.318358816, 82.3202541904, -5.16308409745e+14
48.4300894145, 492.153293101, 35.1161592036, -1.81103702489e+17
272.681703346, -23.9465500494, -732.996548583, -7.82167485991e+18
-528.661695782, 532.396176895, 250.181465316, -1.84642480477e+18
74.9390867979, -149.420068758, 7.94374053646, -2.03859280022e+13
-143.164531017, -174.946618571, 155.703503529, -3.03336852901e+14
-596.873489534, -514.586328424, -388.557102772, -1.19341949163e+19
-16.4487807715, 685.516014327, 263.864936014, -1.40525101604e+18
-154.388903309, -538.137919329, -421.068628503, -2.55111094919e+17
9.76702786215, 526.108002182, 135.564946134, -2.1565008941e+17
-458.328876536, 33.9960006727, 345.637299498, -5.82936394675e+17
-800.36593563, -560.87425601, 120.583982515, -1.5694996162e+19
228.354161418, 3.06572638615, -86.6772861128, -2.95648027822e+14
-765.567444413, -429.260995, 619.873884754, -2.27988097033e+19
-153.881034012, 392.504691096, -299.349704461, -1.9362816777e+17
-474.284436274, -46.8942090697, 461.592420064, -1.83999747689e+18
334.756777724, -313.471916022, -628.659069281, -8.30474976472e+18
428.953143836, 804.043773989, 177.970839498, -9.5043632845e+18
-294.730649189, -53.4404239877, 623.663756791, -2.77469593898e+18
498.764306741, -844.50111111, -216.44811809, -1.53737253513e+19
388.942130762, 223.90170045, 297.597804783, -3.69391482147e+17
-169.74970181, 101.857405982, -279.742939379, -3.71262291667e+15
-379.335177523, 106.218532705, 487.172456616, -1.78569010906e+18
265.154830923, 545.608519431, -0.686473403167, -5.1569391451e+17
174.598705461, 782.214634869, -881.429349679, -6.11485273283e+19
-340.113509186, 67.5254422184, -420.042307261, -3.15933959567e+17
190.673089228, 424.807282529, -269.4892041, -1.92904336489e+17
-606.689873152, 200.59676052, 370.795101835, -3.63937653048e+18
-331.491727374, -0.90017759546, 280.011803683, -6.25686733241e+16
27.2513842504, 39.6004740225, -1.94818317803, -32055.9048056
210.682082635, 88.5940180334, -47.3601248478, -1.55946246726e+14
-50.1945052577, -518.039463373, -208.302351552, -1.3817147664e+17
372.903585844, 308.866673035, 240.638127629, -2.55052795073e+17
181.127156697, 566.799920069, 218.693623679, -3.36812066648e+17
-384.525833554, -354.37538024, 108.851048096, -8.63011567442e+16
653.606097573, -457.413130575, -370.715262022, -9.11611709572e+18
520.618133705, -561.850648195, 394.843835922, -5.9246350328e+18
-456.513269163, -303.746551233, 396.745447681, -4.60679041292e+17
-553.413054047, -374.408798639, -608.614440934, -1.88904384693e+19
30.2870576188, 259.518167712, 806.298723187, -7.22621082366e+18
253.405699887, -796.085600009, -148.596769526, -7.68139418953e+18
411.739153931, -303.58151192, -119.866829622, -6.00097729991e+16
-444.347948416, 141.942306572, 6.03278252543, -1.95372787905e+16
-604.74052553, 438.55142122, 474.3994142, -1.41271576935e+19
-125.372955855, 633.137148083, -59.9393973669, -2.11203529071e+18
-428.348505035, -294.697807714, 864.570997322, -2.77258078851e+19
275.299158956, 394.231989073, -361.172628318, -1.91242586923e+17
478.828421827, 192.84637005, 165.326941891, -4.09431226074e+17
-204.225073779, 11.6056324716, -361.70922022, -2.8074595811e+16
-189.498059844, 198.11046087, -78.1722583418, -9.0655912787e+14
-256.080902283, -14.3043100995, 141.694247795, -1.53804216417e+15
158.150779661, -391.01649435, 313.433247429, -1.85628396003e+17
437.458529977, 566.398686243, 432.874223228, -4.01182629598e+18
443.517694073, -612.502692043, -214.490614666, -1.62412370658e+18
-24.4932048734, -288.679107574, 11.8282079107, -3.00264276643e+15
604.593797204, 512.161385003, 289.888818196, -8.20977089154e+18
-151.214392281, -153.076273463, -569.273320292, -3.38705939815e+17
-184.072477603, 668.290374651, -587.1163111, -1.47920532692e+19
-22.0909618335, -620.622929366, 270.332955201, -2.94239844717e+18
-232.684917797, -451.828234249, -35.767775508, -1.04955110433e+17
265.781160247, -321.905490711, 237.926938655, -6.01852900442e+16
-355.383523067, -534.560403175, 525.459593309, -2.43583534101e+18
72.7765626296, -910.168909682, 26.6462750217, -3.05989446529e+19
-279.279066516, 13.2460499674, -577.168578034, -7.5438326013e+17
-451.806209695, -111.467768309, 438.958441653, -1.03749411743e+18
-536.523635366, -494.259658892, -365.74278268, -5.99876834719e+18
863.388357945, -667.667533611, -377.632315763, -4.88722533145e+19
438.963904796, 712.730986859, -435.882117355, -1.1985728725e+19
-348.491042827, -195.158553097, 415.746678244, -2.58631226085e+17
40.987913176, 230.025749391, -459.269832139, -3.33145088009e+16
441.129506271, 327.289924426, 295.724974025, -9.33964794482e+17
715.267044599, -395.673406627, -261.984140993, -5.02727989224e+18
-87.3623548663, 456.138897179, 164.20345088, -6.22382339576e+16
-272.265232422, -578.225818005, 202.275654435, -1.39472720877e+18
670.740289376, 43.0988542756, 224.593983094, -3.3416374195e+18
-647.973631475, 306.376796361, -504.730088345, -9.39732944816e+18
687.612011443, 626.916550403, 185.586149218, -1.65284457155e+19
336.525174217, -96.7219432681, 130.758964393, -1.03141217732e+16
-56.5662323662, 388.888393796, -253.693085549, -1.20244776721e+17
-239.565592756, 283.693576629, -55.7604234054, -8.78227825038e+15
-272.013031822, -625.85941171, -118.466553547, -1.10964844107e+18
29.5162653925, -84.0800622567, -334.395636511, -6.84757742065e+15
374.299608454, 320.913734188, 355.579096943, -6.31824021371e+17
-403.902420571, 253.291659564, -270.725777972, -1.51110788491e+17
-793.69014436, -168.9215777, -413.193093036, -3.20492293307e+19
-788.842218992, -267.269575215, 89.0171581236, -5.76233956841e+18
-443.615933353, 743.871786701, 239.202321397, -5.66424516486e+18
-310.052085524, -325.41519128, -640.385490262, -2.96672808695e+18
294.288859816, -71.5581658437, 127.657093354, -4.5212223885e+15
-37.8299892023, -203.779724422, 499.949178438, -6.85445557706e+16
395.422959777, 419.998953753, 362.672028611, -1.12416661653e+18
409.632328595, 658.949011875, -494.30183933, -8.08628316237e+18
208.134455027, -416.832261855, 673.108758571, -1.77522241923e+18
-516.536098232, 282.021817536, 775.148596711, -5.99987665295e+19
187.873267739, 676.112771088, 139.842986001, -1.78839727925e+18
126.878189279, -0.55415257841, -232.088077524, -1.47056752044e+15
-232.352490937, 581.22692923, 112.794072796, -6.9604168509e+17
-406.166478175, 274.754988851, 547.388816025, -5.7064064323e+18
57.8686297834, 195.573723979, -222.699075122, -9.78015263513e+14
450.374877758, 266.531614114, -51.2671037202, -1.2196664953e+17
19.7802247547, -270.453766817, -811.711046801, -8.23984641209e+18
440.457571096, 353.640070123, -288.752206827, -2.01278902469e+17
-150.078742579, 288.015681749, 122.604555227, -2.57934067386e+15
485.240982183, -751.594659547, 137.755491691, -1.41685108679e+19
-558.762959289, 243.751415268, 107.552784951, -2.00468674705e+17
-497.806306047, -243.229849501, 614.689065695, -5.78723957569e+18
467.005894584, -82.9899196883, 223.388548668, -2.37909869237e+17
408.956589699, 797.681543511, 176.085960278, -8.52194635717e+18
17.1759025039, -379.409573336, -140.617409385, -1.22009451561e+16
86.476675009, 48.2672443839, 131.79912458, -2.11404496993e+13
645.407559455, 39.809418871, 546.603244748, -1.68949259467e+19
-619.314049433, 36.3421403179, 709.286147558, -4.05049986279e+19
13.2924086281, 372.764387373, -541.433273546, -3.27746695956e+17
237.465256465, -186.204675591, -451.308769964, -5.06865185208e+17
756.951675829, 244.11858247, 228.402751347, -1.21230791766e+19
-556.544033382, 251.665049409, 332.550886432, -1.99881630383e+18
185.372110594, -630.038464971, -532.487021113, -3.22253916988e+18
-451.273333034, -148.350379476, 383.587195742, -5.08434612264e+17
-122.085166879, 155.692258196, -358.516924383, -6.52774023519e+15
-53.8615265974, 333.093557216, -647.71373088, -4.80026713474e+17
39.6095692689, 748.118169122, 633.620365429, -4.93510894574e+18
-693.487378912, 556.941372574, 381.448309598, -1.51065973337e+19
516.469286936, 173.002408984, 177.807799314, -6.66226365716e+17
553.670401012, 160.292311585, 70.3384174202, -5.39638083326e+17
-619.141371307, 47.9444180166, 427.589337143, -4.67028713939e+18
-643.703694835, 63.463631818, -110.479886068, -9.66572488363e+17
16.647687297, 257.033965359, 48.1056363941, -8.18377428598e+14
-604.069083464, 470.483325722, 611.09425138, -4.05710782522e+19
676.678285782, 81.3897917149, 373.778709802, -8.86697594441e+18
-22.7483851273, -350.840938397, 365.012836681, -8.61958340559e+16
72.3188269524, 154.132440672, 155.135882823, -6.52356781193e+13
-290.55827717, 42.092450983, -696.325114869, -2.2466120993e+18
-255.136297849, 27.903791433, -375.661106651, -6.94640407881e+16
-409.498054594, 341.045137105, 476.415107597, -3.51948432921e+18
-78.4547854943, 537.74912593, 380.157025301, -2.88932239235e+17
-31.1307045116, 198.474846689, -453.642370554, -2.05990802772e+16
-52.2839901889, -274.213407965, -718.822761958, -2.61357683622e+18
175.991884022, -688.745219587, -247.298523153, -1.67686326592e+18
206.847722553, 152.982774505, -128.38663062, -3.78879910748e+14
494.585974215, -587.632692651, -108.422754875, -1.46689368784e+18
92.706591266, -265.6679759, 206.459350026, -7.50576438111e+15
43.4050341312, 208.764131327, -25.1311318228, -2.7702548401e+14
790.196354734, 116.88848441, -599.686215392, -3.62155924534e+19
-41.0930167512, -354.001669461, -160.220187036, -6.00285112483e+15
-243.678981864, -123.908863552, 155.158745859, -1.08211479801e+15
305.859564554, 110.614646332, -54.5385615402, -2.81278977495e+15
-379.388439014, 365.933048581, 526.697854487, -4.94294983407e+18
-74.5536493046, 82.6634962518, -335.091565405, -2.01079721991e+15
-23.5769855103, -2.16321917655, 48.6153576233, -38784.4108869
643.073342526, -218.06532958, 43.7783147263, -4.44549350352e+17
-42.0912253334, 485.977581536, -117.306871981, -3.20309204302e+17
24.6396169523, -281.068546488, -45.8968960956, -1.67217584422e+15
-101.909098714, 654.543450062, -351.989460947, -6.23450425024e+18
331.963938748, 679.127279754, 33.4431295522, -2.76789446219e+18
631.712433529, 181.896781587, -219.829982749, -8.55972752325e+17
289.008120728, 737.406018563, 545.9259386, -4.16012838666e+18
474.589182071, 241.500720805, -111.961897433, -1.25756600178e+17
-52.2245949543, -138.212481231, 48.6502056782, -1.4332160322e+13
448.754878836, 416.320286789, 186.247376583, -7.53541403981e+17
-382.859535172, -654.487207162, 399.278987951, -5.91007221894e+18
-278.217034669, 727.59316342, -329.768500145, -1.48161314884e+19
121.563220907, -226.891371865, -60.6198328795, -3.56798036549e+14
-104.243983721, -330.299194254, -360.271057635, -2.38877419123e+16
-382.303218342, -30.5407223004, -67.4125813933, -2.15543254374e+16
-268.392375672, 56.7825815138, -71.626943292, -1.09800174132e+15
783.227588123, -230.276507447, -761.781825149, -1.62798006152e+20
-611.264479857, 88.5282440346, 177.24879265, -5.01577886321e+17
706.343288798, -426.768187847, 245.370889506, -3.34799907242e+18
386.355646682, 619.691911771, 119.423376517, -1.52754507838e+18
-80.5781861816, -32.9742221396, -19.8380342804, -201873.730973
-440.674156784, -73.7263538622, 177.188071129, -5.16673457973e+16
522.74557922, -130.125186187, 517.438624077, -4.1412626574e+18
-41.6364479725, 326.630563265, 357.082415721, -4.533814828e+16
-101.43831757, -76.0080002255, -391.477834968, -1.45460747651e+16
-439.859463356, -600.182427174, 197.830849466, -2.22512527103e+18
126.374017371, 39.3601363837, -251.600353415, -1.83742508102e+15
353.370813607, -440.325227392, 408.14181994, -1.06958165172e+18
-335.435517625, -560.211215267, -209.74341174, -6.56639605317e+17
-236.921682665, -285.583159959, 147.771159024, -8.3013422564e+15
-43.8964649744, -14.516237158, -286.51922134, -7.70089440323e+14
-21.1886885516, -717.995107383, -3.81304082439, -4.13484385082e+18
311.586546598, 200.983293186, 821.399590891, -1.01327142888e+19
250.082209724, -5.30044669983, -225.064279389, -9.306598997e+15
-314.13709835, 314.225424151, -369.086987431, -2.10522779056e+17
-299.464171678, -378.660038454, -127.290221678, -6.80910995482e+16
126.881862274, 11.1354761213, 324.436057605, -5.17896958666e+15
372.988895166, -118.677129055, 521.635259509, -1.04961994428e+18
-348.868097082, -8.55367764939, -501.5115063, -8.24697047186e+17
-261.027996446, 240.627049214, -367.861952976, -7.25333093015e+16
-24.8589920202, 674.577034807, -25.5830599606, -2.88321315221e+18
539.478742041, 311.761839355, 589.468278402, -1.38454155252e+19
-345.497391124, 297.975240819, 414.223046525, -1.06643340018e+18
481.118409767, 243.916874171, -158.259167717, -1.330958338e+17
-456.848470449, -421.527600511, 130.394593951, -3.43749604184e+17
449.777223365, 239.580137557, 177.316299318, -3.58794326945e+17
243.934382635, -29.1646634358, -160.837075668, -2.6138225989e+15
-704.868222026, -788.504808807, 159.190269117, -2.63878851019e+19
-582.200977491, -306.151411271, -645.456383753, -2.57115545424e+19
-716.624158604, -63.3359564408, 116.063306125, -1.46293407833e+18
-446.072650808, -813.143119564, -155.11251721, -1.10269337997e+19
-592.386759965, 168.484522918, 97.9920035108, -2.44065220773e+17
-118.214179413, 623.206243676, 383.895405605, -7.58552365786e+17
508.383460947, -251.830719097, 30.8872909512, -6.74442684776e+16
-849.522328968, 447.323836376, 544.200301041, -8.23657391006e+19
-236.151905801, 254.977915793, -455.556480738, -1.39802675979e+17
636.743201633, -78.2447606851, -32.8095742208, -4.35474259232e+17
-45.9035284963, 117.890530997, -795.965396272, -2.32715378716e+18
-366.307423613, -626.594185137, 608.595796737, -8.01834684362e+18
-442.496188276, 396.327306075, -37.2795716252, -1.63572075532e+17
-426.159163631, -370.440187755, 311.850515564, -2.2162137255e+17
21.6173791402, -720.204647375, -306.145144932, -1.88680511348e+18
494.155073157, -216.03559559, -48.8646928036, -5.46017487322e+16
125.848230505, -162.708976047, 324.144137017, -4.23967492162e+15
-256.849310973, 357.015597178, 43.170576576, -2.51725515988e+16
244.720144122, 108.960987407, 465.69519679, -2.24135884829e+17
-305.31587647, -110.894642776, 147.201939934, -3.62777086412e+15
-40.7367220226, 181.628180216, -44.8295299972, -1.42966616937e+14
423.878531808, -461.742046445, 452.726335122, -2.23661671124e+18
-58.5587119116, -64.8778030263, -395.116717737, -1.28501213401e+16
187.457654813, -643.842102049, -549.706729839, -3.98249709946e+18
477.342322973, 70.1812005172, -796.78600046, -3.09687736531e+19
-565.365894108, 736.98765549, -495.589727585, -3.9375863696e+19
492.814766662, 67.8872046004, -635.640226422, -9.69567873513e+18
-556.253443627, -211.847102697, 373.505408609, -1.02891765758e+18
790.38397702, 60.4683159323, 238.329892872, -1.11745513978e+19
11.9208166333, 66.2028917452, 420.163708798, -3.20871645702e+16
587.264347106, 380.986605211, -41.8157532276, -1.28022535847e+18
311.143927266, 664.9061685, -891.972105678, -2.93584468726e+19
-306.459627535, -488.272956408, -232.014271541, -2.81850099375e+17
-427.962940336, -283.411971293, 667.481013734, -5.59274208925e+18
-233.478156142, 324.467467778, -168.319139231, -3.99268808806e+16
-501.19974876, -919.892356148, 194.128682444, -4.77310658056e+19
351.644626478, -91.3702805768, 109.621359929, -1.06997110291e+16
-141.171897242, 130.823666805, 663.962876456, -2.74102514919e+18
-321.531377829, -742.258482499, -117.945534642, -4.52013892936e+18
33.1862915868, 154.918742411, 741.910906397, -3.02047761749e+18
-576.717036983, -259.648575874, 228.482344992, -5.20887595116e+17
-519.32179117, -732.020692156, 79.4938666289, -8.49831859296e+18
-100.594601563, 284.017715273, 325.214618365, -3.61613573363e+16
580.541156059, 521.388161136, 571.558612738, -2.43300206033e+19
-143.448527904, 84.5907454853, 340.5139161, -3.07896849321e+16
497.509306648, 177.419871884, 139.861348063, -4.19216926355e+17
261.481806576, -248.996664196, -886.472394404, -3.98452636895e+19
368.222354286, -673.717862184, -501.160722629, -7.97649653844e+18
41.4422432962, 193.514862767, -143.96705334, -4.58486850231e+14
209.941174436, 159.976989142, 33.7719046174, -6.96254562549e+14
419.303323843, 107.317147496, -39.5537780851, -3.10633272516e+16
-43.6210671631, -107.503856122, -429.51879569, -3.06540904795e+16
-131.753653384, 431.023787701, 104.645431299, -5.36821734665e+16
-58.0530173512, 253.119888645, -244.049988792, -7.29725436292e+15
-109.296902533, 137.360972664, 40.2168146792, -1.34308559364e+13
-710.353231157, 882.377761303, -110.709935299, -5.96627698473e+19
5.35525949663, -11.9561837851, 743.746342714, -2.26415354481e+18
-270.946693944, 107.982900032, 6.96511330771, -3.59868938192e+14
-37.3732208717, -498.130119071, -496.871681476, -3.98662642602e+17
-160.364153258, -115.346411085, 581.332971267, -6.1981186788e+17
-436.050627943, -277.304255766, -265.032782128, -6.27507604587e+17
-490.161282272, 486.399723975, 651.007531616, -3.17754860308e+19
-132.035054092, -679.284976158, 375.01458648, -7.14395887045e+18
-74.0238263018, 649.610445998, -249.957754679, -4.31252772116e+18
106.714563992, -445.065605641, -62.722247731, -7.51001228557e+16
648.493393708, -339.535521458, -224.874141724, -1.95957752731e+18
-753.109553435, 219.822328202, -247.801796468, -4.99643724161e+18
40.366568212, -390.926039706, -358.90467172, -5.60890810568e+16
-249.078804656, 665.75997751, 702.332816919, -2.13484297122e+19
434.638918995, -32.4290117681, 51.6196354281, -3.53667607671e+16
160.870999633, 903.184094045, 569.298148624, -1.0051779045e+19
181.63667157, 452.06052183, 313.665912754, -7.6338984595e+16
-357.784732267, -690.96411005, -550.312971146, -5.52991540502e+18
-271.538307115, -185.686350793, -394.230364163, -1.72565470534e+17
-123.894746332, 273.862013725, 581.043576936, -1.47292782133e+18
-330.84833746, -16.144817705, -272.715498589, -7.37928472211e+16
111.624736042, 190.429832487, 408.612328822, -3.72173911594e+16
-336.136225082, 418.688996151, 300.997206041, -3.96652829932e+17
-808.555586878, 178.244131408, 245.459523362, -5.45018432591e+18
50.4122960012, 307.339017177, -644.567305369, -4.71849527137e+17
-67.962905518, -566.976341477, 126.895490471, -9.46223500479e+17
383.544990486, -345.008895401, 901.884120557, -1.57419065874e+19
-55.0348400457, -852.464735301, -205.71879006, -1.01986911545e+19
642.502301381, 36.3639970749, -315.356844789, -1.86957470024e+18
-272.591976925, 124.584612104, 161.195551873, -6.30242512704e+15
303.451612698, -61.3059169107, 160.432309012, -9.09699254105e+15
421.901931347, -423.944157151, -62.164415435, -1.5536156363e+17
297.480856209, -90.5775502426, -18.5859438485, -8.3864184791e+14
736.950681622, 336.310952894, -842.247164472, -9.18267440688e+19
6.52917362442, -287.861520463, -350.603058912, -2.13163150398e+16
-141.034067497, -579.572403841, 342.096052782, -2.11962364724e+18
-247.756880735, 377.730092047, 336.960813894, -2.44611469556e+17
600.817388302, 176.667563587, 169.547956358, -1.70007338902e+18
-113.73569224, 213.997729972, -609.197681658, -2.20167290572e+17
523.218115546, 448.472310265, -456.860364181, -1.69374000617e+18
116.182884022, 631.026970387, -90.0292968032, -1.95655105044e+18
557.200164736, 152.632329542, 99.2082583605, -6.41312899675e+17
419.062091661, -346.811380019, -143.959034419, -1.10691302331e+17
-201.839712784, -31.8397459738, 422.428811774, -1.29152713292e+17
-187.905167476, 569.620948559, -319.416545141, -2.45437406145e+18
-572.812845782, -198.190205415, 328.857462847, -8.34287438305e+17
-782.214421643, 10.1868841516, -693.686280465, -8.54189496507e+19
379.531701412, 568.667949018, -774.216584777, -1.14596982323e+19
-9.71650998264, 150.341082186, -601.463090968, -2.22224137433e+17
226.924991196, -98.1138056613, -298.214787501, -3.80818593208e+16
-2.94516088482, -381.48005026, -124.490378605, -1.37386532834e+16
-325.377954791, -754.200034935, -699.655175393, -1.19496536564e+19
310.225119171, -375.359953299, 94.6300655625, -7.72712880752e+16
-218.795735351, 448.141140395, 263.507469682, -1.19224219728e+17
-162.858219569, -230.134009062, 88.5674127987, -1.07052071437e+15
-191.00758758, 194.304393016, 394.042815848, -1.73161576345e+17
280.469545633, 464.016668275, 126.46243389, -1.40773115447e+17
63.0919123727, -395.365205052, 115.733764044, -6.59185173532e+16
463.713285204, -354.961243723, -561.582675876, -1.07658312144e+19
-43.2076769595, -155.802865387, -620.70466521, -6.38767993003e+17
-399.977186066, -30.2151364107, -905.770210491, -2.32399168472e+19
293.365383163, -689.985183425, 353.44363181, -1.06643874427e+19
-98.2492743777, 319.184499285, 108.874062214, -4.16924306779e+15
-232.574605641, -184.008862335, 756.540893062, -5.27468978606e+18
787.055339609, -384.755137132, 18.0797823371, -2.08341696656e+18
-122.182041196, 533.37275555, 352.971392944, -2.82973149449e+17
-197.337378186, 738.439957447, -700.28361097, -3.67968940371e+19
-352.125771052, -590.934841424, 46.668139968, -1.21816605427e+18
-204.530145698, 175.157706262, 155.299405749, -2.48065327599e+15
-16.5732866483, -321.061884758, 368.348312761, -5.15677398233e+16
76.4346009111, -82.6419156877, 89.0996869813, -2.64777194695e+12
852.611772051, 245.206290272, -16.2312170947, -1.14988826811e+19
320.704947377, 14.5664571543, 164.658082313, -1.76691690609e+16
23.2039119575, -505.882680236, -619.756544918, -2.20915075272e+18
221.28090749, -103.758618786, 214.149572668, -3.52642067381e+15
45.8367351548, -326.16296683, -10.1711903663, -7.3645736579e+15
-246.17531876, -641.394970662, -288.025202857, -9.50575058725e+17
-45.4862643331, -78.7212040656, -696.602785414, -1.27266662135e+18
453.192530817, -208.317377215, 27.1722666064, -2.58758493492e+16
-93.8199026464, -259.090420078, -484.842380792, -1.25314344803e+17
-631.06593615, -117.044839195, -574.442705598, -1.96319173407e+19
-231.572216124, 881.712172654, 221.930243433, -1.52887602511e+19
290.798983349, 283.836141774, -257.808660437, -2.25129713681e+16
400.413554254, -440.614582443, 322.181097733, -8.63055309565e+17
6.97217598833, -430.930163512, 161.18286145, -1.43601648003e+17
110.144210547, 204.713499971, -82.0486831527, -3.93349523031e+14
-42.5655758893, 494.831447297, 16.8901051842, -2.1528210301e+17
-808.278338123, -400.746153147, -215.890321387, -2.57724610702e+19
-6.26064123187, -872.633054481, 664.183106654, -8.13110544674e+19
-458.441392453, -606.624051365, 58.2402535563, -2.09625311367e+18
-82.3404784858, 152.549862174, -631.383690282, -2.87424498486e+17
511.387990655, 357.042295637, 194.074155976, -1.28318567016e+18
-149.483053735, 50.8305414425, 153.182368409, -3.7452410073e+14
442.066943693, 355.386871651, 616.511504792, -7.91731480293e+18
699.928341025, 417.636455973, 342.737431658, -1.81701225158e+19
671.799162533, -765.829460421, -151.218287359, -1.33194221688e+19
-25.2370197925, -25.0323459391, -350.553864576, -4.44967657364e+15
-468.985613228, 261.596741675, -204.782127361, -1.77769206223e+17
-264.379781598, -46.8729677625, -709.68317344, -2.35830656022e+18
-32.140701866, 486.688349755, -8.1443032577, -2.07012595797e+17
123.583820895, 65.5340594628, -38.3189069125, -2.70375659377e+12
345.638158399, -778.865733276, 333.474920274, -2.44912779585e+19
-870.38938029, -604.192314751, -268.054278031, -7.60257961351e+19
154.946640458, 306.980833119, 158.701573591, -3.98125163009e+15
189.08695259, 377.58215362, 694.362055449, -2.78533428159e+18
468.743013099, 225.835296303, -57.4029584339, -1.24548542902e+17
-118.133379746, 851.382132489, -336.987207632, -3.86705326098e+19
-399.416791404, 289.946290597, -318.213372865, -2.54563079e+17
400.065892616, -185.007550017, -814.050688801, -3.86632862443e+19
334.984553312, -554.708396462, 298.421112355, -2.3445823569e+18
-39.9437026797, 662.418744995, -65.9966483685, -2.84214460973e+18
770.591481345, 28.5701774012, 588.115754976, -5.03967589131e+19
138.982382309, -122.641488998, -314.815430784, -2.00147384132e+16
538.825215761, -59.3993843843, -43.9952602818, -1.14431883643e+17
-302.115821789, -389.944603825, -26.6469810861, -6.36011260215e+16
67.200182423, -240.618728391, 172.194322257, -2.85760858154e+15
-18.374080842, -155.565948699, 20.5235353876, -2.47389693156e+13
581.572561724, -259.766832908, 49.6413668435, -2.01611113496e+17
-436.141580163, 543.940180964, 525.099905822, -1.01245455079e+19
224.14298924, 124.964121244, -615.217658379, -1.2579463704e+18
739.59995349, 195.666178534, 17.7281335737, -3.88493886894e+18
-735.479265475, -828.39708212, -133.443176323, -4.54834389973e+19
249.087798274, -129.958803989, 237.48035113, -8.53826294712e+15
174.532417364, -720.888412707, -100.039430833, -3.62699244973e+18
-61.6412035752, -2.27890006235, 479.77212632, -1.10335722182e+17
181.994829315, -714.809232033, 206.338583002, -8.05528865502e+18
419.383362424, 267.056635488, 684.744733069, -8.95604066102e+18
82.6518457941, -159.373095229, -123.335979107, -8.30720620865e+13
5.84976210904, -469.184040647, 181.338511168, -2.90371169426e+17
-62.6274525534, 182.132613748, 383.886410521, -4.68746035147e+16
3.23841215248, 65.9297004279, 825.520919807, -6.21357284853e+18
812.504660572, -630.421435635, 108.121831012, -1.03724469613e+19
-73.806576538, 688.80263983, -286.471540697, -7.26348351182e+18
164.939273604, 74.4503002064, -492.542828971, -2.03349679436e+17
196.671057538, -293.315574368, -427.969576491, -3.81475100263e+17
60.3683153827, -37.2451267518, -479.615039293, -1.06254633627e+17
479.185730507, -19.408547529, -24.7945914011, -5.1690333293e+16
-783.393992658, 423.821870589, -246.194548041, -6.14969543951e+18
72.1541883408, -345.776179607, -447.471862261, -2.21548541225e+17
378.844591302, -37.5140818157, 362.577885082, -3.10461090578e+17
-94.8058383235, 247.794522898, -166.657210681, -4.23681636468e+15
336.078554748, 624.512202294, -60.2751514261, -1.82670236786e+18
55.0259773385, -517.138462132, 594.064450658, -2.55491752564e+18
530.305762288, -226.028785776, 192.728439501, -3.15776467029e+17
69.9974173349, 305.485541508, 709.73244569, -2.78622829269e+18
314.819842323, -443.34679428, 482.835000227, -1.34523093489e+18
68.093521976, -129.663644574, -801.599024605, -6.70270199233e+18
368.876669636, 332.625403355, 722.539382363, -8.68436116671e+18
64.9395552299, -385.795256607, -694.738412217, -4.29171731641e+18
-109.054281809, -187.55264851, -39.8135793121, -9.58806912153e+13
-102.147573962, -99.7649075408, 24.6059497495, -2.76196176232e+12
-749.347410113, 106.08994965, 74.9923149715, -1.49343987358e+18
-276.742688945, -310.116056426, 405.058060732, -1.15593363593e+17
-387.221317337, -33.1623225128, 37.1689340846, -1.11509779241e+16
-486.7452732, 29.9421954072, 177.264281088, -1.09416227404e+17
-803.010691059, 13.9845656079, 233.03894907, -4.23722419999e+18
-643.566357396, -171.490376502, 376.101140555, -2.37306493935e+18
-68.3679934425, 85.4208534838, 259.552660143, -2.36259068495e+15
38.1708982147, -168.956627187, 482.615272568, -3.81395666993e+16
-531.874967523, 52.0561816921, -17.992352539, -1.286315739e+17
48.1126449837, -141.500855377, 591.726942708, -2.14211378112e+17
515.649984975, 301.271034165, -260.004111678, -3.18869649796e+17
611.715241579, -196.979158703, 4.32310903123, -2.64722379358e+17
818.258766461, -196.533817309, 144.269327229, -5.22823078866e+18
-163.171217422, -61.3492303978, 262.121519217, -3.94867669932e+15
108.66645338, -540.695000858, 720.028724639, -5.47856107769e+18
229.334802821, 317.94356171, 240.187434462, -2.91774238871e+16
-79.0933940855, -813.758688085, 121.690262037, -1.49698666878e+19
-2.6202016097, 280.239415371, 93.2549522373, -1.23736632267e+15
339.989967676, 222.894568457, 43.3465545426, -2.42630075892e+16
-589.628321887, -316.201026368, 17.1350980947, -1.08739929205e+18
-344.280690885, 12.5732883353, -10.8704227406, -4.4738459788e+15
-82.5182738459, 703.96805834, 29.3519916379, -3.57682058254e+18
-574.424737993, -151.447026919, 180.744769608, -3.55347759961e+17
211.78427713, -269.538785739, 75.5580743585, -5.32720121997e+15
-262.110624355, -212.091645022, 821.70548756, -1.03968389207e+19
158.16474738, 250.861274671, 204.886901566, -3.2507607887e+15
131.519612488, 412.250354914, 24.5391307039, -4.53515328649e+16
-98.6915721017, 478.602768159, 81.4144991827, -1.33029921437e+17
654.645224135, -453.948402391, 395.730301312, -6.05033372196e+18
-466.206124513, 15.497408549, -135.685370419, -1.32599695398e+17
654.146208738, 178.916135976, -143.544326884, -9.89381280353e+17
202.929506901, 530.037947948, -652.988971055, -3.44014549264e+18
-791.03738485, 55.3053746669, -62.6977360326, -3.77022764985e+18
-437.480562925, -145.81771126, 41.8294128008, -5.26283845505e+16
-106.789375765, -33.4231988772, 493.165793129, -1.68293356033e+17
-574.686825392, -104.357936276, -334.215979655, -2.903347428e+18
28.387888281, 31.7992184425, -467.238006636, -5.14493963584e+16
-192.276638168, -177.617371654, 239.129454753, -2.40685393214e+15
-235.086147395, -268.116363072, 263.062030305, -1.25872010146e+16
653.493195325, -475.867549957, -154.849161336, -1.82241592382e+18
-355.076098024, -187.420668292, 315.694208716, -7.31704850551e+16
-22.0592494064, -151.018807047, -393.972368206, -2.10613032168e+16
-21.7363622601, 152.14161264, -130.340704402, -1.00903923e+14
-21.2132024606, 183.734124552, 87.1026420589, -3.71436003882e+13
-556.280868427, 191.458196465, 525.097193744, -9.6675492021e+18
-226.399508329, 439.414569404, 230.883538034, -8.96002474881e+16
-219.058836272, 789.153114102, -845.696666033, -7.83124553069e+19
535.649866695, 375.518683686, -479.304993247, -1.90037336482e+18
-128.449297283, 284.165779627, 57.0071213032, -2.47077232578e+15
321.323912524, -393.29969323, -798.315600972, -3.51756969908e+19
396.338270727, -12.6282945465, -439.807089163, -9.57582895683e+17
-451.537780584, 272.103937521, -194.186918015, -1.37016307845e+17
-838.948294579, 1.26278402948, 220.662030536, -5.47369070585e+18
53.7304221876, -122.795025773, 110.223770881, -1.97262118467e+13
-111.267323446, 359.442251329, 238.894490475, -1.57462173232e+16
-343.829283465, 576.669030766, 615.98781744, -1.39701768938e+19
-598.764846321, 61.2307483011, -96.5484477715, -5.16638796607e+17
764.849874888, -58.4062052133, 489.9870952, -2.6691581462e+19
-236.543063956, -106.427404055, 496.718051317, -3.76210654106e+17
503.124957646, -274.681862494, 287.007730765, -5.27691439614e+17
-126.466247517, 422.952594016, 355.022656096, -1.38477494026e+17
95.3709545742, -7.35505197029, -169.983414469, -1.36653511651e+14
-102.501293729, -59.7314796558, -259.812578871, -9.84690131584e+14
-95.7957118964, -256.780377787, 151.145005193, -3.06775761305e+15
-452.45417202, -28.7747906698, 31.9944196539, -3.85876079521e+16
805.252523078, -811.166497303, 387.697480592, -7.90072955243e+19
-109.295011227, 389.066387003, -84.9581316164, -5.92310664995e+16
398.822164696, 563.590251164, -211.262927524, -1.38261674696e+18
-17.4445627784, 657.63118118, 19.4463855278, -2.05107624134e+18
68.4775328971, 253.879778628, 187.917487229, -5.69288077747e+14
308.970565687, 266.331337614, 257.830910105, -9.90633387871e+16
658.397476606, -813.800215795, -186.509891229, -1.83605229465e+19
269.556606377, -320.134199272, 322.985304828, -1.06585015205e+17
-47.7760437978, 66.6899492377, -354.213231557, -2.85639810442e+15
-489.4929122, 20.9516954133, 916.350838396, -8.88615829799e+19
226.667308163, 506.391090638, 273.571077486, -1.77475146384e+17
98.0948286405, -4.57360395074, 590.843296165, -2.97052521356e+17
-240.822502174, -119.625490739, 397.434756201, -9.24391530693e+16
-559.555231274, -364.980592783, -206.942014123, -2.41411381362e+18
139.113506311, -713.784808037, -530.318857216, -3.58025468849e+18
-291.898512817, -73.175883185, 516.63269202, -8.08022002268e+17
143.090878296, -202.440864363, -572.657794012, -1.13312701915e+18
-23.9166456475, 457.505344555, -68.8983654952, -1.63470466181e+17
-458.531328318, -149.099656009, 113.881859107, -6.21574542947e+16
-474.472643699, 215.315560106, -278.258274866, -3.54722351413e+17
-160.494292035, -122.118196663, 470.936869111, -1.35376723193e+17
195.54689385, -549.903024679, 402.041220725, -2.42016286781e+18
-98.5271151785, 187.263075453, -497.290355358, -4.51953339931e+16
-69.0114375225, -419.849818215, -202.717018432, -2.28909874658e+16
-62.881054785, -140.332630621, -182.489276192, -9.00148600998e+13
-443.794903462, 298.359301335, 116.481042249, -7.50683918784e+16
-470.302716945, 139.01177309, 458.315422181, -2.73971879352e+18
-208.296342232, -290.839813743, -514.476258126, -3.72025798066e+17
-194.11203498, 234.687317449, -18.8117304606, -1.52954931097e+15
517.302956776, 194.538961368, 86.4671105308, -4.22792558123e+17
180.674446593, 400.180072986, -114.88790367, -6.72042562122e+16
362.049081396, 420.343404926, -680.294407246, -3.6420750607e+18
-691.799508924, -231.424045063, -70.4587509819, -3.33927871356e+18
716.161205814, 253.006335589, -722.279383276, -4.41335876291e+19
-324.576069876, -309.198277241, 266.668574303, -4.15731423529e+16
375.054076238, 424.946891458, 358.917031496, -8.84563119815e+17
