-0.499500240765, -4.02013989821, -4.88540029703, -0.0194401329342
-0.499283627003, -4.01260850815, -4.88024120138, -0.00015162692011
-0.499684928462, -4.01261056135, -4.8811405507, -1.50787125356e-05
-0.501967801315, -4.01258897069, -4.88091678041, -0.00130693185596
-0.499741239076, -4.01259587785, -4.88088769149, -5.60779554473e-07
-0.50083680423, -4.01265311991, -4.88102261265, -0.000333883328227
-0.499689415778, -4.01259587511, -4.880897109, -8.45517028732e-09
-0.500275456979, -4.05836605737, -4.90936434123, -0.728577395512
-0.490418787625, -4.00795440203, -4.87958083939, -0.0277128504247
-0.499100264524, -4.00716480607, -4.86881037423, -0.0445177032628
-0.499724029872, -4.01259390115, -4.8809277649, -4.55921585827e-07
-0.499695120444, -4.01266289644, -4.88088249804, -1.14785370933e-06
-0.499851883292, -4.01262072218, -4.88089670305, -6.35606560654e-06
-0.49939047053, -4.0125267292, -4.88037312565, -9.40316328557e-05
-0.498631667661, -4.01262903618, -4.87960849485, -0.000706984704218
-0.502292253993, -4.01305450653, -4.88081806713, -0.00176110859151
-0.493501721672, -4.0138176738, -4.88108708921, -0.0100702963998
-0.507784934315, -4.01246228527, -4.89105082643, -0.0429009898044
-1.47643066608, 3.61576189485, -4.99999326166, -3.73136030609
-0.688524199863, -1.48785659542, -4.99998064008, -641.12128376
-1.61679902805, 3.58956073929, -4.9999984893, -70.537745758
-2.55073723889, 0.176020687746, -4.99999417586, -631.605677869
-1.53253084529, 2.91676845786, -4.99999086458, -159.855536584
-1.47629739212, 3.61576506587, -5.0, -3.69993160025
-1.47629709055, 3.61576554314, -4.99999999949, -3.70014572598
1.58294242994, 0.223477606899, -4.99999999206, -1933.91448353
-1.47633102601, 3.6157632436, -5.0, -3.7020566718
-1.4763995797, 3.61573600673, -4.99999999866, -3.73750297968
-1.47633160576, 3.61575933716, -5.0, -3.70174765635
-1.47632815657, 3.61576298374, -5.0, -3.70259732151
-1.47633482947, 3.61567773849, -5.0, -3.72322188167
-1.4762652596, 3.61601086905, -5.0, -3.75893028962
-1.47678693662, 3.60418895022, -4.99998750152, -6.74421260861
-1.47336634222, 3.61177252228, -4.99999865367, -4.55251512015
-1.46420228323, 3.45852485859, -4.99999999946, -49.6786091207
-1.47430162225, 3.61320350984, -4.99999999432, -4.14455758723
-1.56196216842, 3.63247885251, -4.99999997587, -115.82471264
-1.47586103578, 3.61588796974, -4.99999998772, -3.75499580562
-1.5658038555, 3.75644822053, -4.99999658867, -88.3387185024
-1.47629128195, 3.61569469516, -4.99999998856, -3.72296356391
-1.4763080383, 3.61576556048, -4.99999999126, -3.70492139835
-1.47572713134, 3.61691577031, -4.99999997777, -3.91130778725
-1.47629466492, 3.61576488888, -4.99999999054, -3.70125313384
-1.47629794185, 3.61576493965, -5.0, -3.70077561725
-0.300913490156, 4.90737677862, -4.92978415732, -345.221988404
0.0568206556715, 4.06987451178, -4.99541734945, -525.162660416
-3.21032220619, 4.9308102255, -4.98542062946, -272.57809203
-0.387496957418, 2.44541827267, -4.91354344348, -893.484971302
-4.99923703845, -2.74137295943, -4.87322048512, -1270.0558039
-0.603667375225, -3.28974859893, -4.88067415784, -132.522276757
-1.74177875934, -3.94032117246, -4.88901519259, -179.915788234
-0.712288655298, 4.90216993287, -4.84943579716, -308.543252429
-0.563247497805, -3.98946794383, -4.87407333717, -1.17693933699
-1.57906388914, 1.61105687568, -4.76770826319, -464.355145185
-0.496649152231, -4.01659933887, -4.88218772205, -0.00678060170909
-0.471829491065, -3.91364649441, -4.99534354278, -7.56754961577
-0.470814667585, 3.40923474386, -4.99594221702, -355.900689137
-0.499036380406, -4.01123106318, -4.84035174225, -0.416687280669
-0.494605570694, -4.01277439028, -4.88086823986, -0.00655560775717
-1.71057992803, 4.90000831048, -4.847233417, -180.573580818
-0.493663089536, -3.96916761683, -4.7803269868, -3.34522874355
-0.494391717588, -4.01244198141, -4.88013315117, -0.00726901250142
-0.499458788058, -4.01257351711, -4.88099860522, -1.68757030486e-05
-0.539603875877, -4.01117435329, -4.86214017337, -0.488600028549
-0.495076540841, -4.0163094456, -4.8797852684, -0.00911603805434
-0.499574034078, -4.00676238506, -4.90266330886, -0.129722726631
-0.499245355143, -4.01262246393, -4.87385693888, -0.0126195603979
-0.412113046766, -4.01237729581, -4.89979228865, -1.93119817407
-0.499702509421, -4.01289738664, -4.88176152942, -0.000211623663992
-0.500570443857, -4.08569307482, -4.87731775763, -1.39803515814
-0.499677598794, -4.01259432332, -4.88088525039, -1.13261017782e-07
-0.499421582167, -4.0127743467, -4.87635960195, -0.00523726921426
-0.482963173231, -4.0123260702, -4.88088473331, -0.0700184880481
-0.50059063112, -4.01238282983, -4.88137011642, -0.000270723266782
-0.479697025573, -4.01269981343, -4.88072921722, -0.0998991586544
-0.499634508155, -4.0125845091, -4.88090494783, -9.83678883748e-07
-0.499686364983, -4.01272873268, -4.88089731744, -4.40122962823e-06
-0.459163003016, -4.01532081431, -4.88069842811, -0.405985384353
-0.499640495871, -4.01202703029, -4.88099774606, -8.53865890127e-05
-0.499516595975, -4.01282825, -4.88103468959, -2.63439369565e-05
-0.494951671517, -3.93114471366, -4.87894865731, -1.86826811767
-0.499637882899, -4.01239132428, -4.87902511947, -0.000898426377067
-0.499535295835, -4.03886455204, -4.88118422243, -0.17014722201
-0.687589390447, -4.01586082084, -4.8899542176, -9.83621395104
-0.503791879685, -4.00958689757, -4.88228181407, -0.00706357983632
-0.499721209081, -4.01255861697, -4.87442805035, -0.0106278979693
-0.523610947364, -4.01214914869, -4.88538657738, -0.150991675601
-0.499806505964, -4.01259040032, -4.88233354496, -0.000524798311386
-0.499693960738, -4.01259467447, -4.88088331184, -4.83123977995e-08
-0.507232772415, -4.01063320303, -4.88083086804, -0.0154076702788
-0.494965659828, -4.0127485575, -4.8544057129, -0.182351716354
-0.499514016379, -4.01237046086, -4.88098362702, -2.31753429177e-05
-0.500171475915, -4.01260011441, -4.88100760346, -6.04582975838e-05
-0.499699379163, -4.01259584523, -4.88088002339, -7.69282177038e-08
-0.500123348091, -4.01105498409, -4.88193213001, -0.000922367361927
-0.519026722921, -4.01233206191, -4.88685687986, -0.104294751763
-0.49806247569, -4.01255092861, -4.88086641378, -0.000675824994474
-0.499701298217, -4.01257313235, -4.8808822227, -2.09218067382e-07
-0.49925673476, -4.01218367932, -4.88084771063, -9.24658920112e-05
-0.503263516084, -3.99335197675, -4.88118039333, -0.0996952158403
-0.525545415082, -4.01397195956, -4.88800054426, -0.183741686444
-0.54399531693, -4.0128790908, -4.88085761679, -0.494536090095
-0.499220714563, -4.01242025852, -4.88076600592, -6.91516476602e-05
-0.497640158415, -4.00954670746, -4.88034636184, -0.0035041435334
-0.499676390927, -4.01256816899, -4.88102149514, -4.22580894e-06
-0.500204426794, -4.01263718298, -4.88097659833, -6.75782252677e-05
-0.499481447715, -4.01043176628, -4.88138614552, -0.00126381248905
-0.493872323961, -4.01250584348, -4.88088544581, -0.00857204340718
-0.499569194573, -4.01258720714, -4.88088361599, -4.07354600315e-06
-0.499961284237, -4.01259738734, -4.88095662129, -1.87997154352e-05
-0.500959318263, -4.01222809535, -4.8808421909, -0.000438576278462
-0.499717046334, -4.01339640531, -4.88090345787, -0.000161380051394
-0.499664670818, -4.01259741269, -4.88089669596, -2.33603575623e-07
-0.486508400543, -4.01305486033, -4.8805525044, -0.0436342666134
-0.499694290545, -4.01260881759, -4.88087001341, -2.17467349744e-07
-0.499383505664, -4.01200715214, -4.88097457222, -0.000114125512044
-0.499694556781, -4.01259725755, -4.88089700356, -7.69833746597e-11
-0.499690001824, -4.01260767658, -4.88091227431, -9.48077364532e-08
-0.499684944867, -4.01268736249, -4.88088982161, -2.09959218415e-06
-0.498437671086, -4.01326370494, -4.88089978115, -0.000512117588371
-0.4994102942, -4.01213454064, -4.88015896262, -0.000212499263341
-0.499716217736, -4.01260804024, -4.88088517852, -1.78118486878e-07
-0.500006318283, -4.01717975037, -4.88060095738, -0.00533241584576
-0.49713845257, -4.04461665115, -4.88255785495, -0.255875397411
-0.499703789859, -4.01270352661, -4.88101856731, -6.62502152682e-06
-0.499757993338, -4.01259235444, -4.88087160637, -1.16824855785e-06
-0.499682002532, -4.01242289049, -4.88088022196, -7.78217319563e-06
-0.499673538807, -4.0126113573, -4.88092183522, -3.26212882728e-07
-0.506116884166, -4.02063725935, -4.87576543396, -0.0331972337774
-0.499599164841, -4.01260208782, -4.87984681337, -0.000281584476338
-0.499412983323, -4.01269462186, -4.88088712719, -2.25476865729e-05
-0.499720900959, -4.01260889706, -4.88090319651, -2.14185160846e-07
-0.483377803376, -4.01261624659, -4.88106358656, -0.0664823032643
-0.500051386509, -4.01237478073, -4.8849775125, -0.00424668977146
-0.498310037144, -4.02045861131, -4.88827927705, -0.0297012890114
-0.499694761348, -4.01262496806, -4.88091509086, -2.80575598042e-07
-0.49992379448, -4.0149863446, -4.88128229122, -0.00148831807168
-0.49977960641, -4.01244181844, -4.76143774142, -4.25898560998
-0.499481509603, -4.01312635837, -4.8808664624, -8.24579877385e-05
-0.499727362815, -4.01158789821, -4.88106872614, -0.000265619520123
-0.501276464015, -4.03250488306, -4.87701279486, -0.102840045778
-0.499347322185, -4.01263875014, -4.8804545363, -8.04908658126e-05
-0.499611119129, -4.01261238025, -4.88125236885, -3.37933226715e-05
-0.499620954633, -4.01263964471, -4.88079163896, -4.64543580851e-06
-0.499631174931, -4.01272001715, -4.88051157276, -4.23742462367e-05
-0.492421328723, -4.0127032822, -4.88115589259, -0.0133558066358
-0.499819723654, -4.01318434419, -4.8809732925, -9.24359320074e-05
-0.499694441669, -4.01254690925, -4.88105590004, -7.02850982181e-06
-0.583375475008, -4.01273448162, -4.88146662716, -1.78448461802
-0.494999313005, -4.02324550575, -4.88137157309, -0.033828907411
-0.49891366334, -4.00825049171, -4.87829571245, -0.0066683778809
-0.499689142077, -4.01545943011, -4.88104999271, -0.00206721851718
-0.499693142801, -4.01259646038, -4.88089785643, -1.27554447207e-09
-0.498304722029, -4.01135939375, -4.88108756615, -0.000885589035801
-0.499696400109, -4.012596508, -4.88086550273, -2.49441994323e-07
-0.499935362524, -4.01259631159, -4.88094457066, -1.51616194923e-05
-0.49841707848, -4.02138237364, -4.88094631947, -0.0198367916228
-0.502706312231, -4.01111422608, -4.85366879393, -0.189612864966
-0.499355634761, -4.00989785846, -4.88088110897, -0.00188031629194
-0.500478636668, -4.00331448674, -4.87864373202, -0.0234844877067
-0.564397288458, -4.01511642038, -4.88112851607, -1.06291937248
-0.506034748593, -3.98280246222, -4.86809797934, -0.280701290206
-0.498951659623, -4.01034195404, -4.87448576988, -0.0118686872297
-0.499655630173, -4.01269864003, -4.88088660973, -3.02741982092e-06
-0.500196585496, -4.0126002348, -4.88095645795, -6.44527867743e-05
-0.499702208497, -4.01256877577, -4.88090199392, -2.22170983318e-07
-0.251614997596, -3.97730765247, -4.86992866242, -18.6306886533
-0.501110009383, -4.01345777275, -4.88003680952, -0.000879798808941
-0.499692772526, -4.01260347844, -4.88087133392, -1.76673734626e-07
-0.499689080248, -4.01249159927, -4.88066863726, -1.59772119382e-05
-0.4998823346, -4.01282228944, -4.89164910495, -0.0292571416439
-0.49969245522, -4.01259375969, -4.88088114148, -6.7132166335e-08
-0.499901898171, -4.00915406488, -4.88310183953, -0.00425559874044
-0.499717298717, -4.01265853879, -4.87971604128, -0.000353931397712
-0.485615481518, -4.01721224424, -4.87962188541, -0.0552718956945
-0.499695655757, -4.01262444502, -4.88089746014, -1.89499011848e-07
-0.499742152962, -4.01272827173, -4.88091755586, -5.0188478544e-06
-0.47086840465, -4.01201716472, -4.88115439319, -0.204574745999
-0.501691132045, -4.01274853045, -4.8810321989, -0.00101828566337
-0.497979711427, -3.98100660859, -4.88351531702, -0.265888039244
-0.499642619654, -4.02959442551, -4.88080926862, -0.0719870243733
-0.499611864348, -4.01257246907, -4.88086504995, -2.15905485902e-06
-0.501923431744, -4.01284698594, -4.88207932033, -0.00162406263205
-0.499507209851, -4.01285114644, -4.8807937442, -2.79046297969e-05
-0.500741677152, -4.03089050949, -4.88107423683, -0.0837141355291
-0.499804901879, -4.01701632615, -4.88102892808, -0.00492423913229
-0.660416199946, -4.11908914904, -4.87789628018, -10.9360521829
-0.499719043658, -4.01296647527, -4.92708238349, -0.541237929445
-0.509623428235, -4.01309225158, -4.88224963142, -0.0254730983541
-0.499733220239, -4.01260984786, -4.88030675975, -8.84503369609e-05
-0.499829685192, -4.01271822702, -4.88211756419, -0.000384569019602
-0.499430244886, -4.01310823965, -4.88087338161, -8.37950579125e-05
-0.499170120891, -4.00809859032, -4.92123370511, -0.417711926009
-0.49969419979, -4.01258689571, -4.88090619073, -4.83744213557e-08
-0.582502501561, -4.01607411456, -4.89622055913, -1.83526415132
-0.461182460129, -4.01437508134, -4.88052170865, -0.36554614956
-0.499635774268, -4.01189664268, -4.88101863567, -0.000128652430574
-0.327675691313, -3.88737294878, -4.89500772065, -14.9020203147
-0.499500988504, -4.01301599056, -4.87439283761, -0.0107752675383
-0.499744849042, -4.01259654463, -4.88089279351, -6.30955251834e-07
-508.883662382, -443.513857254, 541.440847003, -2.74261419378e+18
-700.222372593, 1003.61002645, 274.608183385, -7.79658340105e+19
925.439206021, -209.962810323, -682.079905414, -1.85451653794e+20
344.42857807, -1043.45154233, -195.817085524, -6.77632230239e+19
109.466550756, 22.6016029582, 183.826728236, -1.7641010787e+14
-665.425000586, -340.627827015, -417.650222831, -1.65721590777e+19
-106.412584522, -40.6752303062, 1217.78862485, -1.47747556434e+20
-145.078517252, 1174.36626831, 34.2336544543, -2.18850272155e+20
1174.0606572, 436.431494816, -166.764265094, -1.42689331509e+20
454.125906368, -745.208744996, 637.087270507, -4.63040072179e+19
-61.5108511518, -289.89779949, 597.292872264, -3.11986001445e+17
190.721979836, -416.669902566, 891.945792445, -6.52187433146e+18
414.917709311, -159.884535336, 776.880198969, -9.47386127443e+18
945.875951385, 280.296186089, 62.7856177608, -3.35610078571e+19
-755.826405967, -763.567708242, 204.762455122, -2.82587103061e+19
460.929563333, -636.520691649, 904.566727298, -5.25121982267e+19
1187.86780977, -174.899975615, 518.866169828, -3.63325327626e+20
150.123543107, 608.067453255, 611.924441697, -2.04635115027e+18
-1435.5565291, 377.171434271, -403.400357961, -7.24112509454e+20
756.428704988, -406.352117092, 40.4638626442, -1.7295652042e+18
-635.882707085, -367.074802139, 123.020553224, -1.64889388632e+18
18.0896068842, 268.924015232, -479.880524937, -5.56849414172e+16
-551.945673367, -152.769855814, 471.36969668, -2.77318046557e+18
-817.660085384, 607.516442833, 749.540687789, -2.93579874782e+20
660.266041221, -655.665751354, 1170.89618663, -3.20282324233e+20
514.594272649, -863.585119784, 1188.46109032, -4.24313435215e+20
908.950399831, -60.8882264454, -594.365747561, -8.43625963614e+19
562.307076991, -37.5862299564, -767.814846958, -4.61174162575e+19
380.730929395, -210.908131609, 91.2023900353, -1.35282054344e+16
-1015.4955323, -302.250533334, -13.5278126583, -5.20188651922e+19
295.313255498, -13.9432960087, -127.002438667, -3.12575164635e+15
-240.737100474, 368.792316347, 670.850615634, -8.50687380531e+18
-622.732969659, -42.2237738976, -86.3993608353, -9.10170875371e+17
122.58234315, -438.69170927, -130.789601991, -5.04825131106e+16
-6.90013109436, -524.374706629, 91.4362731572, -4.72596131814e+17
-265.767270969, -520.270644775, -344.275065862, -3.70340431044e+17
-46.3855092671, 1199.24479597, 64.9362514185, -2.37698363831e+20
-211.196874644, -219.776073641, 511.104243871, -2.68583885384e+17
-66.065758996, -517.465003251, -924.300169805, -2.69600656052e+19
-559.637436212, 1127.18827785, 355.733957446, -1.29364756968e+20
578.928491375, 20.8096502486, -459.356286114, -4.15681078588e+18
-579.66261551, 775.63799813, 591.861745603, -5.60469713405e+19
624.008167114, -154.624638768, -482.620932501, -9.81988851484e+18
109.986438734, -970.049471044, 1081.50908131, -3.74515761088e+20
125.25590314, -433.42672865, 50.599988409, -1.05883969629e+17
-473.747982874, -1322.49152531, -179.838862556, -4.46349317917e+20
-325.818956046, 256.565574115, -42.6200365105, -8.18166419654e+15
73.0486563229, -70.7459208387, 524.549613557, -9.37357263303e+16
-1044.46840002, 657.975529809, -622.659070039, -2.25016175834e+20
70.4928008536, 716.81577429, 1201.30103782, -2.59953713006e+20
430.109916994, -218.118417151, -482.098786514, -3.2034780596e+18
-472.380543071, 1389.61926298, 842.220205251, -6.64738776897e+20
663.788346503, 493.904247097, -1303.18128359, -7.18243649863e+20
-23.3509170407, -1191.80503673, 645.40583357, -6.68233808057e+20
408.337983746, -414.401607143, 1176.75472261, -8.61206436771e+19
-2.48445073375, -30.7154417216, 907.873449801, -1.09521326564e+19
967.384424297, -337.28947984, -145.686843437, -1.28091579897e+19
-545.614659408, 330.130365446, 69.1127546677, -1.81810508997e+17
995.941291497, 1227.94909924, -230.44414649, -7.12282268717e+20
629.729245919, 242.473518315, 399.844952388, -9.21971830022e+18
-312.714576875, -28.4268370782, 425.435979366, -3.58241433438e+17
13.3488862402, 470.792597738, -631.794365999, -1.68472471417e+18
987.821289602, 1397.685502, 1087.07525698, -4.06392722959e+21
575.069298773, -370.445130549, 231.658165362, -8.84136825857e+17
-614.478214833, 712.409924948, 372.223486267, -1.44584784285e+19
736.462206155, -368.115231684, 401.310124665, -9.85153215555e+18
-495.769384629, -181.0362427, -103.062946466, -3.37767156413e+17
688.263293156, -234.992944484, 22.0573824077, -6.98328834283e+17
1145.66122962, -83.2280606491, 577.802034125, -3.93918659341e+20
644.213541343, 63.7829491203, 1269.20554767, -5.14592145883e+20
369.189028955, 47.0864178077, 258.248799957, -1.20658919095e+17
-358.45324714, 502.009127735, -431.330262605, -2.46362484648e+18
-1258.59893361, 843.544111093, -1323.31683529, -5.40661439775e+21
-1268.49521939, 505.594850913, -182.896811479, -1.28518975122e+20
289.380961616, 146.616177589, 137.845782738, -1.28692660073e+16
-229.346059944, -666.555405521, 870.528835472, -2.51861756635e+19
-76.3737975041, 1191.97634322, 485.795889696, -1.13707492864e+20
-160.301025236, 500.505464799, -490.740025299, -1.8403446651e+18
399.963877682, 390.111103095, -1014.97717929, -5.94620582344e+19
-219.376815818, -255.651030544, -261.262810621, -2.28492526797e+16
744.128851879, 1016.91304967, 286.089237808, -1.26769551228e+20
291.408889239, 601.18804558, -1148.81227391, -8.66362819874e+19
-746.861021351, -927.502061222, -1039.43613535, -7.23104032594e+20
-499.336382426, -1099.59260314, 857.511746036, -4.87537306348e+20
264.65760704, 598.791905173, 1104.9832991, -1.06804138863e+20
-956.372066121, 314.851135943, -1160.4976386, -1.07439080635e+21
-128.005816396, 579.053164978, -455.735157758, -3.84258481382e+18
581.433379967, 46.8466028717, -97.628877674, -2.77248616116e+17
927.315988136, -306.236711135, 481.93845837, -5.94385438056e+19
1048.33721019, 648.369017368, 525.154795283, -4.9279221897e+20
931.026071272, -597.076023757, -509.52576597, -1.27298671014e+20
-803.162425047, 1125.76214123, 93.0501294206, -2.48092210788e+20
466.367899056, -504.884596114, -699.681196757, -4.13308623784e+19
1350.09813215, -873.765736136, -2.44028338604, -2.49319054103e+20
-723.572725337, 284.369446204, 674.059737708, -7.93371794777e+19
1161.98394075, 431.268483251, -953.268662531, -8.2268095378e+20
-1344.12336886, 265.350035732, 1066.54761625, -4.61743671476e+21
583.014021433, -26.9424375063, 1219.14947427, -2.96335851372e+20
-146.740499338, 586.204097602, -838.588349601, -1.37736585999e+19
401.018780211, 336.46768326, 957.07043352, -4.64657721854e+19
-913.518997852, -40.3766051123, -358.103356601, -4.82607364101e+19
-990.720247722, -721.196103639, -361.77989194, -2.63306252323e+20
1141.53212918, 565.957123798, 901.126911211, -2.02107840989e+21
-482.187482064, 446.86455227, 951.838383614, -2.05657588321e+20
-100.785308676, -466.778375958, 19.8819178455, -1.41334050851e+17
-181.72300545, -437.660137976, -372.565859025, -1.0351811262e+17
-627.584037464, 760.417076099, 1098.17001687, -1.08062953119e+21
785.995618249, 996.772199295, -1422.65283316, -1.59486190802e+21
-1063.16881243, -265.34266322, 22.0714457226, -6.14974099551e+19
1326.64836699, 127.081332589, -28.283040504, -2.51660405844e+20
-422.508258491, -488.070574895, 234.8878685, -6.18927519235e+17
-738.054101571, 318.921024649, 169.985528872, -2.27856251307e+18
-492.975910317, 551.352841065, 176.705885012, -1.14253031579e+18
53.4480448169, 1278.94912135, -746.522824827, -1.28002610505e+21
1202.81723675, -368.796135579, -605.889834688, -4.8129939958e+20
57.9427220991, -9.98380557409, 34.1775816022, -78679.2824758
289.416796169, -430.704578796, 837.298616668, -7.25263474397e+18
-61.6889392766, -124.16882853, 315.297005682, -2.71949767747e+15
42.1668540911, 174.801779949, -920.436864942, -9.25668412524e+18
775.337804528, 377.143674033, -1066.6366437, -3.62135629178e+20
-234.903955529, -1111.69158434, 37.0980274013, -1.45003930742e+20
551.360289739, -52.2685812985, 168.250602124, -4.81474641679e+17
902.576374248, -1044.76048811, 123.363294609, -2.35674247064e+20
-421.182565437, -157.138639932, -277.303314707, -3.98101505151e+17
625.292532908, 226.32145499, 123.234355167, -2.04566055684e+18
-96.5056382428, 10.5822267979, -463.603956981, -3.62588683198e+16
-1129.39067531, -641.576576229, -992.369298287, -2.65328666317e+21
-463.246553887, 532.006430484, 1310.74223593, -1.41626947242e+21
-1278.32077418, 227.780264464, -473.146743752, -4.74249179204e+20
158.636315802, 370.187189815, -376.480765663, -1.2592965153e+17
477.412340431, -1017.31625786, 289.501964877, -1.62204725758e+20
7.79784858528, -84.1335410984, -269.890470126, -1.09140082832e+15
-935.387497862, 421.740406036, 70.0686887687, -8.17931283638e+18
-306.170212335, -229.942434637, 496.661780138, -4.57244620561e+17
1268.60822911, -465.922498273, -834.896318307, -1.84799467782e+21
-774.056206956, 1023.47357241, 403.963855836, -1.19577381169e+20
1120.35676393, -1360.45699731, 364.937040447, -2.47457399551e+21
1139.51763051, 479.438519754, -677.900134336, -2.23701306438e+20
36.024172264, 807.606816372, 1235.21149589, -3.81743570473e+20
1080.95868044, 596.143954914, -52.3973752852, -1.37167351422e+20
5.27798056019, 261.887234772, 539.173494957, -4.19330541636e+17
-594.567936445, 297.35664332, 831.689088307, -1.23348673434e+20
340.126961324, -291.778628233, 82.3555140579, -1.96870249486e+16
-1114.59569035, 364.51875074, -710.606720233, -4.30993155652e+20
1358.1338048, 844.584071293, -1068.06506454, -1.99628382063e+21
445.71515689, 273.050931645, -206.648579267, -9.80876884316e+16
-311.035873159, 75.1229349635, 982.6135582, -7.45236335161e+19
-104.546358754, 75.3726196732, 147.679597764, -1.4917347094e+14
120.590584906, -217.602240341, -210.601337485, -3.04092476886e+15
-19.905286866, 1000.97238309, 333.441959563, -3.17979373293e+19
-152.520488944, 168.651433272, 341.735932434, -4.90066243839e+16
-751.573440925, 430.217555591, 1010.83303805, -7.04423479546e+20
848.846815616, 435.585115961, -924.73272078, -2.09919132807e+20
-1053.93974193, -220.120163491, 60.544672222, -4.7829775255e+19
-528.879722208, 492.014479593, -1294.45145359, -2.55640273632e+20
546.589793572, 772.579024019, -177.832206913, -1.45658885144e+19
577.822030156, 5.29420136198, 174.976112868, -8.1846154667e+17
-49.1487668412, -458.705260123, -379.655705712, -7.39005025296e+16
552.890859084, 348.550183674, -1041.81208671, -1.39315458502e+20
750.798652829, -525.171377432, 60.0440059006, -3.21081547839e+18
355.194801345, -73.4957712819, 238.755837989, -5.78112876516e+16
486.598214261, 105.531158369, 850.468337407, -3.19655629286e+19
786.754057895, 14.1260188982, -808.622140707, -1.51256851065e+20
138.993214917, 783.318503866, -520.793084025, -2.79748711165e+19
132.412978503, -959.161200249, -193.462354966, -2.98432143685e+19
245.824090176, 908.16533803, -341.37778905, -5.41214759106e+19
-477.352249496, -520.406678306, -42.088303902, -1.17007792923e+18
82.1531133328, 420.372442129, 26.0078690307, -5.19890327478e+16
-793.11312534, -90.1428294295, 369.161013182, -7.96165177249e+18
-306.992145052, -195.739655548, -375.052714531, -2.33878700951e+17
-11.1345503033, -362.218766338, 511.378996921, -2.33431163352e+17
-317.133889109, 603.556693538, 477.794907931, -3.96376345359e+18
-218.835995934, -827.387897875, -510.014703653, -5.42147969531e+18
185.777965381, 239.579291941, 596.504016946, -7.50020941826e+17
-31.157418861, -1430.40401993, -670.993779641, -4.24097319079e+20
1135.38856671, -724.404787228, 519.107358836, -2.52553499292e+20
-101.047406339, -1096.8493388, 15.8372296304, -1.26606878718e+20
-29.117579038, -880.291755408, 377.061578137, -4.7872059228e+19
959.361098973, 1201.11237193, -1321.11276164, -2.50737119655e+21
-523.63378687, 172.674637834, -408.265365251, -1.81711542452e+18
695.845343508, -1021.07761979, 474.777551613, -3.00745910608e+20
761.836399053, 977.195220912, 553.255248101, -1.93886332392e+20
114.544222852, -218.24073924, -226.413386401, -3.96872143004e+15
-483.701731392, -1010.23714411, -110.915428657, -6.01322352188e+19
27.7533602879, 953.804992401, -118.927818159, -5.29989917873e+19
-30.8556112834, 698.474103729, -1208.12286665, -9.82279343793e+19
-396.012146408, 97.2413829456, -35.1286621642, -1.10984514161e+16
-235.828844391, 494.274357302, -1399.0758052, -1.69777052588e+20
663.206231907, 392.257358302, -627.953697147, -1.38976897033e+19
187.731470922, -746.796211855, 444.198427505, -2.02631053874e+19
127.912699938, 885.424121921, 886.970714735, -4.06325726419e+19
1259.74640214, 251.680058093, -779.769850532, -6.76674113647e+20
-94.3927147967, -181.634833067, -139.067863067, -1.16128885216e+14
1121.94093121, 407.289243438, -437.948055765, -9.79801647966e+19
-4.94131285048, 932.053589117, 16.4871514678, -3.37606947833e+19
772.614013746, 286.74967441, 391.669502455, -3.03443254832e+19
-4.53035466256, 81.7012180951, 417.535287373, -3.61164799037e+16
-498.554073493, -48.8149278588, 202.147650856, -1.45014733233e+17
182.237516182, 1316.10418154, -377.391441641, -9.13681879242e+20
-550.211285924, 1476.30304924, 322.967544653, -1.09660847487e+21
806.090482071, -537.971751725, -550.16182427, -8.26853514875e+19
120.374394897, 691.988255985, -261.866946908, -6.29392835934e+18
-420.117265081, 19.4960590321, -774.582355055, -1.10860714996e+19
208.398120489, 56.7805353013, -455.632056744, -1.88596940194e+17
-225.882300229, -354.29365748, -1153.18385509, -9.36925323201e+19
742.142766014, 191.726231286, -1007.50308687, -2.9812633363e+20
808.8064196, 771.091049972, 790.120039036, -3.58396920664e+20
-164.227127238, 983.501896417, 108.463912275, -4.5977666314e+19
-790.744999737, 795.923196045, 246.356430387, -2.88147019141e+19
303.721409638, 1062.81082861, 55.7820733582, -8.81090379335e+19
-437.920887495, 710.028125916, -504.522948003, -2.54609412083e+19
705.040126855, -549.292612932, 363.167307737, -1.03635152034e+19
-235.530249324, -789.329777477, -558.009734649, -4.57533792772e+18
519.341251361, 111.561960173, -365.359013375, -8.76573510724e+17
-98.5379743692, -415.0313548, -968.514286824, -2.96833939824e+19
354.466373631, -902.575967277, 698.418302567, -1.44340687829e+20
439.955306671, 793.487826643, -886.156718159, -7.25455751613e+19
-414.67563986, -179.526248151, 19.9437738276, -4.84619473905e+16
618.676293292, -73.8670399656, 379.600417159, -4.20520929912e+18
-1018.07003979, 46.2347405444, -583.314313761, -2.08888715007e+20
811.871795279, -1395.57810563, 622.844922623, -3.14917838992e+21
-717.449633726, 1179.05235845, 1422.86433078, -8.21714768777e+21
537.713832504, 131.285684835, -226.605782244, -2.88552010648e+17
-850.117439359, -917.02844743, 245.53234195, -9.89372495253e+19
994.227479291, 1282.38275329, -676.624691208, -1.30205899359e+21
-479.597327609, 324.13676059, -368.448607543, -9.1308889664e+17
221.338043614, 462.378807133, 674.67645053, -3.06986058911e+18
591.395660347, -799.70914863, 550.978792948, -7.10828059211e+19
222.321641055, -748.327924065, 653.932955293, -3.52059523023e+19
1017.13950763, -129.777307683, 39.321408277, -2.20258311305e+19
-54.3763716658, -930.537018314, 1352.33956829, -4.86883641127e+20
3.61762291373, 159.356726946, -103.369628656, -9.08214917772e+13
109.8113019, -147.501847877, -23.8745754864, -1.76067319396e+13
398.335590036, 1230.20139989, 375.423921811, -1.86556347639e+20
-1209.7949003, 602.913321395, -252.180794836, -1.18406674915e+20
-682.665738376, -249.467495344, 81.3811065795, -1.91245307673e+18
-766.614635212, -428.720286481, 1067.77558619, -3.33014755021e+20
924.09325849, 473.234455841, -1222.4478641, -1.1561954461e+21
-1146.9413902, 1088.16437952, -346.037693292, -6.94928585891e+20
-538.630873811, 161.152266453, 531.752342165, -8.63140372882e+18
-104.898602471, -798.402889419, 732.255304809, -4.96276762757e+19
480.573485887, 98.0303289557, 664.598880711, -1.01483826936e+19
575.00868952, -30.4551330963, -495.812711719, -6.18943921601e+18
-1035.36144561, -180.543510761, 755.960569301, -2.55878537547e+20
29.6133159497, 1392.1775261, -423.885846861, -1.53150583352e+21
185.744669871, 598.705876554, 1107.08707115, -1.05954610962e+20
-432.891125201, 234.56258446, 557.956757067, -6.72777154428e+18
-344.413623503, 141.349366465, -415.84223254, -2.87555815243e+17
-594.791746313, -87.2173583342, -46.3262931917, -6.117355571e+17
43.3486840093, -576.947180063, -232.842852388, -3.35729946756e+17
-640.362456407, -104.246588695, 904.094690022, -1.25669058243e+20
-346.001815763, -634.257192866, 409.628345933, -4.81767511759e+18
1057.57794601, -536.650051505, 639.17912804, -2.30316380946e+20
530.664749199, 968.383143688, 939.197047971, -1.8284620583e+20
49.3127567421, 198.534124715, -137.060020738, -5.07419194206e+14
-760.506377796, -90.8479805709, 41.4933490155, -2.87556054327e+18
-113.398864293, -7.78963901418, -1203.03064428, -8.13839158438e+19
-273.415129894, 397.119942695, 525.589500898, -2.75307910515e+18
-795.617074243, 1268.12262063, -527.09736782, -1.50455281651e+21
-510.250228986, -125.072799835, 147.581516147, -1.30006418704e+17
-867.756333192, -831.2444347, 404.258480123, -6.88528546377e+19
973.647867719, 224.926862475, -259.404685168, -2.25008868213e+19
-1080.30468871, -1328.20222254, 361.540882241, -1.4096751533e+21
1122.42290419, -1082.54089239, -575.1875543, -8.24184264337e+20
-543.941569605, -378.300048342, -367.294981554, -4.84063417363e+18
59.3891396794, 0.18700959089, 164.132550342, -2.02228418061e+13
830.908913536, 366.900596746, -69.1945111986, -1.18358714929e+19
-201.221483891, -474.830695086, -890.63708997, -1.71587670821e+19
-598.401665221, -156.962940976, 600.034925417, -1.12181243834e+19
-376.342239989, -639.802719463, 933.236157556, -3.64633575615e+19
-355.898958996, -183.352220333, -249.902773184, -1.41385480576e+17
-627.756602061, 338.616828636, 223.057182578, -1.53032619521e+18
688.758466327, 216.798671963, 114.674091194, -3.67677479787e+18
-671.063526341, -544.111686095, -296.4940161, -1.64465294101e+19
-156.458704784, 55.1688090169, -202.868118469, -7.13865281632e+14
519.734940515, -736.158308484, -41.3202446242, -8.15756369557e+18
-224.796553522, -88.6607814084, -244.931732463, -1.082066577e+16
746.590392412, 407.789479556, -8.88178639453, -7.54054764507e+18
321.539196193, -701.85555825, -819.141681527, -7.01083581045e+19
-968.021820673, 1225.72841279, 409.793670909, -5.04764278012e+20
-375.744423033, 385.047414407, -241.484281821, -2.93203349517e+17
175.386472839, -665.138682558, 756.701780165, -2.12168326747e+19
-310.671236583, 639.040184523, 308.846573582, -1.46809921302e+18
556.324505774, 186.813099734, -1331.62435038, -8.51024931591e+20
-127.757204883, 809.891742959, 370.587525271, -5.18534117569e+18
143.554787551, 50.1292726702, 443.903056375, -5.12831391842e+16
-964.725904626, 554.687235216, -432.468881173, -6.0551801506e+19
-480.776863659, 128.337041923, 76.884410832, -4.44577611969e+16
962.989333461, 977.025755952, 250.89393744, -3.10714783731e+20
1175.00112173, 634.901298166, -14.9472721119, -2.79870665878e+20
1286.79662535, -304.708444537, -674.152142088, -8.37785661846e+20
419.553441222, -667.963556427, -114.813534152, -2.75717116636e+18
-903.496433817, 1212.36919375, -959.643456309, -2.55874544118e+21
281.77290633, -312.126419719, 242.983776983, -5.89718951237e+16
-769.511632226, -99.4493312802, -179.757361479, -7.79503098772e+18
-417.72783381, -446.28431407, -448.940321821, -2.66478636919e+18
-453.170458289, 336.994843373, 785.333622979, -5.3402455518e+19
263.349753278, -311.952940471, 135.242910284, -2.56706898592e+16
76.7265806772, 792.790709112, 58.4558548061, -8.11046286476e+18
440.933405982, -40.8659753977, -1180.7213, -3.61026620492e+20
-851.298152228, 856.539510269, 404.394719957, -8.41971623283e+19
118.075041266, -238.432433231, 11.9752126476, -8.88362038021e+14
-230.924932049, -283.206011071, 248.488918927, -1.38615468474e+16
-960.608105664, -828.88653, -626.062254797, -5.37298399276e+20
-28.1367399956, 1104.81011505, 426.962741728, -6.33767277718e+19
-251.104454207, -866.873329029, -676.80874311, -1.16918843926e+19
13.5161515551, 848.544096042, 220.205090593, -9.76266111628e+18
-737.349708347, 54.7348968751, 556.523611553, -2.64289568876e+19
-1288.63962487, -902.537132889, 195.329541333, -7.06121319834e+20
367.590189229, 1.95413755556, -141.472589787, -1.3326996745e+16
-1232.72900059, -691.721831912, 998.252459122, -1.03432123033e+21
-248.479395359, 630.982504164, -482.499374104, -8.52426953313e+18
-763.03436084, -76.9696833291, 743.321740749, -8.29540574219e+19
540.809500131, -503.534194384, -1013.13835947, -3.80184173953e+20
689.320488075, 1294.80606149, 284.670673429, -4.293310536e+20
-474.665798247, -87.5218954163, 1005.24055215, -1.2464468643e+20
802.67783207, -1359.92770723, -346.716177733, -7.01126727869e+20
625.351321721, 361.237417754, 480.741525911, -1.67672635667e+19
-271.271834851, 162.44836289, -451.578404497, -1.65608145139e+17
-612.137623928, 173.054919225, 785.622915157, -8.19127989435e+19
427.092001716, 877.96126331, -0.298883119877, -2.31124806353e+19
282.97489266, 1260.24959699, -1419.74895245, -2.76414978975e+21
-547.069899417, 110.363110711, -677.972867585, -1.43368528602e+19
309.093048929, 684.045973339, -434.926906934, -8.69184933379e+18
-978.106669288, 321.239253413, 596.438806871, -1.65674494722e+20
-533.738925733, -2.98909885764, 450.679772644, -2.8293709172e+18
42.4506868927, 61.5688993848, -4.52715730179, -87384.5362578
339.993851737, 144.126469405, -78.0202723542, -7.18716160731e+15
-82.866833496, -835.224027612, -333.786681612, -6.3739718308e+18
602.338395138, 496.124228854, 389.633917965, -1.18466542465e+19
291.01153925, 912.900472803, 351.139459796, -1.52283609915e+19
-618.685906359, -570.795793622, 174.596972611, -3.88950091276e+18
1052.73486391, -736.456933686, -598.19792779, -4.11556765763e+20
839.460681784, -904.493547162, 635.40446711, -2.71293264243e+20
-735.18249659, -489.05023478, 639.02059163, -2.09393893441e+19
-890.045653508, -601.371770774, -979.61927984, -8.46425453952e+20
48.8597865412, 419.690580474, 1298.87512839, -3.20999246054e+20
409.067899914, -1282.05619248, -237.767754443, -3.51520493143e+20
661.995837235, -489.269192339, -190.406750935, -2.61256940015e+18
-715.586157044, 227.772568605, 7.73279057614, -8.92666503441e+17
-974.099329106, 705.023838796, 765.143542736, -6.45185461769e+20
-200.309704158, 1020.30230433, -93.9819144396, -9.45155418334e+19
-691.042979716, -473.523072901, 1392.42043404, -1.25124942221e+21
443.019537557, 635.444318165, -582.621603166, -8.68808576912e+18
771.562468138, 310.848053585, 267.211472196, -1.874555465e+19
-330.568209991, 21.3249638835, -582.851560866, -1.29555287904e+18
-304.19493933, 317.199024013, -127.571095301, -3.82310118412e+16
-411.86387051, -22.4784375627, 230.538428547, -7.28912516918e+16
254.757418637, -630.578961701, 505.220585024, -8.62994885605e+18
706.164087442, 911.51399514, 695.788865844, -1.82805815825e+20
712.856690231, -986.984641028, -344.410019188, -7.36414485765e+19
-41.7348358347, -464.880980941, 19.6946899477, -1.37595184486e+17
972.792829305, 824.222086002, 467.23951184, -3.70883751204e+20
-243.029953888, -247.079382569, -917.896109816, -1.57958723534e+19
-296.419106428, 1076.45872505, -944.804207883, -6.62769684533e+20
-33.8182271141, -999.261316325, 435.62973864, -1.33982604078e+20
-374.024381005, -728.727067703, -58.8138554351, -4.7880650124e+18
426.319757575, -520.287595964, 384.492630268, -2.83518467849e+18
-571.188980777, -859.734076062, 846.73997057, -1.0957069777e+20
118.099496956, -1465.80216143, 43.8844463196, -1.3942633907e+21
-447.95086608, 19.128868002, -929.541766673, -3.40188435312e+19
-727.503714167, -179.147077506, 707.181028746, -4.71477404029e+19
-863.700604576, -795.224660542, -589.72433967, -2.70290448449e+20
1390.2549619, -1074.42152685, -609.436216912, -2.20317155738e+21
706.027742703, 1148.10385563, -702.580969852, -5.42331502857e+20
-560.395144088, -314.90349632, 671.232828557, -1.17678594167e+19
66.1009474704, 369.256040869, -739.405337743, -1.53311536399e+18
709.136452042, 525.187671305, 477.948238465, -4.21555278641e+19
1152.14410159, -635.664317609, -421.644746854, -2.24478376887e+20
-139.082854781, 735.909951405, 265.299203186, -2.81053444023e+18
-436.398832849, -932.286168012, 325.891817007, -6.37911783095e+19
1080.75669563, 70.2973041575, 362.713985581, -1.52778295011e+20
-1044.04908845, 492.34165037, -814.22732644, -4.27876762831e+20
1106.77298697, 1008.78214874, 298.381674435, -7.46056080471e+20
541.310248201, -153.422048818, 210.576742773, -4.66689624118e+17
-90.1225555222, 625.816171562, -410.007127688, -5.34503752114e+18
-387.639676648, 457.409086573, -89.9709622247, -3.89904905474e+17
-435.986814263, -1008.57579459, -188.799950544, -5.05065631081e+19
47.6111562646, -138.156992742, -537.966500185, -3.23155949509e+17
603.691307613, 516.808646536, 574.309756422, -2.90789105127e+19
-651.513684624, 409.035822927, -437.157219351, -6.89623699105e+18
-1277.91427449, -271.188819594, -666.6504674, -1.44983077421e+21
-1270.08293163, -431.043300814, 140.778233425, -2.61408991555e+20
-714.195548244, 1197.96431352, 385.507546406, -2.54094327254e+20
-500.649111023, -525.082872682, -1030.70357608, -1.3555537921e+20
473.413637038, -113.248153013, 208.215227306, -2.09809209504e+17
-59.6083455883, -328.080769818, 804.156562594, -2.93660966609e+18
637.223052626, 676.073269173, 584.990561988, -5.13353984033e+19
660.130827931, 1060.89698882, -796.133939009, -3.64405301655e+20
337.346466237, -670.486397729, 1084.75622548, -8.11842972893e+19
-832.787656819, 454.386953952, 1248.65681121, -2.71978587955e+21
302.699339423, 1088.96643994, 227.167304593, -8.04805917531e+19
202.815460193, -1.53911037383, -373.34873925, -6.56959677798e+16
-372.726627335, 936.392472177, 181.802279813, -3.11109006523e+19
-652.918405216, 440.61162452, 882.054163156, -2.56695958917e+20
95.1084690039, 312.878807916, -356.621587035, -4.14146518329e+16
725.159896825, 431.41331215, -79.7082655908, -5.60885552371e+18
32.7403305637, -433.827650367, -1307.61754044, -3.80860201133e+20
709.693162995, 567.812577247, -466.93916031, -9.06709696946e+18
-241.147163789, 464.410818448, 198.572466146, -1.15398806633e+17
782.24834456, -1210.81780865, 220.825129415, -6.49430467622e+20
-898.877018945, 394.189161729, 174.185908392, -9.21744609671e+18
-801.148287244, -392.432778664, 989.630272306, -2.60268475635e+20
750.793867647, -133.536338304, 359.048785712, -1.06295521402e+19
658.326944994, 1284.25398392, 285.194729888, -3.84249409545e+20
27.3516908702, -609.22026101, -226.897086676, -5.42872952693e+17
136.967372683, 75.490451974, 213.396414529, -9.08038441182e+14
1038.66428783, 62.0026231304, 881.260641014, -7.63465887817e+20
-998.157498905, 61.4224848326, 1141.57853414, -1.83789664466e+21
22.3127248752, 600.290292313, -871.81842257, -1.47359756275e+19
381.912220259, -302.10648716, -728.005250088, -2.33035036652e+19
1219.49940065, 394.270423229, 370.115736266, -5.55420635004e+20
-896.876687911, 404.640126396, 536.004653121, -9.16338909779e+19
299.675841692, -1015.43364326, -857.863978883, -1.47964775727e+20
-726.41138122, -237.659727081, 618.724548781, -2.32813381844e+19
-196.3662131, 251.51851841, -578.143892465, -2.98179491864e+17
-85.3189255592, 535.52183055, -1043.11944748, -2.17833042392e+19
63.143957168, 1204.57234623, 1020.43569179, -2.19828149759e+20
-1116.12553729, 896.885140879, 612.51095964, -6.80810271986e+20
831.136802386, 279.75983793, 288.449420762, -3.04260346732e+19
890.539029625, 258.011551231, 111.235801806, -2.41093145487e+19
-996.536536168, 79.65673159, 688.984735357, -2.13294738955e+20
-1036.6245243, 101.916622118, -176.677016465, -4.34690350122e+19
24.9873226219, 414.969132439, 75.130443637, -3.76177482942e+16
-972.133063458, 756.789056672, 984.591071226, -1.83721197787e+21
1089.92929952, 130.150235343, 600.613932517, -3.99902317337e+20
-36.0595000339, -565.335123271, 586.578437118, -3.94049715114e+18
117.318750786, 247.216090295, 252.129991203, -3.00832572062e+15
-466.400182178, 70.30511871, -1121.27719908, -1.01300888937e+20
-409.378499062, 45.4311255624, -604.055400254, -3.08412190974e+18
-660.763335928, 550.273537096, 767.751949667, -1.60890294604e+20
-126.735888669, 867.270503224, 613.598028027, -1.30616097425e+19
-48.075403155, 320.280025462, -731.24263844, -9.66602999508e+17
-85.3522446799, -441.73532964, -1157.17017359, -1.2052816253e+20
283.468786782, -1109.43320013, -399.197009587, -7.65392880077e+19
333.174435341, 246.127346584, -204.973611875, -1.66767652122e+16
795.70206271, -945.302997268, -173.805460177, -6.64811360208e+19
148.747769801, -429.764653047, 330.632207077, -3.54713521289e+17
67.3635455816, 337.998655255, -42.2287334165, -1.29684847275e+16
1272.46686853, 189.936842197, -966.413769285, -1.63128949165e+21
-67.6544362379, -569.128045856, -258.497695194, -2.69387225327e+17
-392.95733101, -199.651515273, 248.057926731, -4.90731560739e+16
494.647713777, 176.536719226, -86.3626359297, -1.30700968903e+17
-611.023606154, 590.54543383, 847.596213681, -2.22875673346e+20
-122.863593923, 133.087186033, -541.015634562, -9.81624176906e+16
-39.7505370088, -4.5795124525, 81.0446022293, -125886.648651
1036.0278041, -353.068282364, 69.1877642763, -2.00551117379e+19
-68.8835375353, 783.58094844, -191.05526892, -1.45410454286e+19
42.3101322202, -450.61930018, -72.5809950911, -7.45945536278e+16
-161.409985486, 1054.77183065, -568.663434177, -2.81102658296e+20
533.107068765, 1093.53838628, 53.0847378967, -1.24866954363e+20
1017.98618631, 291.912615317, -356.23680437, -3.87773404186e+19
464.381974688, 1188.05418186, 878.205080716, -1.86937584999e+20
764.436115081, 390.398459058, -178.972203549, -5.73335513226e+18
-85.9489589665, -220.426980609, 79.5253747868, -6.15961012159e+14
721.628184081, 671.15879663, 299.312590428, -3.39913404196e+19
-618.042714078, -1053.26002682, 643.8197309, -2.67101755538e+20
-447.777163501, 1172.50470938, -532.044391709, -6.67339831702e+20
196.197051867, -367.612832623, -98.9973198902, -1.72969576043e+16
-166.348842702, -530.402815945, -578.953852167, -1.08392722151e+18
-616.58385211, -47.1673992534, -106.012291997, -9.61636302885e+17
-432.34305726, 89.5247170004, -112.939704008, -4.87000365545e+16
1261.21453531, -370.451301096, -1226.31648982, -7.32892498921e+21
-984.938898964, 140.645149273, 285.669092261, -2.30565500181e+19
1137.03436393, -686.297047481, 393.539238265, -1.51033160516e+20
622.78449208, 998.436355195, 191.110502715, -6.95460725635e+19
-127.053057402, -51.9116030573, -30.4318455654, -7.70616310564e+12
-710.860790559, -116.883565664, 283.007161851, -2.36436585582e+18
841.352776646, -207.823120091, 834.056501299, -1.87724194288e+20
-65.8316114096, 525.651006245, 574.452945705, -1.96250382908e+18
-161.381263875, -124.525762805, -630.492548906, -6.77993508688e+17
-707.099776925, -965.660166799, 320.331777369, -1.00147295108e+20
203.363437085, 61.2724605074, -403.355541302, -8.22993757674e+16
569.693860851, -709.177271022, 658.428404566, -4.93794039058e+19
-538.325744205, -901.268653132, -339.795685682, -2.92546882621e+19
-380.237394666, -461.020264132, 238.271127549, -3.80526037448e+17
-70.6495612627, -22.2309514808, -459.597560766, -3.57907618006e+16
-35.7154482888, -1155.62948871, -4.02496480902, -1.87853597862e+20
502.474149278, 324.54987599, 1323.14326811, -4.56268700347e+20
401.904092911, -11.0906180931, -362.133604766, -4.14195353286e+17
-506.846653629, 506.164442386, -594.727927354, -9.45454339442e+18
-483.686690791, -610.664180601, -203.204849849, -3.10152705734e+18
203.551279484, 20.7144915402, 521.646789744, -2.26502579783e+17
600.421333465, -188.75952829, 840.174947602, -4.7475421888e+19
-561.637202361, -13.5677142611, -806.50918615, -3.70805888627e+19
-420.54642247, 388.508989309, -591.321057872, -3.24157831883e+18
-42.9726069144, 1085.67717667, -42.1923741143, -1.2919910491e+20
869.04644185, 503.812384504, 948.416050957, -6.26719123853e+20
-556.931212722, 478.988285337, 667.747978293, -4.85145969039e+19
775.347308331, 392.231425035, -254.219307437, -6.02199855666e+18
-736.372282818, -677.633015929, 212.195330022, -1.54739329347e+19
724.114388672, 385.157708646, 283.337052237, -1.61008346147e+19
394.63879197, -45.3778219021, -256.770634032, -1.13838649906e+17
-1134.92534083, -1269.44050114, 254.467089067, -1.19043174863e+21
-937.820691703, -494.352796639, -1039.05145121, -1.16356441905e+21
-1153.69951268, -103.449368683, 186.030801998, -6.64003560581e+19
-717.06506563, -1309.78668545, -252.286629449, -4.97550231417e+20
-953.26135073, 273.337066649, 159.20739471, -1.11930179032e+19
-189.804160996, 1003.77249389, 617.991543043, -3.39076599326e+19
818.334682473, -407.599095535, 47.2581059049, -3.03841033117e+18
-1368.38865764, 720.606869622, 875.579279718, -3.73828943914e+21
-380.953257462, 409.679663998, -733.916381905, -6.29019057754e+18
1024.82318109, -124.515803791, -50.2425467934, -1.96431337681e+19
-75.697063901, 192.38254957, -1282.30706697, -1.07908199182e+20
-590.433343768, -1009.92196912, 979.631047707, -3.64682116438e+20
-713.680750089, 637.894741643, -59.7631533227, -7.24491208907e+18
-687.762053646, -595.209813337, 504.151040943, -1.01368215229e+19
34.4511966498, -1159.26722833, -493.945027352, -8.53698181866e+19
795.529708367, -347.480595722, -80.6101232199, -2.44828340722e+18
200.852114213, -263.800050184, 523.341981422, -1.92974580046e+17
-415.022074402, 573.51321251, 69.395053196, -1.09684808729e+18
393.111415249, 175.70574568, 750.0601283, -1.00153033119e+19
-491.931127893, -175.927812972, 238.562808299, -1.68908689611e+17
-64.8719787379, 290.701573852, -72.6661219012, -5.95208332742e+15
681.03191516, -744.623584414, 730.496128288, -1.02934742962e+20
-95.0670906928, -103.808142497, -637.122352237, -6.13208543511e+17
302.760170942, -1037.48060915, -884.707797996, -1.81707508685e+20
769.088708837, 115.033623814, -1283.46697755, -1.40547019351e+21
-910.956797539, 1186.34295625, -797.447159892, -1.7573778737e+21
793.011890672, 107.841314816, -1024.46423344, -4.40229903289e+20
-897.025378973, -340.533767701, 602.030680526, -4.73838908851e+19
1272.43823029, 95.2670949207, 385.517296765, -5.06501465617e+20
20.6726091591, 107.932305808, 675.297607949, -1.35978540952e+18
945.842131432, 613.361425869, -68.9714424315, -5.79001504103e+19
501.621553717, 1070.74566771, -1436.47492453, -1.33008498045e+21
-494.454673839, -787.765484239, -375.334302626, -1.29119167163e+19
-689.901329749, -455.411996709, 1074.39791124, -2.51882439945e+20
-378.265137844, 520.760238101, -269.403555203, -1.72410684307e+18
-807.958078333, -1481.55767076, 312.488864499, -2.16381754597e+21
567.772456043, -147.057025882, 175.097305301, -4.89028193584e+17
-228.483562587, 210.466054929, 1069.63514127, -1.22426447661e+20
-518.232675263, -1195.97017949, -191.143746954, -2.05298858765e+20
54.2992261745, 251.049337688, 1194.86840789, -1.33245229125e+20
-928.067901795, -419.23825009, 367.536833062, -2.35990624638e+19
-837.749891552, -1178.25946762, 127.909143135, -3.84136195216e+20
-162.290593957, 457.125962345, 522.977584592, -1.58856371696e+18
934.739081531, 840.824894962, 919.946560531, -1.10132664094e+21
-231.157881278, 134.354932862, 550.332568543, -1.38836242369e+18
801.120790395, 283.787092167, 226.381868882, -1.90245955267e+19
423.07869084, -400.541356782, -1427.49608212, -1.82662014883e+21
594.209291154, -1084.83846647, -805.976350697, -3.60419272806e+20
66.5719663886, 314.013706681, -231.937953529, -2.1376353758e+16
339.487183368, 255.774192421, 57.1251890726, -3.27516744454e+16
675.722595431, 172.868994063, -63.8750681927, -1.41343870335e+18
-68.2545773772, -175.762350127, -691.060905789, -1.4515497854e+18
-209.872450989, 693.969579781, 167.889128046, -2.38136634885e+18
-95.2227412987, 409.044997991, -393.44379334, -3.30373312651e+17
-173.908237563, 221.110328372, 67.5732563379, -5.69275989168e+14
-1143.65668006, 1421.21524088, -177.528786914, -2.67001143194e+21
7.73034702063, -18.9391772677, 1197.2041678, -9.94253992121e+19
-437.739489387, 174.926706936, 9.05010504156, -1.69174469064e+16
-63.0218834081, -801.410770716, -800.561551497, -1.83503973138e+19
-260.227222457, -184.213414609, 935.08950937, -2.74780125842e+19
-703.479415351, -447.863415443, -425.306937206, -2.84539348036e+19
-788.744578146, 783.444860496, 1049.08010292, -1.43838348189e+21
-212.616210446, -1093.62146411, 602.547688327, -3.23394531878e+20
-116.581681373, 1045.5998038, -400.620622617, -1.91709952178e+20
173.466833928, -715.703534305, -98.6317697749, -3.43025532105e+18
1045.18472679, -548.421946485, -362.971397888, -8.85621210471e+19
-1213.19472251, 353.802711312, -401.099496111, -2.27929268959e+20
67.3060955624, -629.376650675, -576.332660403, -2.57919971343e+18
-399.475877913, 1071.82723547, 1130.59551998, -9.5136881145e+20
699.680026496, -51.1552184851, 83.4498682402, -1.60654094598e+18
260.998434358, 1454.62238852, 915.935570609, -4.52730450454e+20
294.258263536, 727.529252333, 503.524004638, -3.45335680812e+18
-575.586329596, -1113.53286104, -885.057272836, -2.48885656998e+20
-437.82684216, -297.921179659, -634.980454228, -7.8408104057e+18
-197.341756168, 442.791335288, 936.299885315, -6.53520833483e+19
-534.238452383, -26.1387276592, -437.502899753, -3.34231709652e+18
179.435791279, 308.185089093, 658.398866972, -1.63889038101e+18
-541.74796864, 674.366954254, 484.207295196, -1.79826106675e+19
-1302.63205777, 285.672385453, 394.393090813, -2.48457458644e+20
80.0961181422, 494.38900694, -1038.6434645, -2.17923047864e+19
-107.56728188, -912.991775538, 204.255628365, -4.30461823731e+19
615.968550308, -553.789098466, 1452.64625072, -7.06207304415e+20
-86.7698661332, -1372.82397691, -332.927543426, -4.62154254138e+20
1034.98620194, 60.8569772092, -506.449294533, -8.3023806545e+19
-438.560463833, 198.247428661, 257.570656535, -2.79482175284e+17
489.330048518, -96.2240505622, 257.658087627, -4.15534772358e+17
678.054883616, -681.69645332, -100.552554278, -7.01559849499e+18
481.117593293, -143.1820691, -30.3063945815, -3.87302027273e+16
1187.23745609, 542.688980416, -1356.49826628, -4.15297591979e+21
11.8814995936, -464.318728866, -566.220703373, -1.0242053121e+18
-224.647864993, -933.389065945, 550.266558353, -9.63392214216e+19
-400.306811285, 609.107246236, 542.724615205, -1.11429179302e+19
967.202010038, 284.298059345, 273.729208457, -7.70927916332e+19
-185.245714811, 343.100584263, -981.401082105, -1.02471105754e+19
843.855718166, 722.25018654, -736.64354989, -7.69704599243e+19
187.41246102, 1016.24200292, -142.763240991, -8.76926415377e+19
898.494096339, 245.97685008, 159.190541096, -2.9321466866e+19
674.210467193, -560.1477177, -234.132130423, -5.03728617044e+18
-324.701639902, -52.350959299, 678.772961009, -5.64569929557e+18
-302.123302759, 916.842303117, -512.92444682, -1.08896020856e+20
-923.588114751, -317.751225662, 529.804103326, -3.84004699943e+19
-1260.12900954, 19.3260440455, -1118.00143607, -3.87189218998e+21
612.547477739, 916.840584142, -1246.32904884, -5.21409981591e+20
-15.4448424943, 243.603376121, -969.107834089, -1.04510025793e+19
365.325162478, -157.965191771, -479.834966995, -1.70960235606e+18
-7.32158177356, -615.442245543, -202.528097701, -6.32565732701e+17
-522.394215842, -1215.23962842, -1126.49861554, -5.39796708704e+20
500.182203077, -604.394990741, 154.99804061, -3.61096944342e+18
-353.844911549, 721.585939069, 425.26871708, -5.42264665408e+18
-263.599036207, -372.514441916, 143.61226619, -5.06084907279e+16
-306.910588194, 311.993321162, 635.830224412, -7.78061593083e+18
453.063883524, 747.007972224, 202.157305611, -6.41153730497e+18
101.928330993, -635.100435739, 187.674590596, -2.98023221855e+18
748.031305884, -572.435119948, -905.405937554, -4.91485090244e+20
-68.3925213544, -252.49735278, -1000.67999555, -3.01653161669e+19
-645.180433949, -46.8311158623, -1458.87166021, -1.0600475004e+21
473.68674878, -1111.01526318, 568.683269363, -4.87214335283e+20
-156.958783419, 513.675996044, 174.686035927, -1.83305097325e+17
-372.351982242, -296.387938633, 1218.52988201, -2.33382961745e+20
1268.01511269, -619.296795804, 27.1491758598, -9.42846681163e+19
-197.676104671, 860.064553775, 568.615427296, -1.27678521043e+19
-319.984558038, 1189.22595369, -1127.1845651, -1.65176034125e+21
-566.236290169, -951.383971762, 75.6101111153, -5.49998776306e+19
-331.319381588, 279.598246419, 251.5231632, -1.16975360215e+17
-26.32924259, -517.493719451, 592.223101753, -2.36045694428e+18
121.074566325, -133.767048245, 145.800742589, -1.29425789368e+14
1373.17049498, 394.371543545, -26.0848680002, -5.20795441587e+20
516.999042422, 25.6848712256, 264.079457446, -8.04548078882e+17
38.3565405047, -815.226983241, -998.178460923, -1.02276850329e+20
355.300204406, -168.931909815, 346.603525764, -1.603543429e+17
72.9312497797, -524.502383922, -14.7249315636, -3.36317126422e+17
-394.946746167, -1033.78103672, -464.063794604, -4.3108523856e+19
-74.8022166464, -126.679267012, -1122.20061249, -5.92000097823e+19
729.123540417, -334.394061742, 41.9595431268, -1.15497974741e+18
-153.202296535, -418.338933734, -780.213248433, -5.82982822602e+18
-1016.48388699, -187.179554916, -924.1075116, -8.84551528186e+20
-372.430505374, 1419.8472331, 355.264452554, -6.87993615468e+20
466.785399268, 457.147900913, -413.355718322, -9.95176075565e+17
645.421862091, -708.392105663, 520.627322688, -3.96398299755e+19
13.7235508229, -695.179599541, 261.147928966, -6.68513283671e+18
175.19299457, 329.646600684, -130.862894232, -1.74659898304e+16
-67.4410744425, 798.308111467, 29.5831100289, -9.70660303459e+18
-1301.94782652, -645.021364078, -345.656920548, -1.1591369251e+21
-7.75737898304, -1405.29519538, 1069.3212923, -3.69949971517e+21
-736.876049946, -976.627394452, 96.5516782723, -9.43806708438e+19
-131.761673666, 245.155864782, -1016.38096641, -1.33908760379e+19
823.251039842, 575.017884479, 313.960255879, -5.84291140341e+19
-243.156198305, 80.8925245317, 248.999071279, -1.8139863093e+16
712.806762045, 573.983652066, 993.674120097, -3.61389835469e+20
1128.01404869, 671.272145526, 550.653493619, -8.23298253858e+20
1081.14415366, -1233.92116132, -242.642463916, -6.07670565587e+20
-40.0487959346, -42.6808507399, -564.221668492, -2.13809210137e+17
-755.574661001, 420.181140271, -330.03358808, -7.99618189891e+18
-426.266200664, -73.5178919407, -1142.94865884, -1.07796101171e+20
-54.6448630291, 782.408755249, -13.9874027316, -9.17044017205e+18
196.513102486, 105.290322293, -62.5979682971, -1.10987576969e+14
555.677236516, -1254.62671649, 537.008069707, -1.11973631926e+21
-1401.65201093, -972.384015625, -432.11488955, -3.43051646695e+21
248.990651698, 493.593171816, 256.260790074, -1.78835994441e+17
304.824970225, 607.40368129, 1118.80915901, -1.24081449419e+20
755.566806411, 362.665309016, -90.0054295461, -5.6955102221e+18
-187.958199721, 1371.40235066, -542.380487375, -1.73777130404e+21
-644.86168908, 465.222998745, -510.89952864, -1.13727069984e+19
645.922818933, -295.780526298, -1310.68897366, -1.75886299339e+21
539.884041305, -892.674780654, 481.413115281, -1.07352261321e+20
-63.7164422909, 1067.27621848, -103.813403319, -1.27422670371e+20
1240.66329918, 46.3673275823, 946.437598475, -2.2744423841e+21
221.380499394, -198.64471173, -507.387340998, -9.06289753444e+17
867.52679408, -96.9028847604, -70.0471798566, -5.13072232742e+18
-485.759032517, -627.824523127, -41.3635259425, -2.8507852544e+18
106.942120644, -385.916537246, 278.312321982, -1.29337427085e+17
-29.8081272131, -249.756383961, 31.3527893069, -1.09725210688e+15
936.398875325, -419.794915954, 79.2241185715, -9.10534538609e+18
-703.164052583, 876.267691976, 844.724881294, -4.57485035478e+20
361.565180043, 202.042521899, -991.224917524, -5.79008972558e+19
1191.2603365, 315.265454646, 30.604333152, -1.77145958047e+20
-1183.96464029, -1334.24022745, -216.122689974, -2.05286629155e+21
403.208320774, -207.943567281, 384.322760311, -4.03658796512e+17
283.355272969, -1160.99769475, -162.635752518, -1.65301163235e+20
-100.654587691, -6.5020799808, 773.722111116, -4.86521223234e+18
291.649615361, -1150.90433709, 331.088258718, -3.66042065578e+20
676.735211381, 431.774002767, 1102.81393707, -4.07712588212e+20
134.969267683, -256.856863398, -197.43220549, -3.74888709885e+15
9.34497739242, -755.477057937, 291.190730475, -1.32208697269e+19
-101.499723436, 295.470570583, 617.13767624, -2.04711548852e+18
7.80551389493, 107.740191197, 1329.35906834, -2.73331757899e+20
1308.53308189, -1015.50570393, 173.14205167, -4.7410051987e+20
-119.82664696, 1109.86929107, -461.460428969, -3.27380899312e+20
264.013901347, 119.806059586, -794.418092656, -9.3798354585e+18
315.904267178, -471.708383172, -690.093285519, -1.74016065461e+19
94.9142610454, -58.6759734516, -771.099883125, -4.82124111325e+18
771.107733641, -30.2488932828, -39.5730030148, -2.32571254009e+18
-1261.95653926, 682.446668013, -398.417013462, -2.79084946539e+20
113.838528454, -555.509044484, -721.685809686, -1.01719460699e+19
611.462749095, -58.6147076487, 582.863877088, -1.41413063479e+19
-153.220537568, 399.814638447, -269.315722054, -1.89269407139e+17
541.201969322, 1005.4639304, -99.7816206128, -8.26569313086e+19
91.0132256469, -834.207035555, 956.429480638, -1.17910615458e+20
852.910845361, -363.707290842, 312.089466227, -1.43522620773e+19
114.647829216, 491.681388247, 1143.80418931, -1.23181417932e+20
508.294768544, -713.508128883, 776.331750937, -6.14960923096e+19
110.253246472, -210.351654497, -1291.26064164, -3.10862007132e+20
592.58603791, 534.131128674, 1164.33690704, -3.89366218668e+20
106.510166107, -619.579559071, -1118.18770368, -1.97376711932e+20
-176.757973431, -301.581857799, -63.8231489339, -4.32451013646e+15
-164.379047834, -160.122244352, 41.8046224374, -1.21849262894e+14
-1206.51533833, 169.704734352, 118.452477268, -6.78410274737e+19
-443.892253756, -499.283070524, 653.765045422, -5.21320234098e+18
-624.792663601, -54.2709415694, 56.9957169156, -5.18739934591e+17
-785.054385605, 47.3470854201, 283.105392481, -4.98802697613e+18
-1293.05500081, 20.2869281739, 374.01292156, -1.92382915452e+20
-1036.63054652, -275.083961627, 606.406994786, -1.08813772322e+20
-109.334627878, 135.591054868, 417.980686449, -1.00956508911e+17
60.331815529, -273.66630692, 777.164980773, -1.64843203157e+18
-857.796002, 86.128282892, -28.5139363471, -5.84825780773e+18
78.0659744252, -225.649406778, 953.800146618, -9.40591215341e+18
830.393876496, 483.143102967, -418.293173911, -1.42630267467e+19
985.500926076, -318.527983651, 7.66552024661, -1.19706329248e+19
1317.77191006, -317.510159606, 234.840483421, -2.38481679823e+20
-262.012019393, -97.6933600559, 420.088057396, -1.69941030811e+17
177.121084227, -871.222048559, 1159.39268277, -2.50838392804e+20
370.624576166, 513.987496041, 386.003547254, -1.34843462135e+18
-125.133607857, -1310.27955492, 193.493353616, -6.77176227772e+20
-1.36975934776, 449.618187043, 148.36549048, -5.35876856539e+16
547.570027332, 361.087884385, 67.7180548456, -1.10565027342e+18
-948.645791087, -509.489808754, 25.6422767751, -4.90083039851e+19
-553.838619141, 18.4146702475, -17.8227436433, -2.02297320562e+17
-131.361891351, 1133.42454853, 45.2742537145, -1.60703452826e+20
-924.792827746, -243.958496949, 293.244742446, -1.62072920051e+19
342.950956596, -433.488645578, 119.9555857, -2.46250678493e+17
-420.075754633, -343.301133814, 1323.29193587, -4.59834234078e+20
253.795799753, 406.103958634, 328.556778413, -1.45603076656e+17
210.020754314, 664.396695498, 41.6535515532, -2.0394159473e+18
-158.743725538, 770.127207681, 131.087006578, -5.8978381086e+18
1054.67401722, -730.533694876, 638.31374035, -2.76747685146e+20
-752.021500565, 25.2592319411, -220.790096231, -6.12161701469e+18
1053.34449603, 289.61327462, -233.092199932, -4.47062041731e+19
327.682450051, 854.364565161, -1051.4538856, -1.56055086017e+20
-1274.26911471, 86.2727923974, -99.6444045578, -1.70972838237e+20
-705.972219416, -232.531147867, 68.8462520535, -2.38570444003e+18
-170.837006268, -55.0176516617, 793.284923043, -7.27123937511e+18
-925.420924094, -168.886155632, -539.312330178, -1.31771533743e+20
45.0337355842, 50.9820485123, -752.220854768, -2.40630604226e+18
-308.973486685, -287.962294244, 385.478182339, -1.08391663261e+17
-376.323079866, -432.632185175, 422.724741028, -5.65991903664e+17
1053.30311612, -765.74356728, -247.782740117, -8.15341410076e+19
-571.167459361, -300.594153938, 506.670431232, -3.2674537187e+18
-35.6045239926, -243.166318329, -636.093032057, -1.01226993745e+18
-37.4130272064, 247.431336428, -211.72254932, -4.74853721704e+15
-34.0051947145, 295.39385933, 139.231609003, -1.59917462134e+15
-895.840767488, 310.009683801, 845.661474775, -4.39612082775e+20
-364.857854124, 708.595543307, 371.758822878, -4.05467596543e+18
-355.033023318, 1271.07996028, -1362.22213228, -3.52570403873e+21
861.437344346, 603.231884402, -770.691676997, -8.45588477653e+19
-206.816381509, 458.675529521, 94.469252997, -1.09338769483e+17
518.124227551, -634.077735111, -1285.4382569, -1.60360090229e+21
636.842744719, -22.4591190615, -709.625522074, -4.34278200371e+19
-726.542061235, 436.822790627, -311.144321899, -6.03411761672e+18
-1350.84522224, -0.795030440747, 356.76775416, -2.50096950423e+20
85.94509856, -195.836030554, 175.130863896, -8.62774961855e+14
-181.279102224, 578.716879484, 384.7273077, -7.08320719352e+17
-552.420497508, 928.879786069, 992.160641579, -6.2754498018e+20
-965.176631538, 96.4302829338, -156.12051523, -2.36608640863e+19
1232.08192883, -96.7461790003, 788.86083761, -1.20687896342e+21
-382.491860858, -172.451781153, 799.620486441, -1.68296582171e+19
809.694368612, -442.312420033, 460.532299929, -2.36934128851e+19
-202.599353334, 682.170270443, 572.13107098, -6.18068588874e+18
151.744554286, -13.4132282618, -272.728352748, -5.96799686009e+15
-166.081499001, -97.2360899561, -417.659943951, -4.57217982565e+16
-155.855640154, -411.613674195, 244.479992605, -1.35982600898e+17
-727.131164501, -48.4556755538, 50.9759844312, -1.73283251009e+18
1297.17394056, -1306.23361136, 624.281741965, -3.60963104319e+21
-177.908477725, 628.117377499, -138.06393607, -2.69587805272e+18
640.637184332, 906.566689581, -338.280415657, -6.16760526167e+19
-27.1472094436, 1059.65788312, 29.1818727137, -9.28660520604e+19
108.63367123, 410.947492549, 303.465261886, -2.57335240359e+16
495.914581572, 427.190711783, 415.090377701, -4.40962997807e+18
1059.89350899, -1310.52989905, -299.402451171, -8.35309399611e+20
433.64623463, -516.5657342, 518.43761564, -4.9056525431e+18
-75.6785254037, 105.631800053, -569.696605574, -1.35791660445e+17
-788.28873988, 30.831732555, 1475.70199138, -3.98868641146e+21
366.77172486, 815.649283629, 438.491596582, -8.09827148872e+18
159.105710837, -5.93805263951, 951.802229458, -1.30553867123e+19
-386.447851756, -190.990151345, 640.277652739, -4.12404764074e+18
-901.374537221, -588.401286505, -331.961365023, -1.08736958813e+20
226.584062384, -1149.97368617, -853.574832548, -1.64435062593e+20
-468.81400879, -120.031578598, 831.066519452, -3.56293164139e+19
232.295474524, -326.780421119, -923.240362054, -5.28695470328e+19
-39.7427668703, 736.377013273, -111.099413272, -7.28750391068e+18
-739.497718202, -239.524804152, 185.585577995, -2.84741988481e+18
-763.187305864, 346.90809365, -446.495144332, -1.57486945015e+19
-256.468322189, -195.276803641, 759.627352039, -5.99889945302e+18
313.119347766, -885.963089929, 646.769242136, -1.10780691394e+20
-156.061558713, 302.341470257, -801.243784132, -2.07916332711e+18
-112.847018956, -675.683499801, -326.429874852, -1.03680721105e+18
-101.02470465, -227.135194279, -292.92685901, -4.15935171152e+15
-713.517322492, 478.634060597, 187.792862941, -3.39186620044e+18
-757.558284365, 226.035578999, 739.546517149, -1.2587204291e+20
-334.485528654, -467.583212812, -827.182742854, -1.67593064434e+19
-314.773853138, 376.048082419, -31.1180489656, -6.51232439771e+16
831.770152077, 312.873209876, 136.846677814, -1.88199922668e+19
292.745952614, 642.999419353, -185.524881644, -2.98060097284e+18
583.638882817, 678.479751854, -1095.43201847, -1.65910026108e+20
-1113.77581909, -373.401901707, -112.467144348, -1.50258341288e+20
1153.72345345, 408.58645743, -1163.44158084, -1.99405218769e+21
-524.627652762, -498.019759118, 429.494325102, -1.90621706451e+18
603.84054188, 683.409153364, 577.668897344, -3.99769276027e+19
