-0.499695061957, -4.01259708406, -4.88089686122, 0.0
-0.499695061961, -4.01259708302, -4.88089682857, -6.7381463794e-13
-0.499695083086, -4.01259708509, -4.88089702533, -5.55897384064e-12
-0.499695067127, -4.01259708484, -4.88089690552, -1.68455284872e-13
-0.499695060248, -4.01259708429, -4.88089685784, -1.6845397473e-13
-0.499695852305, -4.01259700477, -4.8808965717, -1.81929817116e-10
-0.499695062482, -4.01259708435, -4.88089686001, 0.0
-0.499695056311, -4.0125969715, -4.88089682597, -3.8744201219e-12
-0.499694615731, -4.01259707007, -4.8808967272, -5.69367766444e-11
-0.499693654298, -4.01259608007, -4.88090615833, -2.25400247436e-08
-0.499694978062, -4.01259758189, -4.88092788669, -2.43193775495e-07
-0.499695063447, -4.01266289628, -4.88088249987, -1.14783202662e-06
-0.499851883292, -4.01262072218, -4.88089670305, -6.35606560654e-06
-0.499390558736, -4.01252675593, -4.88089722689, -2.4693181333e-05
-0.498631667661, -4.01262903636, -4.87960849485, -0.000706984663995
-0.502292253993, -4.01305450653, -4.88081806713, -0.00176110859137
-0.49350172167, -4.01381767382, -4.88108708872, -0.010070292959
-0.507784934315, -4.01246228527, -4.89105082643, -0.0429009896636
-1.47629678975, 3.61576500952, -4.99999999491, -3.69964631642
-1.20875238833, -0.446424953652, -4.99999853406, -776.820867019
-1.47629678962, 3.61576501152, -4.99999999485, -3.69961335976
-1.87507035134, -4.99900990031, -4.9999999967, -177.581573768
-1.47629678936, 3.61576501135, -4.99999999489, -3.69962569373
-1.47629678953, 3.61576501154, -4.9999999949, -3.69961624478
-1.47629679012, 3.61576501153, -4.99999999529, -3.69962961716
3.01436233797, 4.91206828358, -4.9999999972, -770.007712195
-1.47629678961, 3.61576501165, -4.99999999481, -3.69961904819
-1.47629678919, 3.61576501155, -4.99999999489, -3.69962859611
-1.47647575464, 3.61576359634, -4.99999999929, -3.7363284933
-1.47629678962, 3.61576501153, -4.99999999485, -3.69961295635
-1.47628990708, 3.61576503919, -4.99999999506, -3.70326773508
-1.47629678965, 3.61576501151, -4.99999999488, -3.6996159111
-1.47629678962, 3.61576501153, -4.99999999486, -3.69961338531
-1.47629679003, 3.61576501152, -4.99999999487, -3.69962449782
-1.47629678962, 3.61576501152, -4.99999999564, -3.69963489989
-1.47629678962, 3.61576501152, -4.99999999487, -3.69961426764
-1.4763023417, 3.6156406139, -4.99999999445, -3.71547232897
-1.47629678958, 3.61576501154, -4.9999999949, -3.69961534037
-1.47629679001, 3.61576501155, -4.99999999461, -3.69962107078
-1.47629678749, 3.61576501177, -4.99999999581, -3.69962754642
-1.16071869601, -0.806397102057, -4.92734803374, -800.169027238
-1.18148169337, 1.10936948537, -4.93612744402, -886.231624146
-1.43623810573, -3.54395935608, -4.90073706321, -176.832815361
-1.88215302979, 0.829766660637, -4.98913933025, -624.516195533
-2.30658195934, -0.163639232411, -4.998891261, -698.255817806
-0.499692889638, -4.01258675728, -4.88089019534, -3.94613679898e-08
-0.553545601829, -0.78390893254, -4.95742598975, -993.071116402
-0.46093398644, -4.06297770036, -4.82032761348, -1.98347555324
-0.499699389167, -4.01259631129, -4.8808555, -4.37773304043e-07
-0.499695056104, -4.01259708625, -4.88089687361, 0.0
-2.13898212542, -4.93190347381, -4.89697128733, -195.848483043
-4.70741747473, 1.73959142828, -4.91115550339, -632.780496349
-0.499695076764, -4.01259709718, -4.88089687292, 0.0
-0.594782449041, -1.82238632165, -4.95038194761, -502.415484856
-0.499696159741, -4.01259693185, -4.88089674349, -3.13322365202e-10
-0.499695078198, -4.01259705788, -4.88089687642, -1.68454199985e-13
-0.499219836068, -4.01501681834, -4.88121955729, -0.001558997339
-0.499695059464, -4.01259708021, -4.880896874, 0.0
-0.499695085929, -4.01259706896, -4.88089686108, -1.68453917073e-13
-0.499678071374, -4.01259515891, -4.88043251479, -5.4586372993e-05
-0.499695067925, -4.01259711869, -4.88089687467, -3.36908926359e-13
-0.49969505326, -4.01259715037, -4.88089694658, -2.35836538407e-12
-0.499695015812, -4.01259708844, -4.88089686674, -6.73816966032e-13
-0.499695359838, -4.01259695232, -4.88089687518, -2.6446988124e-11
-0.499695870935, -4.01259719457, -4.88089379865, -2.56504825647e-09
-0.499695058083, -4.01259697943, -4.88089834372, -5.46138477883e-10
-0.499695078367, -4.01259711436, -4.88089682554, -1.01072316596e-12
-0.499695062139, -4.0125970918, -4.88089689281, 0.0
-0.499695078451, -4.01259708861, -4.88089687508, 0.0
-0.499695077149, -4.01259708643, -4.88089687186, 0.0
-0.499695371569, -4.01259709207, -4.88089687512, -2.37520718964e-11
-0.499695069978, -4.01259705741, -4.88089685311, -3.36908045566e-13
-0.499695069003, -4.01259708588, -4.88089688481, 0.0
-0.499695077221, -4.01259709116, -4.88089687509, 0.0
-0.49969507728, -4.01259709147, -4.88089689992, -1.68455175035e-13
-0.499695077222, -4.01259709112, -4.88089687508, 0.0
-0.49969504981, -4.0125970679, -4.88089684281, -5.05360301645e-13
-0.499695087192, -4.01259707254, -4.88089686078, -1.68454056954e-13
-0.499695077222, -4.01259709116, -4.88089687509, 0.0
-0.499695077222, -4.01259709116, -4.88089687509, 0.0
-0.499695629233, -4.01259522816, -4.88089403901, -2.99018677788e-09
-0.499695062881, -4.01259709655, -4.88089687007, 0.0
-0.499695072291, -4.0125970762, -4.88089688516, 0.0
-0.499685921409, -4.01259707314, -4.88089686438, -2.11445241874e-08
-0.49969589826, -4.01259715205, -4.88089749094, -2.71553654057e-10
-0.499695057487, -4.01259714546, -4.88089688045, -1.01072783388e-12
-0.499695133796, -4.01259607858, -4.88089685413, -2.57393909385e-10
-0.499695039875, -4.0125970808, -4.8808969054, -3.36909305306e-13
-0.499695071532, -4.01259708954, -4.88089688552, 0.0
-0.499695062844, -4.0125970879, -4.88089686124, 0.0
-0.499695039901, -4.01259708067, -4.88089734388, -5.50842057852e-11
-0.499695078893, -4.01259708962, -4.88089687359, 0.0
-0.499694737332, -4.01260055585, -4.8808967844, -3.07632750942e-09
-0.499695078404, -4.01259717562, -4.8808969229, -2.69528335732e-12
-0.499695059111, -4.01259708802, -4.8808968574, -1.68453956792e-13
-0.499695066581, -4.01259727622, -4.88089684483, -9.60192409961e-12
-0.49969481747, -4.01259708875, -4.88089687492, -1.5497593609e-11
-0.49969453929, -4.01259708486, -4.88089685303, -7.00763867758e-11
-0.499695089212, -4.01259709965, -4.88089687567, -1.68454968008e-13
-0.499695061706, -4.01259710151, -4.88089687699, 0.0
-0.499695038721, -4.01259719426, -4.88089687803, -3.20063729566e-12
-0.499695019795, -4.01259708321, -4.88089688034, -5.05362332065e-13
-0.499695068069, -4.01259708512, -4.88089688474, 0.0
-0.499695094685, -4.01259689182, -4.88089687151, -9.60179574919e-12
-0.499695092733, -4.01259709086, -4.88089687704, -1.68454960263e-13
-0.499695076895, -4.01259703075, -4.88089688914, -8.42271607363e-13
-0.499695052124, -4.01259707761, -4.88089687889, 0.0
-0.499695025185, -4.01259708494, -4.88089687438, -3.36908389407e-13
-0.499693102745, -4.01259708786, -4.88089685349, -9.74194916162e-10
-0.499695083575, -4.01259709147, -4.88089679993, -1.68453552958e-12
-0.499695072089, -4.0125970822, -4.88089665746, -1.22970469853e-11
-0.499695066918, -4.01259707509, -4.88089673935, -4.88514183011e-12
-0.499694969962, -4.01259705895, -4.88089684531, -2.69524201175e-12
-0.499695065271, -4.01259708137, -4.8808968721, 0.0
-0.499695067043, -4.01259708782, -4.88089689514, 0.0
-0.499695064639, -4.0125970895, -4.88089690703, -1.68455049011e-13
-0.49969508764, -4.01259707625, -4.88089692299, -6.73820788664e-13
-0.49969490624, -4.01259713113, -4.88089690345, -7.07500452668e-12
-0.499695073509, -4.01259707989, -4.88089690385, -1.68455184336e-13
-0.499695060122, -4.01259708765, -4.88089731981, -4.93567766291e-11
-0.499695078134, -4.01259708126, -4.8808968765, 0.0
-0.499695076982, -4.01259708242, -4.88089690619, -1.68455220654e-13
-0.499695081849, -4.01259709419, -4.8808968852, -1.68455026381e-13
-0.49969499446, -4.01259708435, -4.88089688522, -1.34763135331e-12
-0.499695055895, -4.01259708067, -4.88089610782, -1.49923423007e-10
-0.499695066868, -4.012597079, -4.8808968655, 0.0
-0.499694785706, -4.01259717581, -4.88089686279, -2.18988412865e-11
-0.499695035319, -4.01259709902, -4.88089523051, -6.86617096156e-10
-0.499695051023, -4.01259708536, -4.88089687981, 0.0
-0.4996950586, -4.01259709832, -4.88089686819, 0.0
-0.49969506954, -4.01259707678, -4.88089687784, 0.0
-0.499695077487, -4.01259709572, -4.88089687228, 0.0
-0.499695050999, -4.01259709185, -4.88089687992, 0.0
-0.499695064821, -4.01259738982, -4.88089673907, -2.84689412211e-11
-0.49969505503, -4.0125970955, -4.88089686749, 0.0
-0.499695060029, -4.01259707631, -4.88089687586, 0.0
-0.499695000417, -4.0125970876, -4.88089688027, -1.01072424793e-12
-0.499693853774, -4.01259713938, -4.88089687067, -3.71945327751e-10
-0.49969504883, -4.01259728229, -4.88089683094, -1.04442088117e-11
-0.499695116069, -4.0125971307, -4.88089686825, -1.17918103003e-12
-0.499695254808, -4.01259708167, -4.88089690137, -9.26498222805e-12
-0.499694894027, -4.01259709541, -4.88089686271, -7.58035642868e-12
-0.499695064749, -4.01259709323, -4.88089686414, 0.0
-0.499695050183, -4.01259709282, -4.88089688981, -1.68454742203e-13
-0.499695060248, -4.01259709595, -4.88089687265, 0.0
-0.499695062822, -4.01259707323, -4.88089689348, -1.68454688932e-13
-0.499695072054, -4.01259709528, -4.88089687273, 0.0
-0.499695084789, -4.01259734236, -4.88089686456, -1.68454859108e-11
-0.499694607286, -4.01259582005, -4.88089696666, -4.59532336636e-10
-0.499695069054, -4.01259707152, -4.88089686828, 0.0
-0.499695074262, -4.0125970587, -4.88089684361, -5.05361150284e-13
-0.499695082176, -4.01259710425, -4.88089687603, -1.68454728317e-13
-0.499695065223, -4.01259709548, -4.88089688518, 0.0
-0.499695066588, -4.01259707663, -4.88089689013, 0.0
-0.499695069493, -4.01259707144, -4.88089686817, 0.0
-0.499695069494, -4.01259707144, -4.88089686817, 0.0
-0.499695060587, -4.01259708273, -4.88089688792, 0.0
-0.49969506667, -4.01259709664, -4.88089688535, 0.0
-0.49969507465, -4.01259707096, -4.88090814122, -3.20842630262e-08
-0.499695089818, -4.0125971704, -4.88089686825, -2.02145353954e-12
-0.499695229292, -4.01259791026, -4.88089680418, -1.80416242287e-10
-0.499695067191, -4.01259707914, -4.88089689517, 0.0
-0.499695066753, -4.01259709727, -4.88089688535, 0.0
-0.49969504662, -4.01259710066, -4.88089687098, -1.68454506027e-13
-0.499695057655, -4.01259705998, -4.88089687954, -1.68453884712e-13
-0.499695024356, -4.01259528254, -4.88089687184, -8.21872894037e-10
-0.499694944998, -4.01259720128, -4.88089697617, -9.60187250522e-12
-0.499695569575, -4.01259706371, -4.88089685536, -6.45174974668e-11
-0.499695180848, -4.01259709157, -4.88089687769, -3.36910063475e-12
-0.499695056767, -4.01259704587, -4.88089690981, -6.73818358082e-13
-0.499695135632, -4.01259679359, -4.88089688269, -2.27408767005e-11
-0.499695063105, -4.01259707061, -4.8808968766, 0.0
-0.499695171258, -4.01259702352, -4.88089689618, -3.8744379012e-12
-0.499695062314, -4.01259711145, -4.88089688549, -1.6845459799e-13
-0.49969505711, -4.01259708021, -4.88089688881, 0.0
-0.499695054894, -4.01259709335, -4.88089688507, 0.0
-0.499695053674, -4.01259705586, -4.8808968589, -3.36907316548e-13
-0.49969506267, -4.01259710413, -4.8808968686, -1.68454493481e-13
-0.499695046843, -4.01259708829, -4.88089686749, -1.68454129698e-13
-0.499695042589, -4.01259712325, -4.88089686713, -5.05363680636e-13
-0.499695063568, -4.0125970835, -4.88089686897, 0.0
-0.499695050681, -4.0125970922, -4.88089690079, -1.68455023439e-13
-0.499695078044, -4.01259713976, -4.88089688232, -8.42273734735e-13
-0.499687572662, -4.01259738462, -4.88089768814, -1.43863961247e-08
-0.499695033351, -4.01259713721, -4.8808967729, -3.70597343804e-12
-0.499695066402, -4.01259702407, -4.88089781352, -2.22361490765e-10
-0.499695073356, -4.01259707895, -4.88089671302, -6.90657371135e-12
-0.49969508991, -4.01259709952, -4.88089647225, -4.17761800114e-11
-0.49969519042, -4.0125970772, -4.88089570682, -3.50719984611e-10
-0.499695061904, -4.01259711968, -4.8808968732, -3.36909043031e-13
-0.499695066349, -4.01259709852, -4.88089687392, 0.0
-0.499695064272, -4.01259703376, -4.88091630904, -9.54804711134e-08
-0.499545422992, -4.01259703315, -4.8808968864, -5.65973825015e-06
-0.499695065209, -4.01259708012, -4.88089687288, 0.0
-0.499695059325, -4.01259710345, -4.88089687497, -1.68454514042e-13
-0.499513917277, -4.01257938892, -4.88083414497, -9.36614951389e-06
-0.499695062962, -4.01259707046, -4.88089686756, 0.0
-0.499695777952, -4.01259731218, -4.88089893409, -1.21073602937e-09
-0.499695182374, -4.01259707754, -4.88089687698, -3.53754596084e-12
-0.499695062259, -4.01259708414, -4.88089686064, 0.0
-1804.14265698, -1570.79791999, 1926.58909628, -6.95519689514e+22
-2491.46482113, 3572.9744051, 977.684775734, -1.98769109411e+24
3296.13935332, -739.230426044, -2433.19846281, -4.77570640052e+24
1230.63640932, -3713.33918977, -705.527487982, -1.75867556245e+24
384.718699793, 89.8417502928, 646.12251648, -4.08621918111e+18
-2365.33708034, -1213.66850837, -1490.10923893, -4.24589975141e+23
-367.950060417, -146.512874253, 4337.87882418, -3.68682131169e+24
-513.615677179, 4186.08117591, 109.896861257, -5.68412988093e+24
4180.93943868, 1558.10717655, -594.61762265, -3.69926915269e+24
1611.5419037, -2655.27019263, 2276.44785782, -1.22681052093e+24
-217.377456577, -1042.47532621, 2133.42482676, -7.88986423551e+21
670.247026031, -1481.22707919, 3181.47466046, -1.66560522521e+23
1486.96067209, -577.39615209, 2772.02998471, -2.50566863985e+23
3366.91903031, 988.000038166, 215.075207081, -8.56177161e+23
-2696.79169767, -2715.17081323, 738.32735611, -7.30052035983e+23
1642.93463275, -2272.68514052, 3223.38437933, -1.39213935518e+24
4232.7647109, -613.833317179, 1851.78803098, -9.51118592859e+24
525.414094713, 2165.64819573, 2183.91398803, -5.16423336876e+22
-5112.80667079, 1337.39347655, -1429.92324163, -1.86339705948e+25
2694.45907358, -1442.21770868, 155.509602562, -4.51813846447e+22
-2261.91942432, -1306.91946249, 432.633665313, -4.2397170048e+22
56.0404802665, 963.283143746, -1702.31582383, -1.45697531837e+21
-1974.17837977, -552.788870617, 1681.08430831, -7.36869251346e+22
-2913.09486253, 2171.49883087, 2664.20434164, -7.60514829851e+24
2359.15292563, -2328.93450176, 4168.82532507, -8.36385578852e+24
1833.42332868, -3080.80856062, 4234.56898295, -1.11963549658e+25
3239.09272395, -222.735306117, -2109.8555625, -2.14706222314e+24
1997.0432544, -142.821572835, -2734.53158235, -1.19127852869e+24
1356.05323904, -744.784331663, 329.421495269, -3.60366594602e+20
-3613.39890318, -1066.7197421, -40.311452343, -1.31871581551e+24
1053.83524926, -41.5918166775, -458.246267077, -7.97261791276e+19
-865.983796586, 1322.70937088, 2384.08367111, -2.17291009925e+23
-2222.85039397, -145.78114494, -309.170496253, -2.38136842324e+22
447.08257762, -1561.23764229, -457.987320395, -1.35172874841e+21
-28.7809852502, -1875.51395332, 322.502899198, -1.278335978e+22
-940.524881413, -1845.33794014, -1233.47498899, -9.33228137902e+21
-161.272416951, 4269.65697641, 226.153507404, -6.10258453667e+24
-751.751534204, -785.690100686, 1828.61462495, -6.90936722665e+21
-247.101023198, -1841.66141182, -3288.45566136, -7.09813264654e+23
-1996.64615127, 4014.85455774, 1269.58367139, -3.31690050004e+24
2062.34065965, 73.6926252693, -1627.3129698, -1.04196202531e+23
-2065.41624988, 2761.90703896, 2103.46878057, -1.44476189493e+24
2217.18318805, -554.416052299, -1714.53162647, -2.47210980273e+23
381.538241841, -3459.78451959, 3850.23578776, -9.84597409069e+24
454.18017027, -1542.03035375, 170.907896762, -2.77493817457e+21
-1685.93363448, -4710.39193213, -633.904007775, -1.16093637798e+25
-1161.71873026, 921.053858148, -140.622528632, -2.04562217777e+20
264.18833278, -254.775652855, 1865.37093654, -2.20798927874e+21
-3723.59914143, 2341.42645363, -2219.05292638, -5.81831524573e+24
245.196223114, 2554.79785582, 4279.1250857, -6.59390098275e+24
1523.1630676, -781.446223345, -1715.78040343, -8.11517010209e+22
-1677.52050421, 4950.2073744, 3000.27600387, -1.70821636181e+25
2358.76110309, 1754.22520374, -4640.83896246, -1.86603857045e+25
-71.2994176283, -4243.64835495, 2291.84907745, -1.73673133579e+25
1460.99560663, -1478.67848649, 4192.27507408, -2.23362758003e+24
0.230221985546, -105.574666323, 3238.7833086, -2.7336774509e+23
3446.16692096, -1207.59828517, -527.522208086, -3.30813779176e+23
-1937.60879484, 1170.4183733, 241.907438114, -4.61549426251e+21
3550.99101198, 4375.03152287, -828.411820339, -1.8544307732e+25
2236.13095941, 862.666183011, 1426.53107812, -2.36441512932e+23
-1109.81378761, -108.078597762, 1514.89879208, -9.05550301495e+21
40.3191650339, 1672.59706349, -2249.6760271, -4.25749943001e+22
3523.15630232, 4978.24077575, 3874.81754004, -1.06209861098e+26
2051.41047581, -1318.11758074, 828.033298847, -2.35759017971e+22
-2184.97940916, 2538.48821211, 1331.08658042, -3.78026895239e+23
2624.17034412, -1307.68098268, 1435.28167158, -2.59499756339e+23
-1758.48973603, -640.849040109, -376.793266194, -8.55557442963e+21
2451.75115483, -844.762698447, 66.726381432, -1.78201652103e+22
4080.26575468, -291.418376691, 2064.10737198, -1.02902031748e+25
2290.6719401, 220.373720115, 4520.69942378, -1.31895099163e+25
1315.49376118, 158.931111661, 917.936928772, -3.1056706516e+21
-1281.75050524, 1782.47234899, -1536.7964002, -6.14037445991e+22
-4484.68642224, 3009.06124106, -4712.92777363, -1.39955714334e+26
-4518.38815502, 1804.50471989, -660.501862202, -3.34967269688e+24
1021.23938484, 515.781445413, 482.775843541, -3.08910178643e+20
-818.77050762, -2368.50991713, 3095.85133228, -6.41734203813e+23
-283.072621423, 4246.76636508, 1728.80952961, -2.93461291416e+24
-566.685531551, 1784.86264941, -1739.71133432, -4.63497782102e+22
1420.96651928, 1380.55987701, -3611.83470726, -1.55304243031e+24
-778.00026694, -901.231846453, -937.239730232, -5.84454141563e+20
2654.89590305, 3621.49818403, 1009.00982272, -3.30309776733e+24
1028.37456285, 2136.54580266, -4091.60116072, -2.26166203502e+24
-2654.55258132, -3304.0838796, -3699.25926953, -1.8534045677e+25
-1777.5494109, -3915.58281498, 3050.4737111, -1.26309847963e+25
934.580534277, 2140.65610984, 3933.87248068, -2.69320148001e+24
-3405.13512278, 1111.76063883, -4135.35369912, -2.78834374615e+25
-449.184634739, 2064.49568015, -1619.2731232, -9.7529182996e+22
2077.4050846, 161.528582497, -358.20725913, -7.27047477957e+21
3299.41833589, -1095.53097479, 1711.50723784, -1.52094619873e+24
3730.7515088, 2303.69124981, 1865.66052385, -1.26666486765e+25
3318.06136792, -2122.54730146, -1817.84012834, -3.27786860217e+24
-2860.4381785, 4008.73660101, 321.698387264, -6.3468767058e+24
1653.3395824, -1806.51350126, -2489.78161029, -1.06085579193e+24
4809.53020293, -3115.44270911, -19.9893178243, -6.5074051366e+24
-2582.68113636, 1021.11027787, 2399.4051909, -2.08189470432e+24
4138.72108683, 1532.71846675, -3398.05264684, -2.12849138182e+25
-4788.34026073, 938.49779634, 3797.26636024, -1.19815194344e+26
2069.64528554, -96.9722020704, 4344.71105, -7.58613116251e+24
-517.677346329, 2082.82812766, -2988.10756828, -3.47427436815e+23
1429.50176443, 1199.59544518, 3411.72963638, -1.19761381964e+24
-3250.96845773, -151.12676017, -1267.29143693, -1.23215177475e+24
-3532.80334851, -2574.90596592, -1286.94751364, -6.85332821113e+24
4068.94509583, 2014.89015078, 3210.40774254, -5.26493466559e+25
-1725.27639019, 1594.33683624, 3386.77649083, -5.305205278e+24
-362.527920065, -1657.86980194, 65.5582184067, -3.59634950703e+21
-649.948938952, -1568.08183035, -1328.89681217, -2.78641123408e+21
-2240.02756911, 2707.30971593, 3914.94551783, -2.81096069775e+25
2800.68855481, 3548.46816767, -5067.26111852, -4.14485007729e+25
-3785.33501476, -941.868763093, 75.1588639609, -1.58606833016e+24
4724.57714721, 463.477214995, -99.5602488836, -6.55262857192e+24
-1497.71492994, -1731.00683789, 829.836317721, -1.54829101467e+22
-2626.35096474, 1139.75208715, 602.901991849, -5.98066800164e+22
-1757.45308596, 1964.73801412, 627.7912183, -2.94808467591e+22
187.969526266, 4553.96624484, -2656.77206626, -3.28386041929e+25
4283.45221166, -1308.02227017, -2163.36025637, -1.23935261711e+25
201.92264066, -32.9184059591, 113.943427345, -4.21071153659e+14
1022.98016164, -1537.79969196, 2978.44951281, -1.85916259396e+23
-218.865181091, -435.320797819, 1114.16407449, -5.9897331125e+19
159.746181487, 615.954983533, -3279.50636602, -2.54198593185e+23
2765.8265941, 1338.35700235, -3795.58573219, -9.40488601717e+24
-842.883006203, -3956.44022875, 120.549952143, -3.72929586047e+24
1965.04307114, -184.348861024, 609.955271831, -1.28834364685e+22
3216.97051637, -3719.00283672, 444.418423457, -6.20362314147e+24
-1502.7766472, -560.794397754, -985.735171063, -1.03232105114e+22
2234.04422513, 802.956932438, 440.990454945, -5.43949978533e+22
-348.471403741, 39.1224772155, -1642.98154083, -9.70864432899e+20
-4019.77525521, -2289.86983005, -3536.00454352, -6.85527748354e+25
-1649.20853581, 1901.28479304, 4667.30092134, -3.6309527638e+25
-4554.41131623, 818.004107836, -1684.73376557, -1.2259658921e+25
559.704153155, 1317.82792754, -1337.66052228, -3.19895526893e+21
1691.86922143, -3624.39693793, 1029.68492993, -4.25742123253e+24
22.1339591131, -301.596762704, -959.519277262, -3.05081725708e+19
-3327.13364869, 1497.63475831, 255.660115401, -2.12513477954e+23
-1087.28971588, -808.771865509, 1762.63277916, -1.13999989456e+22
4518.05149838, -1651.55451986, -2976.71222875, -4.75652289367e+25
-2757.50885572, 3644.02164083, 1438.46893232, -3.08272603658e+24
3988.94945565, -4846.92499549, 1298.82318269, -6.4951969894e+25
4059.44831672, 1707.03346813, -2410.39298108, -5.72736828152e+24
124.95100322, 2879.62441366, 4399.93558796, -9.6977437936e+24
3847.34239409, 2126.98841923, -175.990298384, -3.57313405984e+24
11.8544467127, 927.830853778, 1918.27592062, -1.02260152057e+22
-2119.6963891, 1068.97243528, 2962.02966299, -3.20687879369e+24
1216.82275333, -1044.65349716, 289.419635848, -5.51867898102e+20
-3970.5234021, 1299.01478424, -2531.03247567, -1.11586101155e+25
4837.30238549, 3006.90311495, -3804.4582403, -5.14829577757e+25
1588.11614354, 976.983345415, -735.679018906, -2.53350138071e+21
-1116.39302377, 255.967555646, 3499.84917768, -1.90237769116e+24
-377.892970301, 260.544270293, 529.349679956, -3.93098842718e+18
427.998683937, -785.416861998, -752.776674266, -8.15912118833e+19
-58.6673440464, 3565.31461721, 1180.12455492, -8.19579588507e+23
-546.972113226, 595.299818072, 1216.11599545, -1.23062422809e+21
-2681.69180214, 1531.93368773, 3598.0686457, -1.82464006514e+25
3023.61631809, 1547.90411624, -3291.83391539, -5.41756565612e+24
-3751.34401368, -788.073155338, 222.594431771, -1.229784704e+24
-1879.14838695, 1751.3564939, -4612.73985362, -6.62130840462e+24
1939.11945656, 2754.26967579, -643.963551611, -3.79027560309e+23
2064.60734124, 12.2406754132, 626.495533815, -2.17796918073e+22
-184.610907205, -1630.88156745, -1346.53686492, -1.93714305344e+21
1972.40001634, 1237.67716932, -3710.72449853, -3.65628777561e+24
2679.47236965, -1874.84745191, 213.90479699, -8.60777829463e+22
1260.42178933, -269.975226669, 843.154006849, -1.42948408361e+21
1730.28028327, 372.648565051, 3029.40848495, -8.19674638051e+23
2805.20355339, 40.049488041, -2876.50070178, -3.91062229469e+24
493.05045573, 2791.45832399, -1848.95275396, -7.17972834592e+23
472.988072351, -3413.90638015, -698.416251725, -7.72245473677e+23
872.019123627, 3231.09710121, -1217.01895852, -1.38278564462e+24
-1700.18175162, -1861.22061579, -146.06808805, -3.05478698917e+22
284.473297985, 1494.93380953, 84.9695862217, -1.32381249915e+21
-2830.9113176, -331.705156283, 1311.38423, -2.09987811406e+23
-1096.40505091, -700.583886809, -1338.89643848, -6.1809474584e+21
-37.1998295582, -1288.2270158, 1826.64341868, -6.09338337633e+21
-1130.70951436, 2156.77853416, 1707.97926411, -1.04543058712e+23
-775.413228104, -2944.2480269, -1812.51034664, -1.39777788554e+23
658.343098519, 849.885346496, 2119.60038945, -1.83313692109e+22
-117.057499238, -5095.30885524, -2393.66903003, -1.10403283621e+25
4043.33346989, -2583.56391312, 1856.08863423, -6.64757943444e+24
-364.927819508, -3907.17042123, 66.2545266285, -3.31800929763e+24
-111.699346768, -3137.8078575, 1342.67020847, -1.25725649973e+24
3419.05219583, 4281.10582902, -4707.41218019, -6.52122130877e+25
-1859.442792, 618.266052348, -1453.5136082, -4.61582443168e+22
2473.56429919, -3634.88349307, 1684.40712471, -7.84289716328e+24
2713.78411335, 3477.27380839, 1966.30530752, -5.01969181267e+24
402.639337286, -781.093661253, -799.137859131, -9.79299501233e+19
-1728.99131157, -3598.67430638, -405.161141726, -1.55829387072e+24
104.879048308, 3401.07792112, -431.264898729, -1.37795201348e+24
-104.500492147, 2487.57050104, -4306.02797979, -2.56186858522e+24
-1415.15638638, 336.170256663, -131.589514958, -3.03362081135e+20
-832.273503627, 1767.97816898, -4983.34558925, -4.48072285905e+24
2361.38441907, 1406.03344538, -2234.62051833, -3.54785217221e+23
663.435916294, -2666.26291107, 1579.46844068, -5.40184415071e+23
462.053744516, 3151.21815186, 3157.6126318, -1.01741861854e+24
4486.09710487, 895.218653928, -2782.92928315, -1.74910708399e+25
-325.263249932, -642.201676044, -491.052684855, -2.61004527166e+18
3994.66326698, 1457.59096094, -1566.3914194, -2.52655827838e+24
-12.3317316679, 3322.87890743, 57.0297119692, -8.73379434317e+23
2750.31159527, 1024.47944905, 1395.93632907, -7.88282839921e+23
-7.25033648417, 285.702155844, 1494.09712988, -8.69349853658e+20
-1780.71035382, -169.601328559, 728.131850322, -4.00571394992e+21
657.002141039, 4689.59613295, -1348.59208097, -2.36441894748e+25
-1958.32429175, 5258.76187236, 1157.03396816, -2.80867520458e+25
2874.61781882, -1915.55414549, -1958.97393039, -2.12741342133e+24
420.992548191, 2461.59036754, -938.699980482, -1.60707110037e+23
-1492.1939717, 75.5535253, -2760.94359173, -2.86683418091e+23
745.732906293, 205.11344155, -1626.88850964, -5.09769976779e+21
-806.236655844, -1271.3568697, -4106.39619749, -2.49852615048e+24
2649.67276175, 690.555241639, -3586.18980772, -7.73395436527e+24
2882.01352949, 2740.45342669, 2815.37249727, -9.31259161263e+24
-585.787538968, 3504.37595084, 374.502018938, -1.18954736313e+24
-2810.83473157, 2838.33392134, 877.417956447, -7.43698473364e+23
1087.67728362, 3786.95817733, 195.156471213, -2.28456408346e+24
-1558.10908725, 2522.66932603, -1791.49182002, -6.33439227377e+23
2515.6321101, -1952.55885257, 1290.33552953, -2.72258026966e+23
-841.865828879, -2815.89948155, -1982.75468811, -1.20359679702e+23
1842.76366, 408.18292368, -1305.75376978, -2.20589703019e+22
-354.577268254, -1470.99780652, -3452.02926395, -7.95096403574e+23
1269.03232151, -3217.24261001, 2490.50878006, -3.82529641092e+24
1572.01214018, 2830.90104234, -3154.44310932, -1.89079964939e+24
-1477.92248486, -635.580106741, 69.7577080064, -1.24865255467e+21
2197.41116995, -261.691937208, 1361.41072764, -1.0933275902e+23
-3626.96666758, 162.683395198, -2077.44021272, -5.41255051427e+24
2892.24473089, -4971.72440362, 2221.70888855, -8.26932094975e+25
-2554.01097045, 4201.97670107, 5067.61749091, -2.11866189371e+26
1911.45660051, 464.481601983, -814.942556011, -7.34390263119e+21
-3030.67976485, -3266.88422154, 868.437163842, -2.56973019903e+24
3540.70060465, 4566.46115177, -2406.05881636, -3.35863747322e+25
-1701.17726056, 1160.5433227, -1315.48949129, -2.32126303474e+22
797.676325286, 1643.27086216, 2398.63115577, -7.72087921346e+22
2111.25649321, -2852.74039887, 1968.28521473, -1.90350087759e+24
789.229312755, -2671.33386389, 2329.86150646, -9.39302705076e+23
3625.83311985, -470.364548614, 151.479366479, -5.77185219931e+23
-187.059845346, -3316.17311316, 4816.65760107, -1.266267986e+25
9.86693525666, 557.7397438, -377.003080364, -2.01711969648e+18
392.312897594, -535.315678211, -90.6488187595, -5.59437898952e+17
1420.8363834, 4381.90948287, 1337.74382069, -4.82527089778e+24
-4307.14624826, 2152.77470769, -891.74260418, -3.02582510253e+24
-2434.58891852, -884.331270439, 278.532617009, -5.01479553644e+22
-2735.14746031, -1523.28151461, 3804.89845781, -8.67300264436e+24
3287.88274063, 1689.05069003, -4353.29008288, -2.98209023972e+25
-4086.43661441, 3876.74231983, -1236.16915337, -1.78067891614e+25
-1918.45660119, 563.045364648, 1898.2115896, -2.25372953905e+23
-374.787840046, -2840.34485736, 2614.55074132, -1.29188139187e+24
1704.84483505, 351.342607127, 2374.32534864, -2.61978262632e+23
2043.55982285, -103.758197455, -1765.91210772, -1.56990803548e+23
-3686.15516824, -633.937426029, 2689.65884577, -6.65541754481e+24
101.091090922, 4958.51327007, -1507.06167531, -3.93873285603e+25
666.715466004, 2133.56200783, 3942.84334811, -2.66685000358e+24
-1533.77593682, 844.386447225, 1984.23129781, -1.71273838896e+23
-1226.44022811, 513.171030646, -1473.59383171, -7.26665754467e+21
-2124.79806692, -319.821715602, -175.583953978, -1.65407683171e+22
163.066750386, -2061.55714296, -825.359175338, -9.11834265414e+21
-2280.34298849, -367.911403149, 3217.53694048, -3.23210212118e+24
-1230.40431476, -2262.36489546, 1459.37699116, -1.26623412942e+23
3763.34415455, -1919.24658848, 2279.87186279, -5.97949421905e+24
1890.24972427, 3444.7970743, 3342.9561702, -4.7040990653e+24
164.678079133, 698.118684591, -490.413191283, -1.17095920606e+19
-2705.12341826, -335.61806631, 145.551906441, -7.4582560846e+22
-400.194401108, -39.7124010803, -4284.13454889, -2.1893883084e+24
-984.097520542, 1414.64562619, 1872.10570581, -7.17873683286e+22
-2834.2219105, 4515.96047145, -1884.7797136, -3.85655310723e+25
-1809.17554999, -434.065354555, 531.533727751, -3.28814893689e+21
-3093.41755542, -2961.61529635, 1437.78379987, -1.79183290338e+24
3464.30557627, 808.718766206, -920.730064515, -5.75934682096e+23
-3850.91139886, -4732.2432751, 1296.60180976, -3.66861910567e+25
3996.27785273, -3852.42124355, -2045.11443062, -2.1066066237e+25
-1939.39894763, -1351.90605824, -1312.97479312, -1.26694992488e+23
210.953475609, -9.68744086555, 577.713504275, -4.25096838236e+17
2956.16639149, 1299.3430872, -255.272900007, -3.01213301547e+23
-722.638435991, -1695.00966364, -3168.45432651, -4.55856688169e+23
-2133.95609864, -555.411917003, 2138.99204514, -2.94656801678e+23
-1339.76415838, -2278.81858068, 3321.3637435, -9.32168634153e+23
-1263.390243, -646.978065914, -894.96878264, -3.60077436883e+21
-2242.17836955, 1203.69353991, 790.042668263, -4.05714496431e+22
2459.66241863, 766.342155047, 408.095037994, -9.69290017621e+22
-2391.91647389, -1938.88031527, -1051.2721652, -4.23512508492e+23
-548.800193389, 194.483014411, -718.177026656, -1.70153331515e+19
1848.42375944, -2623.22697356, -147.845395723, -2.16306436477e+23
-791.387476589, -308.163993429, -867.136130475, -2.58685502954e+20
2665.3091898, 1460.70929418, -19.4176091822, -2.02654243832e+23
1142.49024432, -2494.69472324, -2914.71164073, -1.81327600717e+24
-3452.66067706, 4366.28818047, 1463.6654044, -1.30817909871e+25
-1339.27980762, 1366.47366407, -864.904246069, -7.26059609901e+21
617.605096506, -2364.68082702, 2695.91434766, -5.51336073147e+23
-1101.87053602, 2271.42503569, 1107.28045286, -3.71976778937e+22
1975.60557711, 670.904482467, -4744.87965078, -2.21657626379e+25
-455.420228104, 2879.82075508, 1314.08114115, -1.30948646803e+23
520.665975171, 171.209983779, 1587.33436553, -1.32519574558e+21
-3438.34910233, 1967.98770866, -1533.94666983, -1.54539474974e+24
-1704.38084346, 453.138222423, 275.042561254, -1.14667308641e+21
3430.66938983, 3480.14288006, 887.548349139, -8.06677462322e+24
4182.94150001, 2264.06567319, -61.581035138, -7.22425568522e+24
4582.61933381, -1082.82742169, -2403.82053058, -2.15381994061e+25
1490.38140805, -2372.50607122, -402.710709639, -7.16227775219e+22
-3222.33852919, 4316.39984625, -3419.23291566, -6.55101781146e+25
1004.27553805, -1118.95042911, 866.826334435, -1.64620707382e+21
-2740.36223702, -355.91409712, -643.680525449, -2.02066347539e+23
-1484.36936599, -1583.14926247, -1594.45247376, -6.72474139542e+22
-1611.12468311, 1207.54700122, 2798.24019273, -1.37645153783e+24
931.305428181, -1120.51769924, 492.927068709, -7.43228382148e+20
267.97183197, 2824.68496905, 216.200004396, -2.07683941901e+23
1578.08284449, -155.217953614, -4206.72306817, -9.5807953278e+24
-3031.875582, 3047.30134962, 1446.66361339, -2.2032091903e+24
409.614595605, -840.033241394, 39.2224034681, -2.20954489894e+19
-824.064194198, -1014.89018107, 875.590347132, -3.65044155717e+20
-3418.95240778, -2953.12237514, -2231.26948917, -1.38390974334e+25
-107.131223028, 3938.65989923, 1529.27894586, -1.63622453502e+24
-904.768177518, -3088.67127044, -2405.25917286, -3.07633152653e+23
38.8550565146, 3027.7673511, 792.25572211, -2.53192030297e+23
-2623.14567507, 194.901229829, 1981.82420338, -6.86830735368e+23
-4588.69628322, -3211.70692145, 700.506421626, -1.81724435614e+25
1308.63368754, -5.55866971326, -511.813262899, -3.44309030548e+20
-4390.09675957, -2465.59507449, 3555.56972037, -2.68896864407e+25
-887.833837569, 2242.76358559, -1720.33852066, -2.13902274875e+23
-2714.58557515, -280.23840591, 2647.42335641, -2.1415174409e+24
1933.44169295, -1788.09304124, -3611.68804485, -9.99213513263e+24
2449.04460775, 4611.68221148, 1005.81437861, -1.11026600651e+25
-1690.77921947, -317.865633347, 3584.17337599, -3.20484664517e+24
2856.71407222, -4843.50056375, -1227.14858084, -1.83415191158e+25
2223.15137096, 1289.43743815, 1718.54046871, -4.36042725432e+23
-957.421423682, 571.95965785, -1612.94913426, -4.22459135495e+21
-2185.5610548, 624.776703976, 2802.73635909, -2.15865805966e+24
1521.56391466, 3124.20739435, 2.32069258787, -5.92281309071e+23
1015.44843373, 4491.10658234, -5058.0469574, -7.15548223208e+25
-1945.80964029, 399.886663278, -2421.22768909, -3.72771673288e+23
1109.44863863, 2436.14195261, -1553.05758815, -2.24209492019e+23
-3488.37191214, 1136.61610193, 2121.47902022, -4.32506409566e+24
-1900.65102499, -17.1073253193, 1604.15983873, -7.33594828215e+22
145.177008199, 210.045153558, -21.9574651727, -3.7550239364e+14
1213.9630498, 519.449244189, -285.240579639, -1.90124734474e+20
-303.686707107, -2978.95418592, -1181.88767099, -1.6900605479e+23
2153.00124416, 1761.72701991, 1396.6399492, -3.16501596423e+23
1033.67840064, 3252.06282922, 1246.29062803, -3.94297936162e+23
-2201.28501911, -2033.49927717, 618.9487383, -1.00297376756e+23
3750.29480188, -2622.40815471, -2135.66697919, -1.06380696258e+25
2994.39652397, -3220.28693328, 2261.26252617, -7.12944686642e+24
-2618.60210265, -1741.44754427, 2276.46639211, -5.45853748229e+23
-3165.21770504, -2135.32841004, -3487.10026003, -2.16796615604e+25
174.3858165, 1502.23516328, 4628.01221179, -8.14181720665e+24
1461.12966562, -4566.54709332, -840.440618019, -9.23218438539e+24
2353.38583474, -1744.26179103, -667.159322572, -6.47805698202e+22
-2548.78232571, 807.866753378, 19.2225001603, -2.33948317939e+22
-3470.45538086, 2506.00983344, 2730.17282526, -1.69054768493e+25
-706.778761654, 3637.00473967, -324.062374655, -2.41807502825e+24
-2466.49529135, -1682.13521003, 4959.95455805, -3.2338833977e+25
1576.57795844, 2265.70695616, -2079.31122627, -2.26317030747e+23
2750.04085011, 1108.37667334, 955.810366672, -4.92435403528e+23
-1184.47354439, 87.0142382534, -2077.46875972, -3.43592781583e+22
-1079.38764207, 1122.07345077, -461.439096819, -9.12229384749e+20
-1464.74186266, -77.7242645549, 831.002546729, -1.99757659413e+21
907.68504758, -2249.69081, 1801.4384529, -2.30930529733e+23
2522.24302755, 3244.01746217, 2472.72920904, -4.77603941546e+24
2533.2168022, -3517.96608934, -1222.48599458, -1.91446254377e+24
-158.264479573, -1655.76260784, 72.8612581973, -3.62188171598e+21
3461.31042557, 2933.3219962, 1665.88557923, -9.59122063803e+24
-863.576508197, -882.410740661, -3274.10530798, -4.24495381904e+23
-1055.72735642, 3835.1137829, -3362.28102752, -1.69775620057e+25
-113.078364872, -3558.33455232, 1552.80799912, -3.49853301009e+24
-1329.28420131, -2600.18125243, -214.573568046, -1.25292820527e+23
1511.33924296, -1861.07699699, 1375.074546, -7.70592012365e+22
-2029.7362122, -3057.45958936, 3018.15217551, -2.82047869251e+24
424.420018613, -5221.11655259, 160.390707506, -3.6430068694e+25
-1587.93958038, 58.8886036842, -3311.09848989, -8.78377771757e+23
-2590.83857198, -636.565856909, 2519.99575531, -1.22876728846e+24
-3074.96563786, -2829.33294756, -2103.53072484, -6.96844057017e+24
4951.1464921, -3823.51748112, -2176.11085916, -5.68435518528e+25
2511.01092304, 4090.6239342, -2505.09735225, -1.40536041602e+25
-1992.5745871, -1124.21414707, 2397.96680998, -3.07253488368e+23
235.830420633, 1310.26076948, -2632.73496183, -4.06844749295e+22
2520.4937407, 1862.7034778, 1709.52616365, -1.08901664142e+24
4104.83041782, -2257.6718539, -1500.73022095, -5.72690148883e+24
-488.642095584, 2626.77638686, 948.567046359, -7.27157312586e+22
-1545.71558057, -3325.24577496, 1161.36657094, -1.67434350898e+24
3851.90206203, 254.121310256, 1296.21469204, -4.00693959522e+24
-3720.97286665, 1749.20756022, -2906.00176322, -1.11691243003e+25
3939.72302845, 3589.66688233, 1060.72384486, -1.92741036351e+25
1925.37488617, -536.636555292, 750.034831133, -1.20910418891e+22
-316.917015474, 2227.12115232, -1466.47444698, -1.35698046472e+23
-1388.41624364, 1631.4863262, -321.187017693, -9.88496126802e+21
-1544.22341283, -3595.21065823, -664.156702662, -1.31824556735e+24
169.90766009, -503.642453955, -1913.82475122, -8.8239489249e+21
2154.06279159, 1840.78805413, 2052.62731704, -7.68624350868e+23
-2325.02429684, 1461.65154773, -1562.00420247, -1.80521654015e+23
-4550.60149878, -962.374316534, -2379.67272173, -3.75550567481e+25
-4522.60636875, -1537.92779107, 490.611707873, -6.7932341743e+24
-2542.94053164, 4267.00346029, 1374.32906716, -6.51930200068e+24
-1788.82211095, -1874.56099526, -3668.71546641, -3.55328634031e+24
1684.0500624, -395.014962847, 752.677098159, -5.59898271827e+21
-206.799995646, -1168.18438698, 2860.1788831, -7.1472883512e+22
2271.45816292, 2406.78243546, 2087.55720137, -1.34451988828e+24
2353.15516827, 3777.51090195, -2836.1026127, -9.39845680512e+24
1210.64143855, -2384.83848846, 3866.9253122, -2.13128279001e+24
-2970.21198381, 1619.33753111, 4448.91922644, -7.06487063441e+25
1078.76520322, 3879.28778802, 817.359250935, -2.07232778444e+24
716.046670505, -8.19606650842, -1328.07597022, -1.6867108883e+21
-1321.46216989, 3336.82165899, 648.202575509, -7.94867397638e+23
-2320.62108453, 1561.57371387, 3143.93030239, -6.60868545878e+24
346.798416839, 1105.69937522, -1261.75304687, -9.96145653879e+20
2582.3276119, 1545.78616784, -271.931290648, -1.4813270365e+23
120.332769824, -1538.00975988, -4659.26142848, -1.01231473243e+25
2529.35440479, 2015.32331505, -1671.23719075, -2.33800233117e+23
-856.644079554, 1656.59863889, 712.010760629, -2.95931254111e+21
2789.6084489, -4314.53288537, 782.261301617, -1.70868050743e+25
-3197.57893938, 1410.94082746, 624.533915095, -2.43474420131e+23
-2851.3216774, -1400.83878266, 3523.71566872, -6.69932900935e+24
2668.80913387, -475.160408948, 1275.92487056, -2.71318111242e+23
2343.72658768, 4572.81254669, 1022.6195176, -9.91577876721e+24
96.1259846561, -2162.42352942, -810.028698715, -1.38024731413e+22
478.214846621, 259.481786032, 764.881546593, -2.21254217284e+19
3696.5373486, 211.998072608, 3143.08304336, -1.97509176995e+25
-3558.61667464, 230.931020173, 4063.27880204, -4.77959387268e+25
83.2776208905, 2138.05158088, -3104.76632632, -3.79472539906e+23
1358.17445832, -1085.4428688, -2598.09180541, -6.16048946457e+23
4345.68402357, 1409.08976077, 1327.90004813, -1.46029992585e+25
-3197.05600818, 1438.54064672, 1911.07149005, -2.41201840346e+24
1072.2114036, -3620.17346891, -3056.96341761, -3.90293287829e+24
-2585.9650862, -841.267731587, 2207.92872794, -6.12187023996e+23
-698.40362894, 899.171863303, -2062.51926294, -7.83080013438e+21
-297.927553025, 1903.65774687, -3715.51670448, -5.67650638558e+23
222.203958141, 4289.57299148, 3634.77375957, -5.59406800165e+24
-3972.57653877, 3194.43612666, 2174.17576682, -1.75614192747e+25
2957.85518267, 1001.29280598, 1036.23417262, -7.96935305182e+23
3167.30631267, 918.458826082, 387.645710065, -6.15318652852e+23
-3547.20730557, 293.988230224, 2455.65708191, -5.58922579104e+24
-3692.22737174, 361.805797937, -624.078311563, -1.11816537903e+24
81.3517544727, 1482.39302029, 257.780865002, -9.94196492693e+20
-3459.73789376, 2691.82089344, 3508.91440536, -4.76601012495e+25
3882.93615099, 459.703578488, 2133.7071619, -1.03214865847e+25
-126.024276644, -2015.01995897, 2084.05628835, -1.0344516718e+23
421.456167039, 876.333170503, 907.676378872, -8.00950804478e+19
-1654.84891947, 260.98383852, -3993.36714756, -2.61516174565e+24
-1451.8430314, 163.891728644, -2147.6857984, -7.81565768163e+22
-2358.97006494, 1964.36893014, 2736.78715814, -4.22209163012e+24
-453.049551501, 3094.38050149, 2191.33721887, -3.38433907781e+23
-162.598193986, 1143.51502682, -2607.43755243, -2.62487304948e+22
-308.848033654, -1573.95245545, -4119.79405914, -3.19541308912e+24
1009.86440543, -3952.7036893, -1425.82126273, -2.00429403324e+24
1186.96877004, 875.656178572, -722.595967941, -4.19033799201e+20
2830.8314884, -3362.66091813, -615.702364977, -1.72667622527e+24
527.508838517, -1538.83185032, 1169.86944783, -9.67993735226e+21
229.290036764, 1211.44578249, -157.784937291, -3.50232683207e+20
4531.95034112, 683.642984482, -3444.98620249, -4.20522332047e+25
-247.172995527, -2023.08562425, -922.71809516, -6.91838501161e+21
-1401.87307006, -711.56736829, 875.92825263, -1.27822133406e+21
1770.59520508, 622.079004994, -301.449483527, -3.49401980616e+21
-2176.55783924, 2108.61534792, 3016.4265034, -5.75471191321e+24
-449.372185138, 473.88177904, -1932.77830886, -2.7855145409e+21
-149.061436791, -20.9103221796, 300.221565773, -9.2559802889e+15
3691.85795819, -1265.50203221, 240.920595717, -5.17829000949e+23
-249.962613107, 2794.96922131, -689.4927103, -3.7836078765e+23
161.738442306, -1596.54853203, -252.928698647, -1.90462449371e+21
-563.553909874, 3759.7636443, -2033.08063256, -7.25518719584e+24
1892.55718888, 3894.38586489, 185.834918431, -3.22423795253e+24
3628.66396371, 1035.46790535, -1278.15877119, -1.00617077548e+24
1649.66733248, 4233.81418204, 3123.95376536, -4.8053503853e+24
2723.40159336, 1396.74179346, -631.869444884, -1.49898302403e+23
-313.879143325, -776.083597091, 288.198931521, -1.5054777233e+19
2565.87535056, 2393.51562176, 1063.477484, -8.77477251854e+23
-2207.55661289, -3748.41425621, 2296.57785566, -6.91195344933e+24
-1593.76975837, 4179.49308897, -1899.15041745, -1.72007149661e+25
700.618805941, -1318.69580878, -358.376197617, -4.87132719106e+20
-586.092027539, -1882.82729358, -2056.94791176, -2.82414148395e+22
-2199.99779068, -159.540802108, -366.893094697, -2.45039558196e+22
-1540.42352592, 310.816391323, -392.156983327, -1.23250388602e+21
4491.74700595, -1317.83956162, -4365.93008551, -1.88796135147e+26
-3510.46255914, 492.883543299, 1018.44077239, -6.08671612886e+23
4047.91197519, -2440.35416776, 1394.95290574, -3.89970992942e+24
2220.71737822, 3558.22638661, 675.616597016, -1.81515040678e+24
-441.159083579, -179.902177536, -102.031397698, -1.55061225911e+17
-2536.94976367, -408.566790254, 998.198257765, -6.21071754941e+22
2994.69797304, -732.953983722, 2973.95663701, -4.87436435693e+24
-229.357543605, 1870.75468984, 2043.57790698, -4.83291446416e+22
-566.51290097, -452.438916793, -2245.90233966, -1.82508877271e+22
-2513.27568932, -3435.78557943, 1148.26908319, -2.57894374431e+24
723.705722045, 209.369547688, -1429.01129392, -2.11718595883e+21
2031.7392836, -2526.24625556, 2350.02049376, -1.31028628299e+24
-1909.58382729, -3206.34650905, -1218.76967508, -7.44272734601e+23
-1348.85393095, -1646.73310613, 849.926087239, -1.00173653635e+22
-251.463591349, -74.3717793176, -1629.36840654, -9.61032575029e+20
-133.896307202, -4113.43427285, -5.45727863619, -4.89150360567e+24
1792.61105015, 1159.68953908, 4714.23846585, -1.17586886088e+25
1428.01061376, -50.224190268, -1288.53318318, -1.05460727348e+22
-1809.29744103, 1803.40746218, -2119.74945235, -2.42913003626e+23
-1728.77681997, -2178.6921758, -716.283026452, -8.09898507961e+22
721.730788908, 85.4554233371, 1854.5193242, -5.64542179666e+21
2137.55091645, -662.419881735, 2993.06387403, -1.22962160229e+24
-1999.66287942, -47.455685844, -2867.87281548, -9.53678017675e+23
-1498.67095698, 1387.98692926, -2101.59638752, -8.27892631847e+22
-165.395659302, 3864.14710102, -154.448428395, -3.30999468075e+24
3096.46951642, 1801.80917241, 3374.40789305, -1.62464245162e+25
-1985.93221386, 1702.38679311, 2381.22682749, -1.26609242335e+24
2763.92882967, 1394.63321708, -902.777493131, -1.56025287967e+23
-2625.56770435, -2408.55237531, 765.055477259, -3.98520466209e+23
2578.25523006, 1369.06129256, 999.891106449, -4.13093229698e+23
1413.19273092, -154.956410157, -905.149166422, -2.82304015206e+21
-4041.51828174, -4519.90242175, 898.406975629, -3.07354983174e+25
-3341.31944983, -1766.3345736, -3699.2112175, -3.01533231936e+25
-4107.72604364, -374.560706599, 658.914567209, -1.72661201745e+24
-2548.60000719, -4666.4121652, -909.04959492, -1.28497303926e+25
-3392.27582625, 981.995638073, 572.939004195, -2.94821008371e+23
-673.653691693, 3575.87542637, 2200.15854091, -8.66695163768e+23
2913.17742106, -1460.37846732, 157.902234557, -7.83833786048e+22
-4875.20936177, 2567.62323225, 3115.24410112, -9.72269103024e+25
-1359.61066869, 1455.25010014, -2615.2453691, -1.62039155094e+23
3647.70855946, -437.244233062, -168.065395905, -5.07416987371e+23
-277.060268705, 695.84584751, -4569.30594475, -2.87947729976e+24
-2105.21542482, -3600.68906084, 3487.31757151, -9.50931137398e+24
-2546.51434028, 2270.55740962, -211.721153761, -1.83134702303e+23
-2455.83675857, -2114.3424552, 1803.8373504, -2.66242524482e+23
121.190101197, -4126.72467202, -1763.21319819, -2.21247083506e+24
2832.40655323, -1235.86749317, -295.165446034, -6.27671048041e+22
707.774914445, -947.036275386, 1869.64465395, -5.05143016598e+21
-1484.05178586, 2036.73847475, 246.636343455, -2.72045150334e+22
1396.03173045, 626.808249864, 2671.97483782, -2.55751767755e+23
-1753.19282716, -615.462342575, 856.036263458, -4.53511909208e+21
-227.993024124, 1027.88726877, -260.803087873, -1.40076983666e+20
2419.0340923, -2656.51259966, 2607.83679934, -2.72157611124e+24
-341.813374869, -366.9235403, -2272.74664058, -1.69417989044e+22
1082.04614202, -3697.93396745, -3148.8529483, -4.75739037022e+24
2740.89186847, 418.17413989, -4572.75909859, -3.65608230885e+25
-3246.67462762, 4223.36498897, -2837.58704721, -4.48058072832e+25
2821.93038398, 377.875990755, -3652.37821189, -1.14595501488e+25
-3200.17363166, -1210.27812427, 2146.54631142, -1.25400209572e+24
4530.46007998, 330.458842567, 1380.30112997, -1.31499814833e+25
79.8226551959, 389.965587061, 2399.65085738, -3.26464148728e+22
3369.33336343, 2183.89469652, -252.506445327, -1.49918127055e+24
1788.98758076, 3813.66090378, -5116.56294158, -3.45286782758e+25
-1765.04188335, -2811.92187923, -1343.98002996, -3.39451960536e+23
-2460.24354785, -1617.8949271, 3824.59487367, -6.49565992936e+24
-1356.82542797, 1847.42861683, -952.594780397, -4.22835734346e+22
-2881.22127131, -5277.64048672, 1112.44043976, -5.6193010614e+25
2028.49847655, -523.422614839, 617.624384361, -1.28207679803e+22
-818.589990431, 748.73874708, 3811.42010349, -3.12671760983e+24
-1847.66213378, -4262.43544191, -685.862699132, -5.3434471849e+24
196.993542698, 900.75956784, 4256.23634905, -3.35220421421e+24
-3302.71512604, -1497.8443241, 1307.35337312, -6.12383787784e+23
-2989.88463897, -4194.21808799, 455.129632624, -9.94137416597e+24
-579.270404616, 1627.09894255, 1859.58245978, -3.98435199939e+22
3328.62850886, 2999.77661323, 3274.56855251, -2.85494963871e+25
-823.952131667, 470.692199266, 1968.41725402, -3.59118802099e+22
2853.11564606, 1002.68278788, 811.14125097, -4.9459449241e+23
1515.25073621, -1424.7744515, -5084.06997149, -4.8077608648e+25
2121.56927826, -3863.44668853, -2866.10956109, -9.32737563429e+24
236.414232806, 1128.41968624, -826.499899633, -5.7498380431e+20
1215.0395196, 903.231152513, 214.961180563, -8.88249329992e+20
2408.76318961, 615.909060516, -228.253442713, -3.68577893981e+22
-234.743129169, -637.095619954, -2458.72482232, -3.97428772031e+22
-737.847772733, 2471.1204504, 595.329285369, -6.03294085084e+22
-346.438806599, 1462.88366805, -1403.13985167, -8.57436214834e+21
-610.591743281, 787.140456606, 252.465068928, -1.38657692091e+19
-4072.19033474, 5063.01337871, -629.132059895, -6.82922935009e+25
23.7826627001, -66.1345814947, 4261.9536063, -2.48812248499e+24
-1565.02872755, 627.374505321, 23.1417733117, -4.58464420166e+20
-236.371464689, -2851.16965769, -2853.08619026, -4.85761832468e+23
-935.163828079, -649.65936946, 3325.99576689, -6.96137810434e+23
-2510.92915094, -1600.60808085, -1508.53915773, -7.39047275864e+23
-2806.75581922, 2791.06026595, 3739.50161935, -3.73001501265e+25
-757.233680979, -3893.96462403, 2140.35761805, -8.38515202154e+24
-404.214081168, 3721.94167032, -1418.89379903, -4.86609184597e+24
624.6201066, -2544.84263837, -341.330608416, -8.99423763892e+22
3726.27097795, -1960.20606046, -1296.31837058, -2.29199028505e+24
-4322.73586525, 1259.3253006, -1437.1805006, -5.96260782974e+24
249.380142482, -2240.97388343, -2045.84596323, -6.82042679739e+22
-1415.95264889, 3816.28180653, 4025.06068546, -2.42205228499e+25
2490.99233926, -177.718546642, 298.578338281, -4.18142249685e+22
937.72178629, 5181.58465461, 3258.72642265, -1.16714851174e+25
1055.4248851, 2589.31791366, 1786.70283254, -8.95453974366e+22
-2047.62471154, -3969.51476429, -3147.46703598, -6.40900831997e+24
-1561.70797556, -1056.47381613, -2262.11899398, -2.04182383764e+23
-693.742236444, 1584.52054309, 3337.34252126, -1.65568380902e+24
-1908.87509117, -93.6837742464, -1551.23843865, -8.66957279634e+22
637.744992195, 1104.0482027, 2346.61133171, -4.11732729665e+22
-1931.39975269, 2402.39729178, 1722.45479431, -4.6746095772e+23
-4641.90751621, 1011.7392059, 1400.97858118, -6.49510756466e+24
280.717812612, 1758.58893775, -3702.05474687, -5.79499300605e+23
-375.238239358, -3251.57884712, 727.103456891, -1.12285019111e+24
2186.83123048, -1964.85529849, 5175.03857875, -1.8115798386e+25
-301.254870035, -4889.73471332, -1192.68325583, -1.19975966363e+25
3687.63601259, 226.395739496, -1797.97067901, -2.10468704403e+24
-1560.27851328, 696.106464703, 908.933432868, -7.08581461685e+21
1745.61189061, -332.222471103, 914.770246545, -1.08874515439e+22
2409.29552653, -2423.74645501, -360.003423703, -1.81465921154e+23
1722.24864393, -498.716058619, -109.520475398, -1.02925584628e+21
4230.55496631, 1937.51978712, -4832.12640261, -1.07572646185e+26
48.0558406264, -1656.92606842, -2023.49857628, -2.85256026951e+22
-789.761806695, -3324.70167879, 1957.21204428, -2.5101883342e+24
-1431.3339281, 2172.89766765, 1933.40409993, -2.91428471019e+23
3443.45669487, 1011.73175481, 977.850774366, -2.00249376276e+24
-668.554832877, 1215.65780637, -3496.98268513, -2.74875026411e+23
3010.92365312, 2572.6110055, -2627.59197744, -2.00527031063e+24
668.826153834, 3619.76429177, -499.171967224, -2.24740396907e+24
3205.17032372, 876.857057852, 564.588038203, -7.69001558659e+23
2398.66155699, -2002.0071034, -843.577882726, -1.31504156787e+23
-1155.07880249, -190.978470049, 2411.3058317, -1.40702906911e+23
-1074.08035501, 3263.57973393, -1820.77095472, -2.75754486603e+24
-3294.34510502, -1125.81881078, 1887.92622518, -1.01554754072e+24
-4490.17243121, 81.0941591909, -3985.78662565, -1.0053202965e+26
2187.41272464, 3270.00735946, -4437.15811631, -1.36045702154e+25
-54.1604691245, 873.927845471, -3453.87920139, -2.83687979568e+23
1300.71942356, -562.478008234, -1707.33686978, -4.39706752601e+22
-36.9001505389, -2196.70397917, -729.95544056, -1.67392471665e+22
-1853.95239398, -4331.23136369, -4011.37152134, -1.3963750868e+25
1784.03008051, -2152.35593345, 563.002285761, -9.72129080791e+22
-1266.59106792, 2569.69561286, 1518.55163053, -1.41604372607e+23
-944.468003828, -1334.8097812, 515.639551182, -1.38122385969e+21
-1090.25500614, 1107.40814587, 2269.97960643, -2.00223961918e+23
1619.56354652, 2659.63885408, 713.75023172, -1.67431207852e+23
364.408953395, -2255.3799259, 673.89534936, -7.71991538998e+22
2669.62896289, -2042.25855926, -3229.17694752, -1.28741566185e+25
-238.607331747, -906.018715851, -3568.78912477, -8.22397963971e+23
-2302.41617826, -159.132218362, -5197.07456179, -2.77301246905e+25
1692.41046123, -3956.59787119, 2023.40633696, -1.2770196431e+25
-553.754085903, 1828.17025, 619.48420309, -4.59864334329e+21
-1317.05425168, -1055.91548878, 4340.93822114, -5.89258243923e+24
4518.63978592, -2204.47490268, 88.4457665651, -2.44348194601e+24
-707.911844022, 3068.0505004, 2026.07165947, -3.30112606391e+23
-1148.91032532, 4235.9175145, -4012.44618609, -4.24014906105e+25
-2013.32807454, -3387.52292163, 271.21791611, -1.42161112966e+24
-1188.23973451, 985.472241963, 901.863041142, -3.19141171627e+21
-92.2660482646, -1845.10198151, 2105.30788253, -6.20829052822e+22
422.779160156, -479.302426909, 529.021670144, -3.69708704208e+18
4891.42944998, 1402.5229105, -92.6819568792, -1.35083476162e+25
1843.67637445, 100.830014604, 936.030820413, -2.10018319494e+22
140.767409306, -2905.96778976, -3555.78865185, -2.72407895735e+24
1261.08579735, -609.413462975, 1241.80955359, -4.18109887213e+21
256.052796899, -1865.00327186, -45.501941035, -8.81794209461e+21
-1400.43639347, -3685.76962113, -1653.84186296, -1.12022817081e+24
-272.937618488, -450.809623474, -3998.65489204, -1.5856894458e+24
2594.03657081, -1186.49855027, 141.901136161, -2.94498773426e+22
-554.54537247, -1494.63923293, -2776.5129056, -1.56196212475e+23
-3621.37762368, -661.193495648, -3287.35930389, -2.28046571735e+25
-1324.43825341, 5056.89798644, 1256.41979695, -1.77140968668e+25
1656.210831, 1628.49634199, -1464.63928196, -2.51146467918e+22
2301.34008057, -2518.19881433, 1861.85008445, -1.04549687046e+24
59.3535324635, -2481.14130511, 936.773902526, -1.79221233709e+23
614.833052104, 1174.02203998, -460.779631179, -4.43187946375e+20
-235.565133629, 2849.39177275, 115.370315186, -2.50597483927e+23
-4638.47264465, -2295.98485865, -1222.70014246, -2.98197006056e+25
-17.873261715, -5005.35656149, 3807.49661596, -9.64937415776e+25
-2618.7102868, -3477.33964428, 355.484066008, -2.43160997686e+24
-465.780785918, 871.044709992, -3618.43152234, -3.59550357229e+23
2931.01509641, 2048.23220906, 1124.22493109, -1.52509137688e+24
-876.257451259, 284.07006541, 896.58782171, -5.12027729121e+20
2542.63449988, 2051.39637487, 3542.77317526, -9.46128539817e+24
4021.28296945, 2385.49956457, 1955.8792917, -2.13659257582e+25
3847.75167989, -4397.57541565, -860.543795132, -1.59048720068e+25
-140.155972619, -161.960400428, -2008.32130875, -5.95978489877e+21
-2692.52132871, 1491.99293768, -1176.5607019, -2.05821296176e+23
-1520.39510194, -253.600827765, -4071.22573257, -2.82743130493e+24
-206.741952269, 2781.07080617, -53.4786957273, -2.31804704372e+23
689.414453923, 373.987822804, -226.690934896, -2.55508102068e+18
1975.25169552, -4470.11474096, 1912.6114245, -2.9372289339e+25
-4992.25461803, -3460.85206291, -1540.93833292, -8.85938352022e+25
884.598451801, 1754.83518508, 915.626529059, -4.59572859657e+21
1087.05433079, 2160.68021313, 3987.48613477, -3.15793588006e+24
2694.10003017, 1287.4474639, -310.353165339, -1.49426555301e+23
-659.877672655, 4886.02175624, -1930.55575736, -4.46703123911e+25
-2303.73065268, 1649.85178485, -1813.19216767, -2.90468027264e+23
2307.57652783, -1044.45305565, -4667.27876096, -4.58786726279e+25
1924.72196015, -3176.86137726, 1718.18665229, -2.82120380492e+24
-224.387372077, 3803.55431512, -359.402505741, -3.266825752e+24
4417.70041281, 166.651515013, 3368.1990235, -5.87511138267e+25
778.278118314, -712.321665367, -1808.90783762, -2.35861795325e+22
3089.09608203, -350.374818337, -246.1222225, -1.31525429071e+23
-1726.93383606, -2235.56466737, -140.827070489, -7.30586419437e+22
375.542806554, -1367.92931434, 995.523630466, -3.35658767929e+21
-107.086509583, -886.353808485, 104.5436089, -2.78611833679e+19
3334.53533966, -1501.36402895, 279.162716457, -2.35470319963e+23
-2507.86765928, 3122.34328364, 3004.94885345, -1.18407306041e+25
1290.34964202, 722.986195286, -3532.51535864, -1.53233356019e+24
4243.86154582, 1123.59159664, 117.629682026, -4.63168316846e+24
-4215.10717351, -4753.04217523, -774.922161545, -5.30314172065e+25
1444.85047284, -735.013001943, 1376.77490512, -1.10105444538e+22
1018.84767636, -4135.52939405, -585.700547352, -4.32075779218e+24
-364.331252748, -35.0449511537, 2760.41856009, -1.22489238736e+23
1032.76472105, -4098.30573675, 1174.22399804, -9.53343365272e+24
2416.07874226, 1545.03620921, 3928.38510897, -1.06414392475e+25
488.562877691, -915.712675854, -698.220494149, -9.75086201385e+19
32.9678117215, -2690.42296789, 1033.64021269, -3.45223897097e+23
-364.222657678, 1061.47883057, 2193.59450662, -5.09831921049e+22
38.6728222232, 390.321439156, 4734.61000326, -6.85286441164e+24
4661.00103287, -3618.14420686, 612.589060261, -1.24326637372e+25
-430.858847052, 3955.69907185, -1644.1439497, -8.44520103331e+24
933.62173023, 426.348433325, -2834.67849549, -2.49120347312e+23
1121.75630475, -1677.39771164, -2461.68800861, -4.55874880844e+23
328.397204145, -203.518937354, -2741.13537937, -1.25623707573e+23
2744.09782379, -103.514678377, -139.454681507, -5.98661276751e+22
-4496.37926798, 2430.39357474, -1427.23091769, -7.2572038608e+24
395.567171975, -1973.01392434, -2574.99386814, -2.68642755333e+23
2183.64064314, -201.225833968, 2071.6933403, -3.69300371361e+23
-548.023332458, 1427.26093664, -963.145660989, -4.83588157766e+21
1927.553323, 3580.17216173, -366.790860633, -2.14197857787e+24
334.237386628, -2977.15325594, 3405.51726946, -3.12851263397e+24
3033.2762344, -1294.22408371, 1118.80537099, -3.73845793398e+23
416.423026755, 1750.10849034, 4077.53045654, -3.1071590792e+24
1815.91840783, -2539.42611447, 2759.96496263, -1.6131157186e+24
395.194832722, -755.691307774, -4600.69777743, -8.29580316494e+24
2104.5528028, 1896.0318929, 4150.27879793, -9.98090675032e+24
387.470156859, -2199.63898262, -3980.12084599, -5.21567495172e+24
-634.341544391, -1072.26203092, -226.09472293, -1.11655698522e+20
-584.977974694, -568.0545897, 158.0439275, -3.06535781074e+18
-4296.33995662, 599.652934409, 412.18322934, -1.76586116285e+24
-1573.59276075, -1777.7911658, 2334.68121781, -1.34731420067e+23
-2230.44727973, -196.936091055, 190.997421566, -1.38815628782e+22
-2801.21252462, 164.980135162, 998.445317764, -1.30451197237e+23
-4605.07861154, 62.8822062059, 1326.80252873, -5.00511616938e+24
-3693.20230752, -975.233709366, 2162.95690614, -2.86471128435e+24
-386.212570961, 474.672415948, 1488.73562286, -2.45412670221e+21
210.109049791, -981.35931477, 2767.91473278, -4.05579115466e+22
-3060.57264881, 316.408691002, -99.6253303605, -1.52398555927e+23
280.509166513, -794.377547281, 3400.91559373, -2.3546705818e+23
2957.62845367, 1712.34743004, -1488.10890486, -3.64610495504e+23
3511.77658682, -1140.03038675, 30.2556098402, -3.09992689562e+23
4693.79177717, -1135.14336961, 846.976573549, -6.23828584409e+24
-930.03950858, -343.329546711, 1487.7239706, -4.16874934548e+21
639.779968574, -3105.12899164, 4128.88702048, -6.59370345721e+24
1325.54856153, 1838.97408669, 1371.51934405, -3.58263491124e+22
-436.301949213, -4666.07575834, 678.783213944, -1.75434300374e+25
7.08150559505, 1594.38505765, 520.836714465, -1.32129381684e+21
1950.52491328, 1295.08408859, 232.435781031, -2.88828995733e+22
-3375.10868637, -1815.85537246, 83.1390706151, -1.26373678251e+24
-1970.16116873, 57.894354895, -64.8108435371, -5.23561998418e+21
-461.477375176, 4035.95806843, 152.886783612, -4.13037628172e+24
-3292.79784815, -869.208432328, 1053.58938645, -4.2407101031e+23
1229.45679022, -1541.56356036, 420.021524425, -6.54918939113e+21
-1487.70215237, -1230.09629944, 4713.32448309, -1.16037383734e+25
900.129808891, 1455.33037439, 1164.39456676, -3.73139550257e+21
740.580195622, 2368.55816979, 157.323430397, -5.24796860115e+22
-564.613452213, 2740.43031618, 466.804642765, -1.49259352134e+23
3758.31689459, -2599.86877512, 2277.84319039, -7.26292369095e+24
-2683.73921457, 91.2356934877, -795.980656892, -1.62390079833e+23
3751.37429978, 1037.77324614, -838.312307425, -1.15639329902e+24
1170.84027272, 3046.36515047, -3744.52710116, -4.05771586201e+24
-4540.24908202, 295.569822577, -349.352922866, -4.44145242024e+24
-2520.60548398, -818.594374591, 251.442820795, -6.19557362336e+22
-603.710646911, -200.966367033, 2821.67628384, -1.78619010472e+23
-3295.89966015, -605.007914032, -1925.48076819, -3.42640951788e+24
157.536703565, 180.631520708, -2678.31182835, -6.49542467446e+22
-1097.68322149, -1033.74177106, 1374.59372051, -2.80552082991e+21
-1330.88993381, -1544.53222422, 1501.82444109, -1.45880097426e+22
3755.46671877, -2724.90561539, -875.885548428, -2.0855833934e+24
-2031.64700495, -1065.49081555, 1797.40627996, -8.34770517814e+22
-127.151897058, -865.956394578, -2272.49476015, -2.82036101406e+22
-143.365659257, 891.458435132, -761.751570146, -1.29176729212e+20
-120.461418224, 1050.059653, 491.55152352, -3.93093319716e+19
-3190.79732666, 1111.25421891, 3012.23385691, -1.14619866925e+25
-1300.64529466, 2527.88764279, 1323.88143769, -1.05207753207e+23
-1274.03097714, 4528.24071372, -4853.22183521, -9.08211931208e+25
3063.31133123, 2142.25903407, -2740.06374648, -2.14902290109e+24
-736.469778346, 1638.1207357, 347.661591341, -2.76526397362e+21
1848.22290842, -2261.40519058, -4577.71551768, -4.19345391006e+25
2262.32125859, -88.9019330245, -2533.22596519, -1.12936749779e+24
-2585.19168218, 1550.0950392, -1101.61505159, -1.51471094025e+23
-4810.56238853, -14.7030178947, 1276.65471382, -6.55510953013e+24
303.671876801, -689.492476662, 613.813285653, -2.15767515035e+19
-654.462158795, 2060.71091805, 1370.35600343, -1.82796099754e+22
-1962.20939242, 3309.33868398, 3534.5700737, -1.61282125489e+25
-3441.61490403, 334.330585968, -558.745522883, -6.21772512714e+23
4389.92615547, -355.871519078, 2808.83509666, -3.12438402878e+25
-1368.90441923, -618.685502226, 2846.82315142, -4.30977549396e+23
2881.68073238, -1575.26377444, 1633.31904325, -6.08438110716e+23
-717.154137476, 2434.12422147, 2039.48449572, -1.57803632255e+23
532.752331648, -54.3581438875, -967.142418358, -1.49809443857e+20
-595.795989804, -350.715525089, -1484.49041139, -1.22297164771e+21
-561.777913898, -1458.07319475, 875.295769595, -3.4419378859e+21
-2583.56876886, -181.471311321, 179.265180857, -4.44882573809e+22
4621.8842104, -4652.20445118, 2223.26502573, -9.46016539076e+25
-641.64087199, 2243.77234775, -496.985924792, -7.03729431992e+22
2274.97317911, 3224.61434233, -1196.74343891, -1.57160538084e+24
-92.7237179394, 3776.80386862, 94.9803378322, -2.40864261981e+24
380.033778585, 1472.50859353, 1084.40884232, -6.67927351885e+20
1759.39827514, 1514.37820616, 1477.94746904, -1.12057802926e+23
3773.45290025, -4667.73741347, -1062.4004425, -2.17893395022e+25
1542.6657911, -1844.17197027, 1839.42564733, -1.29774563294e+23
-264.260814878, 368.824998671, -2026.06699548, -3.74465836932e+21
-2807.73640282, 97.607155995, 5256.14426669, -1.02410526625e+26
1313.68433426, 2905.80810522, 1553.12682909, -2.1199116e+23
571.455121542, -15.1598437774, 3391.38674413, -3.2719435756e+23
-1370.67435238, -673.316823028, 2281.56067761, -1.05278736621e+23
-3211.60157052, -2098.41700959, -1176.91973662, -2.80212378927e+24
817.764372393, -4098.00886251, -3038.33935548, -4.33817503802e+24
-1664.5187402, -436.711451041, 2956.20549106, -8.9636973425e+23
835.195504205, -1167.14432196, -3292.69495986, -1.42130990433e+24
-146.705517204, 2621.16484323, -396.320287898, -1.85614557633e+23
-2638.44297397, -850.674081262, 670.203815995, -7.48945783466e+22
-2714.50019498, 1236.29211346, -1583.54433107, -3.99007756699e+23
-905.120388056, -689.728078391, 2710.77682286, -1.51875252025e+23
1107.74696733, -3157.26559989, 2300.79311098, -2.91023343608e+24
-544.915039155, 1080.11269031, -2855.54971653, -5.51311089563e+22
-409.115086574, -2404.76631328, -1162.55814583, -2.69107086906e+22
-358.82316581, -813.800796934, -1039.33259116, -1.11059970291e+20
-2536.46884421, 1697.04277836, 669.762409683, -8.78279804002e+22
-2699.00970555, 814.196474111, 2640.28081418, -3.32218615766e+24
-1187.35037482, -1662.12480652, -2940.64726032, -4.32283706085e+23
-1130.2813138, 1331.45187326, -114.291787827, -1.5715766973e+21
2957.13464445, 1112.64951014, 477.343063593, -4.78249199004e+23
1050.19475193, 2284.12327756, -662.933422435, -7.54675632161e+22
2081.28029932, 2423.12540695, -3901.18966673, -4.33622865693e+24
-3965.75363955, -1332.97638109, -396.385940891, -3.86756726091e+24
4111.04071333, 1460.0934878, -4145.08953683, -5.15928023675e+25
-1876.70041985, -1774.19253318, 1529.97181325, -5.02141052697e+22
2150.12148208, 2430.25754418, 2056.12978376, -1.03434320733e+24
