-0.499695056533, -4.0125970691, -4.88089688051, 0.0
-0.499695063119, -4.01259708436, -4.88089701462, -4.71670435483e-12
-0.499695063119, -4.01259708435, -4.88089686001, 0.0
-0.499695063119, -4.01259708435, -4.88089686001, 0.0
-0.499695062981, -4.01259708435, -4.88089686001, 0.0
-0.499694951707, -4.01259709409, -4.88089699067, -6.56969740975e-12
-0.499695063119, -4.01259708435, -4.88089686001, 0.0
-0.499695056037, -4.01259697137, -4.88089682597, -3.87441967158e-12
-0.499694615731, -4.01259707007, -4.8808967272, -5.69367766444e-11
-0.499693654298, -4.01259608007, -4.88090615833, -2.25400247436e-08
-0.499694978062, -4.01259758189, -4.88092788669, -2.43193775495e-07
-0.499695063447, -4.01266289628, -4.88088249987, -1.14783202662e-06
-0.499851883292, -4.01262072218, -4.88089670305, -6.35606560654e-06
-0.499390558736, -4.01252675593, -4.88089722689, -2.4693181333e-05
-0.498631667661, -4.01262903636, -4.87960849485, -0.000706984663995
-0.502292253993, -4.01305450653, -4.88081806713, -0.00176110859137
-0.49350172167, -4.01381767382, -4.88108708872, -0.010070292959
-0.507784934315, -4.01246228527, -4.89105082643, -0.0429009896636
-1.47629678961, 3.61576501153, -4.99999999987, -3.69968497559
-0.643044067322, 2.13868902765, -4.99998016693, -625.059102616
-1.47629678962, 3.61576501153, -4.99999999485, -3.6996129555
-0.740634527848, -4.99900692064, -4.99999999861, -99.0385250795
-1.47629678962, 3.61576501153, -4.99999999485, -3.69961326072
-1.47629678962, 3.61576501153, -4.99999999485, -3.69961295201
-1.47629678962, 3.61576501153, -4.99999999485, -3.69961325279
-0.141015564648, -4.90015809667, -4.99999999751, -100.516918071
-1.47629678962, 3.61576501153, -4.99999999485, -3.69961295245
-1.47629678962, 3.61576501153, -4.99999999485, -3.69961304077
-1.47628914415, 3.61576456671, -4.99999999465, -3.70381340936
-1.47629678962, 3.61576501153, -4.99999999485, -3.69961295475
-1.47629679008, 3.61576501151, -4.99999999493, -3.69962972151
-1.47629678962, 3.61576501153, -4.99999999485, -3.69961304057
-1.47629678962, 3.61576501153, -4.99999999485, -3.69961298289
-1.47629678962, 3.61576501153, -4.99999999485, -3.69961315556
-1.47629678962, 3.61576501152, -4.99999999486, -3.69961384605
0.779116280899, -4.90099890793, -4.93968327326, -136.273206699
-2.18813404076, 0.276266868713, -4.91587706777, -745.575656264
-1.23483937112, 4.99900997585, -4.9633097263, -238.229275163
-2.3694890541, -2.66167224948, -4.95873768958, -393.861431378
-0.878834638847, 4.99579771677, -4.92906357588, -275.159380821
-0.501793496571, -4.01249323382, -4.88082302262, -0.00111772935758
-1.7066702055, -4.9008053699, -4.90807410417, -154.535055949
-1.99434331668, 2.89330650915, -4.96282845261, -212.044168287
-0.400893671527, -0.140080989298, -4.97811406669, -808.6603464
-0.472718712161, -1.9582061319, -4.99926335517, -515.128540196
-0.499694994947, -4.01259703941, -4.88089266174, -4.49704919876e-09
-1.56795320433, -3.522543519, -4.86896942998, -198.22889352
-0.49966271808, -4.0125902097, -4.83227901058, -0.601562694314
-0.499695508507, -4.01259709069, -4.88089687834, -4.96937646322e-11
-0.49969505611, -4.01259706024, -4.88089686666, -1.68453877539e-13
-0.964494378583, -0.78515126265, -4.88247258774, -685.449784473
-0.334808078194, -0.827265791791, -4.99997616686, -882.424105301
-0.49969505385, -4.01259709071, -4.8808968805, 0.0
-3.82042271641, -0.363142865537, -4.97301087595, -749.530709218
-0.499695078707, -4.01259708337, -4.8808968452, -3.36907569006e-13
-0.499694486044, -4.01259711884, -4.8808968824, -8.52367784707e-11
-0.499695179917, -4.01259710315, -4.88089710161, -1.60031142749e-11
-0.499695064718, -4.01259709616, -4.88089688354, 0.0
-0.499695075105, -4.01259709253, -4.88089687457, 0.0
-0.499695233984, -4.01259708986, -4.88089687125, -7.24355298742e-12
-0.499695050456, -4.01259707034, -4.88089689868, -1.68454505183e-13
-0.499695064203, -4.01259708215, -4.88089687723, 0.0
-0.499695064774, -4.01259709751, -4.88089688762, 0.0
-0.499695051324, -4.01259717409, -4.88089687418, -2.02145589092e-12
-0.499695057716, -4.01259706735, -4.88089686605, -1.68453872606e-13
-0.499695080318, -4.01259708653, -4.88089688438, 0.0
-0.499695067839, -4.01259708441, -4.88089687179, 0.0
-0.499695068437, -4.01259706026, -4.8808949573, -9.33060249604e-10
-0.49969506596, -4.01259707301, -4.8808968753, 0.0
-0.499695043937, -4.01259707878, -4.8808968969, -1.68454575962e-13
-0.499695048272, -4.01259707448, -4.88089684099, -5.05360933201e-13
-0.499695071042, -4.0125970787, -4.88089687369, 0.0
-0.499695067691, -4.01259707647, -4.8808968722, 0.0
-0.499694361408, -4.01259696254, -4.88089688956, -1.29201837273e-10
-0.499695076107, -4.01259709735, -4.88089686676, -1.68454815875e-13
-0.499694737229, -4.0125970912, -4.8808968586, -2.72891940376e-11
-0.499695078535, -4.01259707913, -4.88089687423, 0.0
-0.499695139337, -4.01259707177, -4.8808968762, -1.34763783271e-12
-0.499695016614, -4.01259698493, -4.88089688031, -3.20060480836e-12
-0.499695042635, -4.01259710948, -4.88089690442, -5.05364019554e-13
-0.499695013904, -4.01259552132, -4.88089688099, -6.18890129097e-10
-0.49969507647, -4.0125970793, -4.88089687423, 0.0
-0.499695052305, -4.01259707295, -4.88089688127, 0.0
-0.499695071059, -4.01259708096, -4.88089685906, -1.68454184501e-13
-0.499695076124, -4.01259708769, -4.88089688349, 0.0
-0.49969505682, -4.01259708422, -4.8808968801, 0.0
-0.499695035492, -4.01259708065, -4.88089687423, -1.68454135572e-13
-0.4996950523, -4.01259707295, -4.88089688127, 0.0
-0.499695073831, -4.01259708081, -4.88089689491, -1.68454912165e-13
-0.49969499937, -4.01259708768, -4.88089687441, -1.17917821986e-12
-0.499695056728, -4.01259708445, -4.8808968794, 0.0
-0.499695101546, -4.0125970866, -4.88089688456, -3.36909990629e-13
-0.499695052324, -4.01259325346, -4.88089759695, -3.84275387315e-09
-0.499695104921, -4.01259706664, -4.88089685496, -6.73814855501e-13
-0.499695063135, -4.0125970926, -4.88089687348, 0.0
-0.499695017593, -4.01259785154, -4.8808967415, -1.53969302685e-10
-0.499695082598, -4.01259702978, -4.88089795272, -2.92944439266e-10
-0.499695059135, -4.01259708542, -4.88089687233, 0.0
-0.499695035611, -4.01259691671, -4.88089688229, -7.41193172265e-12
-0.499695063195, -4.01259714591, -4.88089564895, -3.82896680239e-10
-0.499695059586, -4.01259710443, -4.88089692488, -6.73820377953e-13
-0.499695073547, -4.01259710047, -4.8808968744, 0.0
-0.49969505931, -4.01259708542, -4.88089687233, 0.0
-0.4996951409, -4.0125970843, -4.88089686944, -1.51609401255e-12
-0.49969506322, -4.01259708783, -4.88089689497, 0.0
-0.499695058598, -4.01259707705, -4.88089689044, 0.0
-0.499695071352, -4.01259710041, -4.88089687434, 0.0
-0.49969505931, -4.01259708542, -4.88089687233, 0.0
-0.499695074422, -4.01259704807, -4.88089686557, -3.36907779007e-13
-0.49969506322, -4.01259708783, -4.88089689493, 0.0
-0.49969506341, -4.012597087, -4.88089688386, 0.0
-0.499695080703, -4.01259716705, -4.88089689012, -1.85300163853e-12
-0.499694933582, -4.01259707783, -4.88089641117, -5.94640965398e-11
-0.499695052165, -4.01259707406, -4.88089687755, 0.0
-0.49969506322, -4.01259708783, -4.88089689493, 0.0
-0.499695067391, -4.01259708315, -4.88089685519, -1.68454042529e-13
-0.499695077322, -4.01259708017, -4.88089701752, -4.88515478344e-12
-0.49969511287, -4.01259707155, -4.88089686611, -6.73816558101e-13
-0.499695077654, -4.01259684994, -4.88089687856, -1.39815098477e-11
-0.49969507255, -4.01259710995, -4.88089657991, -2.25726461537e-11
-0.499695077819, -4.01259715202, -4.88089691357, -1.51609451109e-12
-0.499695066321, -4.01259706805, -4.8808968908, -1.68454559759e-13
-0.49969507979, -4.01259709671, -4.88089682277, -8.42268911664e-13
-0.499695070427, -4.01259709688, -4.88089687591, 0.0
-0.499695056902, -4.0125970873, -4.88089686801, 0.0
-0.499695067959, -4.01259722078, -4.88089688898, -4.71675366519e-12
-0.499695061503, -4.01259706995, -4.88089688677, 0.0
-0.499694989672, -4.01259708298, -4.88089686802, -1.51608098551e-12
-0.499695062615, -4.01259707579, -4.88089702224, -5.22205663361e-12
-0.49969505678, -4.01259710495, -4.88089692642, -6.73819647698e-13
-0.499695064292, -4.01259708841, -4.88089686751, 0.0
-0.499695065779, -4.01259707327, -4.8808969023, -1.68454897259e-13
-0.499695075601, -4.01259708229, -4.88089686822, 0.0
-0.499695068028, -4.01259704499, -4.88089688114, -3.36908179264e-13
-0.499695065045, -4.01259707576, -4.88089687694, 0.0
-0.499695085107, -4.0125970887, -4.88089687336, -1.68454893784e-13
-0.499695061087, -4.01259707544, -4.88089687814, 0.0
-0.499695163022, -4.01259708108, -4.88089688831, -2.35836671695e-12
-0.499695062005, -4.01259704955, -4.8808968848, -3.36908121517e-13
-0.499695073979, -4.01259707408, -4.88089687475, 0.0
-0.499695062292, -4.01259708873, -4.88089771279, -1.76205441532e-10
-0.499695066589, -4.01259707384, -4.88089687944, 0.0
-0.499695118856, -4.01259708244, -4.88089687382, -6.73817627961e-13
-0.499695064405, -4.01259707041, -4.88089686263, -1.68453929875e-13
-0.499695073653, -4.01259707901, -4.88089687282, 0.0
-0.499695127884, -4.01259708824, -4.88089685807, -1.01072844897e-12
-0.499695067717, -4.01259707385, -4.88089687974, 0.0
-0.499695038432, -4.01259617831, -4.88089686165, -2.08036471908e-10
-0.499695066634, -4.01259707663, -4.88089689013, 0.0
-0.499695029486, -4.01260608539, -4.88089687329, -2.04879772607e-08
-0.499695063017, -4.01259708474, -4.88089686912, 0.0
-0.499695101052, -4.01259740984, -4.88089688604, -2.71214137203e-11
-0.499695056024, -4.012597074, -4.88089686588, -1.68454142688e-13
-0.499695066634, -4.01259707663, -4.88089689013, 0.0
-0.499695034858, -4.01259708235, -4.88089693257, -1.0107311342e-12
-0.499694975464, -4.01259715047, -4.880896888, -3.20062607543e-12
-0.499695039882, -4.01259705398, -4.88089688676, -5.05361783475e-13
-0.499695071938, -4.01259708809, -4.88089688895, 0.0
-0.499695071565, -4.01259709309, -4.880898089, -3.70941307028e-10
-0.499695074647, -4.01259707633, -4.88089687375, 0.0
-0.499695070997, -4.01259704676, -4.88090172978, -5.95385952183e-09
-0.499695050342, -4.01259710167, -4.88089687837, -1.6845453594e-13
-0.49969505539, -4.012597079, -4.8808968802, 0.0
-0.499695050432, -4.01259708527, -4.88089687837, 0.0
-0.499695067214, -4.01259707777, -4.88089687859, 0.0
-0.499695071021, -4.01259710621, -4.88089685657, -1.68454598871e-13
-0.499695059899, -4.01259709038, -4.88089687628, 0.0
-0.49969494299, -4.01259717701, -4.88089685432, -6.06431853849e-12
-0.499695059314, -4.01259726996, -4.88089685537, -8.75965480599e-12
-0.499695065132, -4.01259708035, -4.88089688801, 0.0
-0.499695048714, -4.01259707247, -4.88089687727, -1.6845404236e-13
-0.499695057778, -4.01259708421, -4.8808968965, -1.68454920959e-13
-0.499695056694, -4.01259708431, -4.88089686968, 0.0
-0.499695064837, -4.01259708199, -4.8808968912, 0.0
-0.49969504959, -4.01259707783, -4.88089687606, 0.0
-0.499695753528, -4.01259710365, -4.88089688336, -1.19771368839e-10
-0.499695027666, -4.01259692282, -4.88089671241, -1.39815169711e-11
-0.499694956566, -4.01259707618, -4.88089684133, -3.36905664472e-12
-0.499695074488, -4.01259729956, -4.88089690516, -1.17918990265e-11
-0.499695022721, -4.0125970892, -4.88089691811, -8.4227277069e-13
-0.499695054731, -4.01259708618, -4.88089687806, 0.0
-0.499695055088, -4.01259708346, -4.88089687106, 0.0
-0.49969506376, -4.01259706606, -4.88089727507, -3.99232597043e-11
-0.499695063124, -4.01259706736, -4.88089689605, -1.68454578681e-13
-0.499695037834, -4.01259707777, -4.88089688948, -1.68454206911e-13
-0.499695054327, -4.01259708643, -4.88089687606, 0.0
-0.499695072017, -4.01259706165, -4.88089686725, -1.68453818036e-13
-0.499695063874, -4.01259707645, -4.88089686696, 0.0
-0.499695063018, -4.01259708449, -4.88089686638, 0.0
-0.499695062851, -4.01259708186, -4.88089689161, 0.0
-0.499695085276, -4.0125974375, -4.88089690345, -3.16697162432e-11
-0.499695063166, -4.01259706936, -4.88089689708, -1.68454654345e-13
-0.499695064164, -4.01259707155, -4.88089610914, -1.49586551835e-10
-0.499695063125, -4.01259708435, -4.8808968608, 0.0
-0.499695059356, -4.01259708909, -4.88089673226, -5.3904926791e-12
-0.499695296794, -4.01259742177, -4.88089564017, -4.29726252844e-10
-0.499695063119, -4.01259708691, -4.88089687287, 0.0
-0.499695063082, -4.01259708435, -4.88089685896, -1.68454010493e-13
-0.499695063119, -4.01259708435, -4.88089686001, 0.0
-0.499695062998, -4.01259708435, -4.88089686923, 0.0
-2233.69283377, -1944.64212446, 2385.94948506, -3.84484721024e+23
-3085.49930662, 4425.05953067, 1210.84793136, -1.09919258823e+25
4082.34093278, -914.752849626, -3013.92655583, -2.64295973377e+25
1524.53186356, -4598.76111366, -874.564101042, -9.73848810502e+24
476.001300239, 112.140778746, 799.434895235, -2.24367597887e+19
-2929.08343331, -1503.19730575, -1845.77166773, -2.34880575243e+24
-454.684427424, -181.612092908, 5372.60261478, -2.03552190425e+25
-635.834633278, 5184.86418098, 134.989251268, -3.14769178408e+25
5178.11862642, 1930.09145876, -736.507766738, -2.04823357543e+25
1995.37884159, -3288.70893802, 2820.11335871, -6.80384530231e+24
-269.067912458, -1292.05460803, 2642.85634229, -4.36154577722e+22
829.27318931, -1834.269, 3940.75719321, -9.21226514893e+23
1842.48512404, -715.856637238, 3433.68680141, -1.38946918524e+24
4169.81596975, 1222.69774421, 265.579407621, -4.73477126034e+24
-3340.47916685, -3362.38612865, 915.274899805, -4.04114523929e+24
2034.92610985, -2815.29069754, 3992.38002924, -7.72117822825e+24
5242.55194852, -759.397945759, 2293.82844412, -5.2700579614e+25
649.872696011, 2682.19282971, 2705.23705187, -2.85370150649e+23
-6332.30289124, 1655.83445996, -1770.35174897, -1.03116304721e+26
3337.17322643, -1785.74456303, 193.662526514, -2.50323495362e+23
-2801.16629483, -1618.60264067, 535.311483097, -2.3459919229e+23
68.6262290922, 1193.55530371, -2107.7152852, -8.07430964159e+21
-2445.83718546, -685.448237772, 2082.26517442, -4.0877582103e+23
-3608.00945699, 2690.16645955, 3299.16932889, -4.21071457576e+25
2922.55929036, -2883.84505674, 5163.03651894, -4.63351237891e+25
2270.79010747, -3816.11225273, 5244.7578249, -6.20757128867e+25
4011.8440049, -276.409082539, -2612.44147052, -1.18716400393e+25
2472.84861936, -177.721048789, -3386.75907113, -6.59445551638e+24
1679.50196418, -921.835112292, 408.422729147, -1.99941026794e+21
-4474.94849046, -1320.24269398, -49.1937818302, -7.28924936769e+24
1305.38591045, -50.7609689401, -568.097536703, -4.4094419677e+20
-1073.33601724, 1639.05941447, 2952.24769461, -1.20187961236e+24
-2753.5015806, -180.124150643, -383.048678917, -1.31943075229e+23
554.697451296, -1933.51052824, -566.496767825, -7.50338173804e+21
-36.0373909651, -2323.59584636, 399.132137426, -7.10078639071e+22
-1164.29653794, -2284.77352279, -1528.3627186, -5.15632482559e+22
-199.372666948, 5287.90591379, 279.618413726, -3.37647671857e+25
-931.017110079, -973.365670879, 2265.54408807, -3.82408240269e+22
-307.138228163, -2280.80817997, -4072.48681927, -3.93488655235e+24
-2473.20516392, 4972.49898729, 1572.64607652, -1.83502952506e+25
2554.28857259, 91.2303465772, -2014.64554347, -5.75479798821e+23
-2558.14066944, 3420.61871066, 2604.76703196, -7.99630448407e+24
2745.53204704, -686.99993944, -2123.07343825, -1.36579793701e+24
471.593686749, -4285.46195916, 4768.43597102, -5.45736504545e+25
563.262197634, -1909.67951514, 210.805927594, -1.53781529529e+22
-2087.93397812, -5833.93033235, -784.486836547, -6.42955844033e+25
-1438.93039007, 1141.41987071, -173.123355101, -1.1296998089e+21
327.576490788, -315.805921126, 2310.03106917, -1.21391704461e+22
-4612.08637709, 2899.7137498, -2748.4692563, -3.22091361423e+25
303.133582537, 3164.33272979, 5299.83204036, -3.64504995041e+25
1885.65518387, -968.264118256, -2124.90951108, -4.48579223353e+23
-2077.18426683, 6131.01465625, 3715.95777381, -9.45205281204e+25
2920.86941522, 2172.1887863, -5747.71523351, -1.03339638241e+26
-87.2007060885, -5255.7392513, 2837.86341853, -9.61794993783e+25
1810.09124687, -1831.62745158, 5192.3200886, -1.23681270507e+25
1.13049610164, -130.400429584, 4011.78912912, -1.5093493015e+24
4268.21213669, -1496.22110327, -654.151283097, -1.83115687118e+24
-2399.23950302, 1449.08531467, 299.211797421, -2.55165095789e+22
4398.32892949, 5418.70681641, -1026.71742646, -1.02710085946e+26
2768.86622154, 1068.34232181, 1767.01372185, -1.3080724415e+24
-1374.15791362, -134.493722479, 1876.20023507, -5.00504332759e+22
49.2633901441, 2071.15466693, -2786.21841471, -2.35296594101e+23
4363.95617899, 6165.66982061, 4799.32390943, -5.88426268583e+26
2541.01341717, -1632.39670963, 1025.81076658, -1.30813836874e+23
-2705.80888686, 3144.07539918, 1649.07689226, -2.09449918107e+24
3250.19600212, -1619.27166541, 1778.18039887, -1.43853427983e+24
-2177.24903623, -793.337978025, -467.571178348, -4.72878920691e+22
3036.58131304, -1046.98225971, 81.5400800881, -9.8551555564e+22
5053.47643901, -360.461083542, 2557.01475443, -5.70079399496e+25
2836.69130703, 272.304332945, 5599.00096433, -7.2966255402e+25
1629.31931013, 196.022464215, 1136.71105312, -1.71862618116e+22
-1587.94602451, 2207.1157642, -1903.40506827, -3.3898656881e+23
-5554.56237511, 3727.21743213, -5837.03344196, -7.74829056372e+26
-5596.15877143, 2235.26564583, -818.891292289, -1.85541220837e+25
1263.9475354, 638.208702599, 597.165914725, -1.70043894998e+21
-1014.24290098, -2932.93360721, 3833.84093582, -3.54871148273e+24
-351.620700784, 5259.83448458, 2141.03344081, -1.62432220504e+25
-701.455903544, 2210.79743003, -2153.91100313, -2.56083125256e+23
1759.5643341, 1709.02503163, -4473.03745889, -8.60424778655e+24
-963.258044097, -1115.3275252, -1161.41574949, -3.23293818122e+21
3288.56864962, 4485.26366227, 1248.75389424, -1.82957184745e+25
1272.77644441, 2645.72056904, -5067.52604665, -1.25297752691e+25
-3287.20539458, -4092.23601325, -4581.34347219, -1.02532896123e+26
-2201.44658871, -4849.45711992, 3777.73150564, -6.99331355598e+25
1156.74885198, 2651.9886267, 4872.02450519, -1.48810515468e+25
-4217.22491198, 1376.04185152, -5121.91310695, -1.54399557523e+26
-555.698018373, 2557.11692243, -2005.14030562, -5.39162960138e+23
2573.51814991, 199.560871659, -444.623559102, -4.02898638719e+22
4086.08493081, -1357.2867255, 2119.27239429, -8.41301476135e+24
4620.32767926, 2852.65015342, 2310.21599505, -7.00882482304e+25
4109.6802163, -2628.44338845, -2251.71989137, -1.8140103379e+25
-3542.69799469, 4964.82506981, 397.525615631, -3.51069390397e+25
2046.97815085, -2238.17614837, -3083.43735967, -5.86967910596e+24
5956.79083865, -3858.85599096, -25.8091506738, -3.60491989605e+25
-3199.22219103, 1265.4375945, 2971.58608099, -1.15380284264e+25
5125.90432405, 1897.995247, -4208.82284572, -1.17835351443e+26
-5930.5550463, 1161.73557409, 4702.86186207, -6.63451571036e+26
2562.66075578, -120.196358686, 5381.24932767, -4.196367654e+25
-640.692117015, 2579.15752539, -3700.95832958, -1.91979365041e+24
1770.58030512, 1485.83679479, 4225.77478019, -6.62824505924e+24
-4026.14302351, -187.855127919, -1568.80789215, -6.81438976363e+24
-4375.84111152, -3189.65668556, -1593.76330654, -3.79571767463e+25
5039.77082456, 2495.40365462, 3976.24067129, -2.91617746303e+26
-2137.52526279, 1974.87611409, 4194.28147537, -2.93643653057e+25
-449.3303167, -2052.87461158, 80.7059711439, -1.98853281894e+22
-805.227947511, -1942.96657527, -1646.04738337, -1.54724086318e+22
-2774.76649542, 3352.96288731, 4849.0802503, -1.55681661124e+26
3468.82651847, 4394.69387147, -6275.93223356, -2.29541539227e+26
-4688.09421452, -1166.22690846, 92.7643853154, -8.77838764246e+24
5851.44128351, 575.037073957, -123.198098601, -3.62928627874e+25
-1854.28857098, -2143.20508837, 1027.14065037, -8.54973757024e+22
-3252.57186323, 1411.96647012, 746.471227019, -3.31454298049e+23
-2176.79500645, 2433.46268886, 777.385844135, -1.63183722613e+23
232.581242052, 5640.06886232, -3290.2730902, -1.81680708338e+26
5305.09136151, -1619.50032501, -2679.86830438, -6.85870288387e+25
249.67108304, -40.5242683317, 140.396386392, -2.28777247442e+15
1266.25372672, -1904.94858153, 3688.52506511, -1.02859066958e+24
-270.989955163, -538.508950899, 1379.09447997, -3.27747076569e+20
198.739325776, 762.255790845, -4061.85084342, -1.41361346005e+24
3425.93767228, 1657.12672858, -4700.59435848, -5.20816344076e+25
-1044.50871178, -4899.85176898, 148.225335349, -2.06363325842e+25
2433.86644253, -228.150994607, 756.438963316, -7.15029482053e+22
3984.49918595, -4605.86892172, 550.890787616, -3.43881989354e+25
-1861.46856208, -694.659827644, -1220.6743071, -5.71588415807e+22
2767.55881694, 994.188085674, 546.368753341, -3.01748383513e+23
-432.031479034, 48.5873561805, -2034.10165793, -5.38926190945e+21
-4978.32116181, -2836.49769484, -4379.55704832, -3.79470331009e+26
-2042.51225431, 2355.38220919, 5780.44538333, -2.00876457532e+26
-5640.86991436, 1013.74160691, -2086.53558402, -6.78653818377e+25
692.711344114, 1632.09653954, -1656.41911504, -1.76865973334e+22
2094.6227789, -4488.99002061, 1275.15377038, -2.35948189698e+25
26.8882814821, -373.714667829, -1188.2227082, -1.69982577358e+20
-4120.31477014, 1854.43645677, 317.2082926, -1.17689195687e+24
-1346.33444919, -1000.73060534, 2182.47010027, -6.29448743984e+22
5595.67299074, -2044.74881274, -3687.00832149, -2.63221977635e+26
-3415.28651985, 4513.08094924, 1781.54459543, -1.7061855638e+25
4940.26846056, -6003.15162754, 1608.53032171, -3.59965903851e+26
5027.79267694, 2114.14403775, -2984.94418026, -3.16821287061e+25
154.442044098, 3566.77310664, 5449.46143482, -5.36142483797e+25
4764.76556443, 2634.66643035, -216.97774737, -1.97910796753e+25
14.0354176306, 1148.67950294, 2375.63131688, -5.63663384272e+22
-2625.47878411, 1324.86542751, 3668.5201597, -1.77604459774e+25
1507.56370477, -1294.33138736, 358.088859911, -3.07371969153e+21
-4917.6422861, 1608.92418311, -3134.74509864, -6.17775332162e+25
5991.10829235, 3723.99871616, -4711.93556899, -2.84944179324e+26
1966.97361361, 1210.43031937, -911.122787154, -1.40240897213e+22
-1383.47575229, 315.941536994, 4334.64670455, -1.05215056053e+25
-468.543632294, 321.953236059, 655.923941907, -2.18153182013e+19
529.945247391, -973.722731425, -932.579719627, -4.53141967425e+20
-71.5221079072, 4415.73423567, 1460.91215032, -4.53601167607e+24
-677.785151891, 736.790353847, 1506.08897553, -6.79936029673e+21
-3321.78207499, 1897.29873156, 4456.08045436, -1.01023656699e+26
3744.84089799, 1916.78541736, -4076.84196463, -2.99868294313e+25
-4645.89134869, -976.424912838, 276.335423458, -6.80492659012e+24
-2326.94156659, 2168.99542721, -5713.19263935, -3.66594028522e+25
2400.92776316, 3411.46300419, -798.547926128, -2.09922987663e+24
2557.67389849, 14.5443530322, 776.234117292, -1.20826656952e+23
-229.534576203, -2019.61350611, -1667.18622894, -1.07362403084e+22
2443.1556042, 1532.54071047, -4595.82300245, -2.02637312124e+25
3319.08355124, -2322.44410926, 264.930059341, -4.77813592324e+23
1560.62461698, -335.134229731, 1043.59217509, -7.8866688835e+21
2142.72586739, 461.233419308, 3752.01618694, -4.5347197737e+24
3474.58731466, 48.6465568893, -3562.2767552, -2.16486070438e+25
610.467397837, 3457.42306026, -2289.41386899, -3.97236861674e+24
585.93389429, -4227.98003675, -865.875452181, -4.2752864105e+24
1079.6858439, 4001.45712471, -1507.41016268, -7.6479842585e+24
-2105.71194365, -2305.87829914, -180.551179731, -1.69229575569e+23
351.569277589, 1851.29344668, 104.523216923, -7.32021529743e+21
-3506.7117385, -411.815111617, 1623.85621517, -1.1642017028e+24
-1358.20014725, -868.006718605, -1658.53848979, -3.42726595645e+22
-45.8439272703, -1595.32158832, 2262.82804834, -3.37601686595e+22
-1400.51775743, 2671.87761395, 2115.9485659, -5.79628907329e+23
-959.992412242, -3646.26796765, -2244.46043233, -7.73630518989e+23
815.061127366, 1052.28276255, 2624.70888033, -1.01054298228e+23
-145.544770792, -6310.71096899, -2964.96439368, -6.11483378309e+25
5007.70295309, -3200.1217865, 2299.47528168, -3.68489266282e+25
-452.439181018, -4839.16465775, 82.9745485922, -1.83864817795e+25
-139.086157494, -3886.47391176, 1662.89756036, -6.96810835266e+24
4234.76608, 5302.53223061, -5830.41964042, -3.61161917281e+26
-2302.44067636, 766.038715325, -1800.15205612, -2.55180283488e+23
3063.11395286, -4501.70686941, 2085.55978925, -4.34445683233e+25
3361.11371248, 4306.38150322, 2434.91884763, -2.77905020718e+25
498.18108442, -967.754069063, -989.071995495, -5.40452303113e+20
-2141.96999887, -4457.08458979, -502.742628203, -8.62784288822e+24
130.456444845, 4212.67353523, -534.846073407, -7.63129495614e+24
-128.923539372, 3080.89328586, -5333.39447139, -1.41919424425e+25
-1753.13789454, 415.406872946, -163.579083487, -1.68632518523e+21
-1030.07402837, 2190.37994327, -6172.00648703, -2.48434224924e+25
2924.55575665, 1742.23469875, -2767.44369882, -1.96220405168e+24
821.195043585, -3302.82074499, 1955.96104709, -2.99723730097e+24
572.865825626, 3902.62943729, 3910.63163491, -5.61878220267e+24
5556.06034812, 1108.63706581, -3447.24236029, -9.6825193355e+25
-401.827458013, -794.940680093, -607.782345142, -1.42999955734e+19
4947.3517967, 1805.90530603, -1940.62008591, -1.39836104187e+25
-14.7826358675, 4115.75465075, 70.4749488702, -4.83508894332e+24
3406.18069119, 1269.13473146, 1728.98400116, -4.36527518685e+24
-8.15237127195, 353.355528057, 1851.1201899, -4.78736117799e+21
-2205.9152427, -209.658043076, 902.565385859, -2.22859635714e+22
814.449593159, 5808.35621888, -1670.67392565, -1.30897803979e+26
-2425.30054368, 6513.14872697, 1433.63762901, -1.55371981719e+26
3560.60902743, -2372.40544955, -2426.1820268, -1.17726921813e+25
520.687343927, 3048.44821065, -1163.15991509, -8.8881087489e+23
-1847.7296142, 94.1440115623, -3419.68583858, -1.58705418691e+24
923.930666891, 254.305476785, -2015.31539453, -2.83190644997e+22
-998.701110512, -1575.48497579, -5085.77784165, -1.38636310058e+25
3282.27199503, 855.983229766, -4441.36652637, -4.28249292702e+25
3569.55670368, 3393.55829652, 3487.01234311, -5.15713606396e+25
-725.590736735, 4340.38010154, 462.728942066, -6.58544102878e+24
-3480.76244876, 3515.66400881, 1086.69856458, -4.11646703979e+24
1347.66264999, 4690.37438992, 241.377572542, -1.2649588487e+25
-1929.60007186, 3123.80033628, -2218.29272146, -3.496438408e+24
3116.08353312, -2417.92775857, 1597.81478676, -1.50896740408e+24
-1042.94650577, -3487.97616913, -2455.24663696, -6.67160265347e+23
2281.6537445, 506.552120762, -1617.61937777, -1.21872348853e+23
-439.488258573, -1821.19076245, -4275.64392473, -4.41330282797e+24
1572.33225321, -3984.86164969, 3084.82449964, -2.12154087686e+25
1947.43915129, 3506.57379244, -3906.68094313, -1.04735450435e+25
-1830.52985692, -786.822457804, 86.2776351576, -6.91025621434e+21
2720.97120558, -323.980806191, 1687.0110857, -6.05489221149e+23
-4492.16197782, 201.301571487, -2572.9411486, -2.99673319486e+25
3582.16432688, -6157.69128815, 2751.94438745, -4.58303017069e+26
-3163.07467905, 5204.47712082, 6276.33665116, -1.17260549997e+27
2367.03455928, 574.980247976, -1010.05424119, -4.06067896412e+22
-3753.82543402, -4046.17312622, 1075.01274253, -1.42302382753e+25
4385.19424316, 5655.56878392, -2979.59564357, -1.85893455924e+26
-2106.29305465, 1437.92304992, -1629.55917213, -1.28336625637e+23
988.808918698, 2034.89322735, 2970.35082843, -4.26566853661e+23
2615.2919735, -3533.5925992, 2438.31030359, -1.05651637736e+25
977.234407962, -3309.06542556, 2885.65413823, -5.21208008313e+24
4490.9611035, -583.314398923, 188.67460772, -3.19840660933e+24
-231.062017739, -4107.32794054, 5965.53858133, -7.01304528863e+25
11.9394112887, 689.856560614, -467.74886792, -1.10417948846e+19
485.999651268, -663.927407659, -112.793338212, -3.14665290944e+18
1759.93103427, 5427.1187961, 1656.88052185, -2.671238958e+25
-5334.32909325, 2666.7593511, -1103.84218381, -1.67355007938e+25
-3015.58385072, -1094.87282851, 343.914495468, -2.77896950346e+23
-3387.97722374, -1886.27375863, 4712.61777748, -4.80391820663e+25
4071.79251787, 2092.25505341, -5391.57959421, -1.65053940018e+26
-5061.26921427, 4801.52582044, -1531.36581104, -9.85076219615e+25
-2376.05186792, 696.32623905, 2351.37409512, -1.24858721673e+24
-464.291923936, -3517.51948958, 3238.78137078, -7.1552945766e+24
2110.85319064, 435.34922999, 2941.32647321, -1.45007398557e+24
2530.57933136, -128.067887166, -2187.11854007, -8.67850317061e+23
-4565.24492319, -784.297653032, 3330.93633542, -3.68598227201e+25
124.795455071, 6141.22665455, -1866.27814903, -2.17952079977e+26
826.22108717, 2642.57041871, 4883.27272567, -1.47335588746e+25
-1898.86528761, 1046.62395273, 2457.23050775, -9.47078047043e+23
-1518.94905107, 636.479235604, -1824.37880083, -4.01571258911e+22
-2632.19812223, -396.960915717, -218.450014953, -9.18719705299e+22
202.769170358, -2553.90228371, -1021.8569355, -5.06665063962e+22
-2824.21408332, -455.351265085, 3984.7499317, -1.78856212971e+25
-1523.70106188, -2802.29857234, 1807.50791943, -7.01834339709e+23
4660.66458085, -2377.76074615, 2823.97914727, -3.31114458501e+25
2341.13249661, 4266.05679619, 4140.12118523, -2.60312022315e+25
202.936987069, 863.797237612, -607.596640698, -6.42775467221e+19
-3350.02192657, -416.791819234, 180.061121914, -4.12963408437e+23
-495.305165868, -50.2990313573, -5305.92921113, -1.21563506343e+25
-1219.78300724, 1752.09036817, 2318.65444723, -3.97693915466e+23
-3510.2898409, 5593.04955463, -2335.03151195, -2.13350990708e+26
-2239.94160032, -536.537375253, 658.864818334, -1.81739657779e+22
-3831.51949137, -3668.1158372, 1780.53454366, -9.92399134878e+24
4290.28900002, 1002.32322408, -1140.0471546, -3.18584621822e+24
-4769.73505274, -5861.13444049, 1606.69854592, -2.0318539305e+26
4949.34199383, -4771.00401307, -2532.59018042, -1.16516899735e+26
-2402.17818014, -1674.78560234, -1626.59309798, -7.01993109796e+23
261.217158443, -12.9621310679, 714.870453283, -2.31914138687e+18
3660.97116734, 1608.57146413, -316.982569764, -1.66543934608e+24
-895.557323167, -2099.66085218, -3923.85289985, -2.52872113635e+24
-2643.19608932, -687.550608033, 2649.3604777, -1.63315953237e+24
-1659.2663252, -2822.36975914, 4113.34483068, -5.15613888909e+24
-1564.34398514, -800.731535111, -1108.89373476, -1.99103797081e+22
-2777.57334346, 1490.58122478, 978.073569128, -2.25024042536e+23
3046.95199465, 948.588718314, 505.403005045, -5.37353067128e+23
-2962.60750241, -2401.43113617, -1301.58124525, -2.34373388565e+24
-678.913442161, 240.684153955, -889.070287025, -9.36191356607e+19
2289.06035755, -3249.04056147, -183.1726142, -1.19971186998e+24
-979.287527606, -380.958425987, -1073.47942573, -1.42358067129e+21
3301.61899505, 1809.89188577, -22.9116320455, -1.12510196314e+24
1414.74441844, -3089.25873204, -3609.67106598, -1.003850526e+25
-4276.6480529, 5407.80034833, 1813.16368336, -7.24318906602e+25
-1658.81960353, 1691.94665503, -1071.65066278, -4.00641125785e+22
764.259231905, -2928.30449738, 3339.02055626, -3.05326674152e+24
-1364.25805879, 2812.7771547, 1372.06719854, -2.05623458879e+23
2446.28552424, 831.444992047, -5876.82656162, -1.22775344625e+26
-564.083985805, 3566.27680502, 1626.97443213, -7.23638912653e+23
645.72835882, 211.364301238, 1966.53352418, -7.33748497666e+21
-4258.68332606, 2436.68429424, -1899.23267118, -8.54667448856e+24
-2110.16787757, 560.85289963, 340.758274405, -6.34674399721e+21
4249.03267383, 4310.25825285, 1098.68374077, -4.46693370792e+25
5180.47274791, 2804.34977716, -77.0463136926, -3.99865732875e+25
5675.62176264, -1340.87708247, -2977.43504717, -1.19179876734e+26
1845.50292766, -2937.78802765, -498.186813754, -3.96641271342e+23
-3991.3422853, 5345.79776673, -4234.91309351, -3.6238112443e+26
1243.88100265, -1386.5196159, 1073.71289685, -9.16600906951e+21
-3393.96065187, -440.966187832, -797.532595133, -1.11880013339e+24
-1838.10252717, -1960.17080148, -1974.34170782, -3.71585360232e+23
-1995.1401148, 1496.25052295, 3465.78573882, -7.6182102089e+24
1152.82134078, -1388.66417536, 611.546815126, -4.1494492309e+21
331.395002042, 3498.52745321, 268.513115229, -1.14887045662e+24
1955.19872971, -193.140803533, -5210.24406271, -5.31419178897e+25
-3755.02626024, 3773.82951063, 1792.31401173, -1.22077921805e+25
506.298631483, -1039.54371349, 48.2584616483, -1.21977538427e+20
-1020.76854134, -1257.54054357, 1083.55765751, -2.02395540575e+21
-4234.21965083, -3657.58834419, -2763.60862302, -7.65876406742e+25
-133.328373013, 4878.45702153, 1894.84299315, -9.05683341802e+24
-1121.54441229, -3825.49201632, -2978.46977457, -1.70524219326e+24
47.2582647919, 3750.46894078, 981.966390725, -1.40195119284e+24
-3248.53719464, 241.384962697, 2454.50042005, -3.80368782383e+24
-5683.10282808, -3977.5030248, 868.039570703, -1.00562795466e+26
1620.71443953, -8.05016191975, -634.63032286, -1.90604983197e+21
-5437.18300617, -3053.86936412, 4403.65962843, -1.48917450052e+26
-1099.86464749, 2777.28282177, -2130.8464009, -1.18146352377e+24
-3361.78368193, -347.648951663, 3278.88562691, -1.18538499308e+25
2395.2840018, -2214.09469964, -4473.45197112, -5.53833158796e+25
3032.62658622, 5711.66664898, 1244.9691788, -6.14625528266e+25
-2094.08213977, -394.255138273, 4439.43171042, -1.77344467261e+25
3537.89956003, -5998.76707229, -1519.12871452, -1.0162488136e+26
2753.03404035, 1597.25887348, 2129.03501607, -2.41486736115e+24
-1184.97103222, 707.766975056, -1998.09759056, -2.33639509292e+22
-2707.35964157, 774.582397899, 3471.67704202, -1.1967343411e+25
1884.52653885, 3869.13595822, 3.18942942973, -3.27655429975e+24
1258.36057745, 5562.56425605, -6264.6253774, -3.96149714893e+26
-2409.67741149, 495.90212714, -2999.3479105, -2.06444850572e+24
1374.87268624, 3017.19419063, -1923.86623244, -1.240978135e+24
-4320.85783451, 1407.02168944, 2627.2321522, -2.39602062004e+25
-2353.96371097, -21.7893902173, 1986.6914933, -4.06208989388e+23
179.244410673, 259.284727646, -27.7379244156, -2.02798306477e+15
1503.79977365, 643.918531745, -353.961599911, -1.054252112e+21
-376.917787641, -3689.88510576, -1463.14565216, -9.37360802351e+23
2667.25167878, 2181.44223123, 1730.59603099, -1.75637880986e+24
1279.97098223, 4027.80544741, 1543.15198485, -2.18298796354e+24
-2726.12656161, -2518.57951406, 766.310293248, -5.55107363379e+23
4644.8937609, -3247.85116168, -2645.5419197, -5.88891645941e+25
3709.0436145, -3988.27963786, 2800.4501478, -3.95152888235e+25
-3243.20554343, -2156.7833867, 2819.49688717, -3.02366712813e+24
-3919.73904866, -2644.03851999, -4318.66282999, -1.1992828758e+26
216.014346844, 1861.24229533, 5732.06277517, -4.50069050062e+25
1810.02770016, -5655.79152473, -1040.3066187, -5.11677444566e+25
2914.30598697, -2160.45831611, -825.266042758, -3.57507354876e+23
-3156.7300347, 1000.2449269, 23.0328630325, -1.29639437812e+23
-4298.32856128, 3103.27559698, 3381.84069957, -9.36794437645e+25
-874.740438885, 4504.78871058, -400.364568094, -1.33754327285e+25
-3055.29325184, -2082.95045958, 6143.06536449, -1.79018847811e+26
1952.50294496, 2806.35527999, -2575.66237679, -1.25357181449e+24
3406.16888494, 1372.8632054, 1184.17224494, -2.72924176102e+24
-1467.6564359, 108.79894659, -2573.13262669, -1.90569095669e+23
-1336.46685471, 1388.9960923, -572.160627935, -5.01962927712e+21
-1813.91058455, -96.0455847309, 1030.13605531, -1.11072451206e+22
1124.21716942, -2786.64116786, 2231.30662337, -1.28169691985e+24
3124.51410463, 4017.55177521, 3062.02064938, -2.64597064586e+25
3136.90765566, -4357.3221819, -1513.68465989, -1.060274791e+25
-196.909514486, -2050.69784125, 90.4930282801, -2.00776196667e+22
4286.58411821, 3632.76839499, 2063.39575464, -5.30952498154e+25
-1069.37000835, -1093.10736452, -4055.50121553, -2.3568265021e+24
-1307.53876585, 4749.97387861, -4163.99527893, -9.39184522146e+25
-139.363614639, -4407.00679895, 1923.30078959, -1.93816216533e+25
-1646.07954987, -3220.81656879, -266.22857478, -6.94223322194e+23
1871.16713353, -2305.72654324, 1703.58385479, -4.28191660891e+23
-2513.43810017, -3786.29713204, 3738.26336592, -1.56085210434e+25
526.005905896, -6466.5014272, 199.027988001, -2.0182831826e+26
-1965.99706216, 72.0742303135, -4100.90046443, -4.86209563259e+24
-3208.78125441, -788.260860283, 3121.18431259, -6.80643581925e+24
-3808.29332747, -3503.90967539, -2605.55835257, -3.85671692141e+25
6132.05439752, -4735.20746595, -2695.67132725, -3.14623542797e+26
3109.60228387, 5066.45967455, -3102.87064233, -7.78106786052e+25
-2467.53205544, -1392.60798533, 2970.60818137, -1.70220928194e+24
292.11825612, 1622.32866417, -3260.62488818, -2.25698584281e+23
3121.19896398, 2306.26739321, 2117.95761843, -6.02811866625e+24
5084.03761453, -2795.58251645, -1858.5901996, -3.1671026149e+25
-604.567354014, 3253.84943944, 1175.16097394, -4.02571661518e+23
-1913.6012367, -4118.82931807, 1438.43728015, -9.27933173843e+24
4770.9043519, 315.083353095, 1605.79400796, -2.22051648328e+25
-4608.72820125, 2166.02533645, -3599.70246929, -6.18740560001e+25
4879.22176669, 4445.57253378, 1313.54140139, -1.0668991556e+26
2384.37591406, -663.722998766, 928.936748191, -6.6942977387e+22
-392.129463927, 2758.16617145, -1816.83350695, -7.50178294604e+23
-1720.30643167, 2020.84867608, -397.865811599, -5.46413481399e+22
-1911.75085623, -4453.02324056, -821.800523517, -7.3027684048e+24
210.465174114, -624.849367113, -2370.10427325, -4.90537563107e+22
2668.21660005, 2279.86285767, 2542.88569173, -4.2619606037e+24
-2880.0150611, 1810.7332932, -1935.04019176, -1.00025740155e+24
-5635.93144561, -1191.59399664, -2947.76683668, -2.07924031681e+26
-5601.24934535, -1905.0068312, 606.627911134, -3.76198397975e+25
-3149.41208226, 5284.79705488, 1702.25457149, -3.60688623848e+25
-2216.02234052, -2322.0920053, -4543.5663484, -1.96904993051e+25
2085.53663204, -488.458037537, 933.23843288, -3.10679736379e+22
-255.613553062, -1446.79017838, 3542.02302, -3.93894965951e+23
2813.42388827, 2980.74210795, 2585.85736239, -7.45012501728e+24
2914.61732196, 4678.4287813, -3512.62283612, -5.20181732331e+25
1500.25456712, -2953.37362059, 4789.5834277, -1.18120584646e+25
-3679.05168409, 2005.6731817, 5510.2307417, -3.91236430551e+26
1336.13398458, 4804.64945957, 1013.08617192, -1.14684443289e+25
886.250898415, -10.4037305326, -1644.69469478, -9.33476947103e+21
-1636.09385492, 4132.8823587, 802.876142959, -4.39633049869e+24
-2873.68574858, 1933.32134554, 3894.04228733, -3.65730744769e+25
430.267021989, 1368.62456336, -1561.92419426, -5.48550429638e+21
3198.22506843, 1915.34859447, -335.678722427, -8.21336918245e+23
149.381282844, -1904.19260232, -5770.77598318, -5.61567042556e+25
3132.81349008, 2495.36514136, -2070.62174166, -1.29402060888e+24
-1060.76295468, 2051.96704873, 882.283664412, -1.63740648664e+22
3455.31460595, -5343.8261506, 968.451868929, -9.47128244636e+25
-3959.90355585, 1748.12887988, 773.884019359, -1.35000410411e+24
-3531.22611801, -1735.25914113, 4364.10113181, -3.70742902052e+25
3304.88562522, -588.454105846, 1579.99091911, -1.50049184315e+24
2902.66014265, 5663.40594761, 1267.17365638, -5.48834981617e+25
118.933786167, -2677.51645007, -1003.4141823, -7.63136592927e+22
591.383651754, 320.499320285, 947.772024064, -1.21935033787e+20
4577.97484324, 261.741461466, 3893.1772074, -1.09340676854e+26
-4407.74854415, 287.145585465, 5032.21001333, -2.64706057963e+26
103.4955711, 2648.02343678, -3845.28476378, -2.1001535419e+24
1681.93489441, -1345.22279129, -3218.27357121, -3.41618032066e+24
5382.42892403, 1745.63699006, 1645.53260053, -8.0940084299e+25
-3959.87057867, 1781.41581928, 2367.08855332, -1.33705046332e+25
1328.40942158, -4483.99024783, -3786.25659882, -2.16387195135e+25
-3202.65381489, -1041.44385553, 2734.96072613, -3.39331433128e+24
-864.895629091, 1113.95486033, -2554.7866052, -4.34047680817e+22
-368.435516216, 2357.37629055, -4601.77089685, -3.14454298561e+24
274.95344826, 5312.65994016, 4501.77362899, -3.0930980889e+25
-4919.86896273, 3956.37905562, 2692.07481002, -9.71995311091e+25
3663.14444143, 1240.57669845, 1284.22401379, -4.41591558959e+24
3922.35668715, 1137.48470805, 479.312261274, -3.40290775291e+24
-4393.09301991, 365.06755375, 3041.54331928, -3.09721630987e+25
-4572.91198952, 447.993534816, -772.451190039, -6.18748581417e+24
100.044040546, 1836.38563616, 318.353708823, -5.5129988676e+21
-4284.7088834, 3333.54063522, 4346.06244984, -2.63903393073e+26
4809.18842316, 568.994228001, 2642.13093695, -5.71295449057e+25
-155.859534193, -2495.78278714, 2580.66884106, -5.7332555456e+23
522.318065286, 1084.9689369, 1125.07696662, -4.4445221201e+20
-2048.97732725, 324.219128253, -4945.845957, -1.44755024086e+25
-1797.55830998, 203.177132727, -2659.60404268, -4.32005461754e+23
-2922.15086793, 2433.32913702, 3389.7835283, -2.33991765104e+25
-561.265817236, 3832.96289887, 2714.56705256, -1.87387488824e+24
-200.577690946, 1416.52663442, -3229.64504941, -1.45868408589e+23
-382.966535099, -1949.43262472, -5102.29687832, -1.77227837319e+25
1250.76091162, -4895.62502499, -1766.28338749, -1.11060434375e+25
1470.11485043, 1084.4284953, -894.256443167, -2.31487336576e+21
3505.74685917, -4164.33573883, -762.249807895, -9.56189463276e+24
653.118376612, -1906.63474738, 1448.18792053, -5.38049938347e+22
282.990148635, 1501.10937061, -196.10714776, -1.94526834888e+21
5612.90149274, 847.372062281, -4266.96175432, -2.32740842087e+26
-306.707211618, -2505.26543341, -1142.99526862, -3.82805525636e+22
-1736.46247332, -881.335380769, 1084.15055459, -7.08057255275e+21
2193.74105679, 769.835375274, -372.779305435, -1.93905468947e+22
-2695.74011041, 2612.05690106, 3735.68144643, -3.1854277349e+25
-557.65309549, 586.900394067, -2394.33225697, -1.55289907978e+22
-185.312500495, -26.326151936, 372.907803683, -5.18299652399e+16
4572.61795828, -1568.09485742, 297.872810226, -2.86628261308e+24
-310.014347353, 3462.01125058, -854.79084137, -2.09554336073e+24
201.344769631, -1976.57608341, -312.73788605, -1.05345712077e+22
-696.917966431, 4656.82725597, -2518.72919324, -4.0158042482e+25
2343.39523892, 4823.23834505, 229.859212997, -1.78468737926e+25
4494.44996132, 1282.05511888, -1583.89819896, -5.57140281687e+24
2042.74666033, 5243.88765149, 3868.71735975, -2.65898636326e+25
3373.05851217, 1730.47810333, -782.064958591, -8.30498306325e+23
-389.468235077, -960.357475007, 357.401896764, -8.29969773845e+19
3177.48793128, 2964.7053852, 1316.89951503, -4.85690409012e+24
-2734.69132423, -4642.21540371, 2844.68641744, -3.82655303978e+25
-1973.81832299, 5176.70862302, -2352.52741578, -9.51972013398e+25
867.901530507, -1634.10597944, -444.394702986, -2.71426904754e+21
-725.292573531, -2331.33541116, -2547.09900296, -1.56442930808e+23
-2725.10955602, -196.80749183, -453.409687429, -1.35498864512e+23
-1907.89919155, 384.20393638, -484.754550448, -6.81186722051e+21
5563.09705998, -1632.02444393, -5407.12847184, -1.04484744916e+27
-4348.00867093, 609.69729642, 1261.45178876, -3.37473924244e+24
5013.25404015, -3022.05678418, 1727.0543771, -2.1585675612e+25
2750.64410067, 4407.13634601, 836.294638493, -1.00553388491e+25
-545.326898383, -222.348031317, -125.77614713, -8.41922726857e+17
-3142.54049454, -505.298471879, 1235.37897835, -3.44224785525e+23
3708.81755348, -907.104525233, 3683.6173963, -2.69918686475e+25
-283.588082344, 2316.83499307, 2530.78771556, -2.6657733921e+23
-700.867780619, -561.185626024, -2781.62497435, -1.01353130814e+23
-3112.26259904, -4254.95982342, 1422.84012849, -1.42721468798e+25
896.268214506, 258.483377621, -1769.15223229, -1.17182879444e+22
2516.60128604, -3128.8456637, 2911.0076662, -7.2676191491e+24
-2364.33778342, -3970.78559392, -1510.26615116, -4.11510536633e+24
-1670.07880267, -2039.95420169, 1052.77084428, -5.5530175905e+22
-311.427427857, -91.6633803859, -2017.3026156, -5.33608694412e+21
-166.456285923, -5094.33892065, -5.93228067071, -2.70927389648e+25
2220.4625734, 1436.64912123, 5838.83636306, -6.50781599668e+25
1768.3010416, -63.2021606321, -1595.75753316, -5.83185545137e+22
-2241.23265114, 2233.61560651, -2625.49638666, -1.34409121269e+24
-2141.68936281, -2698.70145992, -886.436503387, -4.48672812333e+23
893.57603438, 106.925630311, 2296.54337899, -3.11673046147e+22
2647.31327816, -819.501121398, 3707.03214045, -6.80777479642e+24
-2476.55914987, -58.6940437669, -3551.48830479, -5.27723430989e+24
-1856.21225668, 1719.44645016, -2602.45300194, -4.57881541075e+23
-205.995140962, 4785.57845348, -191.676201498, -1.83107829851e+25
3835.15574013, 2232.26729085, 4178.94600395, -8.99538906988e+25
-2459.8356071, 2108.105686, 2949.47236421, -7.01392583311e+24
3423.40739541, 1727.06238281, -1117.86056492, -8.63852460398e+23
-3252.08659414, -2982.58175469, 948.401954659, -2.20546359956e+24
3193.14887643, 1695.35584845, 1237.52382851, -2.28544538007e+24
1750.97847598, -191.296248098, -1120.17265931, -1.55795362011e+22
-5005.4394101, -5597.86173216, 1111.95846862, -1.70125749776e+26
-4138.39811962, -2188.16526494, -4581.40705837, -1.66949879654e+26
-5087.37769932, -464.470078867, 815.738264856, -9.56214783911e+24
-3155.99679903, -5779.57877838, -1126.85363959, -7.11269240042e+25
-4201.13266762, 1217.00996023, 710.145915504, -1.63437467831e+24
-834.11399524, 4428.86874582, 2724.85677999, -4.79382690781e+24
3607.89567621, -1809.51448348, 194.595440488, -4.33852874565e+23
-6038.18561569, 3180.15416883, 3857.9900878, -5.38466559503e+26
-1684.16542241, 1801.99539784, -3239.15549241, -8.96794071252e+23
4517.54299617, -540.955191749, -207.139299946, -2.8088152103e+24
-343.838882544, 862.810716724, -5659.3821032, -1.59783312292e+25
-2607.56662517, -4459.87202493, 4318.94830644, -5.26754243121e+25
-3154.34180641, 2812.00166176, -262.1153886, -1.01208726761e+24
-3042.18806378, -2618.13644357, 2234.85576935, -1.47564938216e+24
149.955554236, -5110.83045692, -2184.14396913, -1.22500061731e+25
3507.90142526, -1530.48559691, -366.318996967, -3.47243302987e+23
875.887067583, -1173.61971742, 2316.12258107, -2.79934161312e+22
-1838.57694527, 2521.9917505, 305.415342776, -1.50132500835e+23
1728.63285539, 776.40857013, 3309.34451189, -1.41446922757e+24
-2171.4683907, -761.226344739, 1060.81062359, -2.51786380114e+22
-282.089289176, 1272.36211657, -323.195449037, -7.70035334024e+20
2995.41236533, -3290.55742614, 3230.42426679, -1.5091447534e+25
-423.642499724, -454.181197735, -2815.17306274, -9.42600297477e+22
1340.4828161, -4580.22717301, -3899.71741141, -2.63612343962e+25
3394.80618162, 518.705433487, -5663.59577138, -2.02488057702e+26
-4021.27492842, 5230.54066309, -3514.16405065, -2.47773272501e+26
3494.78600676, 467.428306756, -4523.88029658, -6.34710276877e+25
-3963.97279709, -1498.71375273, 2658.75812779, -6.95412660063e+24
5610.92650972, 408.456105816, 1710.2039318, -7.28174847382e+25
99.4387418917, 483.497032374, 2971.5027003, -1.7972680413e+23
4173.04219036, 2704.73481179, -313.372645267, -8.29993863766e+24
2215.92019177, 4723.30116065, -6337.00029417, -1.91203504054e+26
-2186.41009058, -3483.19823472, -1665.21458239, -1.88147308613e+24
-3047.34683446, -2003.41222545, 4736.64998876, -3.59525508666e+25
-1681.34797316, 2287.395171, -1179.16329896, -2.3314483375e+23
-3568.78304449, -6536.54550222, 1377.73050299, -3.1117395003e+26
2512.92292213, -648.237733626, 764.380813642, -7.10464018899e+22
-1014.28855069, 927.247548048, 4720.68552463, -1.7293412716e+25
-2288.54435217, -5279.37545241, -849.927657763, -2.95948540397e+25
244.315637463, 1116.22469519, 5271.48592138, -1.85192365758e+25
-4090.22568511, -1855.54531803, 1619.0272257, -3.39092972267e+24
-3703.602795, -5194.40844679, 563.646631689, -5.50369340316e+25
-717.554525498, 2015.10018599, 2302.84428064, -2.20083183074e+23
4122.52041079, 3715.75549939, 4055.43809067, -1.58073826465e+26
-1020.54206164, 582.232619248, 2438.70044053, -1.98826161157e+23
3533.62414411, 1241.09207472, 1005.06655625, -2.73906786936e+24
1877.45064921, -1764.44359006, -6296.70927154, -2.66506178834e+26
2628.09172297, -4784.92390503, -3549.31700331, -5.16385749966e+25
292.73947422, 1398.50330191, -1023.67605523, -3.19272580245e+21
1505.40126375, 1117.94902193, 267.304749169, -4.93478840241e+21
2983.49603971, 762.835613167, -282.766679161, -2.04164473951e+23
-289.956169304, -790.088796173, -3044.93989668, -2.20970328713e+23
-912.941629434, 3060.48170851, 737.082398767, -3.33469657957e+23
-429.750256826, 1812.37098211, -1737.98803427, -4.74811211969e+22
-755.41025283, 974.854529745, 313.781231266, -7.64676851479e+19
-5043.38772022, 6270.75255707, -778.898451445, -3.77743099213e+26
29.1061347366, -81.7861186108, 5278.32459355, -1.37401917806e+25
-1938.87464837, 777.420969071, 27.8150306462, -2.54691289738e+21
-293.859846236, -3530.93663552, -3533.77038168, -2.69396081465e+24
-1158.99484525, -804.016446324, 4118.89835229, -3.8480239626e+24
-3110.33850203, -1982.89585254, -1867.77433291, -4.09256800626e+24
-3475.99424101, 3456.85108918, 4631.7332447, -2.06533190772e+26
-937.846617636, -4822.64985564, 2650.34560494, -4.64283088614e+25
-499.602377018, 4609.50402401, -1756.58643406, -2.69004354172e+25
774.237263353, -3151.44489228, -421.817468169, -4.98440776764e+23
4615.40672451, -2428.39977173, -1605.84670337, -1.26889178957e+25
-5353.96124422, 1559.6261593, -1780.7787929, -3.30365337891e+25
309.761841716, -2775.4321494, -2533.18455855, -3.78223375392e+23
-1753.04953723, 4726.43255714, 4984.95984748, -1.33925062629e+26
3085.049994, -219.691078938, 369.921963549, -2.31587509912e+23
1162.14534688, 6417.56703877, 4035.67236847, -6.45973689464e+25
1307.85259123, 3206.74782686, 2212.24683159, -4.95829509255e+23
-2535.80070555, -4916.65161996, -3897.75598804, -3.54680285847e+25
-1934.42365756, -1308.03463945, -2801.73126481, -1.13091661507e+24
-858.364844698, 1963.15522935, 4133.60666073, -9.15171331168e+24
-2364.74948668, -116.083917247, -1920.58951023, -4.8004028481e+23
789.735288417, 1367.98239854, 2906.47771032, -2.27444312923e+23
-2392.25366066, 2975.46857719, 2133.09809759, -2.58890370419e+24
-5749.32029579, 1252.52667186, 1734.79519788, -3.59852050072e+25
347.250517411, 2177.8389148, -4585.32889663, -3.21499298e+24
-464.006669134, -4027.13068209, 900.496869412, -6.22004268915e+24
2707.7805887, -2432.81092605, 6409.50542222, -1.00225452387e+26
-372.38510092, -6056.05715142, -1477.80632373, -6.64363826342e+25
4567.34130694, 281.293798418, -2226.28134223, -1.16338782353e+25
-1932.27684601, 861.212777677, 1124.94659849, -3.91707831218e+22
2162.23597089, -410.487253425, 1132.69009517, -6.03304013005e+22
2983.43145403, -3001.46711884, -446.045803869, -1.00461024594e+24
2133.84822705, -616.622738817, -135.790451179, -5.70977529851e+21
5239.81842633, 2400.09122812, -5984.75818251, -5.95583675114e+26
60.0524333159, -2052.4336045, -2506.77950352, -1.58805522831e+23
-977.172042463, -4117.73902489, 2423.80110849, -1.39040305038e+25
-1773.25618623, 2691.50163394, 2394.59882701, -1.61476456823e+24
4264.66360566, 1252.97252117, 1211.36047735, -1.10891166513e+25
-828.835917949, 1505.02627288, -4331.23168613, -1.52594662202e+24
3729.59414175, 3186.25107301, -3254.69222128, -1.11071964301e+25
828.478654002, 4483.17729572, -617.368738679, -1.2432944349e+25
3970.13948076, 1086.07753492, 699.031085713, -4.26154023945e+24
2970.54584698, -2480.17475682, -1045.68999446, -7.28528281171e+23
-1430.45898396, -236.951879226, 2985.87030413, -7.76807291638e+23
-1330.0865203, 4041.83449414, -2254.49556193, -1.52413378019e+25
-4080.56553547, -1393.80040788, 2338.32386763, -5.63145140803e+24
-5561.36030064, 101.578483091, -4936.83783648, -5.56696389933e+26
2709.68946468, 4050.39430026, -5495.34122542, -7.53645341164e+25
-66.9998350988, 1082.96402153, -4277.91052218, -1.57624809753e+24
1610.92670402, -696.627666754, -2114.41658244, -2.43335296112e+23
-46.7093697722, -2721.10200308, -904.86756957, -9.28284073488e+22
-2295.5405653, -5364.59596977, -4968.08957683, -7.73039683816e+25
2209.79595823, -2665.71032772, 698.30981604, -5.39789775339e+23
-1569.28749733, 3182.58912713, 1881.11994366, -7.84529951062e+23
-1170.26638595, -1653.9383376, 639.015946715, -7.67738304059e+21
-1350.03759372, 1371.19367448, 2811.91690149, -1.10806409273e+24
2006.41292455, 3293.92970776, 883.411151093, -9.27555192459e+23
451.456098579, -2792.71751192, 835.142029562, -4.27428501606e+23
3306.893492, -2529.70000598, -3999.81529266, -7.13392401696e+25
-295.056120908, -1122.74773932, -4420.45796864, -4.57086483058e+24
-2852.0096649, -196.374930926, -6436.78470772, -1.53642525381e+26
2096.57903934, -4900.28598099, 2505.84000734, -7.07656681743e+25
-685.344364788, 2264.09946688, 766.993799344, -2.5401058181e+22
-1630.34837164, -1307.79962531, 5376.43078259, -3.25624150736e+25
5596.65307041, -2730.17172384, 108.773717564, -1.35289066099e+25
-877.12267595, 3800.2907378, 2509.41173646, -1.82751288156e+24
-1423.80917671, 5246.29991988, -4969.29315224, -2.34598356824e+26
-2493.23096222, -4195.4261448, 336.08785144, -7.8695491585e+24
-1472.42250461, 1219.56310783, 1117.53698026, -1.77404728902e+22
-114.132846065, -2285.38023169, 2607.09620268, -3.44136951965e+23
522.834255049, -593.893241262, 656.110243058, -2.06257462791e+19
6058.19900138, 1736.85882301, -114.76772615, -7.47965472405e+25
2283.64589782, 125.750597867, 1158.87183364, -1.16344550986e+23
174.73019743, -3599.32571028, -4403.97570497, -1.51138612694e+25
1561.47387665, -755.491529074, 1538.68910363, -2.31606869172e+22
316.781881403, -2309.55713775, -55.7086023393, -4.88673287048e+22
-1733.88959283, -4565.25563126, -2048.41112033, -6.20373050456e+24
-338.645787466, -558.301833525, -4952.58105617, -8.80155685527e+24
3212.50262681, -1469.08422249, 175.04503181, -1.62856880929e+23
-687.64384153, -1851.57555664, -3438.55105721, -8.67008108192e+23
-4485.24544453, -818.3919964, -4071.09076562, -1.26213435974e+26
-1640.15510862, 6263.06277709, 1555.27233464, -9.80306802054e+25
2050.66314254, 2016.95373317, -1813.27923929, -1.38782321262e+23
2850.49663262, -3118.38981465, 2306.64334728, -5.79630715284e+24
74.485924334, -3073.4245238, 1160.83353661, -9.94853595511e+23
760.632050777, 1454.0445071, -570.190793942, -2.45005031e+21
-291.320561421, 3529.598089, 143.820153631, -1.38712522383e+24
-5744.97322209, -2843.49826246, -1513.556313, -1.65011716199e+26
-21.2280187435, -6199.25446352, 4715.56496309, -5.34520329709e+26
-3242.78796738, -4306.65748224, 441.354500716, -1.34573067544e+25
-576.552430287, 1078.60988825, -4481.3564516, -1.99614092077e+24
3630.01848252, 2536.79818405, 1392.93515501, -8.44850800605e+24
-1086.21449943, 351.450372334, 1111.34939711, -2.85382823118e+21
3149.46512722, 2541.3546758, 4388.13765784, -5.24246100485e+25
4980.78541766, 2953.9933515, 2421.89805127, -1.18309233547e+26
4765.24907379, -5446.74646938, -1065.46005293, -8.81278020084e+25
-173.354781214, -201.517393946, -2487.23190374, -3.31818568229e+22
-3334.87609096, 1847.44072764, -1457.29673455, -1.13901036891e+24
-1883.24397226, -313.322209544, -5042.33802744, -1.56690596565e+25
-257.182313497, 3443.89240469, -66.5752979963, -1.28104698924e+24
852.876636798, 463.096687769, -281.109520759, -1.40192611511e+19
2446.02893957, -5536.4755654, 2368.80641461, -1.62774853947e+26
-6183.01568671, -4286.10932349, -1908.66039323, -4.90389406488e+26
1095.38675286, 2173.10422009, 1134.29373842, -2.54294816136e+22
1346.46712894, 2675.79743032, 4938.83309102, -1.74611632708e+25
3336.98094622, 1594.13542343, -383.427669556, -8.2809719382e+23
-816.381579496, 6051.58431422, -2390.92000506, -2.4717736086e+26
-2853.86576816, 2042.71337208, -2245.07493062, -1.60652332048e+24
2858.63515578, -1292.73731283, -5780.43353737, -2.54145096412e+26
2383.97943324, -3934.37223838, 2128.34114161, -1.56367380872e+25
-277.671098791, 4710.99347982, -444.164197871, -1.80730478705e+25
5471.30965968, 206.541679212, 4171.33418997, -3.25208156002e+26
962.96355316, -882.673716318, -2240.53453293, -1.3065183291e+23
3825.84099895, -434.434388145, -304.51445603, -7.27625383357e+23
-2138.54792907, -2768.74379684, -173.81242965, -4.04168057177e+23
464.619564637, -1693.59681694, 1233.3743195, -1.85874852022e+22
-132.714544553, -1097.47030131, 128.816074581, -1.54046539362e+20
4129.83569773, -1860.04766337, 345.468884123, -1.30354199515e+24
-3106.36630436, 3867.21529108, 3721.34966054, -6.55539331293e+25
1598.36489727, 895.748127787, -4375.29024982, -8.49785970838e+24
5256.20378361, 1391.65893965, 146.490129357, -2.56613679117e+25
-5220.33301361, -5886.82853546, -960.238312831, -2.93548926892e+26
1790.29302327, -909.806436908, 1705.90444294, -6.11965804004e+22
1262.76097341, -5121.98123311, -726.00264768, -2.39385270267e+25
-451.775044731, -44.5106992468, 3419.27197429, -6.76766958647e+23
1278.54268977, -5075.76028256, 1453.83534016, -5.28039732854e+25
2992.90185199, 1914.23030828, 4865.43677312, -5.89504683533e+25
605.826064683, -1134.21077692, -864.298242939, -5.40196612519e+20
40.8019149428, -3332.11421354, 1279.86070423, -1.9125265459e+24
-451.350161381, 1315.5121821, 2716.39906771, -2.81464513252e+23
48.909429577, 484.034608122, 5863.90240515, -3.7848613615e+25
5772.78887376, -4481.26411855, 758.3240376, -6.88976445646e+25
-534.007280756, 4899.46915221, -2036.36042342, -4.67428157832e+25
1155.68555103, 528.007894004, -3511.29546581, -1.38197801484e+24
1389.00315394, -2077.24366241, -3049.20666677, -2.52626302428e+24
405.82777201, -251.55359375, -3394.46347761, -6.95895456143e+23
3398.40576185, -127.812005067, -172.578707538, -3.31294651898e+23
-5569.01945863, 3010.06984483, -1768.41920225, -4.01915051684e+25
488.997589469, -2443.10482838, -3189.61133651, -1.48963661223e+24
2705.02616923, -248.520340146, 2565.43780514, -2.04589384196e+24
-678.952830764, 1767.99567838, -1193.24232441, -2.67476276431e+22
2387.31270049, 4434.02948335, -455.339843293, -1.1859531816e+25
414.898460422, -3687.82419637, 4217.71475045, -1.73527150704e+25
3756.35659302, -1602.81383644, 1386.33870676, -2.07067282808e+24
516.501536143, 2167.4440089, 5050.4498819, -1.71689016999e+25
2249.56910454, -3144.96014031, 3417.80250733, -8.93958269023e+24
489.690766938, -936.54374381, -5698.21519491, -4.60336735059e+25
2605.97035238, 2347.68265654, 5140.5146291, -5.52161821585e+25
480.645663997, -2723.63828124, -4929.23132686, -2.89206163585e+25
-786.091198026, -1327.8447414, -279.90927553, -6.18041445144e+20
-724.462312684, -703.338275657, 196.592676628, -1.69346177886e+19
-5321.02669228, 742.237796672, 509.593937935, -9.78027397654e+24
-1948.23833705, -2201.7861974, 2892.12790763, -7.45857775998e+23
-2762.93477998, -244.248513079, 235.436762394, -7.70424803816e+22
-3469.83639725, 203.991095536, 1235.67539503, -7.227810407e+23
-5703.45378857, 77.0081912675, 1642.77867397, -2.7720059254e+25
-4574.20824866, -1207.42622775, 2679.15968287, -1.58800564932e+25
-478.0343378, 587.122867327, 1843.8329232, -1.35248441175e+22
259.780071357, -1216.05342452, 3428.11235462, -2.23706451858e+23
-3791.08531229, 392.777193691, -123.20819062, -8.44139987421e+23
347.645939399, -982.986369386, 4212.45898181, -1.30038414884e+24
3663.08890019, 2119.99172218, -1842.89473401, -2.01667699076e+24
4349.57208655, -1412.46740818, 37.747221185, -1.71625883289e+24
5813.39020249, -1406.29724028, 1049.98088915, -3.45638750265e+25
-1151.57923714, -424.790526979, 1841.78690101, -2.29904236912e+22
793.212761853, -3845.96547786, 5113.66830594, -3.65472875379e+25
1642.23253626, 2278.38290501, 1698.34856238, -1.98733276959e+23
-539.495531806, -5778.96735641, 839.721177828, -9.71312450783e+25
9.88422100975, 1974.02713209, 644.360334665, -7.28893457427e+21
2415.79056424, 1604.82772774, 287.061557572, -1.60011095299e+23
-4179.80301388, -2249.08885022, 102.206884899, -6.99427596769e+24
-2439.85997344, 70.9871074567, -80.3936317672, -2.89847670194e+22
-570.954448893, 4998.53296023, 188.574612404, -2.28547400606e+25
-4078.10563552, -1076.56172722, 1305.74449798, -2.3496978881e+24
1523.45107178, -1909.03738413, 519.533187777, -3.63331038756e+22
-1841.76192713, -1524.18653294, 5837.56997069, -6.41193623855e+25
1114.47527111, 1803.2881143, 1441.58567004, -2.06431691492e+22
916.531030749, 2933.71376076, 195.683339197, -2.90415505011e+23
-699.213106468, 3393.84716338, 578.139573133, -8.24950315107e+23
4654.93315494, -3219.80132725, 2821.56469168, -4.02508553544e+25
-3324.35988504, 113.11564247, -986.73262854, -9.00680808052e+23
4646.12908163, 1285.88752241, -1039.02305736, -6.40168731785e+24
1450.4589384, 3773.30412008, -4637.63811653, -2.24725599482e+25
-5623.35468342, 364.979551973, -432.164421285, -2.45954580593e+25
-3122.39712784, -1012.95207733, 311.997805327, -3.4308696808e+23
-747.265680797, -249.367726723, 3494.35709227, -9.85042088733e+23
-4082.02781242, -749.640129828, -2385.17948488, -1.89758128175e+25
194.846361314, 223.627519141, -3317.06648796, -3.607658365e+23
-1359.24512334, -1281.06659756, 1702.61673061, -1.55348838786e+22
-1647.45547211, -1913.2745841, 1859.68913753, -8.07436834248e+22
4651.59240332, -3374.62772319, -1084.18494914, -1.15361831914e+25
-2515.98971139, -1319.15552475, 2225.45643387, -4.61721065563e+23
-157.511995268, -1072.49391986, -2815.17900672, -1.57017173589e+23
-178.503011723, 1105.03885052, -944.159153584, -7.17902413691e+20
-149.133125, 1300.33147233, 608.392311498, -2.16836333106e+20
-3951.87985903, 1376.97306983, 3730.74000405, -6.34917769283e+25
-1610.98296627, 3131.22430844, 1639.63638648, -5.82591498189e+23
-1578.80070673, 5608.42157583, -6010.95132853, -5.02625317252e+26
3793.5246432, 2652.65069085, -3393.17183075, -1.1881309704e+25
-912.120139542, 2029.26327857, 431.628438241, -1.52838005282e+22
2289.32706279, -2801.08011204, -5669.54216028, -2.32340931454e+26
2801.38301065, -110.936539696, -3137.99141827, -6.25489130334e+24
-3201.58058709, 1919.29246858, -1363.76095685, -8.36653076e+23
-5957.91757123, -19.3153606728, 1581.71926677, -3.63246980275e+25
375.877185912, -853.205073585, 759.294701031, -1.1916842468e+20
-811.385111229, 2552.18853288, 1697.22266272, -1.01189950965e+23
-2429.7414239, 4098.77658379, 4377.71605884, -8.92430801775e+25
-4262.88269848, 413.226094628, -692.269122359, -3.44616112163e+24
5437.1704143, -441.805943083, 3478.72451931, -1.72974359217e+26
-1696.03103298, -766.671175032, 3525.74240256, -2.3842399007e+24
3568.81906731, -1950.98743789, 2022.25342241, -3.36645594087e+24
-887.797305686, 3015.12935829, 2526.10680494, -8.72788092634e+23
659.106951691, -67.9368148858, -1197.43279726, -8.27852663433e+20
-738.303346448, -434.777582659, -1838.28622967, -6.78777123541e+21
-696.394994476, -1805.11334187, 1084.49487931, -1.90240313512e+22
-3199.22409683, -225.583639509, 221.810067427, -2.46142593814e+23
5724.46669785, -5761.83763785, 2753.54009433, -5.24225622416e+26
-795.42967621, 2779.57629196, -616.016176154, -3.89855954585e+23
2816.97236105, 3993.35463533, -1481.43780886, -8.69052767989e+24
-114.47102943, 4677.89820054, 116.801257387, -1.33369441095e+25
470.038916228, 1824.55691784, 1343.39523379, -3.69902210612e+21
2178.41072453, 1874.9250793, 1830.42558607, -6.19514239697e+23
4673.35780042, -5781.09704835, -1315.43549065, -1.20702292961e+26
1910.45288891, -2284.44954855, 2277.50841295, -7.19657884546e+23
-326.800859857, 456.108457396, -2509.04697173, -2.08336483093e+22
-3477.451189, 119.75206683, 6509.8623682, -5.66629327759e+26
1627.71147513, 3598.97302054, 1922.77626844, -1.17463790143e+24
708.203650603, -18.2180908384, 4200.43262909, -1.80710946207e+24
-1697.075998, -833.272096801, 2825.86372157, -5.82283425722e+23
-3977.74829075, -2599.18753001, -1457.13552312, -1.55079357464e+25
1013.81906704, -5075.67358935, -3762.87861054, -2.40519812272e+25
-2061.05347255, -541.73283731, 3660.97096634, -4.95210237619e+24
1035.13684058, -1445.83643193, -4078.48347443, -7.89134519313e+24
-182.177857876, 3246.22203173, -490.908843258, -1.02637452659e+24
-3268.19522716, -1053.35113745, 830.919047985, -4.15141387222e+23
-3361.61926535, 1531.24089554, -1960.62696952, -2.20543365867e+24
-1120.23459357, -853.704266445, 3357.84169839, -8.39469041341e+23
1371.27143301, -3910.50367718, 2849.32143483, -1.61297295942e+25
-673.871550526, 1338.04702349, -3536.82464309, -3.05819241427e+23
-507.367251856, -2978.18663408, -1439.84558263, -1.49017851806e+23
-444.317553439, -1008.3582672, -1286.86510437, -6.16435106772e+20
-3141.01909376, 2101.10689395, 829.599249164, -4.86268940287e+23
-3342.85839114, 1009.24983218, 3270.62637186, -1.84196695757e+25
-1470.18820645, -2058.27380444, -3641.5411054, -2.39265682838e+24
-1400.73021657, 1648.29496716, -141.874915511, -8.65512028709e+21
3661.97490978, 1377.88144645, 590.262783366, -2.64400746484e+24
1301.38950681, 2828.37353666, -821.257683411, -4.17121521346e+23
2577.94709561, 3001.7068742, -4831.67051948, -2.40245354068e+25
-4911.56261062, -1651.2026115, -490.542684643, -2.14025807783e+25
5091.78368217, 1808.807554, -5133.90135896, -2.85623294129e+26
-2325.09189873, -2197.41309601, 1894.92608229, -2.78373395313e+23
2662.91873266, 3009.56951052, 2546.43568997, -5.72616056241e+24
