-0.500086953362, -4.01050209878, -4.88281376466, -0.00208550700486
-0.499589192069, -4.01254085, -4.88160147757, -0.000129108982599
-0.499870505195, -4.01265040894, -4.88073547238, -1.5084818692e-05
-0.500734331325, -4.01266034911, -4.88099962289, -0.000276359349698
-0.49965917295, -4.0125957574, -4.88081879244, -1.86736967973e-06
-0.500747473404, -4.01267874368, -4.88064850427, -0.000296578439302
-0.49968941676, -4.01259587, -4.88089754072, -8.55329635661e-09
-0.499820071598, -4.02564274699, -4.88909072805, -0.0592379082549
-0.496582781464, -4.01188586996, -4.87835939133, -0.0042089463512
-0.500802413212, -4.00847672715, -4.88375496061, -0.00670281709101
-0.499629664729, -4.01259469548, -4.88092772617, -1.32349645911e-06
-0.499694721931, -4.01266289633, -4.88088249974, -1.14785999069e-06
-0.499851883292, -4.01262072218, -4.88089670305, -6.35606560654e-06
-0.499390487571, -4.01252675656, -4.87579998243, -0.00660934392973
-0.498631667661, -4.01262903662, -4.87960849485, -0.000706984694874
-0.502292253993, -4.01305450653, -4.88081806713, -0.00176110859158
-0.493501721672, -4.01381767359, -4.88108708875, -0.0100702943586
-0.507784934315, -4.01246228528, -4.89105082643, -0.0429009897302
-1.47659245697, 3.61576452627, -4.99999467305, -3.76261435101
-0.457391106409, -1.81084865565, -4.99996838586, -595.628882026
-1.4175240334, 3.54408018506, -4.99999491023, -73.6986747814
-1.3384378244, -4.15404735087, -4.99999959834, -111.988060334
-1.37842101494, 2.59549301167, -4.99999507025, -265.983025647
-1.47629739218, 3.61576506303, -5.0, -3.69995515758
-1.47629709051, 3.6157655421, -4.99999999951, -3.70014826372
-0.0386743845695, -1.27471192072, -4.99999997245, -843.099282448
-1.47633968826, 3.61575951557, -5.0, -3.70825563125
-1.47649692528, 3.61575541454, -4.99999837474, -3.74074524669
-1.47633188389, 3.61575939346, -5.0, -3.70221279611
-1.47632815657, 3.61576298374, -5.0, -3.70259732151
-1.47630219767, 3.61555497461, -5.0, -3.73837092156
-1.47630452081, 3.61532519593, -5.0, -3.74411419723
-1.47594385241, 3.60975484284, -4.99998565829, -4.41344229174
-1.47402356542, 3.61187795908, -4.99999675486, -4.30995426144
-1.46894441133, 3.23849507048, -4.99999999743, -82.3646218433
-1.47528738544, 3.6228931678, -4.99999999992, -5.75624397207
-1.67953783262, 3.69802275528, -4.99999998807, -72.2937878502
-1.47642759863, 3.61512088204, -4.99999999986, -3.80025411751
-1.53658855137, 3.80962721447, -4.99999814339, -70.0091924714
-1.4762569384, 3.6157265558, -4.99999999048, -3.71334875756
-1.47620763614, 3.61576543838, -4.99999999273, -3.70940346676
-1.47612266726, 3.61627944933, -4.99999999409, -3.80671833965
-1.47629666312, 3.61576485734, -4.99999998951, -3.70017951698
-1.47629794185, 3.61576493965, -5.0, -3.70077561838
-0.394989423349, 4.90004299734, -4.94601867666, -364.197234103
-4.90088841694, 0.146006373101, -4.95479781673, -767.921441906
-1.77316681333, 2.4386016312, -4.95405297409, -251.089168958
0.636846334305, -1.49211949936, -4.98444788544, -1056.18050999
-4.43960926858, 0.0580020141757, -4.88025132293, -716.815838939
-0.563941188133, -3.73727232451, -4.8839499567, -30.856305327
-1.09538939236, -1.8946295606, -4.99908039304, -443.374362441
-0.46706305881, 4.90930879304, -4.90388110886, -301.574228101
-0.57865474425, -3.9717015171, -4.87139087324, -1.97941816028
-1.50470679651, 1.91428772421, -4.81450687061, -522.575652704
-0.505339945763, -4.00968402362, -4.88159214955, -0.0103855430326
-0.463849041589, -3.95932012264, -4.69942865602, -13.1299581675
-1.75039900721, 0.214995846118, -4.97976141751, -728.161464511
-0.498337166787, -4.01120550745, -4.9256740017, -0.508204184183
-0.496754254162, -4.01271888173, -4.88086842014, -0.00219020839084
-1.12683580053, 0.0480093048529, -4.89970324504, -871.952128091
-0.492124310008, -4.0241733557, -4.90730932876, -0.219292029053
-0.497533241047, -4.012556704, -4.88153405397, -0.00128531538723
-0.499458788058, -4.01257351711, -4.88099860522, -1.68757030486e-05
-0.508740579962, -4.01027591778, -4.87420915253, -0.0334309625091
-0.499178412268, -4.01618041376, -4.87935676415, -0.003901189519
-0.499687583093, -4.0231990412, -4.8936969721, -0.0693659950944
-0.500284741284, -4.01327114899, -4.88230007647, -0.000699780427942
-0.526774657879, -4.01248365824, -4.87306146937, -0.201837883468
-0.499751518732, -4.01264850566, -4.88129070612, -4.06699610973e-05
-0.497751841783, -4.02881359538, -4.86602856621, -0.121025752988
-0.499678599971, -4.01259471605, -4.88090851989, -1.04237593469e-07
-0.499439669962, -4.01524075636, -4.8963772182, -0.0624051524847
-0.406241289464, -4.01310627356, -4.88097264779, -2.13695816536
-0.499125091369, -4.01286811943, -4.88005352832, -0.000280801089258
-0.511806383309, -4.01283963544, -4.88066063967, -0.0371327653226
-0.499634508155, -4.0125845091, -4.88090494783, -9.83678884784e-07
-0.499686352825, -4.01272873461, -4.88089663075, -4.40145136148e-06
-0.543685537693, -4.01100418005, -4.8809538247, -0.490810165832
-0.499429457621, -4.01134110049, -4.88091893171, -0.000417881128765
-0.499221438163, -4.01276635151, -4.88109871463, -7.42625727644e-05
-0.483131757893, -4.45722949155, -4.87731265432, -40.3191453099
-0.499820109074, -4.01389051779, -4.87868111926, -0.00166955856464
-0.500118180415, -4.06573153534, -4.88113127278, -0.710900463892
-0.77710041036, -4.00694476301, -4.87508136937, -21.5596515397
-0.50127687514, -4.01958384085, -4.8745238098, -0.02302561511
-0.499484041478, -4.01261608573, -4.87696689437, -0.00392349785488
-0.565680903794, -4.01130816627, -4.8819237591, -1.10907916908
-0.499746963856, -4.01257891117, -4.88242558499, -0.000591600730822
-0.499694026096, -4.01259463841, -4.88088331177, -4.83214199501e-08
-0.49551354444, -4.01129290876, -4.8808620891, -0.00486404372692
-0.506520949479, -4.01296514758, -4.8927571769, -0.0475243124788
-0.499455407624, -4.01259734301, -4.88148595358, -0.000102268105684
-0.4995720508, -4.01258407654, -4.88089800528, -3.86825126654e-06
-0.499668530514, -4.01259636295, -4.88087989066, -2.51137266511e-07
-0.500650737579, -4.01090045117, -4.88159483175, -0.00108599024212
-0.494594117868, -4.01242256488, -4.8795422654, -0.00705411954651
-0.501047696231, -4.01263571131, -4.8809937678, -0.000464551136211
-0.499701299146, -4.01257313252, -4.88088222269, -2.09219016918e-07
-0.495493115728, -4.01189872312, -4.88082555398, -0.00459611164055
-0.507940782828, -3.99229314914, -4.87950116486, -0.125820736813
-0.537741543845, -4.01489671032, -4.88866825805, -0.383436481358
-0.389791330304, -4.01312266377, -4.88087159588, -2.97185114064
-0.499085207484, -4.01274867506, -4.88083345426, -0.000100905972699
-0.499490960409, -4.01036004248, -4.88155282417, -0.00139163505196
-0.499640242166, -4.01254891138, -4.88092921246, -1.61092137695e-06
-0.50037146084, -4.01264734677, -4.88097356165, -0.000117723583564
-0.499634218994, -4.01148920262, -4.88148534432, -0.000399631923552
-0.505066791711, -4.01253025227, -4.88090890706, -0.00729600770455
-0.499719586509, -4.01260439852, -4.88086402674, -4.38474786074e-07
-0.499779812325, -4.01259822416, -4.88088543693, -1.8489423981e-06
-0.498446844289, -4.01242981666, -4.88079829149, -0.000404006584523
-0.499697915489, -4.01213333159, -4.88081748778, -5.59336076553e-05
-0.49987381177, -4.01259813872, -4.88089346009, -8.07519730922e-06
-0.438085835326, -4.01315064887, -4.8813230079, -0.927774203392
-0.499687445318, -4.01263370256, -4.88087430514, -4.82641942207e-07
-0.498821690194, -4.01156847336, -4.8810535736, -0.000466795257406
-0.499694556783, -4.01259725755, -4.88089689529, -7.31090168299e-11
-0.499688294445, -4.01260254652, -4.88092776832, -2.604399071e-07
-0.499683615429, -4.01265966424, -4.88089447907, -1.02527182186e-06
-0.498212553849, -4.01310334735, -4.88094105096, -0.000621440299113
-0.499673503926, -4.01178606753, -4.87964640852, -0.000562750366644
-0.499700776912, -4.01261406203, -4.88089523181, -8.18341165376e-08
-0.499853215477, -4.01369343471, -4.88173509822, -0.000487044344016
-0.498909223213, -4.02677163882, -4.88048224251, -0.0502298466172
-0.499686014692, -4.01269254856, -4.88096926058, -3.6487376551e-06
-0.499734627544, -4.01259455939, -4.8808869407, -4.22321974146e-07
-0.499677920997, -4.01278456396, -4.88089303757, -8.96093142516e-06
-0.499673460755, -4.01261135592, -4.88087938673, -2.46917092194e-07
-0.568073158488, -4.0197885493, -4.88252989153, -1.21174352987
-0.49909856826, -4.01260135753, -4.87917320847, -0.000842585164891
-0.499325255703, -4.01261479365, -4.88092401292, -3.48577575583e-05
-0.499720905347, -4.01260910844, -4.88090317768, -2.15458779124e-07
-0.494134632861, -4.01253975308, -4.8816722394, -0.00797145054035
-0.499783755341, -4.01164865864, -4.8824181913, -0.000816303556105
-0.499652450019, -4.01766750053, -4.88934512669, -0.0244312348004
-0.499694095284, -4.01262660349, -4.88091511363, -3.04753537425e-07
-0.502158081613, -4.02729367551, -4.88086251565, -0.0554692076136
-0.499538460219, -4.01262475871, -4.81937260009, -0.978085977175
-0.499448125135, -4.01319464993, -4.88086585413, -0.000105768379986
-0.499836017954, -4.0124182516, -4.88104633553, -1.8749712067e-05
-0.497943040456, -4.00211773474, -4.88197623596, -0.0292146307658
-0.497898541498, -4.0127705303, -4.87972148865, -0.00117595007334
-0.499992786272, -4.01227067402, -4.88096651751, -5.05357414088e-05
-0.499646528529, -4.01261107587, -4.88133041652, -4.81622483572e-05
-0.499859580259, -4.00823811908, -4.88114401545, -0.00484523260672
-0.497693747951, -4.01286227528, -4.88150717951, -0.00112445701987
-0.499581170233, -4.01437483948, -4.88080383689, -0.000802724050929
-0.499690433838, -4.01250668435, -4.88103991871, -7.24199469319e-06
-0.551702504675, -4.01273375639, -4.87841633066, -0.681250601166
-0.494961877287, -4.02544355164, -4.87994682528, -0.0469253600844
-0.499188471481, -4.00465292939, -4.87612360094, -0.0219565566406
-0.499694981632, -4.01328070887, -4.8809116006, -0.000117972369563
-0.499693117448, -4.01259834639, -4.88089646695, -1.40477519998e-09
-0.497472877491, -4.01152900956, -4.8806421454, -0.00155457333591
-0.499696200779, -4.01259690468, -4.88086550118, -2.49266480307e-07
-0.499935362431, -4.01259648496, -4.88094456957, -1.51614248079e-05
-0.494687728242, -4.00952350672, -4.88080208535, -0.00876407591132
-0.500986456019, -4.01122035503, -4.85311955947, -0.195570669413
-0.499063111423, -3.94219473908, -4.88084189434, -1.36591458266
-0.500373870449, -4.01766241846, -4.87880510966, -0.0076909689475
-0.595281120916, -4.01164525155, -4.8818575864, -2.33035779773
-0.515073443982, -3.97459406937, -4.86335838964, -0.51240614656
-0.499502465258, -4.00867472616, -4.86185030546, -0.0950726333022
-0.499688414918, -4.01247632323, -4.88088347593, -3.74206007876e-06
-0.500082149734, -4.01258127901, -4.88099053204, -4.01268191262e-05
-0.499439191934, -4.01258275739, -4.88068605986, -2.78327170875e-05
-0.0572718952275, -4.01819096317, -4.86251294231, -51.8066686566
-0.500437313183, -4.01677699396, -4.88077291449, -0.00453647678022
-0.499693348304, -4.01259402931, -4.88102216, -3.97159745178e-06
-0.499615458978, -4.01251621514, -4.88069487179, -1.35623103637e-05
-0.499774808314, -4.01248758823, -4.89903118179, -0.0831444353352
-0.499687017972, -4.0125915425, -4.88088114655, -8.67263625277e-08
-0.502710570304, -4.01133140012, -4.88879751383, -0.0185398331898
-0.499702060891, -4.01238426258, -4.8783975377, -0.00159478943001
-0.494985502665, -4.01583339891, -4.87975363409, -0.00852541197093
-0.499695655754, -4.01262444502, -4.88089746014, -1.89499012e-07
-0.499742157598, -4.01245414012, -4.88091751527, -5.83051531292e-06
-0.487528519472, -4.01240703714, -4.88133172203, -0.0372773256333
-0.486250541015, -4.01146598314, -4.88120679292, -0.0457836617865
-0.498138266597, -4.01453067674, -4.90286336879, -0.123335712588
-0.499394894774, -3.95533903262, -4.88096297673, -0.888912971875
-0.499609036141, -4.01256686562, -4.88089279592, -2.10625062028e-06
-0.502300474853, -4.01215203248, -4.88141548716, -0.00183671129854
-0.499440941503, -4.01175044246, -4.88089099605, -0.000197733054699
-0.498676179116, -4.0325916537, -4.87558687916, -0.106476206279
-0.499174798813, -4.02498212524, -4.88009367681, -0.0385898435658
-0.50084304368, -4.08135402352, -4.87687311073, -1.23076111678
-0.499570815995, -4.01172938582, -4.91896048033, -0.367581163829
-0.501626466966, -4.0126443329, -4.88137308632, -0.00100074467456
-0.499696869616, -4.01261612563, -4.88105114535, -6.10869350577e-06
-0.499153462865, -4.01256131404, -4.88059510009, -9.7567008001e-05
-0.499135963916, -4.01223717361, -4.8808572924, -0.000112262659347
-0.498627312622, -4.00751793247, -4.9097085861, -0.217817755185
-0.499694748088, -4.01258689323, -4.88090620315, -4.82808313497e-08
-0.558955919534, -4.01585671921, -4.88868571181, -0.910166394785
-0.472563295331, -4.01177803895, -4.88084689158, -0.182280842986
-0.49962707501, -4.01174000616, -4.88102895815, -0.000191431792308
-1.04274754083, -3.79544161515, -4.90861920036, -86.5553288033
-0.499476101519, -4.01353285236, -4.85506739243, -0.168030836595
-0.499608039836, -4.01262947889, -4.88089403064, -2.18208025474e-06
-502.275198124, -437.762407955, 534.373764099, -2.46961702936e+18
-691.083380508, 990.501024515, 271.021057914, -7.01976767006e+19
913.343797106, -207.262465345, -673.14562706, -1.66943224219e+20
339.907109544, -1029.82966657, -193.216522246, -6.09915228646e+19
108.062203057, 22.258540982, 181.468076256, -1.59118240467e+14
-656.751979771, -336.173537825, -412.178493157, -1.49195573298e+19
-105.078209645, -40.1352423269, 1201.8697973, -1.33079115615e+20
-143.19822562, 1159.00037592, 33.8476176849, -1.96977243835e+20
1158.71943893, 430.708659705, -164.5813398, -1.28432187289e+20
448.220722708, -735.463533528, 628.723185878, -4.16608570726e+19
-60.715613369, -286.058118231, 589.455464333, -2.80959051751e+17
188.275423478, -411.238488399, 880.26452271, -5.8719161405e+18
409.448102358, -157.754374026, 766.700863328, -8.5241689985e+18
933.523690778, 276.68545215, 62.0086300602, -3.02166046028e+19
-745.923521826, -753.610549543, 202.040185219, -2.54368374339e+19
454.898925223, -628.172913849, 892.736024991, -4.7246097488e+19
1172.3326215, -172.660519791, 512.065548088, -3.26964440212e+20
148.208795395, 600.120612733, 603.904086868, -1.84281666726e+18
-1416.79504878, 372.272342218, -398.162996309, -6.51850500258e+20
746.540794944, -401.067088564, 39.8768945833, -1.55655981288e+18
-627.586601385, -362.279676321, 121.440894489, -1.48436227456e+18
17.8959799792, 265.381366617, -473.643610147, -5.01150046555e+16
-544.689384048, -150.728942473, 465.197683356, -2.49499882234e+18
-806.969091623, 599.536940853, 739.771995678, -2.64251461097e+20
651.598250994, -647.128665893, 1155.60062981, -2.88242612786e+20
507.865552976, -852.27275529, 1172.91972352, -3.81794127994e+20
897.061918585, -60.0624760389, -586.633656668, -7.59594083377e+19
554.986994454, -37.0493149417, -757.7805779, -4.15127099751e+19
375.754795162, -208.184273446, 89.9869864372, -1.21704802177e+16
-1002.24092326, -298.350180228, -13.3911614354, -4.68405986194e+19
291.443245326, -13.8022321277, -125.312419134, -2.81435030495e+15
-237.547066311, 363.9253926, 662.109630657, -7.6591504565e+18
-614.56910525, -41.6954199637, -85.2627734097, -8.1908959394e+17
120.926729709, -432.964434102, -129.120225877, -4.5412631652e+16
-6.78849408336, -517.481139044, 90.2573617998, -4.25046110833e+17
-262.3246301, -513.510097349, -339.73833156, -3.33514160538e+17
-45.7993515748, 1183.5794277, 64.1137143981, -2.13987163492e+20
-208.438942707, -216.888757177, 504.382252131, -2.41792282717e+17
-65.1421096889, -510.708899126, -912.238151991, -2.42596727002e+19
-552.305759094, 1112.45528663, 351.071458906, -1.16463233616e+20
571.360061945, 20.5398391516, -453.397323442, -3.74382353791e+18
-572.082239824, 765.503972412, 584.149464812, -5.04526435535e+19
615.87972313, -152.584886658, -476.335673858, -8.84356238538e+18
108.600970351, -957.346741205, 1067.38292464, -3.37009357208e+20
123.577718104, -427.770587706, 49.9861725501, -9.52870732744e+16
-467.563362203, -1305.20631915, -177.522203652, -4.01727953315e+20
-321.554161279, 253.175327767, -42.1200237956, -7.36930291711e+15
72.073453892, -69.8069936346, 517.70868844, -8.45214304995e+16
-1030.79936563, 649.386494483, -614.514203425, -2.02543385821e+20
69.6014568624, 707.43831469, 1185.5978539, -2.34075097095e+20
424.533115205, -215.244295691, -475.80449255, -2.88467385916e+18
-466.2318698, 1371.4529971, 831.209716483, -5.98419553018e+20
655.140526317, 487.474038135, -1286.15241788, -6.46457862784e+20
-23.1062818336, -1176.23440756, 637.005612938, -6.01439752699e+20
402.967281588, -408.971623065, 1161.3694147, -7.75157824609e+19
-2.49830110477, -30.3335069022, 895.981052562, -9.86480259731e+18
954.737574824, -332.849128792, -143.738703821, -1.15301323058e+19
-538.512648513, 325.843181733, 68.2311491399, -1.6371006752e+17
982.905323536, 1211.89255627, -227.393291011, -6.41063397043e+20
621.533318809, 239.309270026, 394.606757869, -8.30016505124e+18
-308.647744168, -28.0204505441, 419.877495628, -3.22607146835e+17
13.211282777, 464.6609423, -623.539867728, -1.51713032026e+18
974.885906884, 1379.41736285, 1072.85208207, -3.65733023957e+21
567.536945829, -365.610067028, 228.615435089, -7.95385059683e+17
-606.465453637, 703.093198993, 367.331327624, -1.30119211511e+19
726.831042186, -363.321528873, 396.03475963, -8.86459747218e+18
-489.326933857, -178.69025904, -101.666363202, -3.04147797963e+17
679.265906106, -231.881874311, 21.8294793514, -6.28738391485e+17
1130.68875755, -82.1658651591, 570.218843626, -3.54509895326e+20
635.813243391, 62.9840166152, 1252.6162932, -4.63273495642e+20
364.360943587, 46.5157816146, 254.883044197, -1.08617269631e+17
-353.742546843, 495.476152116, -425.69012925, -2.21908607374e+18
-1242.13930357, 832.495554307, -1306.02290194, -4.86653894613e+21
-1251.91413299, 498.967759745, -180.460051016, -1.15666411176e+20
285.646990069, 144.732681325, 136.085935489, -1.15997165103e+16
-226.338792354, -657.871964135, 859.175149264, -2.2677098897e+19
-75.3192116678, 1176.39067984, 479.45398337, -1.0235494794e+20
-158.227634898, 493.95262202, -484.367722701, -1.65735893377e+18
394.754680531, 385.057793024, -1001.72790618, -5.35141500099e+19
-216.526696169, -252.357250871, -257.813948786, -2.05715523811e+16
734.380040393, 1003.62435001, 282.400867477, -1.14092542666e+20
287.648860292, 593.354587636, -1133.7980449, -7.79709773929e+19
-737.127901147, -915.376643782, -1025.86560916, -6.50990782716e+20
-492.814887383, -1085.22530614, 846.323164581, -4.38830381487e+20
261.239632921, 590.925251067, 1090.55019104, -9.61819829005e+19
-943.878377056, 310.785271132, -1145.31980155, -9.67022491832e+20
-126.367148956, 571.474376635, -449.798739567, -3.46002175806e+18
573.800871269, 46.2614907307, -96.2993961359, -2.49493518237e+17
915.213425137, -302.209699586, 475.665148271, -5.35125151302e+19
1034.65142295, 639.923495774, 518.315480341, -4.43623816129e+20
918.847319758, -589.293007034, -502.850692693, -1.14594104437e+20
-792.666120182, 1111.05308786, 91.8835566765, -2.23358630352e+20
460.31192108, -498.243632312, -690.548031382, -3.72084521392e+19
1332.44796852, -862.328608723, -2.35074749605, -2.2438038293e+20
-714.087478342, 280.61056441, 665.256954784, -7.13946442472e+19
1146.79650633, 425.648840478, -940.795274856, -7.40511164453e+20
-1326.5508337, 261.915608382, 1052.61537776, -4.15601698289e+21
575.429168045, -26.5851427891, 1203.20273154, -2.66789138733e+20
-144.847964404, 578.568260714, -827.621414812, -1.24038352149e+19
395.771418047, 332.063970189, 944.546662077, -4.18277468351e+19
-901.593235302, -39.8115533008, -353.464641906, -4.34508940866e+19
-977.750435983, -711.73840026, -357.059648972, -2.36980116754e+20
1126.59634874, 558.564608354, 889.344866153, -1.81897733554e+21
-475.845191717, 441.010101841, 939.415230006, -1.85127590492e+20
-99.4498871895, -460.701378887, 19.6488754957, -1.2725719646e+17
-179.334097626, -431.892680362, -367.686619468, -9.31116154965e+16
-619.357284751, 750.483950386, 1083.79871329, -9.7260106379e+20
775.716572655, 983.753342314, -1404.05789293, -1.43544986394e+21
-1049.28020936, -261.890999445, 21.800591548, -5.53580275114e+19
1309.31199566, 125.365027067, -27.9193812776, -2.26497270659e+20
-417.022510167, -481.729063349, 231.852417229, -5.57453180926e+17
-728.419933902, 314.733111065, 167.776771408, -2.05043615691e+18
-486.524496156, 544.141692223, 174.40442923, -1.02847638263e+18
52.7617107279, 1262.23985032, -736.776655227, -1.15235395853e+21
1187.09971136, -364.004165504, -597.943557026, -4.33264441693e+20
57.2081306779, -9.86679230682, 33.7706130015, -76711.1972861
285.674125937, -425.056134341, 826.374377402, -6.52943300921e+18
-60.8870196755, -122.581318483, 311.22115329, -2.45535923855e+15
41.5669595635, 172.550998298, -908.400796059, -8.32302643945e+18
765.182249479, 372.239524398, -1052.71343407, -3.2594333835e+20
-231.802021597, -1097.17756065, 36.672252275, -1.30535006968e+20
544.147622487, -51.5947023203, 165.99700687, -4.33113808828e+17
890.768240869, -1031.11639449, 121.725258237, -2.12067279905e+20
-415.664228285, -155.07917178, -273.68886646, -3.58322357874e+17
617.084616111, 223.379437248, 121.613150577, -1.84040038411e+18
-95.2200986229, 10.4366132754, -457.58672441, -3.26175412126e+16
-1114.64381521, -633.166916771, -979.391567444, -2.38832839955e+21
-457.195727448, 525.02031639, 1293.61693652, -1.27502811165e+21
-1261.60602652, 224.768918325, -466.965177314, -4.26886233276e+20
156.590051326, 365.352288092, -371.576787313, -1.13391844138e+17
471.216131855, -1004.01482581, 285.725521177, -1.45964771585e+20
7.72470516422, -83.0240348657, -266.371955804, -9.81137207125e+14
-923.184711378, 416.251149136, 69.1217937349, -7.36182374255e+18
-302.184908745, -226.989223255, 490.202744429, -4.11868990561e+17
1252.02943692, -459.873355305, -823.968686111, -1.6635731843e+21
-763.936550585, 1010.1034292, 398.685768711, -1.07641289849e+20
1105.72108693, -1342.66889528, 360.172315232, -2.22681659633e+21
1124.62002497, 473.175280221, -669.060885118, -2.01396561526e+20
35.5704639428, 797.035298019, 1219.0649444, -3.43731053765e+20
1066.84447782, 588.333523973, -51.766799147, -1.23451139101e+20
5.24442716145, 258.489563247, 532.137258092, -3.77866806294e+17
-586.786668829, 293.419828055, 820.820003742, -1.11019180478e+20
335.65402361, -287.937429922, 81.2990644569, -1.76946221805e+16
-1100.02463059, 359.750913834, -701.318833726, -3.87939243899e+20
1340.3829447, 833.551831274, -1054.10387487, -1.79699849052e+21
439.886580427, 269.459439738, -203.949444371, -8.82936219228e+16
-306.926908105, 74.2002583274, 969.770519325, -6.70973618601e+19
-103.151733185, 74.4278663537, 145.732301426, -1.34262342547e+14
119.022176237, -214.705226965, -207.835136787, -2.73565046677e+15
-19.7075212681, 987.889004349, 329.122150403, -2.86239953618e+19
-150.507980657, 166.474655798, 337.274809664, -4.41387508443e+16
-741.725898266, 424.596554917, 997.632856377, -6.34053311231e+20
837.751052848, 429.910019021, -912.655673868, -1.88961469557e+20
-1040.17747524, -217.222444145, 59.7178877345, -4.3057331123e+19
-521.990596367, 485.589265235, -1277.52141073, -2.30102439504e+20
539.485050393, 762.468357429, -175.453985767, -1.31096413045e+19
570.236390814, 5.25876016784, 172.672442353, -7.3632758583e+17
-48.457633472, -452.724768759, -374.722638574, -6.65054885926e+16
545.648465425, 344.013821503, -1028.19518665, -1.25368218471e+20
740.958480804, -518.285275011, 59.2590018644, -2.88823238319e+18
350.576296305, -72.4933250809, 235.672173862, -5.20802009555e+16
480.252897582, 104.168314458, 839.351295838, -2.87775178571e+19
776.455846183, 13.9937563005, -798.071739885, -1.36151291705e+20
137.186800423, 773.072892539, -514.016759179, -2.51844787531e+19
130.675350473, -946.636990147, -190.886059575, -2.68623938624e+19
242.629217557, 896.313645361, -336.910232063, -4.87270281679e+19
-471.113323464, -513.56579087, -41.5577947992, -1.05303266431e+18
81.1208674927, 414.889986173, 25.707043943, -4.68104507871e+16
-782.716195788, -88.9103685782, 364.353751872, -7.16391317161e+18
-302.964528185, -193.163919675, -370.135144511, -2.10435961599e+17
-11.0015641846, -357.494234453, 504.668464156, -2.10087514666e+17
-312.982993062, 595.632092311, 471.518457134, -3.56664418286e+18
-215.996316178, -816.587591094, -503.36931772, -4.88030944166e+18
183.366918783, 236.465485541, 588.733117086, -6.75821484739e+17
-30.7191531448, -1411.70552587, -662.204620201, -3.81694516687e+20
1120.55211313, -714.919281483, 512.286025798, -2.27255874923e+20
-99.7010777004, -1082.51096593, 15.5799985232, -1.1393423606e+20
-28.6962434884, -868.773816112, 372.135003492, -4.30786661514e+19
946.811654601, 1185.3981196, -1303.83572379, -2.25671496624e+21
-516.818434803, 170.40121225, -402.932466052, -1.6361684859e+18
686.775348836, -1007.74187554, 468.605972159, -2.70667387819e+20
751.877482143, 964.439717914, 546.045809023, -1.74518163461e+20
113.07434982, -215.369040658, -223.491322765, -3.57578294822e+15
-477.348213126, -997.030832058, -109.414175019, -5.41244853568e+19
27.3598618796, 941.31890603, -117.334261626, -4.77011442856e+19
-30.4798720953, 689.346060886, -1192.31722832, -8.84047514659e+19
-390.812430898, 96.0223580797, -34.6365149561, -9.97974332236e+15
-232.785759394, 487.775868467, -1380.78871446, -1.52764646878e+20
654.542057482, 387.085031327, -619.756417447, -1.25127475704e+19
185.304407425, -737.00301441, 438.40623356, -1.82291550084e+19
126.20789869, 873.863948299, 875.385806995, -3.65963628119e+19
1243.28542917, 248.39669791, -769.549649345, -6.09097532831e+20
-93.2148039032, -179.285002235, -137.272022139, -1.04804556468e+14
1107.2841846, 401.930561205, -432.190691664, -8.81990531124e+19
-4.90360663202, 919.855500759, 16.2803016693, -3.03887482667e+19
762.523719962, 282.985746989, 386.545692115, -2.73113784147e+19
-4.51647720428, 80.6603969842, 412.042624911, -3.25532787925e+16
-492.012459818, -48.1986707123, 199.464058001, -1.30374170155e+17
179.815247688, 1298.89248791, -372.436336339, -8.22418725391e+20
-543.027035894, 1457.00478994, 318.712103717, -9.8726116311e+20
795.536771169, -530.943270124, -542.974007402, -7.44343981656e+19
118.840628808, 682.959673783, -258.413717144, -5.66666707291e+18
-414.647485965, 19.2100515511, -764.44785895, -9.9788886214e+18
205.65661648, 56.0237347593, -449.656258515, -1.69629712489e+17
-222.921308619, -349.614763541, -1138.11644517, -8.42875951367e+19
732.410470117, 189.181185314, -994.34652197, -2.68336704073e+20
798.228832305, 761.043282743, 779.787118331, -3.22573526613e+20
-162.076308811, 970.640294099, 107.106574996, -4.13854022709e+19
-780.438419472, 785.502733161, 243.136728723, -2.5937888805e+19
299.72163477, 1048.91211764, 55.0709794916, -7.93054351571e+19
-432.205641578, 700.779956527, -497.956780289, -2.29343743694e+19
695.802412655, -542.133091302, 358.436857626, -9.32576359775e+18
-232.436700449, -778.990136129, -550.740627743, -4.1170972287e+18
512.589096215, 110.048587911, -360.561080945, -7.89432547611e+17
-97.2316514412, -409.643770863, -955.843292043, -2.67016550839e+19
349.800220836, -890.766443589, 689.274983804, -1.2986626809e+20
434.1795065, 783.092861256, -874.583828408, -6.52909985071e+19
-409.250911059, -177.19944275, 19.6896211022, -4.3624503402e+16
610.621523513, -72.9087496736, 374.591180881, -3.78483600899e+18
-1004.75934271, 45.6406147554, -575.69122244, -1.88019035806e+20
801.257647648, -1377.33246125, 614.687453409, -2.8338574267e+21
-708.079422825, 1163.62927507, 1404.2686514, -7.39688282037e+21
530.704940831, 129.585705665, -223.60406401, -2.59810422707e+17
-838.992121372, -905.039387358, 242.354256124, -8.90486991108e+19
981.235269467, 1265.62725126, -667.801047712, -1.17207097476e+21
-473.36477693, 319.869380171, -363.616766299, -8.22153292816e+17
218.397542177, 456.353847668, 665.880763259, -2.76474197111e+18
583.641268342, -789.234499394, 543.747637735, -6.39423390884e+19
219.429254975, -738.516669269, 645.38229942, -3.16716067243e+19
1003.82984634, -128.039617678, 38.7491737964, -1.98212030967e+19
-53.6994151675, -918.365405585, 1334.66447629, -4.38213245448e+20
3.58573866709, 157.324160534, -101.973539617, -8.19839658699e+13
108.369967228, -145.523205886, -23.5338905717, -1.57900312309e+13
393.118749253, 1214.12125661, 370.514126408, -1.67923663891e+20
-1193.9920873, 595.005865343, -248.91772438, -1.06604161015e+20
-673.727354804, -246.228394451, 80.3752315263, -1.72100152235e+18
-756.57110039, -423.13579042, 1053.81067357, -2.9971780706e+20
912.033108071, 467.031311789, -1206.47417931, -1.04077532134e+21
-1131.94396559, 1073.93694105, -341.496206251, -6.25628676233e+20
-531.590946631, 159.101791462, 524.780611311, -7.76804440168e+18
-103.521616565, -787.984818154, 722.651756663, -4.46658380822e+19
474.327203493, 96.7379193732, 655.875786487, -9.1351060484e+18
567.516081697, -30.08113787, -489.332612759, -5.57331326944e+18
-1021.83698784, -178.2302765, 746.094761768, -2.30298966985e+20
29.2486334244, 1373.98193557, -418.359439573, -1.37868781265e+21
183.290737237, 590.874977925, 1092.61892688, -9.54204212308e+19
-427.274365958, 231.451238221, 550.679846144, -6.05766275731e+18
-339.913487765, 139.452317158, -410.445540708, -2.58945910946e+17
-586.985591616, -86.0306014093, -45.6668153305, -5.50183430174e+17
42.7378775482, -569.372639436, -229.819809924, -3.01929666605e+17
-631.995208794, -102.90136005, 892.291413234, -1.13130144081e+20
-341.489558115, -625.950520914, 404.272485498, -4.33523363498e+18
1043.77301637, -529.595987541, 630.808246741, -2.07298791535e+20
523.728091163, 955.748378736, 926.932970817, -1.64600386938e+20
48.7241581584, 195.985223899, -135.257198439, -4.57711859627e+14
-750.584862283, -89.5991536028, 40.9624380082, -2.58821624155e+18
-111.935621758, -7.62676777915, -1187.3107264, -7.32027707256e+19
-269.78919933, 391.928485126, 518.719520261, -2.47780090621e+18
-785.21602916, 1251.55201935, -520.170417076, -1.35450695655e+21
-503.623058981, -123.496307209, 145.622576292, -1.17072374651e+17
-856.400918793, -820.37519561, 398.985391757, -6.19689589162e+19
960.94043043, 221.948332353, -256.03057609, -2.02574817181e+19
-1066.16894019, -1310.83466615, 356.770163223, -1.26873591468e+21
1107.76037894, -1068.40884978, -567.68792738, -7.42029989017e+20
-536.821889105, -373.33267074, -362.470084556, -4.35620529944e+18
58.6158522512, 0.237389440157, 162.022443434, -1.8276716714e+13
820.065763138, 362.143237101, -68.2451316638, -1.06568782996e+19
-198.561193319, -468.605292185, -879.015573457, -1.54374482682e+19
-590.567203826, -154.930038037, 592.183103378, -1.00949329785e+19
-371.426822038, -631.440393641, 921.051833138, -3.28289288326e+19
-351.268901424, -180.986782345, -246.611620075, -1.27300434336e+17
-619.519756308, 334.203171946, 220.164399488, -1.37686421404e+18
679.723242081, 213.994878682, 113.177045547, -3.30837602598e+18
-662.283664364, -536.99551962, -292.643107176, -1.48050676003e+19
-154.456962495, 54.4580222547, -200.238991386, -6.43533762441e+14
512.955915929, -726.530407131, -40.7767489554, -7.33946924572e+18
-221.905783507, -87.5408670613, -241.757220228, -9.75400312479e+15
736.801010793, 402.417439686, -8.82803219664, -6.78261203661e+18
317.350670437, -692.708419654, -808.449998062, -6.31067114671e+19
-955.345091814, 1209.70514867, 404.416774309, -4.54334794811e+20
-370.828426172, 380.040137623, -238.303567718, -2.64132618673e+17
173.130255371, -656.467549168, 746.807838495, -1.90961731487e+19
-306.634505463, 630.711690384, 304.772931341, -1.32199862639e+18
549.083275819, 184.34324574, -1314.20978252, -7.65932753042e+20
-126.085454764, 799.330880653, 365.773782333, -4.6695280099e+18
141.63075088, 49.5115139401, 438.069223165, -4.61646004007e+16
-952.105378107, 547.476518515, -426.849096537, -5.45175512729e+19
-474.533986211, 126.679893043, 75.8733998605, -4.00197859118e+16
950.399129092, 964.254750217, 247.645700646, -2.79661687497e+20
1159.65448714, 626.589235028, -14.7093447496, -2.51926829642e+20
1269.98120337, -300.738449755, -665.327303371, -7.54194631892e+20
414.090033228, -659.266910943, -113.344671012, -2.48161553031e+18
-891.6656068, 1196.53230266, -947.094530496, -2.30361676259e+21
278.086668413, -308.009970692, 239.800906792, -5.30078816428e+16
-759.456271997, -98.140837577, -177.390406561, -7.01618096408e+18
-412.285785176, -440.4839827, -443.095872066, -2.39971887885e+18
-447.26252857, 332.553250731, 775.0636915, -4.80722382499e+19
259.941816161, -307.827610069, 133.417991108, -2.30588035415e+16
75.7508395992, 782.423901663, 57.6510377164, -7.30177968197e+18
435.131623132, -40.2825469374, -1165.28251546, -3.24815886043e+20
-840.172757178, 845.362153946, 399.077021521, -7.57720400432e+19
116.587594561, -235.363041353, 11.8361963679, -8.00238648298e+14
-227.898711324, -279.472928571, 245.289421844, -1.24735015667e+16
-948.065532694, -818.048592015, -617.872421969, -4.83671099069e+20
-27.7337069189, 1090.35169778, 421.338679462, -5.70488579267e+19
-247.76943521, -855.537625246, -667.990118468, -1.05208327128e+19
13.3868714278, 837.425610046, 217.286464922, -8.78717824369e+18
-727.728300353, 54.0197625233, 549.251669758, -2.37873585617e+19
-1271.80260111, -890.755654376, 192.752108271, -6.35653605221e+20
362.788946891, 1.99246820489, -139.583096557, -1.19963748548e+16
-1216.61998141, -682.671458226, 985.204922075, -9.30929804217e+20
-245.217382899, 622.7591313, -476.183868255, -7.6771821147e+18
-753.07746689, -75.9325980098, 733.606936587, -7.46718399573e+19
533.704233841, -496.980322716, -999.880452908, -3.42112931701e+20
680.34230379, 1277.88322399, 280.991368811, -3.86451670204e+20
-468.461137935, -86.3466722636, 992.082731624, -1.12208603974e+20
792.198055334, -1342.15437633, -342.224175676, -6.30969609858e+20
617.199280654, 356.501703364, 474.426225182, -1.5091061683e+19
-267.771071643, 160.359019548, -445.653043631, -1.49107380856e+17
-604.109953362, 170.750216241, 775.331520035, -7.37067109645e+19
421.507961344, 866.500823865, -0.31224830206, -2.08076456177e+19
279.237782757, 1243.76563278, -1401.18620753, -2.48803877155e+21
-539.933472167, 108.885949728, -669.078710333, -1.29036772429e+19
305.009602043, 675.106708139, -429.22215856, -7.82415132091e+18
-965.299193559, 317.079167451, 588.657989456, -1.49102334824e+20
-526.76488441, -2.91706708998, 444.794670266, -2.54669993729e+18
41.9265730085, 60.8113674758, -4.43822715959, -84944.9365338
335.534825216, 142.211557288, -76.9630258885, -6.46658174218e+15
-81.7402014878, -824.286628845, -329.459635748, -5.73474629147e+18
594.42684999, 489.667071757, 384.496132092, -1.06570511411e+19
287.222422611, 900.965970985, 346.572361999, -1.37071405525e+19
-610.61142109, -563.333020746, 172.329871766, -3.50121575911e+18
1038.971803, -726.834733579, -590.353697935, -3.7045656443e+20
828.466111161, -892.678274784, 627.109272931, -2.44125723132e+20
-725.573212886, -482.660452589, 630.666276321, -1.88454221591e+19
-878.437632837, -593.54546139, -966.826009533, -7.62023208627e+20
48.2193476129, 414.167393827, 1281.8897351, -2.89043689461e+20
403.700237845, -1265.29858584, -234.692892894, -3.16322835458e+20
653.366296431, -482.866168876, -187.974339855, -2.35349574821e+18
-706.233115367, 224.812904397, 7.67416960888, -8.03313278323e+17
-961.362818637, 695.835134741, 755.117883132, -5.80608442481e+20
-197.725678354, 1006.9517817, -92.8080345406, -8.5092901639e+19
-681.984549554, -467.356684447, 1374.21872932, -1.12629919304e+21
437.236076225, 627.126651645, -574.985431619, -7.81936271736e+18
761.468190679, 306.779030014, 263.69821253, -1.68684399792e+19
-326.211550122, 20.9898145245, -575.225962913, -1.16561904544e+18
-300.239874521, 313.092521835, -125.86768713, -3.44639116061e+16
-406.492044019, -22.1965710984, 227.474836107, -6.55421432576e+16
251.426155224, -622.318186964, 498.607228555, -7.7631692006e+18
696.898378564, 899.613467247, 686.722843685, -1.64517076831e+20
703.569138639, -974.071470374, -339.930039722, -6.62806468642e+19
-41.140296836, -458.805054273, 19.4234319464, -1.23813511821e+17
960.096310956, 813.461372175, 461.12397068, -3.33841432249e+20
-239.863900039, -243.837896048, -905.874634315, -1.42083243717e+19
-292.545084744, 1062.38395434, -932.470142477, -5.9668052709e+20
-33.4138386561, -986.204820223, 429.929849555, -1.20579917871e+20
-369.150606411, -719.178832067, -58.0191630239, -4.3089283328e+18
420.783943874, -513.446833714, 379.438640902, -2.54969203863e+18
-563.74741327, -848.52119079, 835.661336871, -9.86360549613e+19
116.536637152, -1446.64239413, 43.2900266197, -1.25477429346e+21
-442.13459713, 18.9260122077, -917.390967065, -3.06222362837e+19
-717.996903668, -176.813308223, 697.931974019, -4.2433092748e+19
-852.41864012, -784.846557037, -582.000837704, -2.43308756989e+20
1372.08714797, -1060.39552708, -601.442978942, -1.98321615786e+21
696.818644844, 1133.09099808, -693.384457697, -4.88148136747e+20
-553.088106114, -310.774360347, 662.422961305, -1.05907875997e+19
65.2349807706, 364.454996335, -729.745492722, -1.37939398338e+18
699.894833222, 518.363611068, 471.664677623, -3.79459391694e+19
1137.07937549, -627.388768955, -416.139208721, -2.02109257892e+20
-137.299389267, 726.262673673, 261.813142761, -2.52983230797e+18
-430.739053524, -920.077190426, 321.629190711, -5.74044580835e+19
1066.61819886, 69.3594265754, 357.951226874, -1.37483766459e+20
-1030.39131407, 485.929069197, -803.555007885, -3.85076299867e+20
1092.31916023, 995.614369487, 294.492173566, -6.71555446847e+20
534.248693926, -151.466872764, 207.824405588, -4.20064248731e+17
-88.9654409306, 617.64624819, -404.616988304, -4.812861823e+18
-382.533673755, 451.418896575, -88.7912884724, -3.51093460477e+17
-430.332545903, -995.378677943, -186.374660993, -4.54546333592e+19
46.9871945104, -136.292271001, -530.94681523, -2.90597775396e+17
595.781249022, 510.053649559, 566.767319889, -2.61640808313e+19
-642.975365173, 403.665334535, -431.418204131, -6.20609218254e+18
-1261.21689069, -267.662362977, -657.91055794, -1.30498867512e+21
-1253.4884243, -425.395930965, 138.993368759, -2.35279304116e+20
-704.865216696, 1182.30595052, 380.462538648, -2.28750612785e+20
-494.076799799, -518.197780219, -1017.24433174, -1.21986461168e+20
467.236920582, -111.810567249, 205.437360618, -1.88744682932e+17
-58.8573677819, -323.794526873, 793.666652796, -2.6463180489e+18
628.885118389, 667.243120365, 577.324405665, -4.61974318758e+19
651.492948643, 1047.03671375, -785.725935572, -3.28026963675e+20
332.890879643, -661.739703389, 1070.56148525, -7.30561713697e+19
-821.88243066, 448.443328559, 1232.32894174, -2.44795478642e+21
298.73981971, 1074.73010653, 224.156121193, -7.24484522682e+19
200.196933609, -1.50514631192, -368.477681949, -5.91460126658e+16
-367.886139873, 924.145384489, 179.422686467, -2.80100443957e+19
-644.409718076, 434.892430186, 870.513978772, -2.3107853926e+20
93.824336617, 308.833805022, -352.003569383, -3.73295766257e+16
715.68455134, 425.727736355, -78.7275358711, -5.04671442383e+18
32.2934303634, -428.194068176, -1290.51731652, -3.42649953274e+20
700.409177067, 560.427318381, -460.794782604, -8.16198764137e+18
-238.006873403, 458.328227527, 195.95288301, -1.03892527491e+17
772.006711375, -1194.98252765, 217.960659149, -5.84383318945e+20
-887.148947923, 389.00165323, 171.88821448, -8.29364338757e+18
-790.688218926, -387.287850072, 976.701265182, -2.34295597236e+20
741.008075473, -131.793358352, 354.370846504, -9.57021558836e+18
649.727967225, 1267.47562391, 281.432358522, -3.45886180203e+20
27.0008016162, -601.295754538, -223.921925391, -4.88810594171e+17
135.226314143, 74.5517206778, 210.582714875, -8.18243030973e+14
1025.10371099, 61.2373402249, 869.720730798, -6.87209598224e+20
-985.093931682, 60.5576453666, 1126.67190012, -1.65417174657e+21
22.0016794874, 592.444571453, -860.425831224, -1.32654274767e+19
376.931290473, -298.109872968, -718.463992153, -2.09678313781e+19
1203.5494791, 389.092773547, 365.229081613, -4.99795218009e+20
-885.141079135, 399.365123742, 528.989005994, -8.24553309827e+19
295.734333723, -1002.14415435, -846.644083788, -1.33139023843e+20
-716.923862317, -234.580094405, 610.616364193, -2.09498220479e+19
-193.804797713, 248.214164609, -570.570548738, -2.68328956943e+17
-84.234187664, 528.541545262, -1029.48476759, -1.96053872387e+19
62.3324265508, 1188.83254702, 1007.09723226, -1.9793232036e+20
-1101.55180769, 885.162941972, 604.543282053, -6.12844304113e+20
820.286198405, 276.078547277, 284.634192436, -2.73807653321e+19
878.922870018, 254.641922278, 109.825547172, -2.17066227943e+19
-983.522909793, 78.5632035358, 679.971100936, -1.91945791236e+20
-1023.07553018, 100.590656935, -174.394356796, -3.9131362686e+19
24.69974899, 409.523092194, 74.198553732, -3.38475327873e+16
-959.441202079, 746.91644526, 971.711870542, -1.65362894308e+21
1075.67926456, 128.468840736, 592.792028285, -3.59974771391e+20
-35.6004960716, -557.938772069, 578.938244, -3.54599237681e+18
115.767029274, 244.006309273, 248.785366776, -2.70654576081e+15
-460.336668212, 69.3322680987, -1106.62367894, -9.11867500083e+19
-404.059802468, 44.8267347303, -596.179734957, -2.77713404982e+18
-652.099015882, 543.058764683, 757.705851665, -1.44783195724e+20
-125.071023042, 855.907697111, 605.548338278, -1.17567875822e+19
-47.4911032018, 316.079846884, -721.670215409, -8.69315989698e+17
-84.2119600423, -435.958711652, -1142.05474561, -1.08441288351e+20
279.762686687, -1094.92671804, -393.959130745, -6.88792340766e+19
328.818341796, 242.915464789, -202.332681487, -1.50194029936e+16
785.318749313, -932.969538489, -171.550884132, -5.98368448967e+19
146.815315368, -424.106146939, 326.35038442, -3.18972302765e+17
66.5373900144, 333.542292361, -41.6391609478, -1.16640933615e+16
1255.83685082, 187.417933308, -953.767991565, -1.46845305711e+21
-66.7385252211, -561.709894946, -255.108815602, -2.42515150096e+17
-387.809801729, -197.039699697, 244.854506701, -4.41672260675e+16
488.137777597, 174.263544299, -85.2652540542, -1.17575224873e+17
-603.036186597, 582.800179166, 836.530753019, -2.00622940729e+20
-121.197733764, 131.34843811, -533.914804591, -8.82086925033e+16
-39.1928283364, -4.4961919947, 79.9263524153, -121831.521907
1022.47765025, -348.41300813, 68.3115763608, -1.80526222289e+19
-67.9596647008, 773.318763374, -188.51222075, -1.30873165254e+19
41.7008041075, -444.772722466, -71.6608537464, -6.71615881445e+16
-159.358230769, 1040.97085201, -561.191917858, -2.53037282604e+20
526.171098765, 1079.24834813, 52.4074410572, -1.12399052355e+20
1004.66640173, 288.118965878, -351.533120866, -3.4902290796e+19
458.334600413, 1172.51459002, 866.747179263, -1.68286123421e+20
754.441393254, 385.26405429, -176.661503338, -5.15970054125e+18
-84.7860498627, -217.591997872, 78.4607137831, -5.55031707189e+14
712.218759762, 662.371261808, 295.41378995, -3.05974186794e+19
-609.932949288, -1039.50923993, 635.387291488, -2.40422259597e+20
-441.930262507, 1157.16293193, -525.069360965, -6.00726554437e+20
193.623471489, -362.760368459, -97.6739582691, -1.55453115816e+16
-164.20729584, -523.502691059, -571.413066149, -9.75557244727e+17
-608.505209566, -46.5940655654, -104.681267493, -8.65827168182e+17
-426.689585481, 88.3956778457, -111.515126052, -4.3853537207e+16
1244.73222679, -365.617687522, -1210.29805311, -6.59742929613e+21
-972.053574168, 138.84801461, 281.93046124, -2.07459092194e+19
1122.18294755, -677.347776459, 388.42998486, -1.35952669079e+20
614.631773273, 985.376201974, 188.638532846, -6.2589520097e+19
-125.450475636, -51.2585899222, -30.066541728, -6.96783510987e+12
-701.544010084, -115.395385947, 279.358227689, -2.12761984776e+18
830.366321562, -205.143880991, 823.138643464, -1.68962532839e+20
-64.997295429, 518.788232349, 566.957410188, -1.76811506377e+18
-159.314265727, -122.852736509, -622.250662218, -6.09847976994e+17
-697.884593698, -953.057486122, 316.107607441, -9.01521748209e+19
200.708629509, 60.5168631239, -398.122603789, -7.40904885187e+16
562.234445429, -699.906510897, 649.797832683, -4.44266049931e+19
-531.329529495, -889.508051826, -335.311124511, -2.63407897773e+19
-375.295473562, -454.970708816, 235.150438979, -3.4241063515e+17
-69.727040701, -21.964926849, -453.629342166, -3.21951648046e+16
-35.2145255392, -1140.53864797, -4.01765708541, -1.69070533391e+20
495.891818151, 320.288959342, 1305.841762, -4.10726157208e+20
396.66885556, -10.8909570105, -357.407076305, -3.72942011049e+17
-500.20149655, 499.545855551, -586.947205288, -8.5113219702e+18
-477.334190132, -602.664037769, -200.58710405, -2.79126039062e+18
200.907506477, 20.3841806637, 514.84641967, -2.04021636243e+17
592.578835592, -186.342893833, 829.190820427, -4.27326090731e+19
-554.300336661, -13.3948164469, -795.992024775, -3.33805357038e+19
-415.04578709, 383.409612064, -583.615571497, -2.91850064413e+18
-42.3479995042, 1071.50130971, -41.6196391435, -1.16315527588e+20
857.682038408, 497.189951913, 936.038541558, -5.64100415636e+20
-549.640391287, 472.746456215, 659.005739267, -4.36622252677e+19
765.201484243, 387.117130177, -250.910337102, -5.42036218007e+18
-726.733530668, -668.801794708, 209.374614985, -1.39295287011e+19
714.65448642, 380.137792402, 279.681164205, -1.44948571171e+19
389.4420882, -44.8187474722, -253.462580295, -1.02549343799e+17
-1120.09578501, -1252.85651175, 251.181681483, -1.07156858853e+21
-925.557942938, -487.863093695, -1025.47920751, -1.04731257878e+21
-1138.62794874, -102.066147572, 183.618129727, -5.9762494351e+19
-707.720499601, -1292.66104524, -248.935797992, -4.47868401515e+20
-940.817399324, 269.721461693, 157.096519152, -1.00717643583e+19
-187.335540941, 990.649519744, 609.919262442, -3.05279097255e+19
807.646709317, -402.22777221, 46.6935950444, -2.73509275819e+18
-1350.49671527, 711.183316751, 864.152418384, -3.36457892393e+21
-375.960107405, 404.345120956, -724.317764624, -5.66240792305e+18
1011.44111283, -122.920250581, -49.6414098081, -1.76817412898e+19
-74.6697006112, 189.813859274, -1265.53666453, -9.70753216264e+19
-582.704863763, -996.703769669, 966.836728708, -3.28210289875e+20
-704.329558302, 629.564830072, -58.9878574021, -6.52409108239e+18
-678.741264335, -587.459136593, 497.519988344, -9.12187573267e+18
34.0086512184, -1144.12713933, -487.469169338, -7.68406499118e+19
785.137479567, -342.948009511, -79.5154532056, -2.20411445111e+18
198.265773396, -260.314151076, 516.473090236, -1.73668053335e+17
-409.567841181, 566.047777499, 68.4907608988, -9.88067256644e+17
387.994474865, 173.404202291, 740.254441007, -9.01713715191e+18
-485.496119223, -173.685289862, 235.412433528, -1.51936761421e+17
-64.0397285063, 286.940422347, -71.7062394217, -5.36703169083e+15
672.164557113, -734.869048622, 720.917859558, -9.2616519704e+19
-93.8081810797, -102.465716998, -628.777330357, -5.51300717886e+17
298.78422211, -1023.90686752, -873.156037025, -1.63523228908e+20
759.028488635, 113.486988528, -1266.68487489, -1.26496678747e+21
-899.039869834, 1170.84794588, -787.038282916, -1.58227362693e+21
782.660265706, 106.463586877, -1011.05650906, -3.96216144485e+20
-885.274622582, -336.096296494, 594.150498736, -4.26334458177e+19
1255.81566983, 94.0671370245, 380.441869045, -4.55881271453e+20
20.3708232099, 106.493360496, 666.499887288, -1.22566490865e+18
933.477380248, 605.348501019, -68.0350393555, -5.21160932969e+19
495.053359701, 1056.75120222, -1417.69896526, -1.19716288361e+21
-487.972086036, -777.438155693, -370.392232589, -1.16188063814e+19
-680.868971493, -449.48096135, 1060.36629408, -2.26739017552e+20
-373.272483303, 513.991521883, -265.917885687, -1.55342903821e+18
-797.380204899, -1462.18990129, 308.407478911, -1.94755571556e+21
560.319772265, -145.136793285, 172.839514081, -4.40075049813e+17
-225.472815506, 207.719765684, 1055.64644249, -1.10225390223e+20
-511.449871904, -1180.32494856, -188.619670667, -1.8477278178e+20
53.5711939473, 247.734489575, 1179.24918371, -1.19998683766e+20
-915.952354733, -413.735157876, 362.741850715, -2.12407552539e+19
-826.769612229, -1162.87192364, 126.239650842, -3.45765802566e+20
-160.163145943, 451.156712446, 516.158171963, -1.43074484337e+18
922.525359963, 829.809835175, 907.933183021, -9.91287338548e+20
-228.133420816, 132.6389264, 543.097442597, -1.24972410414e+18
790.651428886, 280.119256985, 223.398402647, -1.71228209753e+19
417.506384486, -395.315677727, -1408.84009289, -1.64365725721e+21
586.416638159, -1070.66189391, -795.46546697, -3.24419365222e+20
65.705424213, 309.858574132, -228.904474212, -1.92278565435e+16
335.020079612, 252.470840583, 56.3199034017, -2.94547345301e+16
666.880551583, 170.60858556, -63.0364030166, -1.27207343758e+18
-67.4051459905, -173.408608955, -682.042212337, -1.30522353354e+18
-207.178699347, 684.902483503, 165.708310917, -2.14435690923e+18
-93.9410266798, 403.668270083, -388.292282839, -2.97360496999e+17
-171.680260493, 218.222419554, 66.6299307634, -5.13066212869e+14
-1128.71518182, 1402.63463814, -175.224688582, -2.40383152946e+21
7.64844745083, -18.698384389, 1181.56769107, -8.95498682446e+19
-431.988013682, 172.618299802, 8.97820877488, -1.52146665854e+16
-62.1374467689, -790.952817211, -790.089487013, -1.65107479814e+19
-256.783668347, -181.83869035, 922.891008056, -2.47434017226e+19
-694.257733027, -441.98206511, -419.780242203, -2.56100117965e+19
-778.448602426, 773.201924754, 1035.35346253, -1.29466295434e+21
-209.837549882, -1079.333999, 594.701719297, -2.91081803182e+20
-115.11416913, 1031.94499836, -395.425351309, -1.72622606783e+20
171.165031517, -706.371191937, -97.393510394, -3.08689690147e+18
1031.5057153, -541.218966311, -358.209423538, -7.9716018267e+19
-1197.32971668, 349.182698101, -395.813368537, -2.05121217787e+20
66.3771463434, -621.154215814, -568.835143552, -2.3206796146e+18
-394.289771938, 1057.82491623, 1115.82784056, -8.56600633488e+20
690.540677961, -50.509487219, 82.3522740053, -1.44591424377e+18
257.545764195, 1435.60727491, 903.982556058, -4.07538781901e+20
290.374760365, 718.030330591, 496.977173883, -3.10832993e+18
-568.075929688, -1098.9615248, -873.514365881, -2.24045894258e+20
-432.092754745, -294.051013147, -626.678726984, -7.05681161857e+18
-194.809100657, 436.966186269, 924.049667785, -5.88476614904e+19
-527.225000144, -25.7941100746, -431.820575575, -3.00833189543e+18
177.097479029, 304.124563003, 649.785538071, -1.47600912961e+18
-534.657908518, 665.550472941, 477.889705915, -1.61852016676e+19
-1285.59493808, 281.9679629, 389.257450556, -2.23598344941e+20
79.0725380684, 487.939007293, -1025.05463142, -1.96060762828e+19
-106.201613729, -901.060208846, 201.588037403, -3.87409077392e+19
607.953944797, -546.589781119, 1433.65445313, -6.35769812285e+20
-85.6755548888, -1354.88055479, -328.54103469, -4.15967693542e+20
1021.45227433, 60.0123916873, -499.859899714, -7.47593701659e+19
-432.83741256, 195.707331538, 254.247377064, -2.51665569481e+17
482.920447283, -95.019976988, 254.305474571, -3.73942990642e+17
669.222023193, -672.808443107, -99.2288253528, -6.31493071871e+18
474.785292014, -141.368120174, -29.902241108, -3.48449539748e+16
1171.71032594, 535.572496709, -1338.76546966, -3.73809408576e+21
11.6969366291, -458.233997542, -558.785612185, -9.20667787413e+17
-221.764630597, -921.18849139, 543.088265057, -8.6705575006e+19
-395.046468852, 601.128723677, 535.629311712, -1.00280756206e+19
954.568057564, 280.58666294, 270.136751488, -6.93874166943e+19
-182.779851963, 338.648761701, -968.566482089, -9.21759407385e+18
832.799249111, 712.809570116, -726.995853831, -6.9273835749e+19
184.956268709, 1002.95872594, -140.944829122, -7.89476178968e+19
886.725340077, 242.75807351, 157.122186519, -2.63861103766e+19
665.412247347, -552.791292262, -231.022713319, -4.53343273441e+18
-320.465021725, -51.6436760809, 669.933507587, -5.08538438918e+18
-298.18474637, 904.86915296, -506.251760555, -9.80581191687e+19
-911.492415821, -313.62843186, 522.874908826, -3.45510710866e+19
-1243.64919617, 19.0109006009, -1103.36987898, -3.4849277331e+21
604.512450969, 904.834631207, -1230.0493087, -4.69259126281e+20
-15.247313787, 240.38743495, -956.430429153, -9.39891108191e+18
360.552742779, -155.90135087, -473.572202185, -1.53903982727e+18
-7.17067070843, -607.374583636, -199.83714187, -5.69150074497e+17
-515.600551668, -1199.3417114, -1111.77987622, -4.85883253214e+20
493.631958804, -596.497230829, 152.916386298, -3.24792589712e+18
-349.188043404, 712.15680808, 419.690743032, -4.88026709238e+18
-260.125214943, -367.604771817, 141.714167798, -4.55089287185e+16
-302.913933001, 307.93508226, 627.492727565, -7.00425703085e+18
447.112354631, 737.249651398, 199.54713762, -5.77015228315e+18
100.589144144, -626.833703646, 185.193872439, -2.68251724019e+18
738.227236205, -564.936020768, -893.549963013, -4.42295222398e+20
-67.5240784442, -249.163060111, -987.577397955, -2.71262891669e+19
-636.725149539, -46.2581510536, -1439.79919643, -9.53973873174e+20
467.468770655, -1096.49698457, 561.261212896, -4.38445768494e+20
-154.93431759, 506.969392707, 172.416657523, -1.65092328418e+17
-367.532072704, -292.512798071, 1202.59922722, -2.10167509282e+20
1251.43029293, -611.209152401, 26.8364381521, -8.48646332718e+19
-195.072861103, 848.799319354, 561.179426112, -1.14928413304e+19
-315.75534494, 1173.68160899, -1112.46384254, -1.48699346937e+21
-558.85316882, -938.954691406, 74.6121121102, -4.95072680203e+19
-326.947338971, 275.996848482, 248.205102598, -1.05191702117e+17
-25.9928303161, -510.72020791, 584.503281443, -2.1240730709e+18
119.535257173, -132.00411264, 143.845533775, -1.1629374639e+14
1355.22019419, 389.227914122, -25.7450869345, -4.68754722962e+20
510.230280524, 25.3014776369, 260.651134165, -7.24068723992e+17
37.8340360721, -804.559938309, -985.129429337, -9.20124533861e+19
350.67884934, -166.684554952, 342.036148071, -1.44317740317e+17
71.996956172, -517.663093678, -14.5679060051, -3.02653602268e+17
-389.816696946, -1020.25048272, -457.993498337, -3.87996856461e+19
-73.7913217391, -125.025540703, -1107.52482535, -5.32532550555e+19
719.608678017, -330.046589862, 41.4496370399, -1.03989608114e+18
-151.15462778, -412.847605677, -770.028046101, -5.24419166483e+18
-1003.19361282, -184.761116443, -912.050104497, -7.96251589846e+20
-367.573322986, 1401.2908517, 350.666721205, -6.19330993292e+20
460.716902167, 451.171633357, -407.992026671, -8.96195887036e+17
636.973299751, -699.158397966, 513.784349414, -3.56679021572e+19
13.4907447941, -686.067550023, 257.700857673, -6.01349839198e+18
172.949933052, 325.338562728, -129.179645574, -1.57272665985e+16
-66.5832986303, 787.843398909, 29.1454202067, -8.73747258734e+18
-1284.92474071, -636.598080943, -341.182210232, -1.04346758678e+21
-7.70576733644, -1386.92753535, 1055.35101003, -3.32949043103e+21
-727.27485486, -963.868658484, 95.2305946614, -8.49603856804e+19
-130.057494522, 241.962554347, -1003.10519827, -1.20452693233e+19
812.497141594, 567.501484864, 309.826252435, -5.25844538824e+19
-239.926089871, 79.8559044252, 245.695047042, -1.63026972449e+16
703.47090624, 566.445832051, 980.668512672, -3.25222462289e+20
1113.25247256, 662.526087266, 543.483974241, -7.41022737085e+20
1067.02880914, -1217.78006818, -239.489906104, -5.46860173896e+20
-39.5380450332, -42.0722816088, -556.853813185, -1.92193600178e+17
-745.692280043, 414.712712733, -325.714572193, -7.19820701034e+18
-420.683910351, -72.5991014518, -1128.00846969, -9.70049052481e+19
-53.8688574717, 772.211499887, -13.7859165428, -8.25802637219e+18
193.998299672, 103.919416679, -61.7607592839, -1.00113273455e+14
548.434509685, -1238.22116534, 529.989685244, -1.00763887823e+21
-1383.33260988, -959.687750077, -426.457627084, -3.08796882801e+21
245.747754758, 487.158263585, 252.896679161, -1.60993918701e+17
300.8340041, 599.478801026, 1104.17305199, -1.11722159067e+20
745.676330779, 357.947032716, -88.8812064043, -5.12530958875e+18
-185.550447308, 1353.470619, -535.297960487, -1.56438647688e+21
-636.398071918, 459.178974326, -504.255178441, -1.02392645766e+19
637.444993887, -291.960768496, -1293.56351556, -1.58295043701e+21
532.818541719, -881.020767406, 475.103046214, -9.66019853886e+19
-62.8966926491, 1053.31561594, -102.509377286, -1.14714868889e+20
1224.45392615, 45.7536327485, 934.081672837, -2.04732435591e+21
218.539185012, -196.023910946, -500.746930301, -8.15708000982e+17
856.192256897, -95.6096606095, -69.1488378023, -4.61903814794e+18
-479.426508009, -619.621767289, -40.8560588785, -2.56649349072e+18
105.571708982, -380.906267975, 274.653080612, -1.16413726721e+17
-29.413849752, -246.508437917, 30.979366758, -9.88030426549e+14
924.163485201, -414.276706193, 78.2040236843, -8.19596949774e+18
-693.95638112, 864.808122631, 833.703330416, -4.11789392714e+20
356.826483808, 199.384646014, -978.259149967, -5.20964027305e+19
1175.68584054, 311.141341676, 30.16032627, -1.59421145878e+20
-1168.49962736, -1316.79736037, -213.271672262, -1.84787121086e+21
397.893819998, -205.254437512, 379.25922896, -3.62985621753e+17
279.602760706, -1145.82151261, -160.477258666, -1.48762755995e+20
-99.3092985833, -6.35645308706, 763.585904744, -4.38153578502e+18
287.868415842, -1135.86657484, 326.786545762, -3.29440919395e+20
667.861009693, 426.094093551, 1088.39775763, -3.66930288374e+20
133.165218652, -253.495354151, -194.877163201, -3.37435029507e+15
9.22445272747, -745.604884927, 287.402722912, -1.18983585699e+19
-100.159300302, 291.562365175, 609.094529146, -1.84397858038e+18
7.64802762795, 106.298450136, 1311.98533908, -2.46173869064e+20
1291.42865357, -1002.22693605, 170.899975096, -4.2664043952e+20
-118.23974798, 1095.34975137, -455.426329373, -2.94697617278e+20
260.597534873, 118.242067883, -784.008600805, -8.43905377181e+18
311.792777191, -465.556907006, -681.054536932, -1.56601137722e+19
93.7230215398, -57.9369787378, -761.048681614, -4.33921669792e+18
761.041457671, -29.8750882568, -39.0634026143, -2.09361161028e+18
-1245.45438248, 673.52857155, -393.16796293, -2.51185982329e+20
112.401137415, -548.27687673, -712.230156326, -9.15265030936e+18
603.441433309, -57.8870998613, 575.267808398, -1.27266481923e+19
-151.206237594, 394.572565497, -265.775773386, -1.7040580123e+17
534.12874813, 992.327663913, -98.4193285719, -7.43987841338e+19
89.77228605, -823.273636472, 943.934134776, -1.06084593726e+20
841.786532151, -358.959756185, 307.973568754, -1.29171104158e+19
113.108159841, 485.260841808, 1128.83619815, -1.1093004938e+20
501.623219364, -704.192220793, 766.211173327, -5.53397683944e+19
108.799462869, -207.569309328, -1274.37575829, -2.79653813589e+20
584.871921763, 527.182655387, 1149.10250963, -3.50535172682e+20
105.076696766, -611.5180314, -1103.58600398, -1.77593897776e+20
-174.423363375, -297.649816099, -62.9952327401, -3.89272348475e+15
-162.233134942, -158.040956876, 41.2115647585, -1.09735729123e+14
-1190.75092701, 167.511121086, 116.953850982, -6.1058030854e+19
-438.128475659, -492.760070037, 645.188942502, -4.69264848101e+18
-616.600548213, -53.5430581536, 56.312034749, -4.66634809349e+17
-774.767864487, 46.746916799, 279.455698985, -4.4889386696e+18
-1276.15692116, 20.0696053267, 369.151750095, -1.73149518939e+20
-1023.07660897, -271.511769036, 598.465413606, -9.79140010956e+19
-107.921985312, 133.861047924, 412.517651059, -9.0980467763e+16
59.5676459664, -270.055628308, 767.008094283, -1.48519099702e+18
-846.557345639, 84.9533828506, -28.1511231123, -5.26342422375e+18
77.0331009962, -222.747732592, 941.314863725, -8.47164360608e+18
819.540638857, 476.871652319, -412.834930386, -1.28412450299e+19
972.611764542, -314.33664486, 7.55026468746, -1.07748090278e+19
1300.54731891, -313.338561595, 231.717340104, -2.14618024704e+20
-258.603715877, -96.4401142057, 414.640935389, -1.53123581385e+17
174.760579715, -859.824564155, 1144.24220145, -2.2571900714e+20
365.752515016, 507.227360374, 380.975405433, -1.21315748722e+18
-123.546014279, -1293.15814572, 191.017384941, -6.09524007036e+20
-1.41287804645, 443.777539744, 146.465127092, -4.82789450413e+16
540.41209424, 356.322597629, 66.8776582834, -9.95036259742e+17
-936.265878356, -502.824678327, 25.3489257861, -4.41158545396e+19
-546.612483684, 18.213243285, -17.5830084397, -1.82089507287e+17
-129.677628678, 1118.61570404, 44.7252101946, -1.4466989274e+20
-912.711169478, -240.768446259, 289.365433038, -1.45854950975e+19
338.427967649, -427.835202136, 118.424637033, -2.21543977676e+17
-414.628681175, -338.776668683, 1305.99585145, -4.14096701505e+20
250.498177257, 400.750762636, 324.292299901, -1.31084079596e+17
207.313818389, 655.701994099, 41.0633991102, -1.83590339964e+18
-156.672961627, 760.074640801, 129.374161495, -5.31092878187e+18
1040.8799209, -720.996270997, 629.948794176, -2.490399698e+20
-742.165797943, 24.9226173414, -217.855450514, -5.507628017e+18
1039.57903785, 285.796131908, -230.004342241, -4.02409498794e+19
323.380624425, 843.180888706, -1037.71371613, -1.40455689557e+20
-1257.60595161, 85.2049504067, -98.3703815052, -1.53884037401e+20
-696.713886434, -229.541029363, 67.9146369068, -2.14726753946e+18
-168.628467285, -54.2730153588, 782.935987529, -6.5512924582e+18
-913.326644829, -166.661044619, -532.240042228, -1.18598785723e+20
44.4597408496, 50.3205716134, -742.393860005, -2.16430806306e+18
-304.949457426, -284.157296913, 380.431674491, -9.75688425039e+16
-371.452840815, -426.959225792, 417.219130313, -5.09505327505e+17
1039.51656713, -755.747842545, -244.578133952, -7.34060046586e+19
-563.716033108, -296.69161995, 500.085044249, -2.94181658031e+18
-35.1374455586, -239.98881794, -627.744043648, -9.09932687951e+17
-36.8724525531, 244.145483883, -208.916278806, -4.27039714047e+15
-33.5640915333, 291.543523648, 137.434058418, -1.44088771102e+15
-884.131805452, 305.921701479, 834.607534049, -3.95647677364e+20
-360.083428407, 699.313440759, 366.901054435, -3.64953612682e+18
-350.344258247, 1254.46179317, -1344.41090931, -3.17380417668e+21
850.203293393, 595.379705067, -760.643860316, -7.61382183853e+19
-204.11406826, 452.657951938, 93.1774553523, -9.84609204078e+16
511.338009791, -625.775044012, -1268.64092394, -1.44315017183e+21
628.549486995, -22.1201251127, -700.32143818, -3.90868127923e+19
-717.059155005, 431.142830175, -307.111307972, -5.43444620805e+18
-1333.19360405, -0.724071321084, 352.074453345, -2.25062814008e+20
84.8342476506, -193.317375217, 172.892688275, -7.77120084445e+14
-178.864902956, 571.15568541, 379.698589865, -6.3762006447e+17
-545.227697024, 916.73458761, 979.189164885, -5.64935698768e+20
-952.541742392, 95.2165058775, -154.066306008, -2.12914126319e+19
1215.97047869, -95.4241109387, 778.554846493, -1.08631988759e+21
-377.459143724, -170.175078494, 789.175574885, -1.51517877745e+19
799.123009613, -436.53205598, 454.548694096, -2.13298125815e+19
-199.974073823, 673.231729877, 564.644573915, -5.56477748467e+18
149.800637054, -13.2043256311, -269.185423842, -5.3754499621e+15
-163.889078129, -95.942827532, -412.216931362, -4.11303229004e+16
-153.784608145, -406.274595008, 241.261544763, -1.22450742491e+17
-717.65954407, -47.7770243509, 50.3214477147, -1.55996943419e+18
1280.21113306, -1289.16233156, 616.123663987, -3.24832030332e+21
-175.542496122, 619.874239896, -136.232701434, -2.42622035532e+18
632.298735379, 894.739915842, -333.900502273, -5.55312737969e+19
-26.8126354206, 1045.79489339, 28.846166259, -8.35867141924e+19
107.248976805, 405.531364483, 299.480855863, -2.31624974809e+16
489.468236197, 421.643836811, 409.667637439, -3.97048986447e+18
1046.04881822, -1293.40128928, -295.509604277, -7.5176512173e+20
427.987971587, -509.792232996, 511.697880784, -4.41388423767e+18
-74.7163708656, 104.288977612, -562.266144401, -1.22089845714e+17
-777.985435477, 30.4910416191, 1456.41402058, -3.59080227976e+21
361.940538077, 804.985208009, 432.80468213, -7.28784300394e+18
157.001887313, -5.89100268472, 939.355369689, -1.1758385462e+19
-381.426287978, -188.52930098, 631.903759754, -3.71310787749e+18
-889.587664602, -580.697124653, -327.650352923, -9.7883077559e+19
223.567836312, -1134.93269037, -842.428074778, -1.47958308519e+20
-462.713474446, -118.415864963, 820.223973678, -3.2087403333e+19
229.219453965, -322.492850197, -911.151307984, -4.75555375289e+19
-39.1970385523, 726.760748834, -109.644204728, -6.56152461066e+18
-729.809221999, -236.406695596, 183.113035964, -2.56224554341e+18
-753.231627858, 342.370420079, -440.693872971, -1.41811296027e+19
-253.158872873, -192.754093056, 749.6725078, -5.40194882151e+18
309.065125217, -874.374811817, 638.330344846, -9.96877414027e+19
-154.077612384, 298.373249746, -790.762631415, -1.87071168521e+18
-111.335447182, -666.861648712, -322.163914286, -9.33198083145e+17
-99.7094063792, -224.142002429, -289.118666499, -3.74193376881e+15
-704.216549422, 472.417689588, 185.333834641, -3.05306158668e+18
-747.652919971, 223.034758106, 729.848893185, -1.13258545023e+20
-330.134177398, -461.488612844, -816.399760622, -1.50862886418e+19
-310.613100788, 371.173573283, -30.6936931551, -5.86941130865e+16
820.926455687, 308.792718548, 135.109451356, -1.69457732728e+19
288.881417924, 634.626338444, -183.089123783, -2.68397070494e+18
575.997855182, 669.578498511, -1081.11692843, -1.49311673799e+20
-1099.22491185, -368.506113547, -111.01857906, -1.35262817507e+20
1138.63510008, 403.221625643, -1148.22909127, -1.79488423805e+21
-517.729322318, -491.508673536, 423.87964404, -1.71526527939e+18
595.95135341, 674.496661574, 570.125729556, -3.59838765351e+19
