-1.47574160666, 3.61560321895, -4.999845604, -3.68852715267
-1.47574105121, 3.61560323846, -4.9998457576, -3.68762367397
-1.47573961229, 3.61560302436, -4.99984446756, -3.68869406143
-1.47573959962, 3.61560297112, -4.99984436686, -3.68885404468
-1.47574682897, 3.61560254636, -4.99984275639, -3.69034351177
-1.47582555501, 3.61566434266, -4.99980952499, -3.73181096783
-1.47571848767, 3.61559575829, -4.99980658354, -3.69401880041
-0.792567410875, 3.63237096916, -4.97494195152, -137.978381764
-1.47571714147, 3.61560027347, -4.99980594841, -3.6957842221
-1.47572910156, 3.61536391049, -4.9998500079, -3.72400239565
-1.47630480784, 3.61575741049, -4.99995962308, -3.69942207441
-1.47551947658, 3.61574227979, -4.99999787542, -3.73473632126
-1.47630634989, 3.61574643941, -4.99996795987, -3.70275141051
-1.47628197081, 3.61575793761, -4.99996103818, -3.70966882032
-1.47630781683, 3.61575786854, -4.99995963941, -3.69679203459
-1.47631696249, 3.61575832871, -4.99996732617, -3.69880604323
-1.47627271012, 3.61576338794, -4.99994553612, -3.71954150499
-1.47633101469, 3.6157640724, -4.99999788138, -3.69947332602
-1.47633090138, 3.61576424961, -4.99999794047, -3.69955556617
-1.4763309854, 3.61576402513, -4.99999794383, -3.69916078588
-1.47633100803, 3.61576355995, -4.99999830533, -3.70019551163
-1.47633099426, 3.61576404161, -4.99999794436, -3.69900266002
-1.39414164169, 3.6299937086, -4.99795252807, -86.2060862665
-1.43086776696, 3.61657770702, -4.99998759322, -65.5591560681
-1.47684461279, 3.61577349287, -4.99999762438, -3.78185283058
-1.47633097192, 3.61576405191, -4.99999793268, -3.69921181444
-1.47633098087, 3.61576367583, -4.99999797703, -3.69958168635
-1.47633098238, 3.61576404507, -4.99999795158, -3.69903459237
-1.47633098235, 3.61576404514, -4.99999795155, -3.6990344024
-1.47633127899, 3.6157640372, -4.99999793388, -3.69962093302
-1.47633098251, 3.61576404507, -4.99999795129, -3.69904119334
-1.47633098276, 3.61576404514, -4.99999795214, -3.69904137436
-1.476331002, 3.61576406209, -4.99999795434, -3.69915655535
-1.47633100204, 3.61576405239, -4.99999795471, -3.69907714761
-1.4763310151, 3.61576405832, -4.99999802038, -3.69924086451
-1.47586232376, 3.61575752013, -4.99999762721, -3.72188779059
-1.47633114809, 3.61576408582, -4.99999816889, -3.69944661811
-1.47312019804, 3.61585804453, -4.99999837596, -4.27825195168
-1.47633107738, 3.61576379325, -4.99999776819, -3.69979219948
-1.47622599676, 3.61576602456, -4.99999929487, -3.70111434598
-0.419875060152, -3.10192186207, -4.93302327257, -178.475644497
-0.870418388932, -3.14957728657, -4.80682616374, -177.778520477
-0.556372443213, -3.6175477183, -4.91170340573, -47.1834546438
-0.924184253166, -4.90000373697, -4.90697824224, -111.23037747
-2.71845326996, 4.90072102129, -4.89288928365, -284.506107795
-0.499690142964, -4.01265615437, -4.88090724285, -9.15858791792e-07
-0.499698710655, -4.01259704701, -4.88089808825, -3.73125977736e-09
-1.61206683877, 3.71376800117, -4.92592850307, -51.0535924738
3.82661658245, 4.96829769389, -4.88071570724, -1377.23885004
0.0236769602108, 1.1954912015, -4.99836760546, -606.964600909
-0.499700939266, -4.01258361739, -4.88091187815, -1.11485474699e-07
-1.26497370406, 2.11759275468, -4.96562705386, -325.304802214
-0.499695022719, -4.01259709949, -4.88089691346, -8.42273226996e-13
-0.499694998204, -4.01260968155, -4.88094611342, -6.53101135676e-07
-0.499695056355, -4.01259825787, -4.88089685168, -3.48204019561e-10
-0.499695064126, -4.0125970456, -4.88089615613, -1.32068137654e-10
-0.499695067723, -4.01259708561, -4.8808969072, -1.68455253333e-13
-0.499695099252, -4.01259709417, -4.88089676549, -3.53752989362e-12
-0.499695067131, -4.01259710668, -4.8808968734, -1.68454413378e-13
-0.499695067573, -4.01259708976, -4.88089687369, 0.0
-0.499695068299, -4.01259709002, -4.8808968737, 0.0
-0.49969506829, -4.01259709367, -4.88089719916, -2.61101757128e-11
-0.499695067425, -4.01259709619, -4.8808968914, 0.0
-0.499695068088, -4.01259709003, -4.8808968737, 0.0
-0.499692606149, -4.01257772092, -4.88077032107, -4.14452712695e-06
-0.499695068299, -4.01259709002, -4.8808968737, 0.0
-0.499695068299, -4.01259709002, -4.8808968737, 0.0
-0.499695068458, -4.01259708838, -4.88089687389, 0.0
-0.499695068299, -4.01259709002, -4.8808968737, 0.0
-0.499695068299, -4.01259709002, -4.8808968737, 0.0
-0.499695068299, -4.01259709002, -4.8808968737, 0.0
-0.499695046533, -4.01259706795, -4.88089682974, -6.73812404638e-13
-0.499695143579, -4.01259710559, -4.88089689135, -1.68454866861e-12
-0.499695053621, -4.01259694531, -4.88089682812, -5.55893629797e-12
-0.499694904105, -4.01259705863, -4.88089662998, -2.22356011065e-11
-0.499695254297, -4.01259590685, -4.88089647229, -4.01588862278e-10
-0.499694660686, -4.01259441635, -4.88089711227, -1.8559673964e-09
-0.499676694338, -4.01259852897, -4.88090143787, -9.11303576176e-08
-0.499694829471, -4.01256141654, -4.88088714764, -3.45637894828e-07
-0.49976336552, -4.01170174762, -4.88090216846, -0.000203949786723
-0.499698705643, -4.01162900257, -4.88058400884, -0.000261875706326
-0.499700088334, -4.01075119389, -4.88090025018, -0.000863754756795
-0.498978167626, -4.00969784596, -4.88208624879, -0.00262067640216
-0.508507450189, -4.0126187318, -4.880794487, -0.0196252966084
-0.499833064224, -4.00684837963, -4.86947275828, -0.0413284791376
-0.488153615922, -3.98972957945, -4.8806988256, -0.168824615158
-0.489474412787, -4.01286673108, -4.90801822682, -0.209078503832
-0.493022202588, -4.01278342207, -4.97013827577, -2.14709923053
-1.68895572024, 1.00817111601, -4.9505351534, -667.513190772
-0.30808309435, 4.90019713677, -4.82340129998, -339.959395084
-1.68359270879, -4.99946760493, -4.90537527679, -156.905375475
-1.52267538784, 0.198289009637, -4.95177510397, -802.955097495
-1.55430089379, -4.99907875184, -4.85539978554, -151.200922561
-0.491156050462, -4.01770165068, -4.86234549244, -0.112170212466
-0.501176190164, -3.92953785413, -4.85940738199, -2.0161040715
-1.31553313216, 4.93252201214, -4.84916450456, -208.397775274
-0.775558428312, -3.07332927794, -4.99997129588, -190.936513142
1.95851700916, 3.36455757556, -4.81763469951, -1079.03791857
-0.499708432519, -4.0126143895, -4.88081207181, -1.93895682268e-06
-0.495046603927, -4.01087692382, -4.87819610058, -0.00805651459068
-1.49730848202, 4.95079382565, -4.91350299502, -176.787730614
-1.03853783567, -3.35112018832, -4.95016817919, -142.289392009
-0.499695297996, -4.01259703749, -4.88089685081, -1.44870092786e-11
-0.499695065006, -4.01259708675, -4.88089687422, 0.0
-0.499715866664, -4.01265257821, -4.8808134475, -2.64769998458e-06
-0.499332439382, -4.01285690097, -4.88074975059, -5.57539759294e-05
-0.499695042715, -4.01259704899, -4.88089687147, -5.05361391005e-13
-0.634532610961, -3.05504651919, -4.99966921999, -213.674135167
-0.499695065776, -4.01259709767, -4.88089687391, 0.0
-0.495376215764, -4.01263542234, -4.88247240037, -0.00534775328402
-0.499695061168, -4.01259707531, -4.88089688219, 0.0
-0.499695051057, -4.01259710824, -4.88089689286, -1.68454596505e-13
-0.499695975365, -4.01259713004, -4.88089685991, -2.10065113238e-10
-0.500131439373, -4.01260581041, -4.88089197223, -4.81279311312e-05
-0.499695063353, -4.01259698385, -4.88089685469, -2.6952481228e-12
-0.4996950545, -4.01259708466, -4.88089683914, -3.3690777366e-13
-0.499695050344, -4.01259709221, -4.88089688199, 0.0
-0.499695070608, -4.01259707936, -4.88089688413, 0.0
-0.499695066003, -4.01259707799, -4.88089685784, -1.68454089507e-13
-0.499695060182, -4.0125970695, -4.88089688502, 0.0
-0.499695059208, -4.01259708583, -4.88089686575, 0.0
-0.499695074293, -4.01259709056, -4.88089688513, 0.0
-0.499695070844, -4.01259707941, -4.88089688425, 0.0
-0.499695148042, -4.01259616631, -4.88089688991, -2.15111337819e-10
-0.499695061033, -4.01259707246, -4.8808968741, 0.0
-0.499695059154, -4.01259708177, -4.88089687726, 0.0
-0.499701092337, -4.01259709519, -4.88089681351, -9.18702479119e-09
-0.499695122859, -4.01259708155, -4.88089688976, -8.4227301083e-13
-0.499694991155, -4.01259707665, -4.88089688197, -1.3476295086e-12
-0.499695059322, -4.0125970777, -4.88089687465, 0.0
-0.499695059156, -4.01259708118, -4.8808968764, 0.0
-0.499695072417, -4.01259663511, -4.88089687214, -5.12092462217e-11
-0.499695059907, -4.01259708446, -4.88089684132, -3.36908247264e-13
-0.499695132959, -4.0125971089, -4.88089688052, -1.34763910729e-12
-0.499695054672, -4.01259698891, -4.88089686253, -2.35834274841e-12
-0.499694258754, -4.01259709791, -4.88089690362, -1.64744857752e-10
-0.49969507239, -4.01259708678, -4.88089687136, 0.0
-0.499695055433, -4.01259709898, -4.88089688275, 0.0
-0.499695074145, -4.01259708816, -4.88089689046, 0.0
-0.49969505482, -4.01259708445, -4.88089688601, 0.0
-0.499695073901, -4.01259712818, -4.88089695166, -1.8530003388e-12
-0.499695092142, -4.01259593847, -4.88089688516, -3.325226255e-10
-0.499695049342, -4.01259709117, -4.88089691424, -3.36910139806e-13
-0.499695071467, -4.01259705746, -4.88089699255, -3.53753058444e-12
-0.499694905426, -4.01259709282, -4.88089686928, -6.56964875546e-12
-0.499695067084, -4.0125970749, -4.88089688242, 0.0
-0.499695082147, -4.01259710771, -4.88089691278, -5.05365327582e-13
-0.49969507451, -4.01259710754, -4.88089687754, -1.6845459123e-13
-0.499694972038, -4.01259708645, -4.88089689943, -2.35835053456e-12
-0.499695025577, -4.01259699052, -4.88089689571, -2.69525005199e-12
-0.524720056629, -4.03005974178, -4.81026045915, -1.57655984757
-0.499695089973, -4.01259705728, -4.88089691977, -8.42273454109e-13
-0.499694957851, -4.01259715141, -4.88089686388, -4.04288141138e-12
-0.49969504663, -4.01259708363, -4.88089688677, -1.68454431127e-13
-0.499695064178, -4.01259708264, -4.88089692507, -5.05365158418e-13
-0.499696125911, -4.01259716092, -4.88089713111, -3.02043987052e-10
-0.499695087255, -4.01259705126, -4.88089528073, -6.45513601364e-10
-0.499695070181, -4.01259707405, -4.88089750253, -9.87147685752e-11
-0.499695054933, -4.0125970698, -4.88089687726, -1.68454131404e-13
-0.499695733252, -4.01259701964, -4.88089708827, -1.24993944022e-10
-0.495582272079, -4.01259733577, -4.88089042012, -0.00428331369045
-0.499695059218, -4.01259707974, -4.88089687127, 0.0
-0.4996950684, -4.0125971002, -4.88089678035, -2.52680210747e-12
-0.499695022257, -4.01259709147, -4.88089665949, -1.24654779185e-11
-0.499676284927, -4.0126025715, -4.8808973058, -9.6845354064e-08
-0.49969463405, -4.01259683462, -4.88089967092, -2.03572604508e-09
-0.49969512512, -4.01259716992, -4.88089685961, -2.86372957644e-12
-0.499695065118, -4.01259709166, -4.88089688647, 0.0
-0.499695063123, -4.01259731562, -4.88089687092, -1.34763785545e-11
-0.499695047954, -4.01259684408, -4.88089639989, -7.26034060379e-11
-0.499688296018, -4.01261834571, -4.88089690083, -1.25927646448e-07
-0.499692739323, -4.01260055856, -4.88095326308, -8.08228083356e-07
-0.499683101076, -4.01260280884, -4.88095209864, -8.15520163667e-07
-0.499210244346, -4.01258368222, -4.88192705677, -0.000327550941822
-0.505746753991, -4.0126475269, -4.88065372902, -0.00928192727808
-0.497857882564, -4.02012379394, -4.95402433276, -1.3907006882
-0.495646832376, -4.01715920912, -4.95413692949, -1.39877375714
-0.506837231386, -4.01629132433, -4.95583038794, -1.49604294383
-0.494712455965, -4.01976887046, -4.99015302453, -3.34023574868
-0.48408434442, -4.01691078212, -4.99348383194, -3.59099415784
0.0757334587272, -0.3208323135, -4.99945777442, -1170.16421788
3.70736983096, 4.99167451464, -5.0, -1131.00564652
-3.06565944693, -0.234519750092, -5.0, -685.2202969
-1.03368887011, 4.92442485478, -5.0, -236.976301307
-1.47568078122, 3.61554091266, -4.9998051836, -3.72993993066
-1.47631725562, 3.61563322172, -4.99979005532, -3.76768865721
-1.47657074906, 3.61598192075, -4.99997826281, -3.80272162736
-1.47662386721, 3.61546723921, -4.99999565651, -3.78112964365
-1.47506486779, 3.61577650955, -4.99999999092, -3.74713574339
-1.47574089568, 3.61560322501, -4.99984557392, -3.68755794106
-1.10886044448, 3.136994802, -4.99988599638, -148.915981377
-1.47574095841, 3.6156031507, -4.99984578493, -3.68808000753
-1.47801801735, 3.61571711946, -4.99998497628, -3.93837657375
-1.47574088135, 3.61560296947, -4.99984592762, -3.68862544903
-1.47574284706, 3.6150127773, -4.99984255671, -3.78570117042
-1.47574098695, 3.61560320718, -4.99984558355, -3.68758910044
-1.47574093423, 3.61560315729, -4.99984552936, -3.68772036688
-1.47574094395, 3.61560318567, -4.99984558506, -3.68738188181
-1.47574093826, 3.61560318803, -4.99984558265, -3.68744729157
-1.47574094709, 3.61560318465, -4.99984564056, -3.68762068509
