-1.47574090721, 3.61560321893, -4.99984560399, -3.68742405387
-1.47574105121, 3.61560323846, -4.9998457576, -3.68762367392
-1.47573961229, 3.61560302436, -4.99984446756, -3.68869406139
-1.47573959962, 3.61560297112, -4.99984436686, -3.68885404465
-1.47574682897, 3.61560254487, -4.99984275642, -3.69033238082
-1.47590003624, 3.61555756479, -4.99978478241, -3.7336072623
-1.47571848767, 3.61559575829, -4.99980658354, -3.6940188004
-1.68853893588, 3.60229022282, -4.93136639003, -62.6156888585
-1.47571714147, 3.61560027347, -4.99980594841, -3.6957842221
-1.47594051214, 3.61580013486, -4.99978004727, -3.75385127434
-1.47630716957, 3.61576425577, -4.99996127392, -3.70438494918
-1.47544034489, 3.61576121264, -4.99999687126, -3.72288685203
-1.47631542708, 3.61575917675, -4.99997239105, -3.6960439437
-1.47631935973, 3.61575786064, -4.99997691749, -3.70328335813
-1.47629775679, 3.61575457815, -4.99994843619, -3.70463164171
-1.47631495296, 3.61575903775, -4.99997176301, -3.69661400498
-1.4763149851, 3.61575903722, -4.99997165912, -3.69665345346
-1.47627612404, 3.61576447317, -4.99999468267, -3.69845251116
-1.47627612315, 3.6157643288, -4.99999507663, -3.69746200835
-1.47625891432, 3.61576393056, -4.99999587085, -3.7051468346
-1.47630603299, 3.6157641972, -4.99999760157, -3.70444899779
-1.47645026963, 3.61576404447, -4.99999761715, -3.73815124558
-1.8354749634, 3.61922118024, -4.96743958591, -49.4103882371
-1.47627614324, 3.61576432415, -4.9999952167, -3.69714174134
-1.47627607586, 3.6157637729, -4.99999531097, -3.69780389225
-1.47633099436, 3.61576404346, -4.99999794456, -3.69897318761
-1.47633099436, 3.61576404346, -4.99999794456, -3.69897292421
-1.47633099431, 3.61576404347, -4.99999794459, -3.69897455659
-1.47633099422, 3.61576404404, -4.99999794453, -3.69898320938
-1.47633099554, 3.61576404339, -4.99999794385, -3.69898661379
-1.47633098286, 3.61576404508, -4.99999795129, -3.69903902779
-1.47633098276, 3.61576404514, -4.99999795214, -3.69904137433
-1.47633100197, 3.61576405018, -4.99999795518, -3.69907571456
-1.47633100204, 3.61576405239, -4.99999795471, -3.69907714713
-1.4763310151, 3.61576405832, -4.99999802038, -3.69924074388
0.394696230821, -2.30479947834, -4.93490757094, -403.442755008
-0.78436939584, -4.99900091666, -4.96514365734, -108.014357301
-1.25404426615, 4.90006109107, -4.84919716667, -199.160453244
-2.35010259425, 4.44153181139, -4.94935437335, -179.150624105
-1.25056047083, -4.97388021488, -4.98792813673, -116.697242869
-0.499753057177, -4.01322603727, -4.88024580653, -0.000208065973676
-0.499706050499, -4.01277796012, -4.88089026989, -8.30992591983e-06
-0.499694309478, -4.01259911532, -4.88089931836, -2.69349198265e-09
-1.84085858519, 4.38339917106, -4.88322416676, -97.6355504668
-0.720312424612, -2.9534499276, -4.96517982649, -231.219080162
-0.499695068296, -4.01259709002, -4.8808968737, 0.0
-0.499695068302, -4.01259709002, -4.8808968737, 0.0
-0.822298872784, 0.987006805301, -4.99912099411, -743.389503572
-1.94049124888, 2.55440678662, -4.9760758154, -242.366796595
-1.73483329379, 0.00381504981606, -4.99998392308, -787.707576511
-0.499695068299, -4.01259709002, -4.8808968737, 0.0
-0.731533186226, -3.93313952095, -4.87197314328, -15.5457361189
-0.499695068299, -4.01259709002, -4.8808968737, 0.0
-0.499695068299, -4.01259709002, -4.8808968737, 0.0
-0.499694872568, -4.01259708549, -4.88089682404, -1.01071135136e-11
-0.499695068299, -4.01259709002, -4.8808968737, 0.0
-0.499695068299, -4.01259709002, -4.8808968737, 0.0
-0.499695068299, -4.01259709002, -4.8808968737, 0.0
-0.499695068299, -4.01259709002, -4.8808968737, 0.0
-0.499695066743, -4.01259709299, -4.8808968737, 0.0
-0.499695068299, -4.01259709002, -4.8808968737, 0.0
-0.499695068299, -4.01259709002, -4.8808968737, 0.0
-0.499695068299, -4.01259709002, -4.8808968737, 0.0
-0.499695068299, -4.01259709002, -4.8808968737, 0.0
-0.499695068299, -4.01259709002, -4.8808968737, 0.0
-0.499695068299, -4.01259709002, -4.8808968737, 0.0
-0.499695068299, -4.01259709002, -4.8808968737, 0.0
-0.499695068299, -4.01259709002, -4.8808968737, 0.0
-0.499695068299, -4.01259709002, -4.8808968737, 0.0
-0.499695068299, -4.01259709002, -4.8808968737, 0.0
-0.499695068299, -4.01259709002, -4.8808968737, 0.0
-0.499695046533, -4.01259706795, -4.88089682974, -6.73812404638e-13
-0.499695143578, -4.01259710559, -4.88089689836, -1.68454600085e-12
-0.499695053621, -4.01259694531, -4.88089682812, -5.55893629797e-12
-0.499694904105, -4.01259705863, -4.88089662998, -2.22356011065e-11
-0.499695027212, -4.01259596301, -4.88089647229, -3.60149367036e-10
-0.49969330586, -4.0125957828, -4.88089763607, -1.3569028419e-09
-0.499691911486, -4.01247447733, -4.8808956208, -3.8020151518e-06
-0.499715181844, -4.01258612908, -4.88088843114, -1.50704698464e-07
-0.499700126002, -4.01259578779, -4.88099637854, -2.51002507313e-06
-0.590498046851, -4.012566293, -4.88106440276, -2.09502516138
-0.499696030486, -4.01259575742, -4.8808972017, -7.07672601037e-10
-0.499693184644, -4.0125949612, -4.88089692415, -2.03544485168e-09
-0.499693327828, -4.01260665808, -4.88090020404, -2.67398159556e-08
-0.499682485309, -4.01279548751, -4.88089556712, -9.98821230304e-06
-0.500301203871, -4.01311894305, -4.88186501129, -0.000398054120894
-0.498135963805, -4.01258824549, -4.88003039945, -0.000805909349048
-0.499647929735, -4.01221453222, -4.88088078784, -3.76146930898e-05
-0.790791525057, 4.90000798857, -4.91867355514, -252.858844422
-1.04474584874, -4.99900009999, -4.92662486633, -115.256873358
-1.93463349407, -4.9000094384, -4.92295339153, -182.298857794
-0.499675199923, -4.01260796786, -4.88089862917, -1.30523273306e-07
-0.62236827178, -4.90719089958, -4.91526816566, -96.8664960436
-0.49969513379, -4.0125969783, -4.88089690443, -4.21131306299e-12
-0.499695064354, -4.01259706135, -4.88089689805, -1.68454308388e-13
-1.27170642753, 1.20886713736, -4.81518723568, -651.736923104
-0.810420994487, 2.36645079576, -4.89003405138, -510.696082775
-0.499692210134, -4.01259706238, -4.88089765348, -2.21394720631e-09
-0.499695085857, -4.01259710504, -4.88089688852, -1.68454937191e-13
-0.499695065734, -4.01259709415, -4.88089688705, 0.0
-0.499675184767, -4.01225641227, -4.88093027128, -2.97118673931e-05
-0.358141606182, -4.43712752578, -4.95883945182, -46.8198433795
-0.499695054451, -4.01259709551, -4.88089688844, -1.68454738068e-13
-0.499695038929, -4.01259738624, -4.88089682214, -2.3920560459e-11
-0.499695010793, -4.01259707526, -4.88089687967, -8.42269781622e-13
-0.499695079077, -4.01259709217, -4.88089687234, 0.0
-0.499695387676, -4.01260184601, -4.8808969202, -5.7595929732e-09
-0.394681331074, -0.170512554207, -4.98370932365, -870.819546146
-0.499695050701, -4.01259708896, -4.88089685805, -1.68454125685e-13
-0.499695472896, -4.01259707746, -4.88089689141, -4.21134143454e-11
-0.499695044827, -4.01259708077, -4.88089689157, -1.68454478472e-13
-0.499694973653, -4.01259707123, -4.8808968959, -2.18988797035e-12
-0.499695072446, -4.01259709649, -4.88089688395, 0.0
-0.499695048243, -4.01259709137, -4.88089689091, -1.68454699762e-13
-0.499695072455, -4.01259709937, -4.88089687302, 0.0
-0.499695058098, -4.01259708237, -4.88089689194, 0.0
-0.499695051615, -4.01259709109, -4.88089687602, 0.0
-0.499695091127, -4.01259710717, -4.88089688733, -3.36909700139e-13
-0.4996949634, -4.01259708032, -4.8808970187, -7.58040837418e-12
-0.499695071006, -4.01259709104, -4.88089687245, 0.0
-0.499695058098, -4.01259708237, -4.88089689194, 0.0
-0.499695039021, -4.01259707198, -4.88089693355, -1.01072867093e-12
-0.499695062217, -4.01259711609, -4.88089688687, -3.36909138618e-13
-0.499695047169, -4.01259715586, -4.8808968802, -1.34763856699e-12
-0.499695071222, -4.01259709102, -4.88089687239, 0.0
-0.499695058098, -4.01259708237, -4.88089689194, 0.0
-0.499695071061, -4.01259709296, -4.88089687389, 0.0
-0.499695069041, -4.01259713636, -4.88089696113, -2.35836707428e-12
-0.499695058433, -4.0125970862, -4.88089688534, 0.0
-0.499695019053, -4.01259703158, -4.88089689059, -1.34762626268e-12
-0.499695335013, -4.01259707835, -4.77298944247, -3.38916331736
-0.499695062206, -4.01259718896, -4.88089685365, -2.86372684305e-12
-0.49969511921, -4.01259708791, -4.88089688461, -6.73818987892e-13
-0.499695080138, -4.01259697307, -4.88089688803, -3.20061088609e-12
-0.499695065118, -4.01259709166, -4.88089688651, 0.0
-0.499694475601, -4.01259695991, -4.88089685255, -9.21431224107e-11
-0.499695062223, -4.01259704813, -4.88089688415, -3.3690819483e-13
-0.499695067032, -4.01259708868, -4.88089688547, 0.0
-0.499695065119, -4.01259709119, -4.88089688518, 0.0
-0.499695065118, -4.01259709166, -4.88089688647, 0.0
-0.499695075383, -4.01259709437, -4.88089681554, -1.0107214134e-12
-0.499695051851, -4.01259708333, -4.88089688567, 0.0
-0.499695065252, -4.01259709165, -4.88089688646, 0.0
-0.499695065117, -4.01259709168, -4.88089688642, 0.0
-0.499695065118, -4.01259709166, -4.88089688647, 0.0
-0.499695085841, -4.0125970971, -4.88089684967, -3.36908613581e-13
-0.499695065335, -4.01259708447, -4.88089688649, 0.0
-0.499695065118, -4.01259709166, -4.88089688647, 0.0
-0.499695065118, -4.01259709166, -4.88089688647, 0.0
-0.499695065118, -4.01259709166, -4.88089688647, 0.0
-0.499695028048, -4.01259705763, -4.8808968805, -5.05361199599e-13
-0.499695065121, -4.01259709167, -4.88089688646, 0.0
-0.499695065118, -4.01259709166, -4.88089688647, 0.0
-0.499695065118, -4.01259709166, -4.88089688647, 0.0
-0.499695065118, -4.01259709166, -4.88089688647, 0.0
-0.499695082998, -4.01259709397, -4.88089689451, -1.68454992165e-13
-0.499695065118, -4.01259709166, -4.88089688647, 0.0
-0.499695065118, -4.01259709166, -4.88089688647, 0.0
-0.499695065118, -4.01259709166, -4.88089688647, 0.0
-0.499695065118, -4.01259709166, -4.88089688647, 0.0
-0.499695035716, -4.01259709495, -4.88089689095, -3.36908988687e-13
-0.499695065118, -4.01259709166, -4.88089688647, 0.0
-0.499695065118, -4.01259709166, -4.88089688647, 0.0
-0.499695065118, -4.01259709166, -4.88089688647, 0.0
-0.499695065118, -4.01259709166, -4.88089688647, 0.0
-0.499695065118, -4.01259709166, -4.88089688647, 0.0
-0.499695065118, -4.01259709166, -4.88089688647, 0.0
-0.499695065118, -4.01259709166, -4.88089688647, 0.0
-0.499695063116, -4.01259731562, -4.88089687083, -1.34763770647e-11
-0.499695047769, -4.01259684407, -4.88089639991, -7.24349404127e-11
-0.499688296018, -4.01261834571, -4.88089690083, -1.25927646448e-07
-0.499695067891, -4.01260055595, -4.88095326308, -8.0684246617e-07
-0.499683101076, -4.01260280884, -4.88095209864, -8.15520163667e-07
-0.499210244346, -4.01258368222, -4.88192705677, -0.000327550941822
-0.505746753991, -4.0126475269, -4.88065372902, -0.00928192727808
-0.497857882564, -4.02012379394, -4.95402433276, -1.3907006882
-0.495646832376, -4.01715920912, -4.95413692949, -1.39877375714
-0.506837231386, -4.01629132433, -4.95583038794, -1.49604294383
-0.494712455965, -4.01976887046, -4.99015302453, -3.34023574867
-0.48408434442, -4.01691078212, -4.99348383194, -3.59099415784
-0.851606067088, 4.91994294887, -4.99944684784, -241.284050102
-1.26723415295, -4.55567685185, -4.99971154453, -105.249058977
-1.63117583632, -1.56926646943, -4.99989301236, -587.162668663
0.272418824682, -1.75045184499, -4.99988561653, -568.736945078
-1.47575701073, 3.6155910037, -4.9998414882, -3.70011093593
-1.47185210466, 3.61600197787, -4.9999597435, -4.65972557172
-1.47576304876, 3.61569083846, -4.99975126714, -3.71967230427
-1.47574451952, 3.61560253543, -4.99984553803, -3.69113349912
-1.47569031371, 3.61567163314, -4.99996678647, -3.74213199963
-1.47574094907, 3.61560320151, -4.99984559206, -3.68742529385
-1.15345737044, 3.91280560855, -4.99991019404, -120.2316267
-1.47574094372, 3.61560320703, -4.99984558113, -3.6873254435
-1.47611467649, 3.61584030236, -4.99999797518, -3.74794189114
-1.47574094371, 3.61560320701, -4.99984558111, -3.68732564528
-1.4757409437, 3.615603207, -4.99984558105, -3.68732732618
-1.47574094425, 3.61560320718, -4.99984558355, -3.68734842049
-1.47574094618, 3.61560321201, -4.99984558421, -3.68736074285
-1.47574094395, 3.61560318567, -4.99984558506, -3.68738188181
-1.47574094267, 3.61560318803, -4.99984558264, -3.68739833237
-1.47574094709, 3.61560318465, -4.99984558273, -3.68741591291
