-1.47574090721, 3.61560321893, -4.99984560399, -3.68742405387
-1.47574105121, 3.61560323846, -4.9998457576, -3.68762367396
-1.47573961229, 3.61560302436, -4.99984446756, -3.68869406139
-1.47573959962, 3.61560297112, -4.99984436686, -3.68885404465
-1.47574682897, 3.61560254487, -4.99984275642, -3.6903323808
-1.47579952264, 3.61579516004, -4.9996608756, -3.74122890508
-1.47571848767, 3.61559575829, -4.99980658354, -3.6940188004
-1.48041002191, 3.64399660146, -4.92532849973, -64.4701928668
-1.47571714147, 3.61560027347, -4.99980594841, -3.6957842221
-1.47512910825, 3.61563145413, -4.9998665968, -3.75416615227
-1.47641631022, 3.61575676172, -4.99996495559, -3.73578607982
-1.47599505587, 3.61574912492, -4.99999637989, -3.72348650715
-1.47631542708, 3.61575917664, -4.99997239135, -3.69604963305
-1.47631276614, 3.61576088361, -4.99995324825, -3.7060155172
-1.47625834704, 3.61575816385, -4.99994413419, -3.71644713013
-1.47631495296, 3.61575903775, -4.99997176316, -3.69662076837
-1.4763149851, 3.61575903722, -4.99997165912, -3.69665345361
-1.47628806216, 3.61576393033, -4.99999918427, -3.70559888434
-1.47637723238, 3.61576456271, -4.99999666854, -3.72466057181
-1.47614183528, 3.6157643018, -4.99999207237, -3.72224892546
-1.47628704935, 3.61576387243, -4.99999535993, -3.70524021505
-1.4762859571, 3.61576225002, -4.99999531517, -3.70580413447
-1.17313182186, 3.62212326958, -4.99507062172, -88.0419709432
-1.47627617462, 3.61576460071, -4.99999524772, -3.69782857289
-1.4762760779, 3.6157637729, -4.99999531094, -3.69782260692
-1.47633099447, 3.61576404348, -4.99999794474, -3.698977866
-1.47633099107, 3.61576404372, -4.99999794426, -3.69903877848
-1.47633099431, 3.61576404329, -4.99999794458, -3.69897996879
-1.47633099422, 3.61576404404, -4.99999794449, -3.69898614287
-1.47633099554, 3.61576404339, -4.99999794385, -3.69898661381
-1.47633098286, 3.61576404508, -4.99999795129, -3.69903902779
-1.47633098276, 3.61576404514, -4.99999795214, -3.69904137433
-1.47633100197, 3.61576405018, -4.99999795518, -3.69907571456
-1.47633100204, 3.61576405239, -4.99999795471, -3.69907714713
-1.4763310151, 3.61576405832, -4.99999802038, -3.69924074388
0.0104302653165, 4.55348444688, -4.95790217002, -423.514405442
-1.48130839049, -0.0906363765835, -4.89714450062, -726.804334251
-1.38705716001, 2.53452530334, -4.99861201714, -332.913563591
-2.11386014736, -3.57683041004, -4.99776660776, -239.020170752
0.631980376901, 3.89833751767, -4.99968432704, -773.159242308
-0.547274722858, -4.01176878025, -4.87948249025, -0.569695863915
-0.488226687385, -4.01270783895, -4.87975513243, -0.0333781754669
-0.499688366327, -4.01258987679, -4.88089536898, -2.50619042647e-08
-2.77915700667, -4.99641387769, -4.9216958439, -312.363831801
-0.452112868637, -4.99952070779, -4.94944098962, -93.7844884652
-0.499694830548, -4.01259710976, -4.8808975361, -1.23644404505e-10
-0.499695055196, -4.01259708808, -4.88089687841, 0.0
-2.97657388829, -1.03415791175, -4.99891617297, -736.157665628
-0.620269696641, -4.9344628501, -4.97990843684, -107.727339876
-0.519901024123, 0.913973097118, -4.99500659777, -919.491895395
-0.499695073647, -4.01259709289, -4.88089684197, -3.36908156647e-13
-0.820613325962, -4.22026064276, -4.99967999102, -44.6212971938
-0.499695068299, -4.01259709002, -4.8808968737, 0.0
-0.499695068301, -4.01259709002, -4.8808968737, 0.0
-0.499695068299, -4.01259709002, -4.8808968737, 0.0
-0.4996950683, -4.01259709002, -4.8808968737, 0.0
-0.499695068299, -4.01259709002, -4.8808968737, 0.0
-0.499695068299, -4.01259709002, -4.8808968737, 0.0
-0.499695068299, -4.01259709002, -4.8808968737, 0.0
-0.499695068299, -4.01259709002, -4.8808968737, 0.0
-0.499695068299, -4.01259709002, -4.8808968737, 0.0
-0.499695068299, -4.01259709002, -4.8808968737, 0.0
-0.499695068299, -4.01259709002, -4.8808968737, 0.0
-0.499695068299, -4.01259709002, -4.8808968737, 0.0
-0.499695543555, -4.01259668286, -4.88089483904, -1.14984630004e-09
-0.499695068299, -4.01259709002, -4.8808968737, 0.0
-0.499695068299, -4.01259709002, -4.8808968737, 0.0
-0.499695068299, -4.01259709002, -4.8808968737, 0.0
-0.499695068299, -4.01259709002, -4.8808968737, 0.0
-0.499695068299, -4.01259709002, -4.8808968737, 0.0
-0.499695068299, -4.01259709002, -4.8808968737, 0.0
-0.499695046533, -4.01259706795, -4.88089682974, -6.73812404638e-13
-0.499695143578, -4.01259710559, -4.88089689836, -1.68454600087e-12
-0.499695053621, -4.01259694531, -4.88089682812, -5.55893629797e-12
-0.499694904105, -4.01259705863, -4.88089662998, -2.22356011065e-11
-0.499695027212, -4.01259596301, -4.88089647229, -3.60149367036e-10
-0.499694659539, -4.01259441635, -4.8808969, -1.84233238966e-09
-0.499676694338, -4.01259852898, -4.88090143787, -9.11303572452e-08
-0.499694829471, -4.01256141654, -4.88088714764, -3.45637894828e-07
-0.499562571549, -4.01263835129, -4.88079669949, -7.40415658687e-06
-0.499429436359, -4.01236147617, -4.88082418525, -3.32032536778e-05
-0.498682247702, -4.01312448175, -4.88101726713, -0.00033353379128
-0.500273515445, -4.0124003961, -4.88062005478, -0.000113660253506
-0.495416917976, -4.01045560668, -4.88021760624, -0.00592507104348
-0.49993767278, -4.01214942328, -4.88040788493, -0.000125886691562
-0.49918166566, -4.01112987802, -4.8819089707, -0.000872372705594
-0.505759653838, -3.98611895284, -4.86324057516, -0.266791758046
-0.508009133218, -4.01012688297, -4.85450874922, -0.194723847751
-1.22597650835, 2.91946647884, -4.88912877697, -198.677147856
-0.383299923342, -1.12060629686, -4.92018146506, -937.51610402
0.197196495788, 2.52350967402, -4.91715986925, -920.48288617
-0.500117236825, -4.01275449234, -4.87976731071, -0.000373964279314
1.55517432818, -2.14780369778, -4.91000675137, -634.676061763
-0.499695027641, -4.01259716362, -4.88089689878, -2.0214551741e-12
-0.499692311867, -4.01259686776, -4.8809091695, -4.01383218259e-08
-2.79635852992, -2.1523427813, -4.93785816222, -558.713721431
-1.24653974849, 0.97079188192, -4.84714726094, -603.702987254
-0.499697827203, -4.01292431555, -4.88104336944, -3.24676493349e-05
-0.499695163445, -4.0125972441, -4.88089643579, -5.82855501436e-11
-0.499673693919, -4.01259733385, -4.88088697241, -1.40322573051e-07
-0.627804833283, -4.01327013211, -4.88138226081, -4.23240819486
-1.70892791544, -4.90880520747, -4.90539095199, -158.349708169
-0.499695008843, -4.01259708566, -4.88089686668, -8.42270841223e-13
-0.499695049074, -4.01259708197, -4.88089687093, 0.0
-0.499694095176, -4.01260491891, -4.88089707286, -1.57693144993e-08
-0.499695073201, -4.01259709408, -4.88089688352, 0.0
-0.499695055123, -4.01259709434, -4.8808968349, -5.05362629048e-13
-0.966390803435, -0.76068964571, -4.89669782825, -820.940881
-0.49969505204, -4.01259708295, -4.88089687001, 0.0
-0.499695068993, -4.01259707909, -4.88089687801, 0.0
-0.499695080907, -4.01259693244, -4.88089684944, -6.06430572289e-12
-0.499695441881, -4.01259734657, -4.88089689582, -5.32324198448e-11
-0.499695073871, -4.01259708688, -4.88089688087, 0.0
-0.4996950369, -4.01259710173, -4.88089684463, -5.05362207023e-13
-0.499695078409, -4.01259708272, -4.88089686816, 0.0
-0.499695058122, -4.01259709, -4.88089654157, -2.86369601561e-11
-0.499695062476, -4.01259712073, -4.88089687385, -3.36909011924e-13
-0.499695081855, -4.01259694552, -4.88089687867, -5.05359326456e-12
-0.499695068938, -4.01259709659, -4.88089688134, 0.0
-0.499695062697, -4.01259707771, -4.88089688186, 0.0
-0.499695058112, -4.01259708236, -4.88089689194, 0.0
-0.4996950576, -4.01259707386, -4.88089686307, -1.68453995571e-13
-0.49969509038, -4.01259709521, -4.88089689825, -3.36910261426e-13
-0.499695065786, -4.01259706887, -4.88089687638, 0.0
-0.4996950632, -4.01259699098, -4.88089688777, -2.1898926791e-12
-0.499695058098, -4.01259708237, -4.88089689194, 0.0
-0.49969510694, -4.01259708012, -4.88089686755, -5.05363681035e-13
-0.499695072036, -4.01259700211, -4.88089686465, -1.85298549031e-12
-0.499695063946, -4.01259708273, -4.88089687995, 0.0
-0.499695029573, -4.01259706523, -4.88089687597, -5.05361690821e-13
-0.499694921536, -4.01259708446, -4.88102577608, -4.20080592853e-06
-0.499695057639, -4.01259710026, -4.88089686318, -1.68454480678e-13
-0.499695073723, -4.01259707333, -4.88089689139, -1.68454750284e-13
-0.499695063795, -4.01259708305, -4.88089688062, 0.0
-0.499695050816, -4.01259701443, -4.88089661361, -1.90350273049e-11
-0.499695130362, -4.0125970837, -4.88089688966, -1.17918205393e-12
-0.49969506423, -4.0125954997, -4.88089686247, -6.35398043369e-10
-0.499695064254, -4.01259708875, -4.88089688799, 0.0
-0.499695068051, -4.01259718553, -4.8808968201, -3.36907370203e-12
-0.499695053113, -4.01259706408, -4.88089686656, -1.68453861435e-13
-0.499695065, -4.01259709579, -4.88089699502, -3.53753507854e-12
-0.499695063767, -4.01259706192, -4.88089687355, -1.68453798664e-13
-0.499695082139, -4.01259707975, -4.88089688392, -1.68454840275e-13
-0.499695065863, -4.01259709695, -4.88089687177, 0.0
-0.4996950649, -4.01259707951, -4.88089686311, 0.0
-0.499695064698, -4.01259709154, -4.88089688936, 0.0
-0.499695066762, -4.01259706156, -4.88089687636, -1.68453941537e-13
-0.499695087089, -4.01259709026, -4.88089688914, -1.6845509204e-13
-0.499695065873, -4.01259709695, -4.88089687048, 0.0
-0.499695064942, -4.01259709165, -4.88089688694, 0.0
-0.499695032334, -4.01259708741, -4.88089671225, -7.24346293151e-12
-0.499695074017, -4.01259702305, -4.88089687595, -1.0107225777e-12
-0.499695065128, -4.01259709202, -4.88089688565, 0.0
-0.499695064912, -4.01259708817, -4.88089814679, -4.07159132427e-10
-0.499695065115, -4.01259709166, -4.88089688647, 0.0
-0.49969504883, -4.01259971821, -4.88089688773, -1.75387363228e-09
-0.499695066998, -4.01259709172, -4.88089724415, -3.38589356003e-11
-0.499695065118, -4.01259709165, -4.88089688647, 0.0
-0.499695065118, -4.01259709166, -4.88089688647, 0.0
-0.499695065118, -4.01259709166, -4.88089688647, 0.0
-0.499669510574, -4.01259652874, -4.8808968947, -1.651903757e-07
-0.499695065121, -4.01259709166, -4.88089688646, 0.0
-0.499695065118, -4.01259709166, -4.88089688647, 0.0
-0.499695065118, -4.01259709166, -4.88089688647, 0.0
-0.499695065118, -4.01259709166, -4.88089688647, 0.0
-0.499695065118, -4.01259709166, -4.88089688647, 0.0
-0.499695065118, -4.01259709166, -4.88089688647, 0.0
-0.499695065118, -4.01259709166, -4.88089688647, 0.0
-0.499695063116, -4.01259731562, -4.88089687083, -1.34763770647e-11
-0.499695047769, -4.01259684407, -4.88089639991, -7.24349404127e-11
-0.499688296018, -4.01261834571, -4.88089690083, -1.25927646448e-07
-0.499695067891, -4.01260055595, -4.88095326308, -8.0684246617e-07
-0.499683101076, -4.01260280884, -4.88095209864, -8.15520163667e-07
-0.499210244346, -4.01258368222, -4.88192705677, -0.000327550941822
-0.505746753991, -4.0126475269, -4.88065372902, -0.00928192727808
-0.497857882564, -4.02012379394, -4.95402433276, -1.3907006882
-0.495646832376, -4.01715920912, -4.95413692949, -1.39877375714
-0.506837231386, -4.01629132433, -4.95583038794, -1.49604294383
-0.494712455965, -4.01976887046, -4.99015302453, -3.34023574867
-0.48408434442, -4.01691078212, -4.99348383194, -3.59099415784
-1.53336939353, -4.90067188102, -4.99938177326, -147.84355691
-2.30747744468, -4.90099995457, -5.0, -214.160785554
-1.06326238681, 4.90772187915, -4.9999054966, -192.446954673
-0.660563932547, 2.2834594739, -4.99971675611, -661.671530231
-1.47548116005, 3.61580082962, -4.99996359662, -3.72618699312
-1.47524877709, 3.61561941732, -4.99989831513, -3.76226867214
-1.47611964733, 3.61576405949, -4.99994677282, -3.73036982066
-1.47573734095, 3.61615273035, -4.99974633598, -3.77740091875
-1.4765548941, 3.6159471321, -4.9998938498, -3.80347441948
-1.47574097986, 3.61560320731, -4.99984557918, -3.68759106375
-0.642019194951, 1.0754866766, -4.99994454688, -841.271525143
-1.47574094372, 3.61560320703, -4.99984558113, -3.68732556515
-1.47656025811, 3.61593208881, -4.99990331322, -3.79449094046
-1.47574094371, 3.61560320699, -4.99984558115, -3.68732650599
-1.4757409437, 3.615603207, -4.99984558105, -3.68732732822
-1.47574094425, 3.61560320718, -4.99984558355, -3.68734842068
-1.47574094618, 3.61560321201, -4.99984558421, -3.6873608838
-1.47574094395, 3.61560318567, -4.99984558506, -3.68738188181
-1.47574094267, 3.61560318803, -4.99984558264, -3.68739833237
-1.47574094709, 3.61560318465, -4.99984558273, -3.68741591292
