-1.47573986552, 3.61554414505, -4.99998195075, -3.75178710914
-1.47574105123, 3.61560323987, -4.99984574815, -3.68768205426
-1.47573957421, 3.61560293483, -4.99984459316, -3.6892432076
-1.47573959962, 3.61560277182, -4.99984436691, -3.68931775323
-1.47583304347, 3.61573335196, -4.99987555905, -3.71479596941
-1.43910558462, 3.38296771969, -4.99819524922, -97.3696326362
-1.47571848749, 3.61559581949, -4.99980658512, -3.69423612939
-1.50292920041, 3.59369425352, -4.99348543034, -36.4445408836
-1.47571714147, 3.61560027347, -4.99980594841, -3.6957842221
-1.47569659616, 3.61558949483, -4.99977393327, -3.69954466785
-1.84821282864, 3.65663580167, -4.91315498602, -85.32682202
-1.47731152362, 3.6157486767, -4.99988280497, -3.83605419557
-1.47632472289, 3.61575793557, -4.99997625547, -3.70525854863
-1.47631408534, 3.61575812499, -4.99996696922, -3.69729234195
-1.47644513636, 3.61577632092, -4.99995833599, -3.75200492286
-1.47631696249, 3.61575830386, -4.99996732618, -3.69892650628
-1.4762940355, 3.61575851869, -4.99996726427, -3.69910168791
-1.47633088565, 3.61576407003, -4.99999859313, -3.70053257753
-1.47633101832, 3.61576402851, -4.99999817334, -3.69964810219
-1.47633095915, 3.61570256727, -4.99999803633, -3.71872392986
-1.47633095885, 3.61576405964, -4.99999795734, -3.69928018096
-1.4763324805, 3.61585968147, -4.99999804401, -3.72719080655
-1.50750794, 3.62338211358, -4.99999029429, -47.130794644
-1.34375786496, 3.61961149597, -4.92845087588, -7.7386506281
-1.47655942086, 3.61576584024, -4.99999842027, -3.76659398249
-1.47632984145, 3.61576407245, -4.99999796887, -3.70070112708
-1.47633100481, 3.61576406989, -4.99999809054, -3.69929373642
-1.47633080299, 3.61576320724, -4.99999791751, -3.70044644233
-1.47633096924, 3.6157640406, -4.99999796141, -3.69919403558
-1.47638466128, 3.61577336798, -4.99999855861, -3.72373966564
-1.47633101688, 3.6157640577, -4.99999787383, -3.69951812676
-1.47633094721, 3.61576406784, -4.99999790632, -3.69946826996
-1.4763366018, 3.61576365206, -4.99999710023, -3.70426183939
-1.47633100099, 3.6157640523, -4.99999795222, -3.69910572954
-1.47637055341, 3.61576415262, -4.99999844088, -3.72075598694
-1.47652910673, 3.61560015548, -4.99999668509, -3.78319342915
-1.47633114809, 3.61576408589, -4.99999816889, -3.69944750527
-1.47652238062, 3.61586845411, -4.99999805329, -3.76641461494
-1.47633107738, 3.61576379323, -4.99999776819, -3.69979347364
-1.47622426093, 3.61577392951, -4.99999966815, -3.70689916809
-1.47624428328, 3.61437526225, -4.99999975977, -3.83526387533
-0.55843130868, 4.90099755731, -4.92580699101, -276.731586543
-0.860249904895, 4.90063823341, -4.90438853663, -268.482591978
1.04633042302, -3.48526777764, -4.8990878461, -264.837838554
-0.700527549226, 1.40047878713, -4.84356487789, -923.346509067
-0.85262686814, -4.90024198126, -4.95485840698, -112.816796007
-0.498926792028, -4.01302523331, -4.88111765786, -0.000207881611627
-1.46475330073, -4.98181373749, -4.87248976647, -152.007413326
-1.37323570292, -3.50571902172, -4.84214404252, -166.794556385
-0.685892429313, 3.11428208318, -4.99890092881, -212.385575791
-0.499875768582, -4.01024200823, -4.88134451576, -0.00146849363985
-0.528843568767, -0.530078445234, -4.99819703808, -1021.60123687
-0.499694088429, -4.01266563057, -4.88091378782, -1.26083634481e-06
-0.499784689092, -4.0002766354, -4.88079406911, -0.0388897309989
-0.500288346545, -4.01260108299, -4.88087707678, -8.90243082718e-05
-0.479712346624, -4.01122105396, -4.88113351194, -0.100140432194
-0.499695448386, -4.01259776497, -4.88089676775, -1.57170496025e-10
-0.499733367657, -4.01260015255, -4.88089672777, -3.73361921103e-07
-0.499692630329, -4.01259710432, -4.88089726007, -1.53652231891e-09
-0.499695012166, -4.0125970596, -4.8808960372, -1.7957092202e-10
-0.499695079474, -4.01259772853, -4.88089680851, -1.06127621318e-10
-0.499706054594, -4.01259704733, -4.88089709663, -3.05508652748e-08
-0.499695044252, -4.01259708854, -4.8808910691, -8.53282136835e-09
-0.499694795334, -4.0125970617, -4.88090118353, -4.70706285582e-09
-0.49804954859, -3.99111038376, -4.88076310113, -0.120608711021
-0.499695038178, -4.01259673091, -4.88089690614, -3.20057059409e-11
-0.499695433157, -4.01107525082, -4.88090390843, -0.000586966096276
-0.499696529418, -4.01260152281, -4.88089728547, -5.56518957972e-09
-0.499695257018, -4.01259699199, -4.8810550023, -6.32097163179e-06
-0.499694579399, -4.01259800223, -4.88090239556, -7.97251966369e-09
-0.499694991368, -4.01259696363, -4.88089656241, -3.03213762112e-11
-0.499695046607, -4.01259706795, -4.88089682972, -6.73812432231e-13
-0.499695496445, -4.01259021792, -4.88089760234, -1.2103040745e-08
-0.499695053621, -4.01259694531, -4.88089682812, -5.55893629798e-12
-0.499694904105, -4.01259705863, -4.88089662998, -2.22356011066e-11
-0.499691548296, -4.01258921563, -4.8808960457, -1.89617907794e-08
-0.50005457134, -2.62880272566, -4.88073926832, -321.893089781
-0.49966786762, -4.01259459513, -4.88095459109, -1.03072061488e-06
-0.499694829471, -4.01256141654, -4.88088714764, -3.45638063256e-07
-0.49976336552, -4.01170174762, -4.8809021708, -0.000203949845638
-0.499619625349, -4.01162900257, -4.88058400868, -0.000263152522416
-0.499700088334, -4.0107511939, -4.88090025018, -0.000863754756948
-0.498978167626, -4.00969784596, -4.88208624879, -0.00262067640216
-0.508507450189, -4.0126187318, -4.880794487, -0.0196252966084
-0.499833064224, -4.00684837963, -4.86947275828, -0.0413284791377
-0.488153615922, -3.98972957945, -4.8806988256, -0.168824615158
-0.489474412787, -4.01286612157, -4.90801822682, -0.209084639045
-0.493022202588, -4.01278342207, -4.97013827577, -2.14709923053
-1.58651249099, 3.8592593128, -4.93318109841, -71.0756007186
-1.56419674795, 3.54029789879, -4.93284451737, -5.31729927324
-1.62349668696, 3.58957834137, -4.87063510623, -102.194884717
-1.63064791276, 3.82021946926, -4.94477000432, -38.597103167
-1.61435532755, 4.9700348664, -4.96756415587, -189.191159007
-1.62305042511, 3.69257456217, -4.91449743846, -48.1880227479
-1.48113132093, 2.98537527126, -4.89135834839, -123.915047849
-1.61322822961, 3.66681429304, -4.94533836185, -3.76712965044
-1.51161850953, 3.71730141833, -4.94664505581, -61.797927563
3.17897499721, 2.75818740546, -4.79411931202, -1194.23082333
-3.04950047547, -4.86914651419, -4.93834569587, -384.827321977
-0.365937717931, -1.66776126657, -4.88682327648, -641.553719635
-0.802307177796, -3.41706240508, -4.92261543631, -108.331729291
-0.92631414039, -4.90005582555, -4.92969294067, -104.934041535
-0.49825444916, -4.02895416715, -4.9986655475, -4.01210753821
-0.584447819139, -4.00508680302, -4.88137040365, -1.8218930141
0.163218449824, 0.145264240455, -4.99997849943, -1083.833293
0.114910383573, 0.388075184054, -4.81391309427, -1216.81689629
-0.499695238759, -4.01260408179, -4.88075735868, -4.9318684993e-06
-1.36813872156, 4.90005513147, -4.91155513323, -199.630802838
-0.499695038784, -4.01259684801, -4.88089693065, -1.49921895328e-11
-2.29731777586, 0.581010370217, -4.99996391052, -579.108639202
-0.499695328565, -4.01210617986, -4.8808943111, -6.08823067175e-05
-0.49967438281, -4.01259624469, -4.88089550286, -1.08816034561e-07
-0.499694984771, -4.01259714458, -4.88089699725, -6.0643357065e-12
-0.499643736539, -4.01274862367, -4.88048990756, -4.83428831771e-05
-0.499710109476, -4.01258621237, -4.88087956841, -1.62873310724e-07
-0.499618519443, -4.0127164398, -4.88091768131, -5.19142033002e-06
-0.499871997269, -4.01259798993, -4.88089508465, -7.91003322858e-06
-0.499694534343, -4.01259711847, -4.88089697347, -7.3950161887e-11
-0.500513828094, -4.01367710394, -4.88063146776, -0.00048104076581
-0.499695091203, -4.01259707484, -4.88089682667, -8.42267364038e-13
-0.499696291188, -4.01259707683, -4.88089687092, -3.80034998713e-10
-0.499695070101, -4.0125970744, -4.88089688437, 0.0
-0.499695093932, -4.0125970756, -4.88089686056, -3.3690851404e-13
-0.499695142367, -4.01259685703, -4.88089686599, -1.46553042006e-11
-0.499694789941, -4.01259711728, -4.88089698721, -2.24042192327e-11
-0.499695070683, -4.01259707447, -4.88089686932, 0.0
-0.499695017553, -4.01259706282, -4.88089676351, -4.04286657541e-12
-0.499695145406, -4.01260475478, -4.88090310528, -2.46883785114e-08
-0.499695061374, -4.01259707264, -4.88089687357, 0.0
-0.49969516498, -4.01259706982, -4.88089116719, -8.24945567233e-09
-0.499695048865, -4.01259707489, -4.88089686218, -1.68453905733e-13
-0.499701798924, -4.01259462876, -4.88089850115, -1.36569038965e-08
-0.499695042039, -4.01259707825, -4.88089688028, -1.6845423509e-13
-0.499695022379, -4.01259707145, -4.8808968752, -5.05361672905e-13
-0.499525063898, -4.0138866629, -4.88091300443, -0.000427547593157
-0.499695154704, -4.01259705337, -4.88089690834, -2.52680658132e-12
-0.499695056429, -4.01259707237, -4.88089688068, 0.0
-0.499694435798, -4.01259660116, -4.88089690999, -1.5969142054e-10
-0.499695071604, -4.0125970755, -4.88089684918, -1.68454130802e-13
-0.499695018448, -4.01259755833, -4.88089703638, -6.36763995717e-11
-0.499673994101, -4.01259670704, -4.88089259034, -1.16945588723e-07
-0.499695020002, -4.01259694663, -4.88089683752, -5.72739810714e-12
-0.499786900488, -4.01266923396, -4.88079915022, -5.86153246441e-06
-0.499695156204, -4.01887946462, -4.88089635663, -0.00994239257699
-0.499697990674, -4.01263056408, -4.880879779, -3.59599383484e-07
-0.499693325826, -4.01259892319, -4.88089577399, -1.92818424093e-09
-0.499695088016, -4.01262921974, -4.88089786107, -2.61433225497e-07
-0.49969516295, -4.01259707542, -4.88089687724, -2.35836748162e-12
-0.499695264192, -4.01260459467, -4.88089712043, -1.42880147447e-08
-0.499695608451, -4.01259663327, -4.88089267438, -4.59455026861e-09
-1.01321907501, -1.97195813011, -4.82996646476, -483.359930845
-0.499694856203, -4.01259763537, -4.88089685701, -8.77646334157e-11
-0.49969513204, -4.01259549078, -4.88089682371, -6.44324967851e-10
-0.499693792801, -4.01260272308, -4.88089928927, -9.92015307065e-09
-0.499709133097, -4.0125912037, -4.88086156901, -3.74068184033e-07
-0.499673760796, -4.01260567211, -4.88109215901, -9.77237157935e-06
-0.499696988258, -4.01259671901, -4.88089401269, -3.0448851254e-09
-0.49940760829, -4.01257843604, -4.88087760524, -2.10724858361e-05
-0.499560291156, -4.0125764716, -4.8810212419, -8.61020022325e-06
-0.499597758737, -3.98342593498, -4.88046533216, -0.223611144682
-0.499577602694, -4.01251347864, -4.8809684117, -6.54744937392e-06
-0.499699160894, -4.01259771905, -4.88089933366, -5.86873678414e-09
-0.499707649491, -4.01237270265, -4.88089697579, -1.27614631053e-05
-0.499551726774, -4.01258152031, -4.88085896441, -5.61666179752e-06
-0.479901943401, -4.01252400579, -4.8808634549, -0.0978424528491
-0.499634048485, -4.01296940878, -4.88101206964, -3.93037876101e-05
-0.499718748804, -4.01257960931, -4.88068359353, -1.17113115073e-05
-0.499703952507, -4.01261364428, -4.88090228935, -9.67412856414e-08
-0.499688379164, -4.01260665179, -4.88089779198, -3.46672625752e-08
-0.499683339353, -4.01300925068, -4.88090954383, -4.29893035263e-05
-0.499688301953, -4.01252951626, -4.8822277536, -0.000448942999657
-0.499806829899, -4.01215677591, -4.88088211574, -5.21957441584e-05
-0.499683101076, -4.01260280884, -4.88095209864, -8.15520163667e-07
-0.499210244346, -4.01258368222, -4.88192705677, -0.000327550941822
-0.505746753991, -4.0126475269, -4.88065372902, -0.00928192727808
-0.497864615435, -4.02012379394, -4.95402433276, -1.39075547589
-0.495646832376, -4.01715920912, -4.95413692949, -1.39877375714
-0.506837231386, -4.01629132433, -4.95583038794, -1.49604294386
-0.494712306598, -4.01976887046, -4.99015302453, -3.34025621918
-0.48408434442, -4.01691078212, -4.99348383194, -3.59099415784
-0.972757192832, -4.90000992318, -4.99987624415, -110.008381858
-0.733127903672, -4.95743177944, -5.0, -94.2001188395
-0.784544453623, -4.90051206202, -5.0, -105.296949978
0.235670292796, 0.837076845562, -5.0, -1668.65903693
-1.47632368469, 3.61575828994, -5.0, -3.70673902315
-1.47633136496, 3.61575681739, -5.0, -3.70451615741
-1.4763311771, 3.61482317701, -5.0, -3.78423120123
-1.47632989269, 3.61574682096, -5.0, -3.70309213053
-1.47646201276, 3.61590637223, -4.99986480777, -3.78104537356
-1.47661184727, 3.6157218772, -4.99990118444, -3.76722278259
-1.17890666638, -0.666500013609, -4.99999997417, -789.640206661
-1.47588837864, 3.61565503606, -4.99988681871, -3.72475926333
-1.47713507043, 3.61558199085, -4.9999153668, -3.82706826649
-1.47574074678, 3.61560256057, -4.99984562271, -3.68872597458
-1.47574285153, 3.61637145245, -4.99984469051, -3.8557250931
-1.4757412649, 3.61560050703, -4.99984562511, -3.69067519773
-1.47574076133, 3.61560324965, -4.99984563177, -3.68771151642
-1.475741688, 3.61560283231, -4.99984924182, -3.69216791813
-1.47574264243, 3.61560244647, -4.99984039922, -3.6913682614
-1.47574116034, 3.6156031961, -4.99984560186, -3.68808760117
