-1.47574090721, 3.61560321893, -4.99984560399, -3.68742405387
-1.47574105121, 3.61560323846, -4.9998457576, -3.68762367395
-1.47573961229, 3.61560302436, -4.99984446756, -3.68869406139
-1.47573959962, 3.61560297112, -4.99984436686, -3.68885404465
-1.47574682897, 3.61560254487, -4.99984275642, -3.69033238131
-1.47575770327, 3.61542616075, -4.99975349909, -3.73450974963
-1.47571848767, 3.61559575829, -4.99980658354, -3.6940188004
-1.53807283461, 3.79187112238, -4.93937990293, -65.5299568264
-1.47571714147, 3.61560027347, -4.99980594841, -3.6957842221
-1.47630048824, 3.61577033026, -4.99995248182, -3.70771715933
-1.47631626434, 3.61574623701, -4.99996454667, -3.70652695918
-1.47644669296, 3.61573910419, -4.99989583794, -3.73669552851
-1.4763154271, 3.61575916215, -4.99997239128, -3.69615809295
-1.47632025157, 3.61575545952, -4.99998430481, -3.70362543695
-1.47570727482, 3.61575867453, -4.99997469735, -3.73843334211
-1.47631495302, 3.61575905663, -4.99997138026, -3.69744871517
-1.4763149851, 3.61575903724, -4.99997165912, -3.69665418162
-1.47633304531, 3.61576509904, -4.99999698059, -3.70278382901
-1.47633096355, 3.61576405252, -4.99999805802, -3.69944167574
-1.4763032706, 3.6157644222, -4.99999953373, -3.70497102564
-1.4762035905, 3.61576344849, -4.99999709525, -3.71561154469
-1.47609367578, 3.61576396321, -4.99999487092, -3.73744328425
-1.39437781843, 3.61341274628, -4.89766917633, -81.2174796645
-1.47764099485, 3.61588750077, -4.99999553622, -3.90121033765
-1.47627618585, 3.6157637729, -4.99999533056, -3.69812442268
-1.47633099447, 3.61576404348, -4.99999794474, -3.6989778661
-1.47633099603, 3.61576404209, -4.9999979443, -3.69901572823
-1.47633099791, 3.61576406294, -4.99999794353, -3.69911286015
-1.47633099422, 3.61576404403, -4.99999794544, -3.69900508275
-1.47633099554, 3.61576404339, -4.99999794385, -3.69898661383
-1.47633098286, 3.61576404508, -4.99999795129, -3.69903902779
-1.47633098276, 3.61576404514, -4.99999795214, -3.69904137433
-1.47633100197, 3.61576405018, -4.99999795518, -3.69907571459
-1.47633100204, 3.61576405239, -4.99999795471, -3.69907714713
-1.4763310151, 3.61576405832, -4.99999802038, -3.6992407439
-2.29047820685, -4.34708655022, -4.97440361149, -232.088644939
-1.06036648308, -4.9009827644, -4.96744392341, -102.769724564
1.5279941141, -0.106593573473, -4.99833123277, -1402.22431878
-1.53437864469, -1.01908049159, -4.82556917742, -696.414808448
-1.02661893667, 4.93012907428, -4.79521196684, -200.508563197
-0.444417254593, -4.05012360494, -4.87937562974, -1.08954222311
-3.61635288505, -1.90858089446, -4.99936820861, -790.931824538
-0.499634797393, -4.01175117498, -4.88124489913, -0.00021292813305
-0.893409222127, 2.47174387894, -4.90889129184, -391.706986875
-0.835030494159, 4.99914405354, -4.83693265428, -266.876023774
-0.499693747296, -4.01259707454, -4.88089718726, -4.63583667518e-10
-0.499695101089, -4.0125970869, -4.88089683998, -6.7381602591e-13
-0.913493660464, -0.583527757709, -4.88360235463, -798.564406139
-0.343357505827, -4.80022211443, -4.95408876966, -86.6543346267
-1.20894096964, 3.64909276187, -4.99013590673, -103.443148609
-0.499695076002, -4.01259708723, -4.88089533722, -6.00369131427e-10
-0.613426887098, -0.99831448893, -4.99909416327, -878.519642021
-0.499695067626, -4.01259708987, -4.88089687387, 0.0
-0.499695278282, -4.01259701374, -4.88089705189, -2.03828081145e-11
-0.499695068299, -4.01259709002, -4.8808968737, 0.0
-0.499695074075, -4.01259708098, -4.88089681833, -8.42266774384e-13
-0.499695068299, -4.01259709188, -4.88089687371, 0.0
-0.499695068299, -4.01259709002, -4.8808968737, 0.0
-0.499695068299, -4.01259709002, -4.8808968737, 0.0
-0.499695068299, -4.01259709002, -4.8808968737, 0.0
-0.499695068299, -4.01259709002, -4.8808968737, 0.0
-0.499695068299, -4.01259709002, -4.8808968737, 0.0
-0.499695068299, -4.01259709002, -4.8808968737, 0.0
-0.499695068299, -4.01259709002, -4.8808968737, 0.0
-0.499591339559, -4.01260102049, -4.88089787373, -2.7242877709e-06
-0.499695068299, -4.01259709002, -4.8808968737, 0.0
-0.499695068299, -4.01259709002, -4.8808968737, 0.0
-0.499695068299, -4.01259709002, -4.8808968737, 0.0
-0.499695068299, -4.01259709002, -4.8808968737, 0.0
-0.499695068299, -4.01259709002, -4.8808968737, 0.0
-0.499695068299, -4.01259709002, -4.8808968737, 0.0
-0.499695046533, -4.01259706795, -4.88089682974, -6.73812404638e-13
-0.499695143578, -4.01259710559, -4.88089689836, -1.68454600088e-12
-0.499695053621, -4.01259694531, -4.88089682812, -5.55893629797e-12
-0.499694904105, -4.01259705863, -4.88089662998, -2.22356011065e-11
-0.499695027212, -4.01259596301, -4.88089647229, -3.60149367036e-10
-0.499694659539, -4.01259441635, -4.8808969, -1.84233238966e-09
-0.499676694338, -4.01259852898, -4.88090143787, -9.11303572452e-08
-0.499694829471, -4.01256141654, -4.88088714764, -3.45637894828e-07
-0.49976336552, -4.01170174762, -4.88090216846, -0.000203949786723
-0.499698705633, -4.01162900257, -4.88058400884, -0.000261875704494
-0.499700088334, -4.01075119389, -4.88090025018, -0.000863754756795
-0.498978167626, -4.00969784596, -4.88208624879, -0.00262067640216
-0.508507450189, -4.0126187318, -4.880794487, -0.0196252966084
-0.499833064224, -4.00684837963, -4.86947275828, -0.0413284791376
-0.488153615922, -3.98972957945, -4.8806988256, -0.168824615158
-0.489474412787, -4.01286672727, -4.90801822682, -0.209078320644
-0.493022202588, -4.01278342207, -4.97013827577, -2.14709923053
-1.60002206067, 4.93345452478, -4.89539800957, -215.30845573
-0.295633538318, 4.99900555645, -4.93306429635, -479.607144647
0.252490972437, -2.99418194684, -4.93059156056, -248.624287181
-2.25002513928, 0.423570056189, -4.87319485026, -569.63849238
-1.43463305323, 0.168567793473, -4.91444443659, -683.150422604
-0.499687524858, -4.01258902029, -4.88089655548, -3.08508140353e-08
-0.499567181898, -4.0136602207, -4.88081894169, -0.000291215616047
-1.68504456925, 4.93638627994, -4.97638714541, -178.495357768
-2.09447364519, 1.7233838205, -4.98788609696, -457.171893053
-0.501707710806, -4.00716927157, -4.7814119499, -2.8170446471
-0.499694673124, -4.012596929, -4.88089850784, -7.16803245283e-10
-0.499839485305, -4.01259711254, -4.88087428829, -5.39953354289e-06
-0.377453292302, -0.445457542796, -4.90790728977, -1000.25769602
0.253251003535, -4.98121073448, -4.91606447564, -109.488067766
-0.499696800813, -4.01259710106, -4.88089687831, -7.61763676984e-10
-0.499695061952, -4.01259708297, -4.88089688755, 0.0
-0.499692951365, -4.01267205727, -4.88090013255, -1.42538236224e-06
-0.499693033059, -4.01259706292, -4.88089657385, -1.06801573035e-09
-0.499695060543, -4.01259712219, -4.88089687374, -3.36909116598e-13
-1.68736507359, 1.01604963749, -4.87142247013, -767.544286334
-0.499695053237, -4.01259708154, -4.88089687634, 0.0
-0.499695083789, -4.01259751138, -4.88089686914, -4.61567645701e-11
-0.499695074318, -4.01259706691, -4.88089688891, -1.68454474836e-13
-0.49969503839, -4.01259709614, -4.88089688078, -1.68454621832e-13
-0.499695059755, -4.01259710021, -4.88089687424, 0.0
-0.499695081416, -4.01259707916, -4.88089686906, -1.68454545463e-13
-0.499694951965, -4.01259706468, -4.88089690976, -3.53750774554e-12
-0.499695073907, -4.01259709706, -4.88089689112, -1.68455049064e-13
-0.499695055161, -4.0125970595, -4.88089688084, -1.68453817178e-13
-0.499694948711, -4.01259711179, -4.88089679297, -5.39050730873e-12
-0.49969506869, -4.01259707925, -4.88089686602, 0.0
-0.499695067092, -4.01259709445, -4.88089688888, 0.0
-0.499695185718, -4.01259707698, -4.88089694764, -4.88515574642e-12
-0.499695047256, -4.01259708735, -4.88089688124, -1.68454429916e-13
-0.499695050692, -4.01259708155, -4.88089666041, -1.19601132749e-11
-0.499695353624, -4.01259709718, -4.88089683155, -2.15621350641e-11
-0.499695053584, -4.01259709909, -4.88089687889, -1.68454509656e-13
-0.499695055428, -4.01259707278, -4.88089685482, -1.6845370953e-13
-0.499695107234, -4.01259708041, -4.88089686705, -5.05363722322e-13
-0.499695056761, -4.01259708239, -4.88089687815, 0.0
-0.499695066781, -4.01259707345, -4.8808968842, 0.0
-0.499695065956, -4.01259709188, -4.88089688134, 0.0
-0.499695073304, -4.01259709894, -4.88089859102, -7.42228304822e-10
-0.499695067547, -4.01259708629, -4.88089697093, -2.18991206118e-12
-0.499695084599, -4.01259636593, -4.8808968474, -1.31053935255e-10
-0.499695051271, -4.01259707457, -4.88089688409, -1.68454249549e-13
-0.499695027347, -4.01259710334, -4.88089689924, -5.05363379908e-13
-0.499695064452, -4.01259708649, -4.88089686748, 0.0
-0.499695070767, -4.01259710149, -4.88089688201, 0.0
-0.49969507922, -4.01259707928, -4.88089685382, -1.68454110432e-13
-0.499695051361, -4.01259707735, -4.8808968848, 0.0
-0.499695065909, -4.01259709262, -4.88089687858, 0.0
-0.49969506752, -4.01259710925, -4.88089687275, -1.68454444421e-13
-0.499695081323, -4.01259721928, -4.88089689965, -4.71675553494e-12
-0.499695059318, -4.01259707997, -4.88089687709, 0.0
-0.499695034265, -4.01259705394, -4.88089683044, -1.01071781719e-12
-0.499695064161, -4.01259709323, -4.88089686583, 0.0
-0.499695064503, -4.01259709322, -4.88089686582, 0.0
-0.499695058903, -4.01259707276, -4.88089688358, 0.0
-0.499695059702, -4.01259705416, -4.88089688285, -1.68454052805e-13
-0.499695064872, -4.0125970946, -4.88089677553, -2.69525279778e-12
-0.499695064504, -4.01259709319, -4.88089686589, 0.0
-0.499519622716, -4.01267785712, -4.88023251962, -0.000121074704189
-0.499695059306, -4.01259707282, -4.88089688311, 0.0
-0.49969506592, -4.01259707149, -4.88089687559, 0.0
-0.499695065077, -4.01259709212, -4.88089598682, -2.00795568963e-10
-0.499695149029, -4.01259710277, -4.88089665004, -1.499234794e-11
-0.499695111615, -4.01259707696, -4.88089688626, -5.05364675662e-13
-0.499695008515, -4.01259706581, -4.88089687391, -8.42267486326e-13
-0.499695552291, -4.01259708175, -4.88089689213, -5.99694154491e-11
-0.49969506512, -4.01259709165, -4.88089688646, 0.0
-0.499695066695, -4.01259709165, -4.88089688647, 0.0
-0.499732456328, -4.01259709138, -4.88089688222, -3.53530502294e-07
-0.499695064718, -4.01259709649, -4.88089682804, -6.73815531743e-13
-0.499695065118, -4.01259709166, -4.88089688647, 0.0
-0.499695065118, -4.01259709166, -4.88089688647, 0.0
-0.499695065118, -4.01259709166, -4.88089688647, 0.0
-0.499695065166, -4.01259709175, -4.88089688648, 0.0
-0.499695065118, -4.01259709166, -4.88089688647, 0.0
-0.499695065118, -4.01259709166, -4.88089688647, 0.0
-0.499695063116, -4.01259731562, -4.88089687083, -1.34763770647e-11
-0.499695047779, -4.01259684407, -4.88089639991, -7.24349407057e-11
-0.499688296018, -4.01261834571, -4.88089690083, -1.25927646448e-07
-0.499695067885, -4.01260055595, -4.88095326308, -8.06842469492e-07
-0.499683101076, -4.01260280884, -4.88095209864, -8.15520163667e-07
-0.499210244346, -4.01258368222, -4.88192705677, -0.000327550941822
-0.505746753991, -4.0126475269, -4.88065372902, -0.00928192727808
-0.497857882564, -4.02012379394, -4.95402433276, -1.3907006882
-0.495646832376, -4.01715920912, -4.95413692949, -1.39877375714
-0.506837231386, -4.01629132433, -4.95583038794, -1.49604294383
-0.494712455965, -4.01976887046, -4.99015302453, -3.34023574868
-0.48408434442, -4.01691078212, -4.99348383194, -3.59099415784
-2.43123329617, 4.99922445378, -4.99897544435, -246.695931691
-1.13250102192, -4.90000896433, -5.0, -112.339095375
-2.64873106454, 4.91562960474, -5.0, -224.688605073
-1.62318119882, 2.42039361427, -5.0, -322.843697217
-1.47772733896, 3.61561938098, -4.99986920004, -3.87824864137
-1.4716634772, 3.61568544966, -4.99997869656, -4.72834183888
-1.4761980881, 3.6158134719, -4.99999905014, -3.71391250014
-1.47672494426, 3.61509424724, -4.99975020667, -3.8615666622
-1.47469185816, 3.61539982502, -4.99983669806, -3.83244167533
-1.47574108985, 3.61560320814, -4.99984558782, -3.68787187686
-0.942543096373, 4.90880089818, -4.99991917358, -228.627504336
-1.47574094366, 3.61560321365, -4.99984558107, -3.68735873001
-1.47657408586, 3.61589766597, -4.99980339223, -3.7958793308
-1.47574091076, 3.61560321208, -4.99984557977, -3.68750678429
-1.47574094395, 3.61560321395, -4.99984558105, -3.68736052943
-1.47574094429, 3.61560320718, -4.99984558355, -3.68734989049
-1.47574094627, 3.61560321195, -4.99984558361, -3.68737676569
-1.47574094395, 3.61560318567, -4.99984558506, -3.68738188181
-1.47574094267, 3.61560318803, -4.99984558264, -3.68739833237
-1.47574094709, 3.61560318465, -4.99984558273, -3.68741591299
