-1.49815467282, 3.70501910573, -4.99978863836, -53.0027565537
-1.47724023623, 3.61574969654, -4.99981596667, -3.83330020729
-1.47574851685, 3.61387397194, -4.99982638704, -3.89551559882
-1.47573942661, 3.61557555621, -4.99982637188, -3.71124770273
-1.43099874822, 3.74860609893, -4.99117628985, -72.0722468627
-1.35470794565, 3.57460565698, -4.99087367101, -72.4681731693
-1.23301967369, 3.6979306088, -4.99122225574, -38.5625062909
-1.48524382364, 3.59395451387, -4.95495378938, -50.8319760273
-1.4757170598, 3.61560027346, -4.99980395816, -3.69844286248
-1.47570283493, 3.61556356337, -4.99972077073, -3.71981732749
-1.62146328929, 3.5751557284, -4.99942640617, -71.7805590588
-1.47681607739, 3.61568806481, -4.99994781249, -3.80232096723
-1.47636641723, 3.61575247445, -4.99999979139, -3.72156713649
-1.47612277505, 3.61574130813, -4.99999838988, -3.73617533856
-1.47632453656, 3.61588294782, -4.99999031374, -3.73017701844
-1.47623166348, 3.61584663606, -4.99999517221, -3.71688875183
-1.47566904077, 3.6156034286, -4.99999627832, -3.73777077803
-1.47185604741, 3.61606254868, -4.99998706215, -4.6621294827
-1.74610484647, 3.62187639016, -4.96155032527, -77.008734667
-1.34953215385, 3.62253361912, -4.90476649051, -9.45034916749
-1.64941685242, 3.6292023204, -4.99859488119, -76.9235528165
-1.47648054478, 3.61841285153, -4.99975477954, -4.15308032311
-1.50792500323, 3.64879200384, -4.98638709397, -79.0138712301
-1.56925754019, 3.62000805566, -4.99914640317, -105.891315602
-1.28155929852, 3.71231620008, -4.9999792601, -38.7372766738
-1.47664995291, 3.61521468385, -4.99995797371, -3.81948801127
-1.5140746889, 3.66488957612, -4.99998881224, -80.9130530247
-1.53717354276, 3.71968120636, -4.99999995334, -25.378915829
-1.53345856555, 3.94360752466, -4.99999994304, -82.4072011426
-1.50114420198, 3.70267892351, -4.99999602951, -52.4766144978
-1.450805139, 3.8574794034, -4.99999834066, -65.0477341789
-1.47567221365, 3.65035621172, -4.99999521065, -33.9549686127
-1.44714774839, 3.54515448537, -4.99999999343, -69.7979393056
-1.42471327562, 3.61855734286, -4.99999919539, -74.9811498082
-1.47629506503, 3.60970764863, -4.99999739368, -4.3862084818
-1.5407920505, 4.72190964561, -4.99998987101, -156.525285949
-1.47619858911, 3.61538686897, -4.9999902223, -3.75349110586
-1.47633838033, 3.6158116137, -4.99999798738, -3.72126396312
-1.20618802942, 4.03028820881, -4.9991754318, -118.223999111
-1.4758866012, 3.61630506766, -4.99999824538, -3.81927755463
-1.47959659089, 3.70770013642, -4.9999997769, -74.5030604451
-1.48744062765, 3.37637989363, -4.99998924937, -93.0790414648
-1.56082769308, 3.91763044619, -4.99802609201, -61.7977126887
-1.16909197804, 3.55101258805, -4.99931937603, -114.128067604
-1.47598993962, 3.61568519869, -4.99999979343, -3.73002783584
-1.91639484083, 3.35246471908, -4.92812818784, -111.089629624
-1.60188926274, 3.47370380716, -4.99992517669, -84.4883657526
-1.47666568734, 3.61571348856, -4.99883339773, -3.86565430519
-1.47823681689, 3.61067811548, -4.99999968666, -4.13708334035
-1.47731975988, 3.6155272872, -4.99845105604, -3.90453890043
-1.96263121213, -4.97849016605, -4.97350786167, -188.436760216
-1.09640670289, -4.99916259128, -4.85203522994, -115.241255892
-0.657651166599, -4.92918193753, -4.9660832447, -106.873646078
-0.608510361633, -4.47888022355, -4.84137489962, -49.85925092
0.113406786858, -4.05279813774, -4.96018229303, -82.44152073
-0.544178712377, -3.87108272162, -4.88170841794, -6.82915564248
-0.499685282686, -4.01259526331, -4.88084921793, -5.99307925134e-07
-0.499489627119, -4.01282452957, -4.88090828326, -2.37620468459e-05
-0.499559567743, -4.01337552647, -4.88533343694, -0.00511069256497
-0.505425764265, -4.01261889696, -4.88077112914, -0.00830830031542
-0.500517216676, -4.01439319436, -4.88104114201, -0.000989346995356
-0.499607904454, -4.01261381048, -4.88079379214, -4.67561938352e-06
-0.499759032319, -4.01268494383, -4.87867548132, -0.00125301598832
-0.499446036565, -4.01271106821, -4.88046759815, -6.55600122862e-05
-0.425690122252, -4.0119165067, -4.87898393706, -1.3358908293
-0.499182120895, -4.01266172301, -4.88081915666, -6.91547589717e-05
-0.499793465188, -4.01259289435, -4.88038653095, -6.8274829126e-05
-0.493852076242, -4.13010969156, -4.88076727378, -3.80891006644
-0.499697764377, -4.08195685378, -4.88070739882, -1.24310404381
-0.49953937191, -4.01330474315, -4.88235707081, -0.000671192719304
-0.499736912359, -4.01258594501, -4.88089401997, -4.7623371283e-07
-0.497414498203, -4.01291857348, -4.88093530824, -0.0013421877105
-0.49742070999, -4.01246174455, -4.88181427758, -0.00152490922525
-0.499700262861, -4.01261120412, -4.88088124672, -1.19041113225e-07
-0.499695020996, -4.01259616738, -4.8808966921, -2.22019988818e-10
-0.499538118005, -4.00894775686, -4.88128119267, -0.00343000296747
-0.500151218914, -4.01275625359, -4.88074480221, -6.48200317235e-05
-0.499878054882, -4.01260364201, -4.88092639597, -8.69186258459e-06
-0.499612845074, -4.0125608566, -4.88088944793, -2.05465537e-06
-0.500907111411, -4.0115847924, -4.88463295753, -0.00416183171697
-0.500019315156, -4.01156796659, -4.88070085763, -0.000304512595591
-0.500289745188, -4.01075125203, -4.89402193528, -0.0445989808682
-0.498978167742, -4.00969784596, -4.88208624859, -0.00262067713229
-0.508507450189, -4.01261873172, -4.88079449611, -0.0196253097566
-0.49983314496, -4.00684837963, -4.86947275828, -0.0413285004015
-0.488153615922, -3.98972957945, -4.88069882431, -0.168824714557
-0.489474412618, -4.001182836, -4.90801859825, -0.245460012274
-0.493022202588, -4.01278342207, -4.97013827586, -2.14709940282
-1.32111443946, 3.42856400782, -4.92713782173, -79.7444883592
-1.56388627441, 3.55175453205, -4.93316454617, -9.32895289439
-1.56414309551, 3.53969729264, -4.93254814804, -5.3958595005
-1.56380512465, 3.53995799504, -4.93175372427, -5.43430113964
-1.56023554012, 3.54012876852, -4.93121639755, -5.91026665374
-1.56634803888, 3.61767608133, -4.93017175822, -77.3769457452
-1.56356308878, 3.5451970845, -4.93373012936, -6.25072347564
-1.80105981571, 3.6444391395, -4.6928745855, -109.917266265
-1.00354705091, 3.63861381672, -4.93483354498, -72.117927945
-1.51606530262, 3.65704464607, -4.75197994605, -67.085730428
-1.61107647881, 3.50741135032, -4.92889478936, -63.7065124817
-1.42242845614, 3.66733336768, -4.937876066, -86.685264526
-2.72623432293, 3.65773744312, -4.94713861723, -133.343253057
-1.17383799434, -4.9947340918, -4.93722418082, -116.337781165
1.41609410075, -4.90060770006, -4.85735845692, -175.895774768
-1.96799851463, -0.514160953505, -4.87093567256, -740.875488191
-0.828663665117, -4.94850258407, -4.95841914281, -105.121839425
-1.20446960678, -4.07291320964, -4.83362590725, -100.114896177
-0.50047731262, -4.0001139064, -4.86138902285, -0.13611351454
-0.678503231461, -4.97618400217, -4.90651866228, -101.684752098
-0.540046041374, -3.92409013333, -4.88109734658, -2.54693854475
-1.63856667088, -2.34404050837, -4.96891839406, -404.091379912
-0.498458660796, -4.07471835494, -4.9495273342, -2.1717550017
0.519906895659, 4.92064775016, -4.98365932858, -639.594951
-0.499693874568, -4.01167109597, -4.88125995993, -0.000250612542367
-0.521268609493, -4.00949394356, -4.90135422928, -0.229209544695
-1.47423199522, 1.95094504569, -4.80378142648, -391.709027785
-0.496004143, -4.01352467717, -4.88063727304, -0.00368264571551
-0.499622328086, -4.01239904866, -4.87891346673, -0.00100741669619
-0.49969372445, -4.01259401418, -4.88090680118, -2.77415051337e-08
-2.20641350448, -2.47830314228, -4.90188836908, -411.303779459
-0.499099913271, -4.01271978159, -4.88070620821, -0.000102674679741
-0.499741822391, -4.01333347837, -4.8837540884, -0.00219763269792
-0.49969560755, -4.01259591167, -4.88089986134, -2.67326174261e-09
-0.499693357747, -4.01259693314, -4.88089434768, -2.36225205e-09
-0.499568736937, -4.0114564789, -4.88114588755, -0.000349847408601
-0.499960955575, -4.01261968663, -4.880885704, -1.80218644115e-05
-0.499739194325, -4.0121078721, -4.88008054666, -0.000229665765017
-0.499768785218, -4.01259271965, -4.88110037737, -1.18445337578e-05
-0.499808689083, -4.01260023987, -4.88089434989, -3.26720041394e-06
-0.499701215763, -4.01260602536, -4.8808691951, -2.23571875462e-07
-0.499650112312, -4.01258801657, -4.88086040008, -8.68052451236e-07
-0.494946551817, -4.01266671007, -4.88117733036, -0.00572816800386
-0.499707368259, -4.01262447244, -4.88654740637, -0.00804754918442
-0.499694022668, -4.01259620523, -4.88091853957, -1.1912791163e-07
-0.499688830015, -4.01257380963, -4.88093592319, -5.32164464513e-07
-0.515199083807, -4.0125361263, -4.88092626753, -0.0610726372746
-0.499707179942, -4.01257343385, -4.88088915657, -1.93622155929e-07
-0.499264031314, -4.01026080286, -4.88073224658, -0.0014390279453
-0.499667057171, -4.01250734907, -4.88081600401, -3.887021425e-06
-0.499696091374, -4.00861415023, -4.88092146064, -0.00402916727674
-0.499647365184, -4.0133873193, -4.88101417727, -0.000161690303006
-0.49999478112, -4.01243552469, -4.8808163239, -3.09317662854e-05
-0.499804460522, -4.01244589899, -4.88085890758, -9.15947886286e-06
-0.496034191134, -4.03648852658, -4.88101665734, -0.144581512547
-0.499679709105, -4.01608847874, -4.88115197339, -0.00308077988176
-0.95086241809, 4.90043822278, -4.91001070591, -174.187377763
-0.500832280488, -4.00053542164, -4.87931621808, -0.0382946668098
-1.06619594306, -4.0140605033, -4.87208524047, -66.7312145325
-0.499469744544, -4.01262761626, -4.88090124748, -1.3071670857e-05
-0.500108166879, -4.01264962411, -4.87970129857, -0.000405197872537
-0.508290939442, -4.01761239558, -4.86013934166, -0.133388051145
-0.680448547456, -2.27418962105, -4.81961544327, -400.936100595
-0.499213595004, -4.01185529909, -4.88117005739, -0.000216713562735
-0.499803383712, -4.01255771113, -4.88090061365, -3.36118968175e-06
-0.502498139674, -4.01361795365, -4.88235228788, -0.00278215753628
-0.498736858738, -4.01150755903, -4.87848691399, -0.00200550212183
-0.497997457845, -4.02136824573, -4.90468050535, -0.160969518152
-0.49946639377, -4.01278106138, -4.88098436139, -2.37083428354e-05
-1.69199023101, 4.99968351718, -4.88733750941, -215.491872585
-1.37228152101, -4.91364102706, -4.95026913686, -145.23270591
-0.759929284385, -4.98695678001, -4.9105780544, -96.5868266514
-0.727505731016, -4.00914780783, -4.84582975511, -14.1379602458
-0.485094451047, -4.01369045443, -4.88123483266, -0.0536011170881
-0.46650817146, -4.01281325319, -4.85266022537, -0.475533405057
-0.50000489318, -4.00230705015, -4.88525118669, -0.0320154466679
-0.49956866495, -4.01283121862, -4.88103403651, -2.26316785706e-05
-3.44806433303, -1.80595507255, -4.99834251002, -727.840513176
-0.23539968107, -4.00481377459, -4.88154359247, -19.6321815567
-0.493202096115, -4.01296562198, -4.87907765531, -0.0115103237744
-0.49524272214, -4.01054776796, -4.88666185977, -0.0144915568433
-0.499318339336, -4.01283075366, -4.88135980616, -0.000103800855786
-0.496379843748, -4.00804912618, -4.88058020087, -0.00805872669996
-0.491156527034, -3.98603275794, -4.8727345816, -0.218093058245
-0.530642994968, -3.9852873228, -4.88082255255, -0.447890609119
-0.499199431608, -4.01253046045, -4.88192706952, -0.000331323545887
-0.505746753982, -4.01264752697, -4.88065370158, -0.00928195698037
-0.496535309521, -4.02012379102, -4.954024344, -1.39391418655
-0.49564683237, -4.01715920912, -4.95413692948, -1.39877376361
-0.506837126217, -4.0162913753, -4.95583039076, -1.49605205163
-0.494781558187, -4.01976887438, -4.99015302453, -3.34186054944
-0.484084344419, -4.01691078155, -4.99348383194, -3.59099435355
-0.389128366572, 4.03022327496, -4.99999660235, -280.249039161
-0.135793463933, -3.04630269567, -4.99999998918, -214.671535665
-1.14553482215, 4.04543608324, -4.99999999743, -48.3292498769
-1.39888622736, -0.417235966058, -5.0, -763.771352935
-1.47738082334, 3.61657882612, -4.99999999433, -3.94056840797
-1.47868620184, 3.61531972058, -4.99999999557, -4.03996174634
-1.47555964663, 3.61812106417, -4.99999999994, -4.05644633763
-1.47633097894, 3.61577458201, -4.99999999693, -3.7081239696
-1.47633135621, 3.61576348518, -5.0, -3.70221124008
-1.47640982949, 3.616375062, -5.0, -3.8335141682
0.0898334063511, -1.69001182075, -4.9999995446, -660.210737371
-1.47674538296, 3.61621433074, -5.0, -3.82613757126
-1.47633406529, 3.61575200781, -5.0, -3.70593737303
-1.47513733052, 3.61697289247, -4.99999913261, -3.89511120379
-1.49212215328, 3.59261716209, -4.7605376611, -77.6941500085
-1.47606425012, 3.61679146811, -4.99999828745, -3.88057100417
-1.5223581412, 3.80400688626, -4.99968501077, -66.9174494943
-1.47485044247, 3.61111397494, -4.99982181843, -4.31332059803
-1.34422625079, 3.66513136789, -4.99998191258, -74.5156164638
-1.48115491726, 3.70641183764, -4.99981007844, -72.7990882532
