-1.47574102693, 3.61560329624, -4.99984580695, -3.68814547306
-1.47574105121, 3.61560323846, -4.99984575761, -3.68762387061
-1.47573961229, 3.61560302436, -4.99984446755, -3.68869543782
-1.47573959962, 3.6156029711, -4.99984436686, -3.68885494315
-1.47574682749, 3.61559058947, -4.99984310007, -3.69590996714
-1.47569312635, 3.61557952171, -4.99999514864, -3.75802833773
-1.47571848767, 3.6155957583, -4.99980658354, -3.69401942407
-1.46058302508, 3.6506497908, -4.96292555048, -49.0934727121
-1.47571714147, 3.61560027347, -4.99980594841, -3.6957842221
-1.47569659616, 3.61558949483, -4.99977274831, -3.69659306957
-1.47629928921, 3.61575887178, -4.99994829811, -3.70557125528
-1.47674340219, 3.61574929181, -4.99999112451, -3.77440725347
-1.47629972297, 3.61575894824, -4.99996345311, -3.70109631486
-1.47630838478, 3.61575771919, -4.99996161159, -3.69875908386
-1.47630775576, 3.61575786812, -4.99995963919, -3.69698960768
-1.47631696249, 3.61575832871, -4.99996732617, -3.69880604327
-1.47631403187, 3.61575732184, -4.99996243579, -3.70021901667
-1.47633102542, 3.61576405417, -4.99999804203, -3.69936123179
-1.47633101107, 3.61576406248, -4.99999784813, -3.69956735311
-1.47633097611, 3.61576405336, -4.999999778, -3.70200591175
-1.47633100417, 3.61576404176, -4.9999980008, -3.69927836464
-1.47633281055, 3.61576405017, -4.99999794865, -3.70115838156
-0.99897839896, 3.62113808186, -4.86482229518, -109.072311357
-1.42092860351, 3.61910529783, -4.94771333227, -71.8652099466
-1.47612825446, 3.61576629691, -4.99999708134, -3.72545075005
-1.47633099102, 3.61576404269, -4.9999979415, -3.69903803648
-1.47632668671, 3.61576403907, -4.99999786413, -3.70330001568
-1.47633098331, 3.61576673262, -4.99999795276, -3.70238882898
-1.4763309826, 3.61576404514, -4.99999795141, -3.69903925718
-1.4763309826, 3.61578239339, -4.99999794703, -3.71149927253
-1.47633098274, 3.61576404278, -4.99999794202, -3.69911822239
-1.47633098276, 3.61576404514, -4.99999795214, -3.6990413748
-1.476330998, 3.61576405872, -4.99999792331, -3.69921839654
-1.47633100204, 3.61576405239, -4.99999795448, -3.69908268354
-1.47633101504, 3.61576405783, -4.99999802038, -3.6992500664
-1.47626159854, 3.61576271966, -4.99999997999, -3.70647829524
-1.47633114809, 3.61576408582, -4.99999816889, -3.69944661811
-1.4762859353, 3.615816725, -4.99999775186, -3.71452795534
-1.47633107738, 3.61576379325, -4.99999776819, -3.69979219948
-1.47622599678, 3.61576602455, -4.99999929487, -3.70111581666
-0.40701257108, 2.0093695358, -4.8537271302, -747.999542351
3.90821337115, 3.98102948762, -4.99910559169, -1438.18789465
0.507337612412, -4.99925861676, -4.90863958238, -115.760233638
-0.0631978133526, -2.87360900501, -4.82596322992, -282.744419022
-1.02971438328, -1.07850786206, -4.99997971595, -780.766611924
-0.498194099201, -4.01218588688, -4.88145878638, -0.000691410584033
-0.49969845095, -4.01270800146, -4.88089805155, -3.11399453904e-06
-0.465672815405, -4.98491647224, -4.88379263833, -103.13589169
0.590703303602, -3.40735865364, -4.84102797831, -222.713578315
-0.957858055946, 3.29403596657, -4.88244405526, -164.135948801
-0.499731564782, -4.01260200608, -4.88089941958, -3.44644892728e-07
-1.13520988442, -0.681364260796, -4.8758695733, -695.747803749
-0.499695125822, -4.01260313206, -4.88089692044, -9.24974962597e-09
-0.49972086735, -4.00436624463, -4.88106117127, -0.0172586798112
-0.499684772084, -4.01258321681, -4.8809414347, -5.77312571007e-07
-0.499693907509, -4.01259705565, -4.88089687078, -3.39264173203e-10
-0.499695055159, -4.01259708403, -4.88089686812, 0.0
-0.499695075769, -4.01259710743, -4.88089714054, -1.75191521742e-11
-0.499695069713, -4.01258735032, -4.88089695168, -2.39620202948e-08
-0.499695073321, -4.01259708839, -4.88089687291, 0.0
-0.499695068299, -4.01259708998, -4.8808968737, 0.0
-0.499695068299, -4.01259709002, -4.8808968737, 0.0
-0.499695068271, -4.01259709001, -4.88089687377, 0.0
-0.499695080171, -4.01259711443, -4.88089687784, -3.36909441623e-13
-0.499506104059, -4.01268700575, -4.88114249336, -2.63306043459e-05
-0.499695068299, -4.01259709002, -4.8808968737, 0.0
-0.49969465884, -4.0125969223, -4.8808965623, -7.36135067022e-11
-0.499694941533, -4.01259720016, -4.88089689601, -7.24349511202e-12
-0.499695068611, -4.01259707565, -4.88089687318, 0.0
-0.499695067946, -4.01259709093, -4.88089687495, 0.0
-0.499695068299, -4.01259709002, -4.8808968737, 0.0
-0.499695046533, -4.01259706795, -4.88089682974, -6.73812404638e-13
-0.499694892554, -4.01259577431, -4.88089566291, -8.15162425856e-10
-0.499695053621, -4.01259694531, -4.88089682812, -5.55893629797e-12
-0.499694904105, -4.01259705863, -4.88089662998, -2.22356011066e-11
-0.499691548296, -4.01258921563, -4.8808960457, -1.89617907794e-08
-0.49959964078, -4.01259442495, -4.88088193753, -2.35989141256e-06
-0.499676489813, -4.01248312963, -4.88090143788, -3.37421886609e-06
-0.499694829471, -4.01256141654, -4.88088714764, -3.45637894828e-07
-0.49976336552, -4.01170174762, -4.88090216846, -0.00020394978677
-0.499698618529, -4.01162900257, -4.88058400884, -0.000261877764577
-0.499700088334, -4.01075119389, -4.88090025018, -0.000863754756796
-0.498978167626, -4.00969784596, -4.88208624879, -0.00262067640216
-0.508507450189, -4.0126187318, -4.880794487, -0.0196252966084
-0.499833064224, -4.00684837963, -4.86947275828, -0.0413284791378
-0.488153615922, -3.98972957945, -4.8806988256, -0.168824615158
-0.489474412787, -4.01286672929, -4.90801822682, -0.20907840071
-0.493022202588, -4.01278342207, -4.97013827577, -2.14709923053
0.392578790656, -1.72744378423, -4.91498686123, -818.940237673
-2.09135065423, -4.90068347642, -4.93045906563, -196.387181176
-0.961879042535, -1.74140857665, -4.90408241012, -574.748933177
0.151639370358, -4.91097552736, -4.93057055889, -97.9385326106
-1.27451829967, -3.80320641189, -4.92726794494, -118.210242753
-2.72437094372, -4.04490518496, -4.92870212051, -319.930898428
-0.852503600112, 4.35510559818, -4.91839951073, -141.461737359
-0.668648827822, -4.99900942903, -4.94301105447, -95.6413971696
-2.71126828289, 0.268190129941, -4.81711141718, -625.932127559
-1.35907765373, 4.90000999901, -4.67164935445, -247.222529261
-0.350554921536, -4.3249861784, -4.85708217529, -34.1591604725
-0.491984087572, -4.00923813427, -4.87771385336, -0.0205072431917
-1.03080948213, 4.90000788849, -4.92953335896, -206.571023016
-0.252029357467, -0.438394456013, -4.98934039017, -931.704190943
-0.49969525881, -4.01259716559, -4.88089689435, -1.11180365945e-11
-0.499701450183, -4.01259974219, -4.88089770984, -1.22708172661e-08
-0.497162136522, -4.01053431272, -4.85992975288, -0.113098009812
-0.497819966808, -4.01526998145, -4.88109249702, -0.00269345944492
-0.499695037606, -4.01259709291, -4.88089688887, -1.68454471079e-13
-1.19053512967, -2.32433944055, -4.9235960168, -367.38966583
-0.499695053015, -4.01259707107, -4.88089687961, -1.68454071795e-13
-0.499607513385, -4.01382062686, -4.88804007937, -0.0132451902029
-0.499696160925, -4.01259719556, -4.88089686355, -3.06589993616e-10
-0.499695057463, -4.0125970964, -4.88089687144, 0.0
-0.499695088538, -4.01259708139, -4.8808968662, -1.68454536729e-13
-0.499697431657, -4.01272335878, -4.88086799607, -4.24313744164e-06
-0.499695052826, -4.01259709709, -4.88089687618, 0.0
-0.499694976542, -4.01259707956, -4.88089691578, -2.35834857676e-12
-0.499695051457, -4.01259692067, -4.88089687156, -6.90656850862e-12
-0.49969507659, -4.01259708687, -4.88089687876, 0.0
-0.499696118676, -4.0125966715, -4.88089761529, -4.61236444447e-10
-0.499695002473, -4.01259708634, -4.88089696831, -3.03217432072e-12
-0.499695056797, -4.01259709259, -4.88089689904, -1.68455030804e-13
-0.499695095948, -4.01259708615, -4.88089691207, -5.05365517989e-13
-0.499695054652, -4.01259708823, -4.88089688087, 0.0
-0.499695074132, -4.01259708409, -4.88089691175, -3.36910450078e-13
-0.499695061338, -4.01259709595, -4.88089688604, 0.0
-0.499695070225, -4.01259708446, -4.88089690931, -3.36910818205e-13
-0.499695064222, -4.01259709112, -4.8808968823, 0.0
-0.49969505441, -4.01259709092, -4.88089746146, -8.60805054708e-11
-0.499695100397, -4.01259706372, -4.88089688991, -5.05364253771e-13
-0.499695054865, -4.01259718621, -4.88089661698, -1.98774840203e-11
-0.499695052725, -4.01259709111, -4.88089686953, 0.0
-0.499695064674, -4.01259709058, -4.8808968787, 0.0
-0.499695083309, -4.01259708973, -4.88089690673, -3.36910371635e-13
-0.499695051169, -4.01259707679, -4.88089686847, -1.68454147007e-13
-0.499695044925, -4.01259708305, -4.88089686956, -1.68453927993e-13
-0.49969511254, -4.01259712273, -4.88089689843, -1.010728692e-12
-0.499695154418, -4.01259220503, -4.8808968803, -6.02325795425e-09
-0.49969506287, -4.0125970759, -4.88089689429, -1.68454718311e-13
-0.499695039931, -4.01259708345, -4.88089686909, -1.68454077969e-13
-0.499695067032, -4.01259708347, -4.88089686863, 0.0
-0.499695467911, -4.01259713781, -4.88089685106, -4.19450982354e-11
-0.49969512077, -4.01259777234, -4.88089689773, -1.20446099401e-10
-0.499695058519, -4.01259709409, -4.88089689331, -1.68455011903e-13
-0.499695047533, -4.01259708595, -4.88089687141, -1.68454132744e-13
-0.499695845602, -4.01259694949, -4.88089456725, -1.50882918921e-09
-0.499695058944, -4.01259708928, -4.88089689293, 0.0
-0.499695039785, -4.01259660056, -4.88089691102, -5.9800045296e-11
-0.499695058954, -4.01259708926, -4.88089689291, 0.0
-0.499695061659, -4.01259706861, -4.88089685987, -1.68453826282e-13
-0.499696065553, -4.01259706685, -4.88089685766, -2.53188671809e-10
-0.899194654833, -4.94117981577, -4.89246395855, -109.530142431
-0.49969504748, -4.01259706683, -4.88089685968, -1.68453689363e-13
-0.499695045487, -4.01259705868, -4.88089685806, -3.36906753233e-13
-0.499695076284, -4.01259709089, -4.88089683907, -5.05361632926e-13
-0.499695083269, -4.01259706911, -4.88089683799, -5.05360104186e-13
-0.499695495278, -4.01257981827, -4.88086063253, -4.07664856917e-07
-0.499699288743, -4.01259702631, -4.88089682549, -4.51226268004e-09
-0.499658794532, -4.01259707278, -4.88089961551, -3.34531374926e-07
-0.499695509789, -4.01259934163, -4.88089661558, -1.35546415411e-09
-0.499692951673, -4.01259718953, -4.88090281998, -1.00626196463e-08
-0.499688963646, -4.01259493162, -4.88089915016, -1.1893357671e-08
-0.499695317844, -4.0125971021, -4.8808985507, -7.23866057118e-10
-0.499698301248, -4.01259687216, -4.88089678231, -2.66155150941e-09
-0.499696466219, -4.01259675313, -4.88089690286, -5.24234933332e-10
-0.499764242273, -4.0120058716, -4.88085580014, -8.99380108293e-05
-0.499694964668, -4.01259695949, -4.88089625167, -1.05789478907e-10
-0.499693339653, -4.01248109243, -4.88089721907, -3.40119304807e-06
-0.499695065458, -4.01259707591, -4.88089685931, -1.68454089789e-13
-0.49969505814, -4.0125973156, -4.88089686239, -1.34764033689e-11
-0.499694555269, -4.01259682356, -4.88089639883, -1.41163357417e-10
-0.499688296018, -4.01261834571, -4.88089690083, -1.25927646458e-07
-0.499673967849, -4.01260174225, -4.88095316281, -9.19015746358e-07
-0.499683101076, -4.01260280884, -4.88095209864, -8.15520163667e-07
-0.499210244346, -4.01258368222, -4.88192705677, -0.000327550941822
-0.505746753991, -4.0126475269, -4.88065372902, -0.00928192727808
-0.497857882565, -4.02012379394, -4.95402433276, -1.39070068821
-0.495646832376, -4.01715920912, -4.95413692949, -1.39877375714
-0.506837231386, -4.01629132433, -4.95583038794, -1.49604294383
-0.494712455965, -4.01976887046, -4.99015302453, -3.34023574871
-0.48408434442, -4.01691078212, -4.99348383194, -3.59099415784
-1.8433314142, -4.06065490237, -4.99989227069, -175.221891208
1.965221754, -2.57590344266, -5.0, -708.984326293
-3.90232927474, 1.88226779171, -5.0, -445.361789171
-0.43961739871, 1.25000698197, -5.0, -1078.04494524
-1.47584991461, 3.61566933819, -4.99981117458, -3.72524083554
-1.47621039931, 3.61560053124, -4.99996297548, -3.7540467971
-1.47635622047, 3.61529187095, -4.9997845005, -3.80453826793
-1.47624666701, 3.61558177097, -4.99989578322, -3.74698062487
-1.4756310978, 3.61598372883, -4.99985753449, -3.77276081743
-1.4757476083, 3.61560370252, -4.99984091452, -3.69307138642
-1.40888028994, -4.90000998795, -4.99988985225, -142.806016587
-1.47574076925, 3.61560078193, -4.99984584369, -3.68993654813
-1.47608830257, 3.60947743049, -4.99978547771, -4.49933418055
-1.47574092051, 3.61560320636, -4.99984558693, -3.68744749197
-1.4757476967, 3.61617901815, -4.99983617132, -3.80407934819
-1.47574094363, 3.61560319273, -4.99984558343, -3.68738417902
-1.4757409379, 3.61560319993, -4.99984556624, -3.68746792052
-1.47574094395, 3.61560318567, -4.99984558506, -3.68738188231
-1.4757409384, 3.61560318805, -4.99984558281, -3.68745049923
-1.47574094709, 3.61560318465, -4.99984575756, -3.68791905847
