-1.51012913758, 3.68357417282, -4.9998603963, -67.2179886678
-1.47514730359, 3.61602816502, -4.99983077021, -3.77802003473
-1.4756548398, 3.61534100227, -4.99989299978, -3.74568215737
-1.47573960099, 3.61582070483, -4.99984265489, -3.72835887801
-1.32071349175, 3.76268586336, -4.99602365076, -82.5746077427
-0.98873634413, 3.65961907359, -4.9883509698, -61.0395917448
-1.47306151424, 3.65477773425, -4.99982602867, -39.616140055
-1.47057436028, 3.70957819766, -4.95973514012, -65.6683585396
-1.47571714147, 3.61560027347, -4.99980594791, -3.69578805016
-1.47569674795, 3.61558946887, -4.99978852955, -3.70879242936
-2.66168076724, 3.59652276769, -4.89650821235, -168.590919063
-1.47611510034, 3.61577684979, -4.99983596639, -3.7436366568
-1.47632906624, 3.61576307783, -4.99999066313, -3.70493976494
-1.47629127267, 3.61575827298, -4.99999998892, -3.70612373242
-1.47632573859, 3.61576959287, -4.99999855145, -3.70505194303
-1.47620025542, 3.61576339463, -4.99999127539, -3.71550286426
-1.476293875, 3.6157591445, -4.99999948606, -3.70466507691
-1.47612282774, 3.61558186729, -4.99994988532, -3.74269183715
-1.46990709833, 3.62030532032, -4.99950653735, -5.79823017176
-1.4764877528, 3.61601659134, -4.99993723944, -3.77699247647
-1.06483815177, 3.61989024208, -4.99970376045, -102.001472024
-1.47627942928, 3.61580371827, -4.99996351071, -3.70673550904
1.08043227677, 3.6038277167, -4.87519236765, -1058.22069924
-1.45577610851, 3.61973672687, -4.86778869372, -69.3872959472
-1.51327907003, 3.51792339589, -4.99999988421, -108.083295044
-1.47658755692, 3.61575150755, -4.99995655319, -3.7518071987
-1.47707426405, 3.61665564313, -4.9999974951, -3.95302842128
-1.47614824975, 3.22181843433, -4.99999719772, -84.8378508255
-1.54706030402, 4.05376020553, -4.99999840469, -81.56821292
-1.58845276589, 3.57105766185, -4.99999907991, -67.9322374196
-1.40335557204, 3.65740492564, -4.99999973359, -69.9474843988
-1.47635150195, 3.61580641216, -4.99999999972, -3.72643560794
-1.53429313049, 3.73614227352, -4.99999980339, -15.8041457639
-1.47617568845, 3.61774914272, -4.99999976806, -4.04629345527
-1.47632815911, 3.61575198787, -4.99999935383, -3.70479287106
-1.51923416948, 3.58472076131, -4.99999163946, -56.9573560949
-1.47632171749, 3.61574735826, -4.99999961749, -3.70765015622
-1.47623781855, 3.61580107362, -4.99999800228, -3.71022524605
-1.47686350847, 3.66457034858, -4.99998632535, -53.6578606161
-1.47588696866, 3.61577096792, -4.99999822442, -3.71450556021
-1.48290188576, 3.59051926341, -4.99999977645, -18.8000237242
-1.47530742833, 3.04641254533, -4.99999979503, -129.558157962
-1.47017417291, 3.77389346511, -4.99998218834, -62.6338385795
-1.10944389733, 3.59907934149, -4.97951860681, -97.6931002864
-1.47598994588, 3.61568519953, -4.99999979364, -3.72993850756
-1.52706739197, 2.27090166962, -4.99332489969, -325.165270549
1.06242240736, 3.61278865881, -4.9989931975, -1111.90418788
-1.4766743433, 3.61555007718, -4.99896012673, -3.80165451074
-1.47724052842, 3.61332381898, -4.99999973845, -3.86987545164
-1.53265094316, 3.47977845751, -4.86435011729, -75.3192246809
-1.01521419953, -4.91589024875, -4.84144217471, -111.21084637
-1.06878810049, 0.926499236624, -4.91416571192, -775.803741939
-1.31271665967, 4.900009999, -4.90655351481, -180.062870061
0.540792446296, -0.163622898234, -4.98648447099, -1221.56071706
-0.460687873567, -4.69163531074, -4.91384011401, -75.015477265
-0.50795471516, -3.97943837569, -4.87798480144, -0.309435902163
-0.499663414682, -4.01268924138, -4.8808837018, -2.44471012404e-06
-0.497903997019, -4.01260694488, -4.88144032225, -0.000885594323258
-0.499722822597, -4.01269248484, -4.88089438532, -2.49756717157e-06
-0.499438757513, -4.01167376383, -4.88093649879, -0.000232921788945
-0.499691441997, -4.01257670872, -4.88100896363, -3.2844771233e-06
-0.499671642452, -4.01260551965, -4.88089101966, -1.65403528154e-07
-0.499679391696, -4.01240459878, -4.8809084958, -9.45878228265e-06
-0.499682978415, -4.01259989374, -4.88440248678, -0.00310247489009
2.45792277006, -4.01224999794, -4.88000576093, -402.980125724
-0.499697303651, -4.01259676276, -4.88088891886, -1.73116579738e-08
-0.499678169101, -4.01262238675, -4.87573023388, -0.00676727683074
-0.49968274819, -4.10003787868, -4.88095874226, -2.02883642394
-0.499688556963, -4.0116594412, -4.88092295321, -0.000222674739826
-0.508936551233, -4.01271551633, -4.88082770225, -0.0216044520191
-0.499695000867, -4.01259695604, -4.88090041814, -3.17500055188e-09
-0.433850933645, -4.01437086291, -4.88089685611, -1.05326943401
-0.499728533944, -4.01241759999, -4.87988452434, -0.000267775717533
-0.499695120862, -4.01259694977, -4.88089677591, -8.08575517049e-12
-0.499694901072, -4.01259704268, -4.88089662179, -2.39201183015e-11
-0.499689449497, -4.01258918984, -4.88089536952, -2.43125641935e-08
-0.500874140896, -4.08327627398, -4.87988637425, -1.29540964977
-0.501777365519, -4.01246100157, -4.88118724417, -0.0011231977935
-0.499695860013, -4.01256131877, -4.88088715163, -3.47531971258e-07
-0.499763369347, -4.01170262403, -4.88138875727, -0.000265008811172
-0.612152509146, -4.01162945406, -4.8805839966, -3.21047446571
-0.499672170447, -4.01075118058, -4.88140675418, -0.000930977989887
-0.498978167639, -4.00969784596, -4.88208624879, -0.00262067643497
-0.508507450189, -4.0126187318, -4.88079448701, -0.0196252967478
-0.499833148016, -4.00684837963, -4.86947275828, -0.0413285195113
-0.488153615922, -3.98972957945, -4.88069882559, -0.168824617062
-0.489474412787, -4.01678835161, -4.90801823707, -0.212832072819
-0.493022202588, -4.01278342207, -4.97013827577, -2.1470992349
-1.58129150689, 3.7207878036, -4.9468804198, -68.0886381166
-1.53564145325, 3.54144698465, -4.93197956335, -35.8202150267
-1.37920220932, 3.71104283471, -4.92902696452, -45.1056194507
-1.53906590627, 3.35966643338, -4.94470569887, -69.8226699253
-1.56707265113, 3.80259465237, -4.93929448756, -78.1350238839
-1.61894070392, 4.12840540779, -4.95227777987, -132.061018469
-1.54910687135, 3.78154471485, -4.91089733931, -40.8008406221
-1.61031034183, 3.67071462796, -4.94562202722, -4.12393652684
-1.3353893386, 3.66390146493, -4.97933880098, -76.6107983698
-1.56274470608, 3.62651314184, -4.8464051936, -60.3157321883
-1.02645000517, 3.81276235193, -4.94452410405, -73.7178798875
-0.937216127931, 3.88919841512, -4.9197398009, -105.704943243
-1.60146183048, 3.59207301032, -4.93077000595, -78.97693924
-0.0637015168028, 4.99900708181, -4.90401025994, -381.646982122
-1.19982178754, 3.74561719322, -4.86592869047, -131.283526331
-1.9838599008, 4.99900015046, -4.86077484138, -158.372163817
-1.07674794826, 2.85182750112, -4.82811367763, -196.308447486
-2.66304191907, -0.897286902431, -4.98129689576, -725.785438898
-0.499314766335, -3.96244043721, -4.88055166217, -0.673767581612
-1.08135507747, 4.43121990929, -4.95704063792, -173.485724135
-0.499912389329, -4.0121404285, -4.88084542843, -6.52598750302e-05
1.41291047836, 4.91925674651, -4.90990885016, -715.671679397
-0.499698923451, -4.01283480881, -4.88076437473, -1.87140886605e-05
-0.508794875187, -4.00489964666, -4.88197657371, -0.0365897543275
-0.499692468441, -4.01261151991, -4.88064656494, -1.58800393242e-05
-0.496673984963, -4.01289426523, -4.88117784956, -0.00234951858853
-0.502473879154, -3.99033110609, -4.82205378434, -1.0124566472
0.114281522077, -4.00684329788, -4.8953670303, -81.2384262309
-0.499682174556, -4.01258219626, -4.879867895, -0.000268160113215
-0.499694692494, -4.01259560797, -4.88089664601, -6.00362666323e-10
-0.812730347537, 1.36222945686, -4.8824265075, -732.840604155
-0.499695691583, -4.01260422263, -4.88089651335, -1.3018063161e-08
-0.499716554947, -4.01296050058, -4.88057246096, -6.00388083121e-05
-0.499694564924, -4.01260124862, -4.8808963232, -4.52573819612e-09
-0.499693375679, -4.01259688541, -4.88089728753, -7.7456183999e-10
-0.499348516908, -4.01259467544, -4.88089206604, -3.03726043997e-05
-0.499775678968, -4.01258973767, -4.8809306736, -1.94532073821e-06
-0.499969067544, -4.01259623264, -4.88090226046, -1.89693963592e-05
-0.498349995432, -4.01288605614, -4.87792839562, -0.00270655719712
-0.4996971424, -4.01251505186, -4.88090225242, -1.70972486063e-06
-0.49969491033, -4.01259752565, -4.88089680931, -5.64322407362e-11
-0.499988757919, -4.0125447513, -4.88089561658, -2.24793957944e-05
-0.49960196002, -4.01259292509, -4.88089694522, -2.19569058922e-06
-0.498887742251, -4.01263834834, -4.89396544242, -0.0434041580182
-0.499694044992, -4.01259708333, -4.88089821312, -7.14099001537e-10
-0.499699861118, -4.01259878901, -4.88089615632, -6.68257345421e-09
-0.498345941315, -4.01182311728, -4.88051505995, -0.000649540284918
-0.499707427011, -4.01259761824, -4.88089558029, -3.91407862914e-08
-0.499642081509, -4.01243267672, -4.88088403647, -7.58322484391e-06
-0.499714621327, -4.01250729372, -4.88081842416, -3.69028497738e-06
-0.49970240463, -4.0634152827, -4.88056359267, -0.649944851365
-0.505991941868, -4.01251667913, -4.88084470294, -0.0100368230732
-0.499701800866, -4.01248339767, -4.88085457115, -3.73032008895e-06
-0.49980444881, -4.01244350379, -4.88088263606, -9.03276471482e-06
-0.517053179521, -4.0037168368, -4.88073908953, -0.0976849710078
-0.499822831327, -4.01306402993, -4.88171438533, -0.000227924034265
-2.01162206524, -3.49470215733, -4.8334186483, -258.658430588
-0.512501501678, -4.01450275843, -4.88011450173, -0.0426427566583
-0.502641226288, -4.0163441075, -4.88032908216, -0.00581409358663
-0.499699326504, -4.0125989153, -4.88090134027, -1.04755313949e-08
-0.505350165302, -4.01257291845, -4.88101922552, -0.00808831405309
-0.733350273976, -4.02197254193, -4.88447187864, -15.6311230005
-0.494775394018, -4.99900094909, -4.94378918613, -92.178126583
-0.499685135478, -4.01261941651, -4.88089815705, -1.51494603307e-07
-0.49972924028, -4.01259755467, -4.8808952158, -2.96073494601e-07
-0.499739011472, -4.01250635602, -4.88102919702, -6.99336457128e-06
-0.499684616512, -4.01073723513, -4.88071270828, -0.000885127722532
-0.499767500589, -4.01263445946, -4.88116970478, -2.04880674061e-05
-0.499684287204, -4.01259860725, -4.88085892221, -3.94209474489e-07
-0.490552117663, -1.39523053293, -4.99835033032, -732.244104032
-0.464094478618, -4.22171153562, -4.91808538717, -13.6522532812
-0.503633931126, -4.05952349266, -4.92663831736, -1.07814265324
-0.502219694266, -4.01892628839, -4.99998457127, -4.10923614422
-0.461892208375, -4.00635335528, -4.87901721644, -0.362887531601
-0.499828837517, -4.01259383382, -4.79975450762, -1.7724625813
-0.499685248214, -4.01781732414, -4.88090984831, -0.00687817896026
-0.499689955397, -4.01283434168, -4.88090950221, -1.42686101726e-05
-0.384715625928, -4.05294222273, -4.86938516269, -3.63361872116
-0.476156935647, -4.3000078768, -4.8336009832, -29.013171244
-0.501336692987, -4.01645338993, -4.883037249, -0.00558058359605
-0.499474717402, -3.99603372694, -4.88264493119, -0.0716328074049
-0.499710043238, -4.01281831717, -4.88135998545, -6.65970127073e-05
-0.497489026311, -3.99990472365, -4.87921119295, -0.0431820593607
-0.512121298015, -4.00919580798, -4.87192304427, -0.0624218151487
-0.497430834196, -3.99493942769, -4.89054060112, -0.106717759001
-0.499210244347, -4.01258368216, -4.88192705677, -0.000327550961621
-0.505746753991, -4.01264752692, -4.88065372903, -0.00928192748076
-0.517996048306, -4.02012379597, -4.95402433435, -1.50952936801
-0.495646832376, -4.01715920912, -4.95413692949, -1.39877375716
-0.506837221764, -4.01629139041, -4.95583039073, -1.49604968183
-0.494317359949, -4.01976887052, -4.99015302453, -3.34181077495
-0.48408434442, -4.01691078212, -4.99348383194, -3.59099415785
-2.18319068192, 0.449732698723, -4.99930244855, -575.526238091
-1.05808218822, -1.18489329902, -5.0, -705.919850637
-2.57924386104, -3.21225390393, -5.0, -353.224014319
-0.664002078561, 1.45882524679, -5.0, -835.174642709
-1.47617533697, 3.61576223846, -5.0, -3.70996579761
-1.47633135983, 3.61576392159, -5.0, -3.70216869143
-1.47633785997, 3.61574653036, -5.0, -3.71026202702
-1.47633179166, 3.61574835056, -4.99999999136, -3.70277540802
-1.47633137704, 3.61576272352, -5.0, -3.70124909737
-1.47627162431, 3.61562589881, -5.0, -3.71340935667
-0.811749453802, 4.97544098346, -4.99999397877, -273.156864067
-1.4762492597, 3.61581939012, -5.0, -3.71647845878
-1.476330198, 3.61574916137, -5.0, -3.70125110213
-1.47599335585, 3.61550000689, -4.99979939823, -3.75781693122
-0.378734460649, 3.615936927, -4.41414910625, -352.483492943
-1.47567124748, 3.61535223209, -4.99999766272, -3.74639259199
-1.4814752469, 3.57157678561, -4.99976048546, -45.8391095301
-1.4757617748, 3.61571180456, -4.99976558535, -3.70831519664
-1.3764470537, 3.69748651782, -4.99894326305, -72.1143248078
-1.47647417997, 3.61560484212, -4.99972029079, -3.78977196248
