-1.47574090721, 3.61560321893, -4.99984560399, -3.68742405387
-1.47574105121, 3.61560323846, -4.9998457576, -3.68762367398
-1.47573961229, 3.61560302436, -4.99984446756, -3.68869406139
-1.47573959962, 3.61560297112, -4.99984436686, -3.68885404465
-1.47574682897, 3.61560254487, -4.99984275642, -3.69033238082
-1.47565450725, 3.6151620497, -4.99987066306, -3.77337807662
-1.47571848767, 3.61559575829, -4.99980658354, -3.6940188004
-1.5919794813, 3.69749727521, -4.99999562661, -67.4696659541
-1.47571714147, 3.61560027347, -4.99980594841, -3.6957842221
-1.47687006016, 3.61573833422, -4.99974722759, -3.82705823038
-1.47631709048, 3.61578915617, -4.99993521121, -3.71592786062
-1.4795646269, 3.61575793259, -4.99984688189, -4.28761997517
-1.47631542708, 3.61575925003, -4.99997239125, -3.69629507409
-1.47631165623, 3.61575715173, -4.99995977752, -3.70027581186
-1.47632464738, 3.61575774659, -4.99994076651, -3.71437895297
-1.47631495296, 3.61575903775, -4.99997176257, -3.69662231788
-1.4763149851, 3.61575903722, -4.99997165912, -3.69665348526
-1.47632331772, 3.61576405789, -4.9999978934, -3.70462513338
-1.47633098037, 3.61576404467, -4.99999758384, -3.69998778747
-1.47617824925, 3.61576404818, -4.99999710791, -3.71051980387
-1.4763698258, 3.61576275229, -4.99999582014, -3.72031630463
-1.47614088915, 3.61576365831, -4.9999964582, -3.72346086789
-1.91393300129, 3.61748435257, -4.99961433393, -94.0280040071
-1.47627299114, 3.61576405887, -4.99999778633, -3.70114568002
-1.47627605791, 3.6157637729, -4.99999530865, -3.69782234271
-1.47633099447, 3.61576404348, -4.99999794474, -3.69897786602
-1.47633099096, 3.61576404413, -4.99999794423, -3.69904220219
-1.47633099422, 3.61576403982, -4.99999794398, -3.69904480755
-1.47633099422, 3.61576404403, -4.99999794486, -3.69899328126
-1.47633099554, 3.61576404339, -4.99999794385, -3.69898661383
-1.47633098286, 3.61576404508, -4.99999795129, -3.69903902779
-1.47633098276, 3.61576404514, -4.99999795214, -3.69904137433
-1.47633100197, 3.61576405018, -4.99999795518, -3.69907571456
-1.47633100204, 3.61576405239, -4.99999795471, -3.69907714713
-1.4763310151, 3.61576405832, -4.99999802038, -3.69924074388
-0.983251469948, 4.91815051583, -4.98014551786, -237.969426962
-1.89516633807, 4.90099000176, -4.96652995401, -244.003176737
-1.26489652605, -3.02383239226, -4.98859250042, -236.847538236
-0.40067468798, -4.23587450755, -4.95752680547, -16.9588360907
-1.2333200415, -4.1978183073, -4.99829951681, -111.771415426
-0.502215843159, -4.02678485343, -4.88127587052, -0.0518874359203
-0.493554215573, -3.3837083035, -4.91104095062, -107.354733576
-0.499672893858, -4.01259378648, -4.88090702611, -1.53069656074e-07
-0.0806746377184, 2.69548219666, -4.94997000389, -747.789187668
-0.715779579247, 4.90020032075, -4.99445022291, -208.376318335
-0.499693697123, -4.01259720061, -4.88089686515, -4.76893618905e-10
-0.499695033635, -4.01259708921, -4.88089688658, -3.36908724999e-13
-1.02378136923, -4.81102368025, -4.99860237524, -105.65931187
-2.01342961822, 4.91976196897, -4.94905657994, -209.442196921
-0.56370245392, -4.90000873968, -4.87798577389, -89.249800695
-0.499695082978, -4.01259709099, -4.88089684474, -3.36908060126e-13
-1.64970510527, -2.36939163596, -4.84352245755, -371.487466035
-0.499695068299, -4.01259709002, -4.8808968737, 0.0
-0.499695068377, -4.01259709002, -4.88089687372, 0.0
-0.499695068299, -4.01259709002, -4.8808968737, 0.0
-0.499695068207, -4.01259709003, -4.88089687371, 0.0
-0.499695068299, -4.01259709002, -4.8808968737, 0.0
-0.499695068299, -4.01259709002, -4.8808968737, 0.0
-0.499695068299, -4.01259709002, -4.8808968737, 0.0
-0.499695068299, -4.01259709002, -4.8808968737, 0.0
-0.499695068299, -4.01259709002, -4.8808968737, 0.0
-0.499695068299, -4.01259709002, -4.8808968737, 0.0
-0.499695068299, -4.01259709002, -4.8808968737, 0.0
-0.499695068299, -4.01259709002, -4.8808968737, 0.0
-0.499694041495, -4.01258420939, -4.88089665155, -4.21959297318e-08
-0.499695068299, -4.01259709002, -4.8808968737, 0.0
-0.499695068299, -4.01259709002, -4.8808968737, 0.0
-0.499695068299, -4.01259709002, -4.8808968737, 0.0
-0.499695068299, -4.01259709002, -4.8808968737, 0.0
-0.499695068299, -4.01259709002, -4.8808968737, 0.0
-0.499695068299, -4.01259709002, -4.8808968737, 0.0
-0.499695046533, -4.01259706795, -4.88089682974, -6.73812404638e-13
-0.499695143578, -4.01259710559, -4.88089689837, -1.68454601951e-12
-0.499695053621, -4.01259694531, -4.88089682812, -5.55893629797e-12
-0.499694904105, -4.01259705863, -4.88089662998, -2.22356011065e-11
-0.499695027212, -4.01259596301, -4.88089647229, -3.60149367036e-10
-0.499694659539, -4.01259441635, -4.8808969, -1.84233238966e-09
-0.499676694338, -4.01259852898, -4.88090143787, -9.11303572452e-08
-0.499694829471, -4.01256141654, -4.88088714764, -3.45637894828e-07
-0.49976336552, -4.01170174762, -4.88090216846, -0.000203949786723
-0.499698705633, -4.01162900257, -4.88058400884, -0.000261875704494
-0.499700088334, -4.01075119389, -4.88090025018, -0.000863754756795
-0.498978167626, -4.00969784596, -4.88208624879, -0.00262067640216
-0.502197834319, -4.01323552201, -4.87253874001, -0.0193302780012
-0.50363630025, -4.01002008903, -4.87966561788, -0.0060362373758
-0.499180987936, -4.00683977121, -4.88240152764, -0.00906537233506
-0.505344936288, -3.99789186983, -4.9005440474, -0.163919171796
-0.502606299039, -3.98673995239, -4.99996349353, -4.39640426782
-1.50958430141, 4.90046578496, -4.93580939355, -226.011010926
-2.989020639, 4.92062912362, -4.84710688354, -329.184205706
-3.91179986892, 0.149832123535, -4.95464286532, -653.711422432
-0.498743841258, -4.01248341359, -4.88657826779, -0.0083709016624
-2.81773962791, -4.99902573613, -4.93284808208, -311.496447958
-0.499695177207, -4.012597095, -4.88089894432, -1.08303808711e-09
-0.499721054413, -4.01253288623, -4.88147021977, -8.43066349128e-05
-1.58144629319, 0.123352692591, -4.99857097239, -752.088733401
-1.07885238042, -1.23699547121, -4.76648310385, -660.699682037
-0.499683422727, -4.00723439328, -4.88089570925, -0.00731271490048
-0.499696318868, -4.01259712219, -4.88089677661, -4.00251136576e-10
-0.499596986024, -4.0125971069, -4.88089565512, -2.43226411841e-06
-0.445898354222, -4.00726316466, -4.89088937443, -0.736612892525
-1.0141076784, -2.95799988625, -4.8579636938, -225.893417225
-0.4996951389, -4.01259709488, -4.88089688462, -1.34763907894e-12
-0.499695098657, -4.0125972078, -4.88089689039, -4.21137529251e-12
-0.49969828859, -4.01241915842, -4.88089766752, -8.00203750342e-06
-0.499695087275, -4.01259713763, -4.88089691486, -1.1791845617e-12
-0.499695050944, -4.01259708584, -4.88089686376, -1.68454093456e-13
-1.50605219805, -4.90730101997, -4.96327642421, -140.586451966
-0.499695054065, -4.01259709173, -4.88089686182, -1.68454158582e-13
-0.499695055708, -4.01259711173, -4.88089685276, -3.36909166399e-13
-0.499695083358, -4.01259528097, -4.88089690163, -8.23048489637e-10
-0.49969506509, -4.01259707834, -4.88089688144, 0.0
-0.499695101942, -4.0125970957, -4.88089692894, -1.01072920914e-12
-0.499695046062, -4.01259706909, -4.88089683639, -6.73813082746e-13
-0.499695070447, -4.01259708385, -4.88089686567, 0.0
-0.499695058128, -4.01259707468, -4.88089686005, -1.68454020108e-13
-0.499695065245, -4.01259710141, -4.88089688177, 0.0
-0.499695175732, -4.01259705419, -4.88089688994, -3.36908397661e-12
-0.499695053564, -4.01259707495, -4.8808968829, 0.0
-0.499695137911, -4.01259708389, -4.88089682795, -2.0214544343e-12
-0.499695058079, -4.01259708238, -4.88089689191, 0.0
-0.499695065408, -4.01259710033, -4.88089688116, 0.0
-0.499695058008, -4.01259707041, -4.88089688888, -1.68454447949e-13
-0.49969491347, -4.01259714843, -4.88089688246, -6.90656886656e-12
-0.499695030847, -4.01259704719, -4.88089694699, -1.85299182354e-12
-0.499695058098, -4.01259708237, -4.88089689194, 0.0
-0.499694272978, -4.01259694879, -4.88089692116, -1.63902124672e-10
-0.499695064337, -4.01259709712, -4.88089690871, -3.36909981201e-13
-0.499695057187, -4.01259709353, -4.8808968181, -1.01072118053e-12
-0.499695047186, -4.0125970635, -4.88089688374, -1.68454173571e-13
-0.499694894841, -4.01259707375, -4.88099881095, -2.62701901577e-06
-0.499695043567, -4.01259716069, -4.88089688581, -1.51609226711e-12
-0.499695062532, -4.01259714301, -4.88089689255, -8.42273926045e-13
-0.499695065872, -4.01259709417, -4.88089688112, 0.0
-0.49969505889, -4.01259711473, -4.88089686793, -3.36909104389e-13
-0.499695013406, -4.01259706103, -4.88089693016, -1.51608525058e-12
-0.49969506682, -4.01259709789, -4.88089689791, -1.68455024843e-13
-0.499695046062, -4.01259709071, -4.88089667366, -1.06125161804e-11
-0.499695069976, -4.01259709171, -4.88089685455, -1.68454366646e-13
-0.499695062431, -4.01259708648, -4.8808968549, -1.68453950277e-13
-0.499695062482, -4.01259708893, -4.88089686788, 0.0
-0.49969507194, -4.01259714075, -4.88089688866, -8.42273753458e-13
-0.499695075555, -4.01259703606, -4.88089681068, -1.85297962969e-12
-0.499695066003, -4.01259709667, -4.88089686872, 0.0
-0.499695055238, -4.01259709029, -4.88089686946, 0.0
-0.4996950696, -4.01259709931, -4.88089686793, 0.0
-0.499695062851, -4.01259710222, -4.88089687651, 0.0
-0.499695075053, -4.01259704995, -4.8808968808, -3.36908270437e-13
-0.499695066008, -4.01259709696, -4.88089687043, 0.0
-0.499695065178, -4.01259709167, -4.88089688466, 0.0
-0.499693412565, -4.01259708141, -4.88089790025, -9.55155387031e-10
-0.499695106679, -4.01259707927, -4.8808969514, -1.85300445684e-12
-0.499695084543, -4.01259709061, -4.88089688033, -1.68455141204e-13
-0.499695065198, -4.01259701223, -4.88090464291, -1.52510092842e-08
-0.499695065172, -4.01259709166, -4.88089688648, 0.0
-0.499695070778, -4.01259813591, -4.88089687079, -2.79471229533e-10
-0.499695060359, -4.01259709139, -4.88089687128, 0.0
-0.499695065118, -4.01259709165, -4.88089688646, 0.0
-0.499695065118, -4.01259709166, -4.88089688647, 0.0
-0.499695065119, -4.01259709166, -4.88089688647, 0.0
-0.502014934777, -4.01259712066, -4.88089687069, -0.00136167454871
-0.499695064851, -4.01259709145, -4.88089688628, 0.0
-0.499695065118, -4.01259709166, -4.88089688647, 0.0
-0.499695065118, -4.01259709166, -4.88089688647, 0.0
-0.499695065118, -4.01259709166, -4.88089688647, 0.0
-0.499695065118, -4.01259709166, -4.88089688647, 0.0
-0.499695065118, -4.01259709166, -4.88089688647, 0.0
-0.499695065118, -4.01259709166, -4.88089688647, 0.0
-0.499695063116, -4.01259731562, -4.88089687083, -1.34763770647e-11
-0.499695047769, -4.01259684407, -4.88089639991, -7.24349404128e-11
-0.499688296018, -4.01261834571, -4.88089690083, -1.25927646448e-07
-0.499695067891, -4.01260055595, -4.88095326308, -8.06842466171e-07
-0.499683101076, -4.01260280884, -4.88095209864, -8.15520163667e-07
-0.499210244346, -4.01258368222, -4.88192705677, -0.000327550941822
-0.505746753991, -4.0126475269, -4.88065372902, -0.00928192727808
-0.497857882564, -4.02012379394, -4.95402433276, -1.3907006882
-0.495646832376, -4.01715920912, -4.95413692949, -1.39877375714
-0.506837231386, -4.01629132433, -4.95583038794, -1.49604294383
-0.494712455965, -4.01976887046, -4.99015302453, -3.34023574867
-0.48408434442, -4.01691078212, -4.99348383194, -3.59099415784
-0.318571670337, -4.9186020717, -4.99858196947, -95.5704499034
-0.5065793056, -4.90021749307, -5.0, -79.0132185474
-0.271258154359, -4.91083806028, -5.0, -99.7189956002
0.402746747619, -0.787146290306, -5.0, -1082.58318668
-1.47526183095, 3.61566491476, -4.99980437152, -3.74262344471
-1.47628175767, 3.6156934131, -4.99999794506, -3.72155434362
-1.47626829657, 3.61563449129, -4.99995651626, -3.73074103079
-1.47596203665, 3.61494673829, -4.99977752375, -3.77221801725
-1.47612961747, 3.61538008506, -4.99977587979, -3.74479013804
-1.47574091792, 3.61560322194, -4.99984556954, -3.68750296922
-1.75901559669, -2.43950881795, -4.99986871225, -371.902524267
-1.47574094461, 3.61560320692, -4.99984558085, -3.68734866358
-1.47665498902, 3.61517148615, -4.99998861438, -3.82162747239
-1.47574094371, 3.61560320701, -4.99984558091, -3.68733341423
-1.4757409437, 3.615603207, -4.99984558105, -3.68732740764
-1.47574094425, 3.61560320718, -4.99984558355, -3.68734842084
-1.47574094635, 3.61560321201, -4.99984558421, -3.68736806588
-1.47574094395, 3.61560318567, -4.99984558506, -3.68738188181
-1.47574094267, 3.61560318803, -4.99984558264, -3.68739833237
-1.47574094709, 3.61560318465, -4.99984558273, -3.68741591301
