-1.47574090721, 3.61560321893, -4.99984560399, -3.68742405387
-1.47574105121, 3.61560323846, -4.9998457576, -3.68762367392
-1.47573961229, 3.61560302436, -4.99984446756, -3.68869406139
-1.47573959962, 3.61560297112, -4.99984436686, -3.68885404465
-1.47574682897, 3.61560254487, -4.99984275642, -3.6903323808
-1.47574066241, 3.61561257881, -4.99980919086, -3.7046259295
-1.47571848767, 3.61559575829, -4.99980658354, -3.6940188004
-1.61063001138, 3.62219630229, -4.98893923521, -63.9562910827
-1.47571714147, 3.61560027347, -4.99980594841, -3.6957842221
-1.4754511607, 3.61630658519, -4.99989761345, -3.82843254506
-1.47630397765, 3.61576114054, -4.99997752663, -3.70301303035
-1.46835992211, 3.61578214146, -4.9997583817, -6.38152320647
-1.47631542708, 3.61575917675, -4.99997239105, -3.6960439437
-1.4763088875, 3.61575425746, -4.99997605713, -3.70370008583
-1.47630897116, 3.61575755691, -4.99995402533, -3.7016600332
-1.47631495296, 3.61575903775, -4.99997176301, -3.69661400493
-1.4763149851, 3.61575903722, -4.99997165912, -3.69665345346
-1.47627612603, 3.61576438122, -4.99999516922, -3.69699850647
-1.47627612306, 3.61576432488, -4.99999517954, -3.69710088506
-1.4763228081, 3.61576388495, -4.99999096688, -3.70312001914
-1.4774115968, 3.61576218934, -4.99999485632, -3.85864515426
-1.47634909801, 3.615765224, -4.99999760189, -3.7105423219
-1.80822928533, 3.61832083215, -4.96550121729, -52.3458588606
-1.47627614323, 3.61576432415, -4.9999952167, -3.69714150223
-1.47627607587, 3.6157637729, -4.99999531097, -3.69780386169
-1.47633099436, 3.61576404346, -4.99999794456, -3.69897288036
-1.47633099436, 3.61576404346, -4.99999794456, -3.69897292421
-1.47633099431, 3.61576404347, -4.99999794459, -3.69897455657
-1.47633099422, 3.61576404404, -4.99999794453, -3.69898320933
-1.47633099554, 3.61576404339, -4.99999794385, -3.69898661379
-1.47633098286, 3.61576404508, -4.99999795129, -3.69903902779
0.204902666426, -0.844431481556, -4.99910675746, -883.098611733
0.955608024905, -1.90950233187, -4.9995220202, -825.840850033
-1.09961371238, 2.31699581656, -4.90534672309, -412.104482741
-0.0392957434914, -3.15571602406, -4.84663133944, -195.698154034
-0.380634861466, 0.438611290601, -4.86718690414, -930.395418786
-0.493042929844, -4.0281423295, -4.87845975728, -0.0720108327076
-0.808908327167, -0.663951833154, -4.75634990836, -929.806155837
-1.2251532117, -4.91864898961, -4.93885128243, -125.616931892
0.158898717247, -4.9349179899, -4.90408024835, -103.296013753
-0.4996950553, -4.01259705532, -4.88089687661, -1.68453815409e-13
-0.499707914892, -4.01259608628, -4.8808970179, -4.20097531167e-08
-0.499695067471, -4.01259710024, -4.88089682013, -8.42268748383e-13
0.193572956796, -4.900135866, -4.91404815057, -96.7752798283
-0.146106660521, -3.68216216761, -4.91853169343, -77.7690621079
-0.499695059638, -4.01259708712, -4.880896881, 0.0
-0.499695064093, -4.01259708258, -4.88089687122, 0.0
0.429404325101, -3.46076884895, -4.89603448511, -205.932140321
-1.09392087639, -2.72232190984, -4.99098976332, -274.064248655
-1.20683135142, 1.86876758444, -4.99998358625, -586.327542141
-0.499695062326, -4.01259707375, -4.88089681669, -1.01071739543e-12
-0.498828369935, -4.01228349736, -4.8813513688, -0.000267005516448
-0.499695113261, -4.01259709412, -4.88089705792, -8.75960203043e-12
-0.499695060631, -4.01259710821, -4.88089686174, -1.6845453171e-13
-0.499695071017, -4.01259710079, -4.8808968842, 0.0
-0.499695062442, -4.01259707801, -4.88089725136, -3.52065804551e-11
-0.499695069436, -4.01259707355, -4.88089688598, 0.0
-0.499695068919, -4.01259690091, -4.88089688835, -8.59109736028e-12
-0.499695066723, -4.01259707881, -4.88089688313, 0.0
-0.499694962409, -4.01259709719, -4.88089686655, -2.69524731707e-12
-0.49969507748, -4.01259708889, -4.88089686986, 0.0
-0.499695090249, -4.01259707692, -4.88089686175, -1.68454309925e-13
-0.499695064177, -4.01259707647, -4.88089690035, -1.68454770166e-13
-0.499695042945, -4.01259707753, -4.88089682674, -8.42266714586e-13
-0.499695067642, -4.01259709788, -4.88089687795, 0.0
-0.49969508078, -4.01259708934, -4.88089699646, -3.53753962501e-12
-0.4996951024, -4.01259707711, -4.8808968819, -3.36909689015e-13
-0.499695164245, -4.01259707939, -4.88089688249, -2.52682295604e-12
-0.49969504869, -4.0125971021, -4.8808968686, -1.68454493614e-13
-0.499695058047, -4.01259709336, -4.88089654326, -2.83000928632e-11
-0.499695059127, -4.01259708651, -4.88089689009, 0.0
-0.499695030656, -4.01259712696, -4.88089688364, -8.42273215855e-13
-0.4996952459, -4.01259715338, -4.88089696012, -1.11180223761e-11
-0.499695054148, -4.01259708867, -4.88089688078, 0.0
-0.499695056643, -4.01259709373, -4.88089688631, 0.0
-0.499695430178, -4.01259702812, -4.88089688277, -3.45328492303e-11
-0.499695078972, -4.01259713303, -4.88089699391, -4.04291773489e-12
-0.499695056737, -4.01259709368, -4.8808968883, 0.0
-0.499695031664, -4.01259706288, -4.88089687849, -3.36907968611e-13
-0.499664919615, -4.01267417801, -4.88088335641, -1.77918935642e-06
-0.499694896722, -4.01259734062, -4.88096786732, -1.27411933657e-06
-0.499694770231, -4.01259707453, -4.88089688465, -2.20671656543e-11
-0.499689852711, -4.01259726368, -4.88091486321, -8.86806801866e-08
-0.499695064871, -4.01259713224, -4.88089687318, -5.05363369755e-13
-0.49969509687, -4.01259687449, -4.88089687395, -1.14547505622e-11
-0.499694674191, -4.01259698434, -4.88089728923, -8.40571565505e-11
-0.499692438264, -4.0125969145, -4.88140993462, -6.65509325131e-05
-0.49969488227, -4.01258745688, -4.88089718792, -2.34719272019e-08
-0.120183041641, -4.90025871418, -4.87757527781, -95.6851868283
-0.946338249626, -3.60661778537, -4.96548701727, -94.2390749363
0.103729264984, 0.43103824605, -4.89657441766, -1402.36034665
-0.499695080699, -4.01259739932, -4.88089690592, -2.52683753251e-11
-0.255222864344, -3.83172431749, -4.9080829352, -34.2318936697
-0.499695056395, -4.01259708215, -4.88089681111, -1.17917201299e-12
-0.499695067481, -4.01259707647, -4.88089689796, -1.68454734809e-13
-1.01035163796, -4.99900285585, -4.87868179046, -127.335844784
-0.376187423719, -4.97745250543, -4.87485305692, -110.902109645
-0.499695049735, -4.01259708739, -4.88089687574, 0.0
-0.499695196192, -4.01259712363, -4.88089689037, -4.71673917121e-12
-0.499695020171, -4.01259708559, -4.88089689547, -6.73816991953e-13
-0.499695058028, -4.01259718802, -4.88089682408, -3.36907650568e-12
-1.23701992228, 1.95704841363, -4.91809632142, -456.481348942
-0.4996950799, -4.01259707986, -4.88089686908, 0.0
-0.4996950821, -4.01259702379, -4.88089688492, -1.0107239932e-12
-0.499695039552, -4.01259707873, -4.88089688845, -1.68454189882e-13
-0.499695058098, -4.01259708237, -4.88089689194, 0.0
-0.499695083212, -4.01259711979, -4.88089687686, -3.36908852726e-13
-3.83814054317, 2.27686933435, -4.88748907267, -363.155441975
-0.499695072988, -4.0125970918, -4.88089690022, -1.68455134475e-13
-0.499695050117, -4.01259709327, -4.88089688787, -1.68454646331e-13
-0.499695058098, -4.01259708237, -4.88089689194, 0.0
-0.499695073587, -4.01259701934, -4.88089692888, -1.68453889545e-12
-0.499695063699, -4.012596998, -4.88089683574, -2.35834010188e-12
-0.499694986449, -4.01259709217, -4.88089688716, -1.68453875371e-12
-0.49969456904, -4.01259706895, -4.88089685578, -6.24958369017e-11
-0.499695058098, -4.01259708237, -4.88089689194, 0.0
-0.499695055493, -4.01259709442, -4.8808968844, 0.0
-0.499694007205, -4.01259708435, -4.88089689174, -2.83168953526e-10
-0.499695092652, -4.01259709269, -4.88089688813, -1.6845511923e-13
-0.499695064995, -4.01259707849, -4.88089688647, 0.0
-0.499695058098, -4.01259708237, -4.88089689194, 0.0
-0.499695055486, -4.01259709448, -4.8808968848, 0.0
-0.499695452333, -4.01259706726, -4.88089697118, -4.00918467885e-11
-0.499695067888, -4.01259709166, -4.88089688699, 0.0
-0.499695065118, -4.01259709164, -4.88089688647, 0.0
-0.499695058098, -4.01259708237, -4.88089689194, 0.0
-0.499695058765, -4.01260065061, -4.88089688604, -3.21566920859e-09
-0.499695065119, -4.01259709167, -4.88089688692, 0.0
-0.499695065126, -4.01259709166, -4.88089688647, 0.0
-0.499695065118, -4.01259709165, -4.88089688647, 0.0
-0.499695077057, -4.01259706633, -4.88089667588, -1.044408174e-11
-0.49969506618, -4.01259709068, -4.88089688647, 0.0
-0.499695065118, -4.01259709166, -4.88089688647, 0.0
-0.499695065118, -4.01259709166, -4.88089688647, 0.0
-0.499695065118, -4.01259709166, -4.88089688647, 0.0
-0.499695064906, -4.01259795752, -4.88089692452, -1.93219777598e-10
-0.499695065114, -4.01259709166, -4.88089688647, 0.0
-0.499695065118, -4.01259709166, -4.88089688647, 0.0
-0.499695065118, -4.01259709166, -4.88089688647, 0.0
-0.499695065118, -4.01259709166, -4.88089688647, 0.0
-0.499695065121, -4.0125970916, -4.88089688669, 0.0
-0.499695065118, -4.01259709166, -4.88089688647, 0.0
-0.499695065118, -4.01259709166, -4.88089688647, 0.0
-0.499695065118, -4.01259709166, -4.88089688647, 0.0
-0.499695065118, -4.01259709166, -4.88089688647, 0.0
-0.499695065117, -4.01259709197, -4.88089688647, 0.0
-0.499695065118, -4.01259709166, -4.88089688647, 0.0
-0.499695065118, -4.01259709166, -4.88089688647, 0.0
-0.499695065118, -4.01259709166, -4.88089688647, 0.0
-0.499695065118, -4.01259709166, -4.88089688647, 0.0
-0.499695065118, -4.01259709165, -4.88089688647, 0.0
-0.499695065118, -4.01259709166, -4.88089688647, 0.0
-0.499695065118, -4.01259709166, -4.88089688647, 0.0
-0.499695065118, -4.01259709166, -4.88089688647, 0.0
-0.499695065118, -4.01259709166, -4.88089688647, 0.0
-0.499695065118, -4.01259709166, -4.88089688647, 0.0
-0.499695065118, -4.01259709166, -4.88089688647, 0.0
-0.499695065118, -4.01259709166, -4.88089688647, 0.0
-0.499695065118, -4.01259709166, -4.88089688647, 0.0
-0.499695065118, -4.01259709166, -4.88089688647, 0.0
-0.499695065118, -4.01259709166, -4.88089688647, 0.0
-0.499695065118, -4.01259709166, -4.88089688647, 0.0
-0.499695065118, -4.01259709166, -4.88089688647, 0.0
-0.499695065118, -4.01259709166, -4.88089688647, 0.0
-0.499695065118, -4.01259709166, -4.88089688647, 0.0
-0.499695065118, -4.01259709166, -4.88089688647, 0.0
-0.499695065118, -4.01259709166, -4.88089688647, 0.0
-0.499695065118, -4.01259709166, -4.88089688647, 0.0
-0.499695063116, -4.01259731562, -4.88089687083, -1.34763770647e-11
-0.499695047769, -4.01259684407, -4.88089639991, -7.24349404127e-11
-0.499688296018, -4.01261834571, -4.88089690083, -1.25927646448e-07
-0.499695067891, -4.01260055595, -4.88095326308, -8.0684246617e-07
-0.499683101076, -4.01260280884, -4.88095209864, -8.15520163667e-07
-0.499210244346, -4.01258368222, -4.88192705677, -0.000327550941822
-0.505746753991, -4.0126475269, -4.88065372902, -0.00928192727808
-0.497857882564, -4.02012379394, -4.95402433276, -1.3907006882
-0.495646832376, -4.01715920912, -4.95413692949, -1.39877375714
-0.506837231386, -4.01629132433, -4.95583038794, -1.49604294383
-0.494712455965, -4.01976887046, -4.99015302453, -3.34023574867
-0.48408434442, -4.01691078212, -4.99348383194, -3.59099415784
-1.73157711758, 2.97266449333, -4.99919281392, -106.400179832
-1.10377878091, 4.99900487656, -4.99987268051, -190.622420106
-0.757448458912, 1.97052254798, -4.99999031578, -614.399159111
-2.05511210894, -4.94149631585, -4.99998371504, -190.49408195
-1.47574090819, 3.61560320398, -4.99984557485, -3.68751415045
-1.47758529074, 3.61563446472, -4.99997082747, -3.87707623461
-1.47621510562, 3.61582922156, -4.99991616303, -3.74578658993
-1.47574124429, 3.61560322554, -4.99984558093, -3.6883806243
-1.47572032054, 3.61553629729, -4.99974256666, -3.72652533399
-1.47574080576, 3.6156032124, -4.9998455949, -3.68758543911
-1.38247684269, -4.90000987594, -4.99989545297, -131.231743672
-1.47574094372, 3.61560320703, -4.99984558113, -3.68732544344
-1.47517974351, 3.6156547281, -4.99999910193, -3.74252339494
-1.47574094371, 3.61560320701, -4.99984558111, -3.68732564528
-1.4757409437, 3.615603207, -4.99984558105, -3.68732732618
-1.47574094425, 3.61560320718, -4.99984558355, -3.68734842049
-1.47574094618, 3.61560321201, -4.99984558421, -3.68736074285
-1.47574094395, 3.61560318567, -4.99984558506, -3.68738188181
-1.47574094267, 3.61560318803, -4.99984558264, -3.68739833237
-1.47574094709, 3.61560318465, -4.99984558273, -3.68741591291
