-1.47574090721, 3.61560321893, -4.99984560399, -3.68742405387
-1.47574105121, 3.61560323846, -4.9998457576, -3.68762367392
-1.47573961229, 3.61560302436, -4.99984446756, -3.68869406139
-1.47573959962, 3.61560297112, -4.99984436686, -3.68885404465
-1.47574682897, 3.61560254487, -4.99984275642, -3.6903323808
-1.47574066882, 3.61561257138, -4.99990467132, -3.71748913506
-1.47571848767, 3.61559575829, -4.99980658354, -3.6940188004
-1.53128251714, 3.61906283001, -4.97976307372, -107.085649067
-1.47571714147, 3.61560027347, -4.99980594841, -3.6957842221
-1.47557126316, 3.61494990115, -4.99978551555, -3.79319364169
-1.4763122881, 3.61576372372, -4.99995644048, -3.70458043683
-1.46967526226, 3.61576468775, -4.99999987615, -5.5686897407
-1.47631542708, 3.61575917675, -4.99997239105, -3.6960439437
-1.47630156153, 3.61575259315, -4.99999939867, -3.7071607167
-1.47630513761, 3.61575987551, -4.9999661552, -3.70178827094
-1.47631495296, 3.61575903775, -4.99997176301, -3.69661400493
-1.4763149851, 3.61575903722, -4.99997165912, -3.69665345346
-1.47627612603, 3.61576438121, -4.99999516923, -3.69699807326
-1.47627612306, 3.61576432488, -4.99999517954, -3.69710088506
-1.47628846869, 3.61576371994, -4.9999910815, -3.70466034156
-1.47694876716, 3.61576421926, -4.99999546656, -3.79546286828
-1.47630842604, 3.61576517835, -4.99999693279, -3.70511005552
-2.13963166556, 3.62546971032, -4.96500051137, -116.565850899
-1.47627614323, 3.61576432415, -4.9999952167, -3.69714150223
-1.47627607587, 3.6157637729, -4.99999531097, -3.69780386169
-1.47633099436, 3.61576404346, -4.99999794456, -3.69897288036
-1.47633099436, 3.61576404346, -4.99999794456, -3.69897292421
-1.47633099431, 3.61576404347, -4.99999794459, -3.69897455657
-1.47633099422, 3.61576404404, -4.99999794453, -3.69898320933
-1.47633099554, 3.61576404339, -4.99999794385, -3.69898661379
-1.47633098286, 3.61576404508, -4.99999795129, -3.69903902779
0.327043347718, 1.88495484314, -4.98173406701, -1429.07572046
-1.16994912891, 3.63289954012, -4.99927355185, -99.8424594607
-0.607275030494, -4.90086658925, -4.88788324485, -91.5982904698
-1.09021726683, 3.86647225867, -4.98351898243, -75.0568995196
-0.802206524468, -0.881686148749, -4.99831303978, -730.484534209
-0.492422461137, -4.0663384095, -4.88774961595, -0.753916423325
-1.68911646299, -4.90021459665, -4.90895920186, -149.761319112
-1.2341547633, -3.69133298119, -4.99998691041, -126.649313431
0.530397579178, -0.658270708637, -4.78302043703, -1220.86757655
-0.499695060819, -4.01259707731, -4.88089688753, 0.0
-0.499715033499, -4.01259768075, -4.88089653467, -1.00947448876e-07
-0.49969505379, -4.01259707071, -4.88089694345, -1.17918447638e-12
1.47897213876, -4.90017011791, -4.96092359663, -175.262094003
-0.0736265039234, -0.673438842662, -4.98874368682, -1128.68805024
-0.499695067567, -4.01259708895, -4.88089686891, 0.0
-0.499695066841, -4.01259709116, -4.88089687059, 0.0
0.0201937354533, 0.224150804568, -4.91530333643, -1378.31625917
-1.99918440746, -1.87852390664, -4.99998514456, -543.056933641
-0.805631450406, 1.61781570422, -4.99998144869, -741.801154614
-0.499695063847, -4.01259706892, -4.880896887, -1.68454434459e-13
-0.498409435051, -4.01242174117, -4.88129221797, -0.000464978425572
-0.49969512914, -4.01259708353, -4.88089697404, -3.36908607235e-12
-0.499695057245, -4.01259698036, -4.8808968793, -2.69525051468e-12
-0.499695070696, -4.01259709478, -4.88089688427, 0.0
-0.499695085675, -4.01259707206, -4.88089689966, -3.36909907024e-13
-0.499695070343, -4.01259707776, -4.88089693373, -8.42275198215e-13
-0.499695068403, -4.01259612202, -4.88089688653, -2.34483754608e-10
-0.49969506615, -4.01259707335, -4.88089687353, 0.0
-0.499694968734, -4.01259708878, -4.88089689426, -2.35834812841e-12
-0.499695038375, -4.01259708545, -4.88089687013, -1.68454175028e-13
-0.499695023958, -4.01259707595, -4.88089686894, -5.05362001407e-13
-0.499695064181, -4.01259707633, -4.88089691013, -3.36910045576e-13
-0.499695079459, -4.01259708342, -4.88089683133, -6.73814897365e-13
-0.499695080728, -4.01259708902, -4.88089689284, -1.68455018985e-13
-0.499695091493, -4.01259708998, -4.88089678063, -2.52680311673e-12
-0.499694972882, -4.01259707737, -4.88089688908, -2.1898901797e-12
-0.499695221237, -4.01259707907, -4.88089687795, -6.23282327896e-12
-0.499695066576, -4.01259709788, -4.88089686526, -1.68454504301e-13
-0.499695055152, -4.01259709356, -4.88089655818, -2.59416854862e-11
-0.499695057967, -4.01259708595, -4.8808968961, -1.68454997352e-13
-0.499695041418, -4.01259716119, -4.88089688625, -1.68454660334e-12
-0.499697026349, -4.01259713569, -4.88089696079, -9.74874650732e-10
-0.49969505493, -4.01259708392, -4.88089689925, -1.68454962061e-13
-0.499695056683, -4.01259709364, -4.88089688843, 0.0
-0.499695366074, -4.01259711149, -4.8808968589, -2.30782640144e-11
-0.49969501575, -4.01259711991, -4.88089693795, -1.85299464297e-12
-0.499695056735, -4.01259709368, -4.88089688833, 0.0
-0.499695031347, -4.01259706393, -4.88089687812, -3.36907962716e-13
-0.499555975426, -4.01266374471, -4.88090797177, -6.04468398663e-06
-0.499694859401, -4.01259730631, -4.88097242852, -1.44313451259e-06
-0.49969439729, -4.0125970195, -4.88089688199, -1.13873187456e-10
-0.499693330741, -4.01259689807, -4.88095414592, -8.2992755287e-07
-0.499695064724, -4.01259713222, -4.88089687319, -5.05363407476e-13
-0.499695097105, -4.01259687449, -4.88089687375, -1.14547503491e-11
-0.49969468809, -4.01259722656, -4.88089799829, -3.58473903867e-10
-0.499696208485, -4.01259545472, -4.88086389951, -2.76003366601e-07
-0.499695504618, -4.01255600486, -4.88089676952, -4.26765649052e-07
-0.429633171564, -0.640917396709, -4.87633506763, -1125.38270739
-1.85244240524, -4.93114746375, -4.94822757859, -172.713531269
-0.226975294421, -4.04047873504, -4.84176088049, -21.4261951133
-0.499695076719, -4.01259697557, -4.88089685072, -3.20060884006e-12
-0.39812211771, -4.09588001318, -4.88975166492, -4.07537543366
-0.499695056125, -4.01259708185, -4.88089688566, 0.0
-0.499695070227, -4.01259708489, -4.88089685941, -1.68454291466e-13
-0.302681313629, -4.93013715208, -4.9194119718, -93.6711052472
-0.371445669767, -4.97583293901, -4.87400736849, -110.260412998
-0.499695077355, -4.01259708004, -4.88089686871, 0.0
-0.499695020021, -4.01259713807, -4.88089686485, -1.34763704969e-12
-0.49969505192, -4.01259708586, -4.88089689462, -1.68454836917e-13
-0.499695057635, -4.0125971621, -4.88089684104, -1.85300115465e-12
-1.51351450605, 4.92784618365, -4.90355943199, -205.835197453
-0.499695103731, -4.01259708385, -4.88089686903, -3.36909327774e-13
-0.499695080173, -4.01259698307, -4.88089693681, -3.53750652717e-12
-0.499695036385, -4.0125970824, -4.88089689006, -1.68454315913e-13
-0.499695058098, -4.01259708237, -4.88089689194, 0.0
-0.499695081405, -4.01259707026, -4.88089687835, -1.68454561115e-13
-2.06425884268, 0.7807603593, -4.88375374072, -671.70036544
-0.499695068579, -4.0125970935, -4.88089687745, 0.0
-0.499695050188, -4.0125970902, -4.88089688816, -1.68454688408e-13
-0.499695058098, -4.01259708237, -4.88089689194, 0.0
-0.499695024286, -4.01259706654, -4.88089693936, -1.51608904729e-12
-0.499695061598, -4.01259703974, -4.88089688166, -5.05361735163e-13
-0.499695073752, -4.01259709216, -4.88089688539, 0.0
-0.499694771663, -4.01259710864, -4.88089687224, -2.18988294772e-11
-0.499695058098, -4.01259708237, -4.88089689194, 0.0
-0.499695055423, -4.01259709445, -4.88089688498, 0.0
-0.499693411046, -4.01259708406, -4.88089689173, -6.92185336075e-10
-0.49969506775, -4.01259709178, -4.8808968875, 0.0
-0.499695064778, -4.01259708385, -4.88089688648, 0.0
-0.499695058098, -4.01259708237, -4.88089689194, 0.0
-0.499695055478, -4.01259709448, -4.88089688472, 0.0
-0.499694846918, -4.01259709015, -4.88089704703, -1.93721844718e-11
-0.499695069399, -4.01259709166, -4.88089688667, 0.0
-0.499695065118, -4.01259709167, -4.88089688647, 0.0
-0.499695058098, -4.01259708237, -4.88089689194, 0.0
-0.499695045519, -4.01259815668, -4.88089688578, -2.9058973511e-10
-0.499695065119, -4.01259709164, -4.88089688632, 0.0
-0.499695065119, -4.01259709166, -4.88089688647, 0.0
-0.499695065118, -4.01259709166, -4.88089688647, 0.0
-0.499695060631, -4.01259708454, -4.88089666441, -1.1454775317e-11
-0.499695063815, -4.01259708808, -4.88089688647, 0.0
-0.499695065118, -4.01259709166, -4.88089688647, 0.0
-0.499695065118, -4.01259709166, -4.88089688647, 0.0
-0.499695065118, -4.01259709166, -4.88089688647, 0.0
-0.499695064464, -4.01259803825, -4.8808969141, -2.302811155e-10
-0.499695065118, -4.01259709166, -4.88089688647, 0.0
-0.499695065118, -4.01259709166, -4.88089688647, 0.0
-0.499695065118, -4.01259709166, -4.88089688647, 0.0
-0.499695065118, -4.01259709166, -4.88089688647, 0.0
-0.499695065126, -4.01259709097, -4.88089688638, 0.0
-0.499695065118, -4.01259709166, -4.88089688647, 0.0
-0.499695065118, -4.01259709166, -4.88089688647, 0.0
-0.499695065118, -4.01259709166, -4.88089688647, 0.0
-0.499695065118, -4.01259709166, -4.88089688647, 0.0
-0.49969506512, -4.01259709159, -4.88089688647, 0.0
-0.499695065118, -4.01259709166, -4.88089688647, 0.0
-0.499695065118, -4.01259709166, -4.88089688647, 0.0
-0.499695065118, -4.01259709166, -4.88089688647, 0.0
-0.499695065118, -4.01259709166, -4.88089688647, 0.0
-0.499695065118, -4.01259709165, -4.88089688647, 0.0
-0.499695065118, -4.01259709166, -4.88089688647, 0.0
-0.499695065118, -4.01259709166, -4.88089688647, 0.0
-0.499695065118, -4.01259709166, -4.88089688647, 0.0
-0.499695065118, -4.01259709166, -4.88089688647, 0.0
-0.499695065118, -4.01259709166, -4.88089688647, 0.0
-0.499695065118, -4.01259709166, -4.88089688647, 0.0
-0.499695065118, -4.01259709166, -4.88089688647, 0.0
-0.499695065118, -4.01259709166, -4.88089688647, 0.0
-0.499695065118, -4.01259709166, -4.88089688647, 0.0
-0.499695065118, -4.01259709166, -4.88089688647, 0.0
-0.499695065118, -4.01259709166, -4.88089688647, 0.0
-0.499695065118, -4.01259709166, -4.88089688647, 0.0
-0.499695065118, -4.01259709166, -4.88089688647, 0.0
-0.499695065118, -4.01259709166, -4.88089688647, 0.0
-0.499695065118, -4.01259709166, -4.88089688647, 0.0
-0.499695065118, -4.01259709166, -4.88089688647, 0.0
-0.499695065118, -4.01259709166, -4.88089688647, 0.0
-0.499695063116, -4.01259731562, -4.88089687083, -1.34763770647e-11
-0.499695047769, -4.01259684407, -4.88089639991, -7.24349404127e-11
-0.499688296018, -4.01261834571, -4.88089690083, -1.25927646448e-07
-0.499695067891, -4.01260055595, -4.88095326308, -8.0684246617e-07
-0.499683101076, -4.01260280884, -4.88095209864, -8.15520163667e-07
-0.499210244346, -4.01258368222, -4.88192705677, -0.000327550941822
-0.505746753991, -4.0126475269, -4.88065372902, -0.00928192727808
-0.497857882564, -4.02012379394, -4.95402433276, -1.3907006882
-0.495646832376, -4.01715920912, -4.95413692949, -1.39877375714
-0.506837231386, -4.01629132433, -4.95583038794, -1.49604294383
-0.494712455965, -4.01976887046, -4.99015302453, -3.34023574867
-0.48408434442, -4.01691078212, -4.99348383194, -3.59099415784
-1.44053071168, 4.99900352826, -4.99920760756, -221.389942319
-0.0990188204066, -3.80130818668, -4.99999859203, -75.884123779
-0.577257896927, -1.58194823758, -4.99968677095, -632.095132296
4.69030638557, -4.92051073649, -4.99989871032, -1517.47439761
-1.47574100306, 3.61560321506, -4.99984556211, -3.68764049777
-1.47867865113, 3.61571098817, -4.99999874264, -4.03260459912
-1.47646215903, 3.61543654177, -4.99994334783, -3.78100090897
-1.47574104849, 3.61560320718, -4.99984558201, -3.68779671559
-1.47514266053, 3.61555538097, -4.9998354807, -3.76391404637
-1.47574122822, 3.61560322686, -4.99984559192, -3.68833775987
-0.654176954733, 4.90624703705, -4.9999239307, -360.399654414
-1.47574094372, 3.61560320703, -4.99984558113, -3.68732544344
-1.47484745872, 3.61550888257, -4.9999816309, -3.75918497458
-1.47574094371, 3.61560320701, -4.99984558111, -3.68732564528
-1.4757409437, 3.615603207, -4.99984558105, -3.68732732618
-1.47574094425, 3.61560320718, -4.99984558355, -3.68734842049
-1.47574094618, 3.61560321201, -4.99984558421, -3.68736074285
-1.47574094395, 3.61560318567, -4.99984558506, -3.68738188181
-1.47574094267, 3.61560318803, -4.99984558264, -3.68739833237
-1.47574094709, 3.61560318465, -4.99984558273, -3.68741591291
