-1.50559926475, 3.06375666726, -4.99993280884, -110.869934061
-1.47636871076, 3.61538935306, -4.9996904681, -3.80003296193
-1.47579393439, 3.61565663904, -4.99979647629, -3.71786938753
-1.4757395981, 3.61580323302, -4.99983567205, -3.72377434547
-1.8098211234, 3.62028958154, -4.99588085498, -75.197234646
-1.39707927796, 3.76639536713, -4.98577481581, -55.136035402
-1.47563074338, 3.61562133585, -4.99980743953, -3.73137742385
-1.76502121792, 3.61682237161, -4.99891771377, -73.4450575744
-1.47571714147, 3.61560027347, -4.99980594842, -3.69578437797
-1.47569659738, 3.6155894949, -4.99977271223, -3.69679462893
-0.953770736682, 3.559338725, -4.9230451455, -110.508121624
-1.47660501858, 3.61575350579, -4.99980723995, -3.78031571572
-1.47635044576, 3.61580830206, -4.99996874392, -3.73112321508
-1.47633433204, 3.61576053994, -4.99996773677, -3.71285126682
-1.47622818606, 3.61575716402, -4.99997244004, -3.71559685968
-1.47631696041, 3.61575832744, -4.99996605987, -3.69919759855
-1.47629403585, 3.61575850792, -4.99996948788, -3.70135180397
-1.47654832445, 3.61574606302, -4.99997037237, -3.7644561439
-1.4762183242, 3.61576114181, -4.99999827571, -3.70789120377
-1.47632303995, 3.61577513739, -4.99999923311, -3.70851794382
-1.47631714473, 3.61576705967, -4.99999804594, -3.70712773286
-1.47632882156, 3.61576013796, -4.99999998294, -3.70380624168
-1.39340664728, 3.60469254596, -4.99922446742, -106.737576544
-1.23716587158, 3.61538036015, -4.85009843748, -30.6610720185
-1.47628096594, 3.61578305776, -4.99999941655, -3.70993219346
-1.47633078302, 3.61576802107, -4.99999929005, -3.70415715607
-1.47632827086, 3.61576566634, -4.9999999762, -3.70266042769
-1.47411499048, 3.61589942813, -4.99999726663, -3.99024836255
-1.47628664678, 3.61576221359, -4.99999797071, -3.70859434523
-1.49378272809, 3.61074638732, -4.99999785953, -16.5520359924
-1.47444193305, 3.61571422902, -4.99999938471, -3.872241646
-1.47633101141, 3.61576464923, -4.99999781314, -3.69955810757
-1.47591637793, 3.61489124307, -4.99999964567, -3.77496769144
-1.47628984088, 3.61575309158, -4.99999939487, -3.7091728735
-1.47633115259, 3.61577200195, -4.99999961093, -3.70812726756
-1.23392946358, 4.12301232281, -4.99999990966, -101.461699243
-1.47633196009, 3.61576434649, -4.99999953106, -3.70060154856
-1.47609266356, 3.61581229151, -4.99999800202, -3.74572309549
-1.4768865721, 3.61579165759, -4.99999999983, -3.7963268772
-1.47588776275, 3.61576965029, -4.99999822441, -3.7135231685
-1.54041820642, 3.77256829655, -4.99999999794, -50.7038244846
-1.47849955095, 3.67518493205, -4.99999984219, -65.7113477929
-1.47582445642, 3.61593238288, -4.99999975444, -3.7725376208
-1.48522153644, 3.5550598301, -4.92829751423, -85.8179581001
-1.47598994589, 3.61568519953, -4.99999979364, -3.72993748443
1.03788566961, 2.52902476775, -4.98126361958, -1023.60902285
-0.445618635412, -4.96196661943, -4.88123632198, -107.452557043
-0.658394854936, -3.13456470114, -4.88897985316, -168.937152367
-1.19214006344, -4.90003538038, -4.93482982831, -120.443026944
-1.71303632735, -2.04451643159, -4.94034502289, -482.901945605
-0.496188382371, -3.8626916591, -4.88528705081, -7.38638543747
-0.0136483067852, 3.24950181253, -4.922992118, -534.903439314
-1.09267410252, -1.0964762666, -4.99955583712, -701.926766556
-1.09712812624, -3.99234579827, -4.99922500435, -78.073377675
-0.497849834926, -4.01349041397, -4.88500403774, -0.00530315898536
-0.495750739505, -4.01722777764, -4.91202617047, -0.251279048468
-0.499695445169, -4.01255037628, -4.88090806953, -5.83303924889e-07
-0.49967773304, -4.01252818091, -4.88089144438, -1.28385600658e-06
-0.49969560191, -4.01259721453, -4.88089625436, -1.75360826073e-10
-0.499739054712, -4.01260327257, -4.88090886397, -5.35353616307e-07
-0.499693851346, -4.01260300746, -4.88090263819, -1.7637240945e-08
-0.499689440002, -4.01261664779, -4.88088609591, -1.34204250682e-07
-0.499695191859, -4.01256125986, -4.88089612703, -3.24682208546e-07
-0.49968274941, -4.01261479956, -4.88079157166, -2.92059531236e-06
-0.511152505827, -4.03121743468, -4.8808726781, -0.118783006642
-0.499694933789, -4.01259736278, -4.88089672382, -2.9984954231e-11
-0.499808413496, -4.01258700796, -4.87535057974, -0.0078168354682
-0.499691095498, -4.0118535335, -4.88083875151, -0.000140657710892
-0.49972263919, -4.0126166121, -4.88213683739, -0.000388590651454
-0.495402722525, -4.01304916096, -4.8813100257, -0.00475414239783
-0.499694961221, -4.01259715105, -4.88074219846, -6.04623596933e-06
-0.499702034216, -4.01257634762, -4.88089681045, -1.21009250822e-07
-0.499882285645, -4.0150766726, -4.88101013995, -0.00156024961779
-0.499695053623, -4.01259694531, -4.88089680785, -6.23274243519e-12
-0.499694904416, -4.01259705795, -4.88089662909, -2.24040488738e-11
-0.499691548296, -4.01258921563, -4.8808960457, -1.89617907794e-08
-0.499052526727, -3.902016494, -4.88084655309, -3.60961469085
-0.499662797441, -4.01270077875, -4.83281776026, -0.587948014049
-0.499694829471, -4.01256141654, -4.88088714764, -3.45638063202e-07
-0.49976292474, -4.01165497941, -4.88148168048, -0.000312523992745
-0.495915049351, -4.01162900265, -4.88058400856, -0.0038828808234
-0.499700074666, -4.01075117908, -4.88089430333, -0.00086383602506
-0.498978167626, -4.00969784596, -4.88208624879, -0.00262067640224
-0.508507450189, -4.0126187318, -4.880794487, -0.0196252966089
-0.499833408961, -4.00684837963, -4.86947275828, -0.0413290240656
-0.488153615922, -3.98972957945, -4.8806988256, -0.168824615159
-0.489474412787, -4.01285327199, -4.90801822675, -0.209111384679
-0.493022202588, -4.01278342207, -4.97013827577, -2.14709923054
-1.67890998731, 3.46757729667, -4.94394664499, -88.4000739601
-1.5644257811, 3.54642585431, -4.93198500405, -6.4960509295
-1.74752629641, 4.03493736535, -4.95076319394, -43.8285623388
-1.55043695868, 3.54131404725, -4.94868634209, -23.8614143593
-1.56863429097, 3.65624837821, -4.952304485, -79.7799077518
-1.40070462952, 3.41725558192, -4.93186085445, -88.402480501
-1.55301553416, 3.57655303643, -4.96076686225, -53.3709661939
-1.61322825168, 3.66682739239, -4.94535835598, -3.77280847967
-1.34626930525, 3.59737483761, -4.91628652126, -20.1592865999
-1.58680072707, 4.25891116596, -4.80855914783, -115.502998919
-1.83769538727, 3.2077197562, -4.81758434443, -131.900878884
-1.31959909868, 3.72137785028, -4.98241904521, -118.854128676
-1.61012062728, 3.66870038245, -4.94323654556, -4.0329098918
-0.560237964421, -1.31467600965, -4.88894884091, -679.080636367
-1.39162987647, -0.686085492629, -4.88121817864, -694.415542277
-1.7479721559, -1.55816635847, -4.92079679756, -591.281094581
-0.85319716748, -0.562080290524, -4.92769834869, -814.053819653
-1.50073573487, -4.29533427391, -4.97228515293, -135.066448166
-0.502355686073, -4.01240148372, -4.87988952605, -0.00205875007335
-1.22145630822, -3.44824496232, -4.91893757072, -163.699794016
-0.49969741181, -4.01259663039, -4.88089778199, -1.65122860011e-09
-0.2997001379, -4.9990423854, -4.8415936926, -112.483002429
-0.499713422239, -4.01259807242, -4.8805661606, -2.77259471031e-05
-0.527325877195, -3.99994624434, -4.90272810402, -0.36408920355
-0.499694238937, -4.01259753195, -4.88089773187, -4.07662178392e-10
-0.494787664075, -4.01252702288, -4.8771946691, -0.00952325402674
-0.505049086964, -4.00708076564, -4.87734739335, -0.0182441968367
-0.478926219101, -4.01116098467, -4.88089636844, -0.108338559581
-0.499694697268, -4.01259436998, -4.88076125438, -4.65074805384e-06
-0.499694956251, -4.01267051462, -4.8808974686, -1.36376272189e-06
-1.74754682125, 4.90055429703, -4.87956554221, -187.725026628
-0.499695093267, -4.01259705645, -4.88089684374, -6.73814341858e-13
-0.499682346749, -4.01259585568, -4.88057900677, -2.55730680128e-05
-0.499694936034, -4.01260011568, -4.88089637818, -2.39049768698e-09
-0.499694868006, -4.01259706298, -4.88089694588, -1.11178584697e-11
-0.499865702094, -4.01259254124, -4.8808981142, -7.36236943755e-06
-0.499695252161, -4.01259606366, -4.88090131561, -5.25292716627e-09
-0.499694561248, -4.01259693646, -4.88089699709, -7.34444986151e-11
-0.4997037459, -4.01259425416, -4.8808979637, -2.13785212326e-08
-0.499693053977, -4.01259108906, -4.88089656493, -1.01380963474e-08
-0.499694928623, -4.01259709245, -4.88089680468, -6.06428966553e-12
-0.499685043739, -4.01259697829, -4.88089632199, -2.54800678895e-08
-0.499697027031, -4.01262183183, -4.88161212187, -0.000129370310637
-0.499638989987, -4.01259840278, -4.8821188347, -0.000377899426856
-0.499695217644, -4.01260853595, -4.88089764303, -3.33170863344e-08
-0.499694903849, -4.01259757084, -4.88089619396, -1.84628139906e-10
-0.499517717225, -4.0130070931, -4.88091166062, -5.04336293759e-05
-0.499695201208, -4.01259558703, -4.88089664091, -5.86215548344e-10
-0.499702756924, -4.01259391983, -4.88089752451, -1.75983269775e-08
-0.499701337793, -4.01257985781, -4.88090164707, -9.07358264832e-08
-0.499661867895, -4.01258918222, -4.88088837063, -3.12747964541e-07
-0.499696709809, -4.01259963126, -4.88089666108, -2.33557696049e-09
-0.498932658902, -4.01258912907, -4.88090953807, -0.000147089732844
-0.499695492965, -4.01260343122, -4.88089786395, -1.04782755693e-08
-0.499512705075, -4.01254236988, -4.88041709938, -6.73310903279e-05
-0.499697290233, -4.01261658555, -4.8812200677, -2.64930683042e-05
-0.491139007016, -3.96572186519, -4.88487503861, -0.606458638818
-0.499695015763, -4.01260709043, -4.88109919292, -1.037024189e-05
-0.499593185935, -4.01681309147, -4.88089684001, -0.0044790141264
-0.499694616299, -4.01259375365, -4.88089782094, -3.08196363326e-09
-0.499729343618, -4.01255667975, -4.88107828453, -9.02497214837e-06
-0.500884049236, -4.01457364287, -4.88187838034, -0.00158259704898
-1.29498419456, 4.9669987848, -4.96071357925, -177.460355348
-0.499699671168, -4.01259734412, -4.88089874145, -6.2597394645e-09
-0.499698792179, -4.01259593666, -4.88089470944, -5.03449956492e-09
-0.499715719631, -4.01259640931, -4.88089297399, -1.11840926762e-07
-0.4997352952, -4.01269476091, -4.88092045978, -2.96233450217e-06
-0.499727081895, -4.01262456533, -4.87838247848, -0.00160262578957
-0.499684294871, -4.0125970856, -4.88085892227, -3.9358691144e-07
-1.27213975165, -2.96217072468, -4.98582863064, -240.501191987
-0.494945573008, -3.99534008345, -4.87500807793, -0.0907723030578
-0.51209376565, -4.01300831062, -4.89833288814, -0.117067540928
-0.503009515058, -4.01199507755, -4.91473715372, -0.293806841236
-0.496974708942, -4.01223681734, -4.88074372181, -0.00190965123295
-0.497909146809, -4.01201834323, -4.88252935264, -0.00156291899255
-0.499766010793, -4.00748196065, -4.88145236082, -0.0067399279958
-0.49970233889, -4.01247167718, -4.88106797052, -1.13854063372e-05
-0.483332682085, -4.01186130475, -4.87992021569, -0.0673593509338
-0.50070068681, -3.99611134401, -4.87837821449, -0.072013394463
-0.499541013177, -4.01261192855, -4.87927354157, -0.000672951037046
-0.498560249645, -4.01090973444, -4.88063906364, -0.00106346138109
-0.499725142171, -4.0127326196, -4.88115301118, -2.1445024308e-05
-0.497850257946, -4.01276095025, -4.88140679445, -0.000932435006861
-0.497755678357, -4.00984580035, -4.87796687732, -0.00505250640678
-0.499683101086, -4.01260280884, -4.88095209864, -8.15520339005e-07
-0.499210244346, -4.01258368222, -4.88192705677, -0.000327550941822
-0.505746753991, -4.0126475269, -4.88065372902, -0.00928192727809
-0.499049249742, -4.02012379388, -4.95402433279, -1.39232750735
-0.495646832376, -4.01715920912, -4.95413692949, -1.39877375714
-0.506837203081, -4.01629109429, -4.95583038796, -1.49605799564
-0.494712809128, -4.01976887047, -4.99015302453, -3.34026810044
-0.48408434442, -4.01691078212, -4.99348383194, -3.59099415784
-0.173463709559, -1.20275664217, -4.9994677544, -921.357292924
-0.833261940085, 2.85746199638, -5.0, -281.466228485
-1.66886058036, 4.90050355267, -5.0, -176.529551948
-2.57325987268, -0.167790038299, -5.0, -625.700183311
-1.47612909145, 3.61576183924, -5.0, -3.72563189862
-1.47633136019, 3.615748674, -5.0, -3.70220824576
-1.4763311544, 3.6157253063, -5.0, -3.71148871769
-1.47632885884, 3.61575138301, -4.99999999996, -3.70511148452
-1.47659344874, 3.61573864108, -4.99998921441, -3.77067077904
-1.48152181397, 3.61559701944, -4.99999848713, -5.16922076288
-0.806541769348, 4.96706501959, -4.99992413132, -259.318750259
-1.47616015925, 3.61574553229, -4.99998744984, -3.72183300035
-1.47513892992, 3.61565957132, -4.99989666779, -3.75154883088
-1.47575605006, 3.61560738594, -4.99987300401, -3.69892295721
-1.47567109709, 3.61562197305, -4.99980538923, -3.72244451664
-1.47575649447, 3.61572692072, -4.99980369043, -3.70788199003
-1.47576459676, 3.61561205511, -4.9998566891, -3.70391845962
-1.47575339745, 3.61560244331, -4.9997425548, -3.72417815358
-1.47544139898, 3.6205282275, -4.99985355407, -4.69464871459
-1.47582246575, 3.6156026899, -4.99974070005, -3.72064282492
