-0.496991787502, -4.01000421356, -4.86877874054, -0.0407604324061
-0.498585911126, -4.00355062557, -4.95695597174, -1.56151338099
-0.490150095443, -3.99853593998, -4.86651229585, -0.126428515785
-0.493359405031, -4.036009686, -4.87754524533, -0.148473909745
2.25498336502, -4.01563516375, -4.87242973804, -347.849553113
-0.498434872416, -4.03870613949, -4.90265082501, -0.28667794931
2.93636118173, -4.00969440766, -4.94446217766, -521.483810665
-0.493835551792, -4.97577612122, -4.90797634276, -97.8570595585
-0.493466096952, -4.00499807322, -4.79565693254, -2.00281626356
-1.63291215496, -3.97579906265, -4.84466463975, -168.090540875
-0.594466380475, -3.51090430503, -4.88258533712, -75.077379385
-0.502176036961, -3.11038689903, -4.8703691833, -183.018871495
-0.499627578292, -4.66545416935, -4.85078917779, -75.6971379017
-0.501733382624, -4.99611840924, -4.87928703793, -96.7600222065
-0.5300581503, -4.04987931302, -4.78532813218, -3.1945035162
2.56848831024, -3.70260232529, -4.88099053385, -465.812123994
-0.498990316246, -4.01036947695, -4.84731187834, -0.285815606054
3.01842530456, -4.00255047686, -4.87835495981, -556.144034542
-0.632743548978, -4.64228137713, -4.85527956583, -75.3314659809
-0.499134482073, -4.01275554386, -4.96588908005, -1.93549518811
-0.498659676363, -3.99159665156, -4.84642338891, -0.415937552109
3.1601495048, -4.04099882598, -4.84318789435, -617.268238972
-3.85095849892, -4.01310816617, -4.88125605707, -704.21392886
-0.504591675196, -3.99523333563, -4.80885354689, -1.45199023273
-0.511750222149, -4.79734977288, -4.82750855626, -98.8563623506
-0.510468348169, -4.01259301309, -4.77231466415, -3.41963827031
-0.711091649657, -4.15664962438, -4.8286191698, -21.2708748673
-0.513640183162, -4.01252558102, -4.89709780308, -0.116792804935
-0.811541996981, -4.01282511409, -4.79773194068, -27.251527877
-0.497086788474, -4.00448009723, -4.84212922399, -0.399993749422
-0.475741594771, -4.08528631244, -4.81988645851, -2.51247213586
-0.49830926076, -4.08437166272, -4.9994822859, -5.13768122615
-0.501112346022, -3.81781441068, -4.80530335401, -14.6085508831
-0.457765028526, -4.49715489217, -4.90546142227, -43.9063484173
1.5403138751, -4.01837415787, -4.87985035293, -235.310869728
-0.517192406881, -3.11328866626, -4.88456922195, -179.693112672
0.161637440593, -4.07896761053, -4.88313717051, -81.9488160492
-0.419949718078, -4.01551330654, -4.88110015671, -1.54828112328
-2.35982271138, -3.70332909358, -4.75391424785, -276.03598064
-0.393788064226, -4.03255991042, -4.88512635268, -2.78493936448
-0.543101603404, -2.87975850804, -4.87653259705, -245.764052295
-0.581518262007, -4.02285978281, -4.77806353167, -4.81382433573
-1.58153440639, -4.06453684042, -4.90602164737, -147.461807673
-0.487993395223, -4.00636387233, -4.97124045712, -2.23963027313
-0.496711549169, -4.01290277609, -4.99793419404, -3.93310505794
-0.47166093961, -3.31698426847, -4.89317968767, -137.314001122
-0.497105864834, -4.01286691816, -4.9782041086, -2.59226913818
-0.497999838444, -2.4546330751, -4.88292294036, -337.080270608
-0.504088740463, -4.01325625553, -4.87817428704, -0.00685833218938
-2.70600350846, -3.97263143446, -4.87196087773, -300.506000361
1.22221083176, -4.02462637442, -4.97563451547, -224.164930588
-0.485518690204, -3.79125606947, -4.87400727344, -19.5805337189
-2.36836209063, -4.06112847241, -4.87774357429, -257.204012526
-0.502499062108, -4.65534296361, -4.80216843287, -75.0041020554
-0.509786443908, -3.98893279918, -4.97493737657, -2.65389885204
-0.958783696978, -4.00079927792, -4.95701197483, -54.7462372387
-0.49673568544, -4.03029801502, -4.79488885902, -2.1055677857
-2.12630673197, -4.00646740586, -4.8781466131, -220.624204332
-0.85106297234, -3.37012932714, -4.85843006326, -117.801708066
-0.496390329967, -4.011113442, -4.90159328661, -0.111397599698
-0.514141972262, -3.97415684318, -4.89871360304, -0.535094341343
-0.505015472809, -4.98406435661, -4.93788561365, -94.7474405981
-0.48890353672, -4.98541827872, -4.87554310651, -101.134314631
-0.559105922271, -4.07655744426, -4.91210740413, -2.27084048551
-0.498181925983, -3.40740868702, -4.83507549273, -101.739242017
-0.49564161005, -4.01273732899, -4.86211935822, -0.0929377876341
-0.506189495261, -4.6764883872, -4.894237712, -76.6704736095
-1.50161121254, -4.33129717066, -4.88998473415, -138.371552035
-0.518895528555, -4.01030554847, -4.9483909619, -1.3006673758
-0.545394656679, -4.01845221901, -4.91714087038, -0.904288164673
-2.30028229355, -4.83581001138, -4.88150938775, -219.235529312
-0.728723808379, -4.00389344629, -4.98685520566, -20.9280543489
-0.499825509482, -4.01102115117, -4.95381901495, -1.39483153856
-0.502356344004, -3.98092419042, -4.99940490886, -4.44236415708
-4.98197624276, -4.01455039462, -4.88664229459, -1537.68907742
-0.0850594775888, -3.79737472134, -4.7765648073, -65.1118677368
-0.489661726623, -4.53448341815, -4.90256756693, -52.6328144502
-0.49485074265, -4.17744603929, -4.86089849632, -8.16007248494
-0.513882999998, -3.38701896791, -4.92056139807, -104.964122444
-3.56874078186, -4.04232212693, -4.8796261616, -562.07278329
-0.498076346632, -2.90212190283, -4.8831183983, -227.581918374
-0.396194030914, -4.99543033611, -4.87395432497, -112.402693943
-3.50253055156, -3.63381197504, -4.86990343728, -540.147270093
-0.500380946143, -4.01258221029, -4.99984651862, -4.08182435861
2.30366089195, -4.00614600478, -4.87107555165, -341.462602416
-0.494167113473, -4.22775167606, -4.93728216467, -15.4283165576
-3.53010853563, -4.01936269525, -4.8117147875, -537.585994637
3.09537275149, -4.02214238444, -4.99838098543, -577.660443616
-3.97191208485, -3.99922106735, -4.86406450883, -769.833823843
-0.465194919089, -4.00886317726, -4.7845489284, -2.95103537286
-0.543764459489, -3.86778554128, -4.93454261813, -8.25817408903
-1.92182853098, -3.30943814898, -4.87524863865, -247.657464888
-0.485384715858, -4.06664456502, -4.89276474179, -0.822701108265
-0.501173932732, -4.82127677003, -4.88977726554, -96.3097983192
-0.128648025747, -4.9999551936, -4.8838721865, -94.8980823323
-0.334761051473, -3.96734420722, -4.80120372328, -11.5655250426
2.82216854249, -4.01218447428, -4.87099856555, -506.321919781
-0.499146694198, -4.00399602944, -4.87005034961, -0.0486600962988
-0.595204606102, -3.2542797553, -4.71757081791, -151.689853413
-0.499952499721, -4.01345229721, -4.99980277429, -4.07340190029
-2.82710396849, -4.09739068147, -4.8830777697, -332.483136017
-0.586080888964, -3.11263800372, -4.87439788136, -185.940722234
4.09235792359, -4.01099184256, -4.88766762413, -1175.6310204
-0.48040405147, -4.21942219884, -4.97301366212, -14.992395797
-1.24917477612, -4.02041627936, -4.87080454179, -107.61871916
-2.1050542866, -3.98830153146, -4.98652170709, -214.347806989
-0.506169448416, -4.01165775997, -4.83348678014, -0.581639504096
-3.47159288376, -2.54519117994, -4.89571551886, -675.852757949
1.62741543783, -4.01266249622, -4.89246715642, -262.32122636
-4.07246881254, -3.99622585488, -4.88089549798, -808.137708313
-3.03289395075, -4.00766651694, -4.90168105273, -383.725123415
0.968571049502, -4.00321291146, -4.89468253941, -176.862414333
0.776086182633, -3.45609650767, -4.88717093638, -244.998934609
-0.672973466544, -4.01320411112, -4.79307987292, -9.66097650816
-4.84007799726, -4.06341339309, -4.83526577918, -1410.59090068
-2.98473603085, -4.5363608173, -4.9997354432, -354.355002139
-0.51243574158, -3.90288173141, -4.88112603586, -3.53941234851
-0.462224867511, -4.16984403827, -4.82105310876, -8.63476507023
-4.99705029907, -3.9827076305, -4.88654322578, -1517.454679
-0.471155242658, -4.86254353441, -4.88783826757, -92.9383855627
-0.501131574419, -4.01506192235, -4.99720748479, -3.88364743501
-0.498907506093, -4.01197078835, -4.92892048602, -0.586128647312
-0.530261688764, -4.9878729602, -4.87745281881, -95.6636900649
-0.458488638473, -3.278401146, -4.86806250187, -139.496512218
-0.503082289412, -4.01565867552, -4.94329456545, -1.00891789815
-0.498230779005, -2.93546966896, -4.93907361693, -228.893001283
-0.503043107595, -4.00739418571, -4.99934313014, -4.07387502373
-0.501834604134, -4.01283561597, -4.83445499622, -0.549754586751
-0.994282373446, -3.99145398541, -4.87789262656, -62.6356458357
-0.434047252192, -4.00696032879, -4.87587083528, -1.07380360379
-0.416264500267, 2.88946811837, -4.90645412158, -473.116550139
-0.48617278214, -4.00185391348, -4.75409984997, -4.99321205993
-2.50403212613, 1.06071742492, -4.81724236861, -495.08322025
-0.500182714268, -2.64954704226, -4.87012996884, -322.530035479
-1.29541843717, -4.99950325235, -4.91263561326, -128.022335638
-0.99642138435, -1.00484498286, -4.88837760882, -749.078684822
-0.770046847121, 0.723548523125, -4.94726761713, -1002.71033126
-0.558000950766, -4.03838199275, -4.68680485651, -14.803624348
-0.524787335343, -0.76027668339, -4.95359544325, -729.201516871
0.018642996121, -4.1435089139, -4.95038812125, -61.435082989
-0.495519579424, -3.62634281339, -4.88721184996, -45.5478481536
-0.507226189745, -4.01902482384, -4.95750425653, -1.57300493446
-3.68182329757, -4.77273329606, -4.86212717489, -656.881025366
3.63982307904, -4.08781753856, -4.89960307728, -869.757483724
-1.5252679423, 0.654712141811, -4.85227575702, -760.427763873
3.09215078129, -3.97511860956, -4.87993272034, -566.969694048
-0.533825317541, -3.99480329969, -4.95822421818, -2.0153656382
-0.512425380829, -4.00961602818, -4.87120513583, -0.0670002772522
0.0381999416236, -4.06114689302, -4.99656032096, -68.6118513534
-0.495813959455, -4.00920358457, -4.97731165443, -2.55294001092
-0.525059978489, -4.84671836505, -4.87976283179, -89.1381866645
-1.11179548571, -3.99089501285, -4.87895985482, -74.3410303309
-1.83748289425, -4.39468006404, -4.89113131656, -178.985147553
-0.682462154338, -2.41860943907, -4.90787427683, -356.137891275
-0.523528737605, -3.49278984234, -4.88468103095, -83.3796045141
-0.496900061467, -4.51423851586, -4.8627696098, -47.6049964049
-0.498751281331, -3.94439772875, -4.9431658898, -2.36820674277
-4.99556623691, -4.01432855759, -4.88810801489, -1540.85602235
1.6242012504, -4.01551984768, -4.99330973132, -259.431967176
-0.498268758253, -4.08768335646, -4.93641397681, -2.220002214
-0.501301179371, -4.99069621561, -4.92645021484, -94.0120583584
-0.498403382637, -4.01062805205, -4.70690020657, -10.2390852266
-0.51487754932, -4.02346532711, -4.76941229195, -3.69512718964
0.449096131645, -3.71125659673, -4.87743966437, -145.351184267
-0.508304855699, -4.03620520325, -4.92080140334, -0.556485782786
-0.470572849694, -3.40593754445, -4.92960181505, -100.381650643
-0.504612898303, -4.01263264034, -4.78103715172, -2.83442905925
-0.5560149723, -4.14383441817, -4.90840916068, -6.22522456651
2.34928192022, -4.01409788189, -4.95898543882, -372.83886
-0.0286167062798, -4.99443482634, -4.88187643133, -93.2987898107
-1.57491338796, -4.50922764378, -4.88118466399, -142.316137668
-0.317757391251, -4.03761411384, -4.72902494615, -18.4896954491
-0.49471269894, -4.01760326969, -4.92094275431, -0.411651765394
-2.21334862999, -4.80948067049, -4.87695916128, -200.408312786
-0.500482917348, -4.02770450882, -4.92617442564, -0.565584302351
1.41915546019, -4.01327045415, -4.88374399972, -237.778655084
-0.674567689011, -4.00600204247, -4.85226417198, -8.12555244212
-0.454518820613, -4.6588139878, -4.87447566965, -74.4638443185
-4.9652322837, -3.87341833678, -4.88111256141, -1470.40653719
-0.498645252901, -4.01288220716, -4.99999135123, -4.09413197978
-1.81341568068, -4.00295662758, -4.84063984829, -181.823233766
-0.431052337942, -3.88137252129, -4.99877389438, -12.8335035177
0.503413728794, -4.09470218695, -4.76995363589, -122.869045849
4.98370936494, -4.01069264484, -4.87901713273, -1918.08219193
-0.521188035748, -4.98539501549, -4.88427565117, -96.7739231091
-0.912894920611, -4.01787630171, -4.80761213584, -47.7429760879
-0.316687373297, -4.00799384406, -4.97273696048, -10.4052829001
1.34901026652, -3.99409777141, -4.88340066189, -224.7138837
-4.28826078873, -4.01012059573, -4.88605569108, -979.630956506
1.46986729089, -4.67723470263, -4.73462490744, -183.538430693
-1.72247682708, -4.01406272568, -4.98168245567, -170.144900819
-0.527385875821, -4.15855263174, -4.95483756202, -7.74209412708
-0.49936215079, -3.69752427393, -4.82010222829, -42.3445656076
-0.49679466514, -4.02866787497, -4.81834546936, -1.08208428158
2.74605991685, -4.42099841283, -4.80506957889, -404.935267632
-0.735433352296, -4.99197672707, -4.86513112347, -105.925197774
-0.497433598228, -4.0118257965, -4.82860154129, -0.700849997982
2.18250519138, -4.32413948778, -4.87375758197, -291.566527332
-0.49856846301, -4.01216072988, -4.84465247784, -0.331301059893
-0.217707406438, -4.15894775868, -4.90291195915, -22.6699971887
