-0.923332632857, -4.21870265726, -4.75035924675, -78.3752814735
-0.464766000768, -4.07633871991, -4.92940489933, -1.91742912413
-0.509878555991, -4.00907011964, -4.87609765508, -0.0353056741552
-0.498004633252, -4.24139874058, -4.83364936979, -18.1165965692
-0.497458501031, -4.02107782841, -4.75106153197, -5.17989107528
-0.498493081535, -2.75610609838, -4.88153893311, -295.883896302
-2.89885279386, -4.00969438814, -4.8738288318, -347.078479307
-0.723402657914, -3.87979441504, -4.92816215133, -18.7993464022
-0.619301918088, -4.1548011493, -4.82587541358, -11.1903213506
-0.409511716983, -3.4309390679, -4.99908734178, -97.3697029724
-0.483363015025, -3.85630746678, -4.96740884878, -11.2814379094
-0.560843122192, -4.0107470801, -4.82535703008, -1.7393657345
-0.49629992586, -3.99387918774, -4.83845178914, -0.550029270003
-0.393759282729, -4.04465969664, -4.99072530857, -6.42405198024
-0.537587849186, -4.94921130894, -4.92808898293, -98.6730393591
2.26138362751, -4.01813769011, -4.93019950796, -343.809003902
-0.499211440918, -4.01731080569, -4.98680601081, -3.12664126404
-1.25251437282, -4.99377241, -4.88278312258, -135.267409319
-3.7432835421, -4.01309523814, -4.88210184546, -650.629511619
-0.308887189913, -4.44241001819, -4.89167029176, -46.7902067144
-1.05319152002, -4.01169741011, -4.81839187719, -73.1077691518
-0.811482084984, -4.19679950511, -4.9814156971, -44.5102716668
-0.536711848625, -4.11591028456, -4.83102198129, -4.02652722717
-0.476825988626, -4.02083017261, -4.8869452643, -0.154148887456
-0.447968146501, -4.15142769622, -4.97999680489, -7.82157399515
-0.460985952726, -4.01168522052, -4.99977592581, -4.36575174899
-0.378495679551, -4.43877331899, -4.87873443072, -42.1933787754
-0.49720147391, -4.01214625282, -4.99906064146, -4.02176393624
-0.512158081759, -4.04765782985, -4.84693939245, -0.628746042482
-0.497165226912, -3.7601746079, -4.85412834745, -26.4195023556
-3.51112203862, -3.21040272806, -4.83228265533, -589.478241749
-0.498308367962, -4.88508840224, -4.91796269321, -83.1481721108
-0.498613688717, -4.53291565988, -4.84883281258, -52.9027415683
-0.428218119647, -3.84884443515, -4.96718275425, -14.3118215426
2.73946665224, -4.01095981969, -4.8788217526, -485.983848368
-0.511821377089, -3.93837131951, -4.87895878432, -1.53415670674
-0.584852881528, -4.38601784988, -4.88512114184, -42.9747221979
1.68316283703, -4.01550901477, -4.88110496517, -268.024522478
0.2110021956, -4.01110946162, -4.88837791791, -86.7250418529
-0.59507738293, -3.99861475574, -4.88124116815, -2.33572820706
-0.445715926166, -4.10354586579, -4.86352225771, -2.96644054203
0.758461918084, -4.00873789203, -4.88350117527, -169.95497653
-1.1974000216, -4.99429346256, -4.88609954797, -119.848913849
-0.500093655876, -4.0120361206, -4.68422706797, -13.8672903711
-0.497518179495, -4.01242179558, -4.83928015542, -0.439741308068
-2.34738298498, -3.44061781947, -4.87026660464, -286.509476274
-0.501066134241, -4.01438969033, -4.84649480631, -0.300462746717
-0.498391758338, -3.56500302414, -4.88921224287, -56.6664377695
-0.499235272574, -3.04092633375, -4.92082868551, -213.607646785
1.73572002496, -3.91502301155, -4.93630834386, -283.633608086
4.48077072529, -4.0235295685, -4.87882933668, -1485.2599149
-0.49591541554, -4.00769533624, -4.87922212899, -0.0104214752234
2.15009147867, -4.01260766541, -4.8799015821, -336.956124523
0.09579404104, -3.96322224743, -4.91882260274, -81.5813069334
-0.495220507229, -4.01847524006, -4.76032107331, -4.38640329426
-3.76833125731, -4.01559530041, -4.88039300305, -657.522237147
0.0617703834236, -4.00896308621, -4.88233236196, -71.8317202898
-0.526708968022, -3.59877038984, -4.88136891417, -49.8104397458
-1.40633412213, -3.96309456474, -4.89809789005, -130.705227962
-0.490518070616, -4.08502035787, -4.90383382124, -1.52061230869
-0.0877877721825, -4.4862516221, -4.74309352689, -71.7273224382
-0.503266560251, -4.00643937415, -4.88589747483, -0.0192932907708
-0.500827960183, -4.01118605242, -4.93214046181, -0.669277448817
-0.606751779842, -3.29037764234, -4.87184282315, -133.875417201
-0.587437623207, -4.01392956786, -4.79900181874, -3.80330822594
-0.423314000622, -4.02752996749, -4.9128962465, -1.68693592356
1.21056866264, -4.00191841181, -4.69365765289, -202.375794366
-0.505672077939, -4.0232824966, -4.72164561644, -8.31327085947
-0.500045396572, -4.05476304777, -4.84316896813, -0.802079537362
0.223361192092, -4.00706112275, -4.91885009623, -89.82971372
4.99967816419, -4.00094986796, -4.90623509445, -1945.89996163
-0.490251204223, -4.99378522967, -4.88214055757, -97.9329563525
-0.499824926098, -3.97155031452, -4.85153092091, -0.647928183936
-4.62934129152, -3.98325177283, -4.91286210094, -1264.1475028
-0.501033671572, -3.78482504374, -4.87916569179, -20.5591272476
-0.500436849347, -4.04517148928, -4.77701031719, -3.45772474696
-0.540840911858, -2.96556723953, -4.87919733645, -217.271071386
-0.49987022998, -3.96173838366, -4.80484159389, -2.20652861526
-0.500232998153, -4.04738213794, -4.86752233882, -0.344197700979
-4.57359225305, -4.02626027377, -4.87909411245, -1207.38720147
-0.505242177519, -4.93815340088, -4.87885920242, -100.364149968
0.292071940232, -3.98792119032, -4.86858747674, -104.479857761
0.523979532556, -4.02988503885, -4.96269020639, -146.35345774
-0.500357770186, -4.01258273103, -4.9189259013, -0.367233507147
-0.500407322012, -4.01611969836, -4.89401732562, -0.0466897034295
-0.500036766684, -4.07450686097, -4.94138178183, -1.89915010739
-0.529517790277, -4.98944334361, -4.88661010566, -95.2073168293
0.235627058484, -4.01256820738, -4.89587161699, -90.9537999164
0.0857475236716, -4.14367868257, -4.88059747995, -73.8471538935
-0.499333920407, -4.01238844842, -4.84590652058, -0.308332298716
3.47780035381, -3.95608191014, -4.87340594286, -743.526613307
-1.60506066795, -4.01374068219, -4.96263006536, -148.376288337
-0.410513322072, -4.01103410569, -4.99962769687, -6.0797985084
-0.498393356102, -4.00338466589, -4.88811985339, -0.0353664268879
-0.523455449642, -3.06176321219, -4.80807463416, -189.132328432
-0.471286680893, -4.67559660764, -4.87947632258, -75.0167404831
-0.286503446147, -4.09940456501, -4.80127018021, -15.1376141822
-0.495835123216, -4.0636246645, -4.89194346491, -0.692706923761
0.732692615562, -4.09671459242, -4.97894214472, -151.33529626
-0.499735192081, -4.01344009214, -4.91513963877, -0.296854552739
-2.70852917143, -4.37318015942, -4.90853067771, -292.792698702
-0.525026766898, -4.01220425596, -4.97589584272, -2.66150697515
-2.56063391853, -3.93304754987, -4.88838295555, -275.618716183
-0.499474848387, -4.07423919208, -4.74872884419, -6.5823307559
4.99226272016, -4.00519504803, -4.88043396196, -1927.45325482
-0.49764657519, -4.00873436982, -4.79324226899, -2.0987602574
-4.5206719903, -4.01176345155, -4.87973619898, -1122.2950252
-0.500488108655, -4.46123229077, -4.87989608655, -40.7238678558
-0.515567412829, -4.01449207632, -4.87927183276, -0.0654343383786
-4.61017305987, -4.01198086777, -4.88089520127, -1249.75224011
-0.498292295595, -4.01008892355, -4.99874245289, -4.00562625402
-0.514728685819, -3.34425692951, -4.88300732982, -127.032729843
-0.49573939642, -3.61618091953, -4.8841625257, -46.9036294586
-0.515377769234, -4.06290456426, -4.85987542177, -0.805044982428
-0.441061196422, -4.39814327451, -4.88279846498, -40.3265292299
-0.495206926515, -3.35076673871, -4.69709442459, -113.857380574
-0.965104666832, -4.02259315216, -4.93279256024, -54.7350569564
0.80532575575, -4.01257778214, -4.88141372941, -175.797479435
-4.99958551887, -4.00904596701, -4.87985186283, -1532.98299226
-0.517130981341, -4.01396481151, -4.83095574196, -0.714557954845
-0.384659027758, -3.99412500274, -4.96394028344, -5.39061437076
-0.499664918844, -4.01345124765, -4.86890203828, -0.0363797059274
-0.726273776183, -3.9982317558, -4.99998658509, -21.8242163388
-0.575522854985, -4.01154049521, -4.78864079727, -3.81250751306
4.05223332786, -4.01400604649, -4.86822272342, -1101.86255638
0.0702508253654, -3.21953030443, -4.87483461143, -180.174550615
-0.501491465162, -3.60944156842, -4.88108715649, -48.3232164251
-0.501787333213, -4.01283424067, -4.88153349412, -0.00122345372048
-1.68267508592, -4.01949610145, -4.93451906837, -164.728051084
-2.99034305316, -4.35266614194, -4.92144924609, -350.411475654
0.285293209702, -0.701586572317, -4.99887756265, -1121.52004561
1.8208557177, -2.01368387925, -4.89822701194, -1010.86978026
-0.12475476123, -2.20452895127, -4.85149372443, -402.60827071
-0.496170197047, -4.01316026408, -4.75160936174, -5.11857952739
-0.51915139694, -4.55528464956, -4.8767759529, -62.7546428499
-0.641633951194, -4.0086415836, -4.78918805135, -7.44327594019
-0.50479468156, -4.05896865672, -4.99112476315, -3.93055321456
-0.499571527584, -4.02051092935, -4.94778242406, -1.16236477628
-0.502295635692, -2.25829926308, -4.88611317488, -425.000454817
-3.07785100416, -4.01163568206, -4.88128088302, -393.205584564
-0.52525955547, -3.91260198942, -4.84547901146, -3.27471571187
-0.503495541444, -4.01074644698, -4.84698883421, -0.295343627442
2.2417850824, -4.09295344954, -4.90438332885, -343.625639176
-0.508133962089, -4.01877871, -4.83778543514, -0.500297297531
-0.500804487249, -4.01462515138, -4.88224343903, -0.00180319754242
-0.500948152897, -3.96731832237, -4.90804359551, -0.747397207795
-0.280189203586, -3.93083838296, -4.7358236765, -28.7194370714
-0.377514728355, -4.00974935182, -4.80756938712, -5.90912078486
-0.496764044496, -4.06712104959, -4.75548326911, -5.67463252472
-0.501659340441, -4.9818352809, -4.89942186798, -97.6174791817
-0.455290961535, -3.9565448354, -4.89655604435, -1.40978563707
0.611883348203, -4.99990899066, -4.89021916831, -123.621003152
-0.470310195807, -4.01432675169, -4.85243624865, -0.421784328167
-1.21417206923, 1.57967200743, -4.95386026692, -536.89805093
-0.46816281137, -3.79625142334, -4.88124434463, -19.0517670029
-0.544875448067, -4.10780444186, -4.90023621254, -3.11124516403
-0.499356253965, -3.99734554499, -4.91087889274, -0.29052866304
-0.500902149094, -4.01200951824, -4.75708338937, -4.61086104143
-0.18649972015, -3.00494876405, -4.88957147437, -221.72149927
-0.49889151136, -4.01251949397, -4.70410771557, -10.6557431308
-0.399668822232, -3.59667192127, -4.84663462477, -57.5225885604
-0.511493639938, -3.99886280636, -4.88232631631, -0.0855009428672
-0.534217980321, -4.01418245044, -4.99773860233, -4.28407830154
-0.518993983733, -3.99261065703, -4.9999912416, -4.42045775102
4.40076848065, -4.26832123923, -4.90323000769, -1324.41444146
-1.50127630334, -4.0032141706, -4.9253915265, -135.378843618
-0.498846609509, -4.01363257991, -4.94189984824, -0.955476361168
-3.98225168003, -4.02342033798, -4.85185697067, -774.907821144
-3.49874324755, -4.18342084319, -4.87802844274, -545.522441482
-0.485422165127, -4.01517249115, -4.99725708363, -3.87976837681
-3.90005583494, -4.00933339781, -4.87696902992, -714.654907588
-0.499311089173, -4.01104114015, -4.96764837527, -2.03040042533
2.45185264151, -4.01334281015, -4.96003431771, -397.873265577
0.748780584041, -4.01493641204, -4.90592933032, -169.709594882
-0.497249528804, -4.01073922403, -4.8765543318, -0.00716185461948
-4.85185018671, -4.01245295973, -4.88033115917, -1421.93878369
-0.499162662332, -4.0231586071, -4.95133046429, -1.29853374441
-0.223464240045, -4.00757434165, -4.9445494141, -20.2824611418
-3.92478812451, -4.01128426707, -4.84520616779, -736.482945786
1.75463326126, -4.01287917132, -4.86990317022, -273.856500574
-0.401029473938, -3.44891859392, -4.87883048532, -101.270252977
-0.501267345734, -4.05087161381, -4.95567580887, -1.80275048069
-1.07720222117, -4.01276327241, -4.8826002008, -66.8563234319
2.10707635182, -4.01745553053, -4.88157920164, -330.381287573
-4.07314162154, -3.78439442896, -4.86886273337, -815.685277448
-0.465155699667, -3.99604740566, -4.89676501894, -0.426060907998
-4.96494216163, -3.94673127784, -4.88604072695, -1469.09909929
4.96691639532, -4.00844057153, -4.87226339239, -1934.25708004
-0.478583865424, -4.55516584712, -4.83822257545, -58.0978558638
-4.38025562476, -4.01450055795, -4.8784644461, -1030.2753772
-0.269114820331, -4.08176466397, -4.88670755553, -13.8721262517
-0.494562452582, -4.01071608483, -4.8822901342, -0.00806062052858
-0.507770153267, -2.45920768807, -4.88150473459, -343.250201105
-0.498997431887, -4.01392254309, -4.83702091106, -0.488824013187
-0.419375141078, -2.88774808801, -4.86451704728, -237.41511828
-4.44122798965, -4.00057401826, -4.88545129382, -1070.96545761
-0.498510505512, -4.01221957755, -4.85157231433, -0.217966592082
-0.498721650853, -3.88756126635, -4.97643670747, -7.95628057035
-0.363855940865, -3.97202677142, -4.99991230562, -9.39764974124
-0.228962107884, -3.13658094087, -4.84575319867, -189.904810588
