-0.45810506488, -4.57253542751, -4.9995689944, -65.4141619047
-0.475557533698, -4.9999168802, -4.88680299278, -97.8767535414
-0.658974748032, -4.19871562754, -4.99481314982, -28.4797123816
-0.49952833031, -4.01619142143, -4.90670702961, -0.171899558775
-0.699935835759, -2.66928290743, -4.87607902881, -307.151908245
-0.498212229329, -3.99682826623, -4.78488795879, -2.63378827766
-0.500861696053, -4.00969640192, -4.85161234375, -0.219138669738
-0.502646567937, -3.79452619336, -4.93060805815, -20.0120973214
-0.495651232999, -4.0162508345, -4.96833313451, -2.05296576795
-1.79594976757, -4.01300714879, -4.78499664849, -192.062362339
-0.476934599111, -4.10528454322, -4.88408779522, -2.43845860736
-0.621914938249, -3.71120151391, -4.94185324001, -41.7014306555
-0.522544627363, -3.07574861919, -4.88115921415, -180.784767283
-0.509989463814, -2.86048124643, -4.87445929178, -255.064905443
-1.34963604339, -4.98341248448, -4.88024979591, -138.241515451
-2.75073398968, -3.80162597933, -4.8122296378, -319.407635153
-0.417844020569, -4.47719832877, -4.88832262026, -41.1124165494
2.54598472156, -3.99575052532, -4.89104215551, -420.945397444
-0.496564863711, -3.55234400552, -4.87848970559, -60.2062650493
-0.49938979701, -4.01349642297, -4.78112280949, -2.81208133075
-0.498659654463, -4.56399100865, -4.88468405611, -62.8347209797
-1.00718245798, -4.03432851281, -4.93721511992, -57.662157057
-1.20645149644, -4.01308304811, -4.83210158923, -95.4716050708
-0.547457083304, -3.98558600942, -4.77184942812, -4.10030157226
-0.501126095953, -3.8048249156, -4.87851376875, -16.4297153043
-0.552188017062, -4.03030619265, -4.93341267607, -1.55886563105
-0.498557376015, -4.0195284542, -4.86966758784, -0.0440018093197
-0.501086989833, -4.01203056129, -4.75887329537, -4.47628285797
-2.0722731153, -4.12861089954, -4.89501006008, -214.969331143
-0.487003181657, -3.99899594148, -4.86567754543, -0.147488124951
-0.501831414513, -4.41218713628, -4.88786126997, -40.579113403
0.84289816028, -4.02440093199, -4.99859980721, -186.066886993
-0.398324096311, -4.01753491261, -4.99999798743, -6.67367753883
-0.0505821493855, -4.00179724739, -4.9984509715, -54.6981310111
-0.462033101184, -3.26599444455, -4.88033242722, -142.463489452
-0.502628518205, -4.01320934739, -4.80042787203, -1.73930236069
-0.490866384263, -3.856081854, -4.83285377897, -8.68479429893
-4.96662011834, -4.01862754016, -4.88254934559, -1532.8659248
1.64356703685, -4.01896392693, -4.98502071621, -255.346743581
2.98443742441, -3.96697319177, -4.87703473183, -546.507655166
-0.141249054841, -4.03056304487, -4.65944064778, -50.7492556321
-0.745521258182, -3.51542153398, -4.99939142859, -86.3807876867
2.64013265352, -4.01935284956, -4.88422771738, -430.347240839
-0.651237971362, -4.77874763656, -4.97191192077, -89.778985143
-0.501087128311, -4.03405382519, -4.82048730848, -1.06794905753
-0.524955543552, -3.96628472007, -4.82541545756, -1.48920522822
-0.50162038385, -4.01045239489, -4.70890456939, -9.94784244368
-2.7739695516, -3.70717291735, -4.90495446616, -328.546979721
-0.495680726361, -3.26576965779, -4.87787140369, -140.806039825
-3.04420058465, -3.9793457291, -4.72438262674, -383.945170136
-2.92140373076, -4.01019339186, -4.8751216119, -358.190678364
-0.520714169392, -3.60397674783, -4.87007401151, -49.6391879181
-0.438112155534, -4.01318793688, -4.86154200951, -1.04649505308
-0.536775796335, -3.23899046341, -4.88181647095, -152.32046978
-0.498760502301, -4.00751317051, -4.9532774877, -1.38441795026
-4.38199943942, -4.00884580353, -4.87704779007, -1029.20110614
-0.504072491349, -4.18279338938, -4.97198528002, -10.5371126337
-0.526714317307, -4.00791856167, -4.71753247506, -8.82793496079
-1.05936834584, 1.71040991698, -4.87338800854, -740.925353736
-0.977973797374, -4.14533914646, -4.80065627752, -69.4888909813
-0.498264230126, -4.44066330831, -4.88380756383, -40.4170237933
0.0414192674458, -4.10628453515, -4.91528854231, -67.4144226727
-1.40110103588, -4.11567755875, -4.94161776829, -121.491835117
-0.497606254019, -4.02759493504, -4.94428368515, -1.07405468579
4.08521261027, -3.94784936131, -4.92154103294, -1145.60863363
-0.494893462097, -4.01257634524, -4.92683784523, -0.538834135785
-0.502102961262, -3.81458740187, -4.87390555329, -14.5743963074
0.735693836021, -4.01349871275, -4.77312960428, -160.259019074
-0.631638738284, -4.32261705192, -4.87703846926, -41.9169363342
-0.034599315089, -4.41893508964, -4.88853950657, -70.6365173499
-0.422000448381, -4.14555928667, -4.8639091547, -6.15559055336
0.214825667254, -4.00437139487, -4.94319510243, -92.7507933771
-0.485779843443, -4.01369260011, -4.95536827378, -1.47856204436
-0.489630781915, -4.00256100229, -4.79316476986, -2.16740609937
2.54714077281, -3.51654475685, -4.95004586654, -548.843345745
3.26191606713, -4.01097256539, -4.99957023748, -649.517172268
-0.689072950482, -4.99706164881, -4.82471758209, -110.580225377
-0.648475019669, -3.72677916874, -4.91627668462, -37.8186595357
-0.500783253671, -4.01145148548, -4.95041887593, -1.26014851974
-0.504944870268, -4.0116913403, -4.95923548917, -1.63288969118
2.04414226481, -3.97104657523, -4.8652134097, -318.613888639
-0.67781181497, -4.33362969216, -4.87005812079, -48.1621312856
0.935721870596, -4.01843414493, -4.96196342529, -192.036271352
-0.593284555348, -4.20807366775, -4.82995563322, -17.0195977724
-0.31834554741, -3.03400999294, -4.89865008278, -212.856814368
-0.72992936921, -4.94482679847, -4.90320146311, -101.327052992
0.309741985023, -4.01217413562, -4.8402666783, -106.136720273
-0.502057853472, -4.04067552675, -4.77516587608, -3.51119081275
-0.467197429389, -4.27873018412, -4.8597503438, -23.8283246668
-0.278150706512, -4.00950137044, -4.80324043217, -17.0589083342
-0.368987216221, -4.27152101147, -4.93383391795, -22.7911362674
1.13962773304, -4.00440749689, -4.88329272408, -205.62319193
-0.506134587035, -3.23474774482, -4.88586875922, -156.926551103
-0.811262801049, -3.6395257761, -4.88206097777, -68.4176473439
-0.506983129975, -4.00798445341, -4.82066711183, -0.96194320686
-0.516220990921, -2.84208661567, -4.88305921364, -252.654478295
-0.479741149336, -3.54573899389, -4.79004709511, -66.3573648962
-0.5132140655, -4.99537281188, -4.67930600525, -103.075944538
2.08327016675, -4.01392470419, -4.88386464346, -326.656387772
-0.498222354911, -2.25110460086, -4.9303579489, -427.597727505
-4.93087418772, -3.99987710862, -4.88387184285, -1492.48780782
-0.0666845562696, -4.23101151025, -4.892419125, -47.9875245852
-0.732469694098, -4.01925658933, -4.8783652757, -15.2802696703
-0.500219422532, -4.99307084591, -4.88558450262, -96.831602547
-0.576345834368, -4.00961886286, -4.7091933712, -11.6175118546
-4.24658907618, -4.01249153806, -4.87914238091, -944.22283302
-2.48967659962, -3.42500317167, -4.93037916848, -297.574699404
-0.499977211834, -4.0155012905, -4.8962265095, -0.0616423437373
-0.436204270381, -4.69566446876, -4.86934104159, -71.8751631874
-0.496645684117, -2.6783580442, -4.88107784769, -308.713999998
-0.497453783263, -4.00761790287, -4.79203487769, -2.16797545511
-3.14875958617, -4.00678838578, -4.8802261493, -402.986524562
1.04168603561, -3.94889419056, -4.88892040408, -214.763443781
-0.493280765873, -4.9999494301, -4.88783361972, -95.2953927969
4.97043578693, -3.1342976154, -4.88199858065, -1841.89520702
1.35161443777, -3.663586125, -4.87259617345, -277.43820562
-3.60450448543, -4.15003993444, -4.79342679686, -556.84671991
-0.961423459399, -3.02653055009, -4.94669323347, -214.522675033
-1.3546526007, -4.01256064854, -4.88224100138, -115.11851477
-0.494384741599, -4.32950729963, -4.8751883239, -33.2083106964
-0.495887956652, -4.11183910636, -4.77619660393, -6.14247325514
-0.663583111481, -4.02849741251, -4.96779618172, -11.0457084349
-0.0752448379784, -3.91679864567, -4.77556869143, -54.0541932286
-1.26860327255, -4.23583439853, -4.87435647756, -114.872009184
-0.494725741008, -3.52349653839, -4.89612826404, -70.6372051875
-0.479714904352, -4.01466047014, -4.77371716264, -3.44670710563
-0.623163084202, -4.83865981679, -4.85073723327, -82.6083555954
-0.495148365268, -3.98550984495, -4.95585490828, -1.71923574249
-0.488442715787, -2.91174368121, -4.88128912421, -217.66452126
-0.267397933452, -3.75447086403, -4.89861451965, -50.7546674332
0.118152873689, -0.538463980899, -4.9470138429, -1032.55047241
-0.518788570289, -4.98131596347, -4.90120778718, -97.2811278375
0.256946255333, -3.12717647008, -4.93740913437, -238.352483398
-0.497557970656, -4.02563932293, -4.87371720304, -0.0563720118182
-1.10745975257, -1.13811868073, -4.94934183817, -829.773966947
-0.650567028423, -3.21139459974, -4.91585668188, -158.848429064
-1.14731112517, 3.66939684889, -4.99995075198, -102.601336192
-0.659422773333, -3.96189376674, -4.99875116247, -12.8534062122
-0.95768502577, 3.1350782859, -4.97469446117, -156.444306745
-0.673575179663, -3.41653379454, -4.94544925556, -97.3836281085
-0.486362086402, -4.5556927844, -4.87968194202, -58.6298020018
0.109951366146, -4.02044394763, -4.99998812276, -85.6289517991
-0.512782397802, -3.4535949902, -4.87331285918, -94.2665562126
-0.310828325494, -3.59224011647, -4.91107343747, -65.6643502861
-2.73906661608, 4.33015167352, -4.81808139469, -251.073464504
-0.629142585932, -4.00259118609, -4.87527792167, -4.27404996479
-3.68537183957, -3.98979662441, -4.84261200882, -601.080838638
-0.354689279763, -3.97418057757, -4.77108872359, -11.7051093393
-0.633943242599, -2.93457248216, -4.9642565058, -240.905526069
-3.41646456515, 4.92161965314, -4.92909448701, -312.792846306
-0.483343642937, -3.99812662925, -4.84929765934, -0.375768641264
-0.342134260889, -4.00550181029, -4.70350055264, -20.6213669437
-0.302065877959, -3.98390516175, -4.9129924146, -10.6052287257
-2.17364541158, -3.10434342947, -4.96441942587, -315.828455328
-1.3402676394, 1.17795820063, -4.9161008882, -576.561172695
-3.44203055725, -3.94156968841, -4.93676584083, -517.493792527
-0.508861023376, -4.05011684665, -4.90613391264, -0.534380023329
-3.51208266735, -4.02780034906, -4.97850378818, -542.852196883
0.188832295883, -4.437396542, -4.76583715127, -108.835511282
-0.488021314643, -3.7849113433, -4.83905293551, -21.072666523
-0.50014170569, -2.98601152685, -4.86064416021, -208.102426559
-0.498403178909, -3.13715574222, -4.99808097439, -189.544044468
-0.497798932197, -3.84307294923, -4.92170849132, -10.6442964534
-0.461916246363, -4.24444199045, -4.88157076644, -17.2638574524
1.9679629465, -4.44072541197, -4.88350967066, -236.430729036
-1.07154839379, -4.12820539652, -4.99734669424, -80.9530420282
-0.472480398595, -3.50598921422, -4.87357320051, -80.8264034483
-0.469971038785, -4.08271962088, -4.85893588275, -1.61180408818
0.063307026712, -4.01172259005, -4.8604809345, -70.8865396017
-0.49464542475, -3.18368556883, -4.88113712989, -165.404503125
-1.02596423793, -3.98990547846, -4.77138665622, -73.8512304687
-0.497684123232, -3.22762609722, -4.79270860561, -146.233515255
-0.497401680771, -4.05208173351, -4.54661019879, -41.4158005277
-0.543633246088, -4.0117766751, -4.920326564, -0.917848707245
-0.221525943444, -4.98886483876, -4.78847051562, -104.228083325
-3.58479336361, -4.01328049022, -4.94617759399, -562.244149236
-0.480536729924, -2.71411260151, -4.8893070433, -283.109759307
-0.746355109495, -4.99993292203, -4.88979209589, -102.575481124
-0.731648725877, -4.01765354279, -4.88381064013, -15.2235103068
-2.0992181408, -3.98717850072, -4.89454234794, -220.905362296
-1.90268312204, -3.35625510936, -4.81610500657, -254.626435897
-0.880609327427, -3.91370002061, -4.84273213194, -40.747944399
-0.81872886115, -4.04009957527, -4.8687687271, -29.2853513177
2.64981226964, -4.00086925909, -4.76589732265, -451.792881943
-0.605516211701, -4.9968660246, -4.88466465314, -99.1531471216
-0.510335894188, -4.01488234261, -4.77131524768, -3.48736007093
2.96272338212, -4.0219998427, -4.84163623868, -535.549925953
0.917581392573, -3.74576447546, -4.83234244176, -194.941784324
1.69876137389, -3.99937576608, -4.87363605708, -263.082128162
-0.49153888849, -4.01471444788, -4.92490944015, -0.503906081765
-0.507036801314, -3.59333964508, -4.88448709422, -50.6741267915
0.517726472868, -3.96197816406, -4.87322549493, -139.112468692
-0.50275924829, -4.0093905818, -4.76952584207, -3.63907786813
-0.504134956499, -4.01735835641, -4.99908389504, -4.04345100602
-1.25520289925, -2.84469563234, -4.86832493903, -248.422827051
-0.511915084938, -4.87183576825, -4.87180984365, -89.528228328
-0.86600372616, -4.45261552896, -4.92927106687, -58.2816424058
2.29247374662, -3.99241838856, -4.86584262415, -333.179297247
-0.260227704927, -3.42361420789, -4.85789995099, -97.1788260393
-0.494566893071, -4.00826180259, -4.78674349385, -2.47387882569
