-0.480663200107, -4.0118359734, -4.97435595573, -2.42731429203
-0.55685722269, -4.34872754487, -4.88098537059, -37.8323274818
-0.500396347711, -4.01148185292, -4.89811782184, -0.0757076483644
-0.49754144542, -4.01466371166, -4.99936859478, -4.04335239265
-0.491566338727, -3.97145328278, -4.82562298438, -1.22418245931
-0.498476082144, -3.31632643777, -4.87831372707, -138.037225716
-0.716140378868, -4.0096946443, -4.88218817965, -13.050848838
-0.447162511189, -2.87548473496, -4.86687079963, -253.57740304
-0.504433164527, -4.03683899356, -4.7808866646, -3.0532845839
-2.62283617718, -4.09399873415, -4.82359746588, -268.253559846
-0.468514837924, -4.0210240746, -4.8322010608, -0.873995112839
-0.498861376718, -3.97384762855, -4.88355410609, -0.401641544011
-0.515852867731, -4.0336606177, -4.95661698281, -1.69631521206
-0.548119671695, -3.93035843571, -4.88573238968, -2.39552472117
-0.576153122234, -3.97570117507, -4.76384209699, -5.75476795612
0.118518300698, -4.020489164, -4.87478830118, -77.2158350899
-0.500035562305, -4.01225786521, -4.98853369, -3.25269896545
4.9647128753, -3.99512509453, -4.95892318509, -1904.95920108
2.39571793282, -3.98390728973, -4.9026339372, -362.937561242
-0.646841818697, -4.09966106669, -4.77362266585, -11.8021520036
-0.470398074919, -4.03208070453, -4.90941751855, -0.497028810647
-0.491499856606, -4.01391587591, -4.87967174671, -0.0177252080705
-0.62332492462, -4.99351105843, -4.83302420176, -99.1995643325
-0.484055378861, -3.43782632521, -4.84104632323, -97.7812921345
-0.506120418321, -4.99983082616, -4.8822660313, -95.0830851153
-0.297337513851, -4.01142575273, -4.99355216189, -13.4049459961
-0.668307179271, -2.20901159784, -4.87948010149, -393.937829435
-0.502150487558, -4.01216195737, -4.94498571148, -1.06488931912
-0.494093981541, -4.0168422423, -4.73736951836, -6.59272031255
-0.498299591098, -4.22990530762, -4.8452564246, -15.7651038113
-0.503261364934, -3.16942303569, -4.87809612241, -165.354735857
-0.498308947193, -3.29292458915, -4.87359117402, -139.722709426
-0.797119133654, -3.99481610343, -4.99998165252, -34.2802300606
-0.473151143008, -4.59514982353, -4.96094261291, -71.1298119581
-4.27248555165, -3.62537005167, -4.8822115126, -929.004023239
-0.98887656804, -3.52686029485, -4.87906880394, -102.094359105
-4.95746531873, -3.52204911092, -4.8482418924, -1314.73466751
-4.95555782536, -4.01551333732, -4.88036966353, -1526.81101306
-0.422234710845, -4.03886914969, -4.82120003618, -2.64961010702
-1.65531752091, -3.68444903578, -4.88954599506, -185.778608766
-0.486149049342, -3.97125341884, -4.71164440542, -10.0700928222
0.404942734443, -4.78758218448, -4.88353307984, -122.680759083
0.214583250789, -4.03452107975, -4.8839232275, -85.9331032922
-0.499669887586, -4.01288773355, -4.79911701711, -1.8013589558
-0.497527126241, -4.00763154436, -4.90413515755, -0.144676391213
-1.31726638764, -4.6666331062, -4.89454661319, -129.934119841
-0.505022462502, -4.02879258792, -4.99894845682, -4.09120435504
-0.49671688212, -4.55903283982, -4.88299295288, -61.0792451991
-0.49864469774, -4.01853300815, -4.97523530484, -2.42561222112
-4.42631256195, -4.00334628959, -4.90781803865, -1075.83673509
0.153008280154, -4.0237156814, -4.97567087777, -88.7838552452
-0.503879669803, -4.01779914257, -4.84620726773, -0.317841315743
0.937354500201, -4.01684057574, -4.8104341244, -183.295943122
-0.505369157108, -4.01124615547, -4.87060591008, -0.0353253842537
-0.500155547676, -4.01292992442, -4.73503966399, -6.72042387434
3.99937057748, -4.01416376625, -4.88500652725, -1091.56009043
0.515903004871, -4.01580110996, -4.8477992766, -131.771962382
1.75676621808, -4.17419778613, -4.87958863422, -251.692310927
-0.487910595125, -3.96514019677, -4.75429644002, -5.44964151903
-0.497232065144, -4.07447931257, -4.76985134147, -4.8022342279
1.28970913904, -4.58499656467, -4.87543829281, -166.935078653
-0.730028744014, -4.27202771528, -4.83136909262, -46.142347513
-0.651876504946, -3.99359598142, -4.74344515227, -12.0530466892
-0.530820371558, -4.99497814568, -4.86937525273, -94.4983757796
-0.499220671146, -4.02089756806, -4.7858829091, -2.53265642321
-0.498627708827, -4.01223413354, -4.7249369595, -7.86373390744
-0.463258485154, -3.27771848083, -4.70955927244, -134.673842549
-0.199746667263, -3.42161166381, -4.82196890054, -99.1211903907
-0.492757686339, -3.92227587424, -4.99975091777, -7.08245986704
-0.378726062722, -3.78664521559, -4.88357842199, -27.5703583874
-0.466737877529, -4.11829378887, -4.89242898599, -3.28731410701
-0.539867198907, -4.63519780851, -4.8822206463, -77.4623227992
-0.499826823611, -4.00789338213, -4.86373291669, -0.0797213120573
-0.493993916733, -4.07062482608, -4.90761428198, -1.05029066129
-0.503279551385, -3.14722434127, -4.82984138637, -167.317128093
0.00427528282474, -4.11198212344, -4.86636002165, -62.929086576
-0.510992641593, -4.77670432428, -4.84332534429, -96.1207950163
-0.495186103367, -4.00575729353, -4.92441363677, -0.498900595153
-0.279577953741, -3.96981904834, -4.87190209422, -14.5810182569
4.97244402109, -4.01308467685, -4.8638325423, -1938.9021041
-0.447052616377, -4.47539750618, -4.8808592752, -40.5548154005
-4.94127763806, -3.91769062224, -4.82826635273, -1451.34833818
-1.18415254975, -4.01101475932, -4.7884464677, -91.4893525477
-0.500403613667, -4.01258255277, -4.97292740804, -2.30853651682
-0.358431768233, -4.00846044039, -4.8797631096, -5.03184501877
-0.499823251353, -4.05728224668, -4.99995271753, -4.48237395793
2.74336723271, -4.00467059256, -4.88855815034, -483.872809727
3.82515760074, -4.01235533321, -4.88138773225, -992.664058834
-0.504773186543, -4.01128109233, -4.99426432462, -3.68905184562
-0.519126685362, -4.01056305648, -4.90536335281, -0.251720256857
-0.319256233304, -4.40861937621, -4.97879075948, -48.473676015
-0.191301566309, -3.91909173227, -4.98475254814, -32.834596952
-0.00198687430268, -4.21725553972, -4.99975755738, -55.7577033695
-0.499198007853, -4.02629209909, -4.91251610218, -0.29203839811
-0.47673266619, -4.88117097066, -4.88054769489, -91.3506478713
-0.503664664604, -3.46863048478, -4.88876163556, -91.1616986634
0.873016627468, -4.62552041893, -4.86402374893, -153.924536667
-0.521524366176, -4.00962733285, -4.94993002186, -1.38566429995
-0.384949969327, -4.18744497373, -4.82331618025, -12.3580900611
-0.499735208479, -4.01343990631, -4.8640640459, -0.0717177181416
-0.551783487396, -3.98491044006, -4.86023095872, -0.997120054532
-0.423810832082, -3.90030291845, -4.85647934431, -5.86733855205
-1.77649643855, -4.01347055422, -4.92571537962, -177.101540568
-0.501631043059, -3.26221591369, -4.92109998968, -146.169630659
2.39349573996, -4.02286419176, -4.87846740783, -378.1878638
-0.524221869068, -3.96614817398, -4.88419404955, -0.728504720626
-0.417903169188, -4.00831762168, -4.99885157086, -5.68401490495
-0.49829762329, -2.71603258714, -4.8805810009, -290.653588123
-0.502845684299, -4.01024743451, -4.80150176923, -1.69052959057
3.32599143937, -3.9998046278, -4.8808952066, -680.429993996
-0.497980757201, -4.00766631083, -4.85849312956, -0.132988843972
-0.520629690961, -4.02435619494, -4.87590487275, -0.150998781097
-0.608037777178, -3.92318540777, -4.88302298877, -5.07489487237
-0.670142018727, -3.61560137743, -4.9793125882, -55.6236445928
-4.9997461204, -3.96119315074, -4.87977648237, -1517.74467329
-0.531985678277, -4.138807931, -4.982210461, -7.53791715334
-1.87631914071, -3.92801653468, -4.87889862736, -194.541865421
1.48846037479, -4.01330074071, -4.88143744515, -243.421813202
-0.318168026243, -4.00200286102, -4.92956271225, -8.72017823241
-0.385601937023, -3.65204455142, -4.87278154118, -52.7766057084
-0.500060384918, -4.01523368293, -4.9258627128, -0.510974829353
-0.49966498541, -4.0134488088, -4.90302885491, -0.124275499391
0.522356284264, -3.57387845186, -4.91514812562, -198.747690685
-0.523155475176, -4.01079888538, -4.72274929395, -8.12810917859
0.990508829857, -4.01400704037, -4.88054276668, -182.324122805
-0.510628136096, -3.7184853071, -4.8590219098, -35.740310175
-0.522721959428, -4.99673545399, -4.87060857586, -94.84264507
-0.501838236081, -4.01283462962, -4.72701748556, -7.59408117193
0.635438062528, -4.00948555474, -4.85811903191, -149.238189699
-4.97780444908, -3.99999416986, -4.8693972821, -1519.74941745
-1.31379364345, -1.59056576099, -4.91997486875, -527.296895445
-1.36728805309, -4.14032192249, -4.89033205886, -128.83827824
-1.39437827999, -4.97930184348, -4.99791017696, -136.525895171
-0.502356022396, -4.01396492731, -4.8391979068, -0.442594576068
-0.470735091114, -4.89547618606, -4.88206651181, -91.6092814239
-0.504996314034, -4.01428555436, -4.99794942105, -3.95783964525
-0.555779953229, -4.24089279156, -4.99128800121, -24.2630590466
-0.495813243815, -3.97890618578, -4.98336798147, -3.29851747912
-0.278216910907, -3.83199640578, -4.87983939549, -30.6041163415
-2.15530317488, -4.00325339458, -4.87963602647, -226.6321025
-0.487588547907, -4.23050216684, -4.88874406915, -14.9473642465
-0.503821737981, -4.01132423033, -4.80561707837, -1.51075766455
-0.0832754643076, -3.97964402979, -4.75918975463, -52.2342535927
-0.50705418822, -3.87022433721, -4.84265350885, -6.65356639166
-0.812424120646, -4.97740445876, -4.89972894101, -104.88442076
-0.49729384002, -3.6352507546, -4.90672130224, -44.5015954561
-0.520111052255, -3.93167338595, -4.98521596336, -5.38139610646
2.24830516007, -4.00765350574, -4.90718264167, -358.598128238
-0.481450620334, -4.01215757968, -4.9796875313, -2.73216251377
-0.501587165547, -4.19863609482, -4.88043281032, -10.598294065
-0.558222310597, -4.12267696048, -4.89370071976, -4.41908993926
-0.404132947955, -4.02702981554, -4.99998634824, -6.38471502785
-0.638187966315, -3.98460766089, -4.99907856289, -10.6881782864
-0.397830073031, 4.72952452567, -4.8602939586, -273.042912461
-0.50533143977, -4.88805095161, -4.88087488884, -89.1983660742
-0.633898632047, -3.6082888409, -4.88221447726, -52.2750652747
-0.474574533328, -3.47244624098, -4.88564436313, -91.5244369953
-0.500902087575, -4.01200371308, -4.99891830204, -4.00887872055
1.79387996075, -4.02426977193, -4.88335301558, -277.132691025
-0.500486091169, -4.02451854488, -4.88387887565, -0.0379613358971
-0.496318898561, -4.2177998813, -4.83494577656, -14.1747521219
-0.456959568204, -3.82214225762, -4.88959794218, -14.5341683399
-0.498439810617, -4.01399458351, -4.90647854916, -0.165974038868
-0.4997635853, -4.01335890663, -4.70592291394, -10.3900270811
-0.414657123036, -4.0318897285, -4.9991318323, -5.83893024657
-0.500171438172, -4.01383105357, -4.87459796184, -0.010489831216
-0.499678554309, -4.0136288978, -4.84057353042, -0.412127681273
-0.574024497698, -3.99727545156, -4.89057450899, -1.4833234644
-0.245207991896, -4.0097295558, -4.96030155794, -17.598711167
-0.49508216127, -4.49417948022, -4.80647576579, -44.4646122306
-0.470670657587, -4.02429331764, -4.90113453759, -0.338152588179
-0.499170339189, -3.9559690614, -4.83761744136, -1.3004175829
-0.119122437096, -4.01731090978, -4.86472556925, -40.4400897482
-0.121872004357, -4.0114083951, -4.8839714613, -39.1262793515
-0.497272738674, -3.87226585086, -4.80923815795, -7.50651265221
3.96589943261, -4.01263559345, -4.84507699983, -1084.31918873
-0.510119567585, -4.01707203702, -4.88280006146, -0.0334385595515
-0.513156957942, -4.27781924398, -4.99829282977, -28.2691528792
2.960814536, -4.03858686214, -4.90351284094, -533.854281655
-3.64912211376, -4.01273643992, -4.8775486126, -588.883321418
-0.402170637496, -3.72048921877, -4.89575409423, -39.4092608005
0.0418118990422, -4.0818257631, -4.84541847028, -70.4582333403
-1.74026850811, -4.01635835551, -4.88395156212, -167.761207315
-4.04990090302, -4.0131284044, -4.88212619803, -789.487465014
-0.439767486103, -4.02570111152, -4.80946405823, -2.37753068459
-0.495081977895, -4.00876843528, -4.99961392401, -4.09726612289
-4.60003395884, -4.00683034923, -4.84529329652, -1217.51071762
-4.68565834942, -4.00101997319, -4.86175259164, -1242.06234672
-0.500214175416, -3.9756969626, -4.85099626312, -0.567808036252
-0.829691781868, -4.06594777269, -4.94261675315, -38.3138581688
-0.292349982996, -3.98052007754, -4.68158626185, -31.7039827832
-0.495032611869, -4.85823892324, -4.81383883165, -96.5922142075
-0.476807832062, -4.69658193937, -4.85176464356, -75.9201637232
-0.497092557726, -4.0122933371, -4.9047529339, -0.145373900344
-0.788149967507, -3.8611574924, -4.76195401017, -30.5011708362
-4.99910722403, -3.98060262554, -4.83838269065, -1518.19392144
-0.501474328877, -4.01627938365, -4.77689105611, -3.11103428045
-0.497727983989, -4.08063583938, -4.83530635087, -1.73726373609
0.99630825442, -3.94669249413, -4.93782795603, -201.96621613
-0.927498399944, -4.82101105657, -4.88110927225, -107.819559781
