-0.416539346363, -4.01130765823, -4.99998662572, -5.80156400733
-2.19274222249, -4.73962929684, -4.99763939342, -210.954448027
-0.499317305197, -4.01108674921, -4.93271111977, -0.685534384444
-0.497540975865, -4.01414267024, -4.83997417275, -0.425882012985
-0.496001302215, -4.01673271737, -4.88820091492, -0.0211150975283
-0.498481632179, -3.5001426207, -4.87612597803, -80.8040318498
-1.29471778286, -4.00969504449, -4.79874301392, -116.25724517
-0.740697628999, -3.3838533601, -4.87899437148, -107.678158079
-0.498341054846, -3.99929573815, -4.95006749386, -1.3032687188
-0.517366178025, -4.01677160161, -4.99944423349, -4.19219450122
-0.498220457363, -4.16206270886, -4.98755715732, -9.07026338985
-0.516278022924, -4.01353929227, -4.99997344612, -4.2213948198
-0.500839310836, -3.14426178011, -4.86034064906, -169.479281567
-0.497147483304, -4.40627624506, -4.88288817562, -40.229806913
-0.344774237687, -3.96386413792, -4.79976241382, -10.7749808162
-3.71787027638, -4.03339036442, -4.72942595916, -617.560278499
-0.497760222122, -4.0115393268, -4.76035501546, -4.37080645883
0.734056007519, -4.24684613712, -4.9258998589, -142.623489078
1.68420974647, -4.02027891088, -4.99939316431, -269.773055099
0.0968699006379, -3.386175779, -4.88217171617, -162.463623802
-1.02299611624, -4.00296807008, -4.87112019109, -65.2541995234
-0.522205644038, -4.02435179479, -4.81090769044, -1.47158446644
-0.482362758695, -4.15765362856, -4.83779215688, -6.66108373553
-0.490026469618, -4.00589596108, -4.65710990703, -19.4250150182
-0.497841677684, -2.98832382224, -4.89134735446, -213.535120697
0.340361012333, -4.01176752552, -4.69074904092, -113.55706676
0.514585012249, -3.60861039157, -4.88605035241, -187.346898342
-0.500127259086, -4.01213993196, -4.83927758799, -0.439079013424
-0.500012570889, -4.01232486133, -4.78225487462, -2.74350079291
-0.498376717849, -3.74007119369, -4.80322970739, -32.1808958699
-0.504134781656, -3.74892360816, -4.89518774156, -28.6305111282
-0.498308791544, -3.79928477956, -4.89633143702, -17.8099806134
-0.0621507285551, -3.89698387197, -4.8267073445, -57.3796325673
-0.4833010191, -2.67124810601, -4.79924427172, -300.947634906
4.72613329032, -4.55927334338, -4.87908958766, -1578.03854913
1.49136047188, -4.25712203704, -4.8773735695, -202.335626071
-0.157570012736, -4.9108397354, -4.88761074609, -94.7649858135
-4.99943507457, -4.01551325736, -4.88109975656, -1542.45242117
-1.92455064039, -4.00808990208, -4.8124898965, -194.793988606
2.03896696433, -4.01302621446, -4.88131279422, -306.762941192
-0.493665937688, -4.03188105951, -4.87850799828, -0.10236101546
2.20480064696, -3.6415156029, -4.88382867018, -411.552646996
-4.97307152116, -3.15139515268, -4.8938600363, -1341.06866959
-0.500222668872, -4.01269012733, -4.97673671433, -2.51367839953
-0.497586721881, -4.01183899669, -4.96726150454, -2.01087495092
-0.590242708562, -3.59831164426, -4.78893544102, -56.5829538377
-0.501042994849, -4.01955300116, -4.8089907842, -1.38015003467
-0.505832653346, -4.41431608625, -4.87786042945, -40.215600933
-0.498271159811, -3.92971852027, -4.7186654834, -10.8514556541
4.97052211412, -4.10847732069, -4.93564307608, -1903.50442989
4.37028404696, -4.01347713213, -4.91991950785, -1375.02410157
-0.499193358981, -4.01371466566, -4.99967966816, -4.06528672282
-1.9202170842, -4.01371623112, -4.92664504059, -188.717314831
-0.583220889648, -3.9873047608, -4.78659499522, -4.30526011093
-0.500278660222, -4.01293821637, -4.85119480871, -0.223072435575
1.24874257877, -4.01797677692, -4.97532118424, -227.901790366
-0.59469832017, -4.008407932, -4.99997327721, -6.89744920483
-0.486003248325, -3.48039303946, -4.88777730589, -89.1800064138
-0.494938262266, -3.3487195957, -4.99999585224, -133.585237096
-0.494881973111, -4.45154469115, -4.86669846962, -40.2968800605
-2.68450682103, -4.66184348021, -4.92228059477, -271.82516206
-0.450978356366, -4.0636404226, -4.92089008352, -1.60417591456
-0.498506484812, -4.03247327301, -4.83369537254, -0.666505030639
-0.519453811991, -4.14422945254, -4.97004925633, -6.94856716369
-0.497796907413, -4.01227019546, -4.99348453405, -3.58665444805
-0.497361432774, -4.00856505092, -4.71764208367, -8.77104555589
1.99876956996, -4.52499120832, -4.78832654884, -245.560878153
-0.490892017785, -4.00807234973, -4.84435581221, -0.361656738951
-0.477691782748, -4.0512358552, -4.91442844844, -0.767263160996
1.7014782143, -4.99979470687, -4.81798047613, -183.815520754
-0.565805801964, -3.92015669411, -4.83276584019, -3.97521023371
-0.486461530485, -4.53090674906, -4.88182994642, -51.5210078629
-0.499870635457, -4.01150975795, -4.91762975546, -0.343607937482
-0.500966361819, -4.15601107919, -4.99564570808, -9.13716490059
-0.500629435797, -3.08109672946, -4.93464652429, -194.88405692
-0.517552606902, -3.1808882456, -4.89234961066, -166.294502688
-0.533846047808, -3.23866240644, -4.85791985679, -151.55270971
-0.545705763361, -4.04844837741, -4.8639728363, -0.912016207342
-3.47490157114, -3.91145397309, -4.87958654424, -518.608055501
2.01423792853, -4.01213322836, -4.88428746584, -303.597834737
-4.98574693556, -3.57352418031, -4.88148279718, -1385.88112686
1.45776197548, -4.02806200964, -4.96421332266, -232.625038287
-0.267128531478, -4.00320687324, -4.85688305241, -15.4382911832
-0.500372435913, -4.01258269126, -4.96704729217, -2.00344174326
-0.442237634992, -4.01152021194, -4.97502285685, -3.15144518256
-0.496060758821, -3.03698160115, -4.99977763644, -220.402782133
-4.21177293168, -3.96977819798, -4.89697936104, -919.029550398
1.54361885352, -4.01209844709, -4.88137790543, -233.375562509
-0.487114889198, -4.0111820141, -4.79095741927, -2.27052501884
-0.504266267029, -4.00727196579, -4.7609776911, -4.26161760135
4.99906450865, -4.12599781292, -4.90339625574, -1948.44544853
0.141512855353, -3.86235033989, -4.84590765296, -90.6032324691
-0.492835738265, -3.57879237904, -4.81195918245, -58.6356463461
-0.502883078685, -4.01469396384, -4.99532559301, -3.75135763411
-0.871108500186, -3.82742427892, -4.882911682, -44.8323785561
-0.438659764709, -4.0644898977, -4.93534346649, -2.28495698851
0.425088554297, -4.02152465015, -4.84831606062, -129.076553032
-0.500528088244, -3.99998227031, -4.82434386024, -0.865527599489
-0.142811221938, -3.95863346152, -4.85709385898, -39.9957123478
-0.499735401292, -4.01341018769, -4.77161903142, -3.49040261714
1.07881239449, -4.52882278589, -4.84674699206, -158.537195524
-1.43647949149, -4.12480574458, -4.95510598096, -134.203870664
-1.91718027179, -4.01045844755, -4.89731856601, -196.311987058
-0.500725603936, -3.28041505481, -4.7655392784, -140.077466916
1.9276042601, -4.01553612677, -4.88109695903, -281.168105478
-0.498925269531, -4.01475522449, -4.78530128495, -2.56042664806
1.06410612704, -4.01773033134, -4.81718427732, -189.69746315
-0.484373906655, -4.62104071374, -4.88081288233, -74.3633128609
-0.505042014398, -4.00534434061, -4.87580703138, -0.0272266003112
-0.8103051601, -3.97429153876, -4.88089520065, -27.4715673966
-0.498046276013, -4.01599896596, -4.84040342175, -0.419597133726
-0.455351524041, -4.01300178612, -4.88280044271, -0.484363052702
-0.480872133731, -4.1405056516, -4.84824778098, -4.99829182739
-0.556921420764, -4.15088829536, -4.73955243887, -14.7408425154
-0.189353596096, -4.60483738925, -4.88459680783, -63.8380111483
-0.512304727089, -4.19905535155, -4.86712250602, -10.9513247004
-0.663418430858, -3.69930845414, -4.84407729411, -44.0607997726
-0.209558190593, -4.01231250301, -4.88128501836, -23.1571493206
-4.99347699407, -4.07501084338, -4.86751461281, -1548.71812735
-0.793117862644, -3.75101969089, -4.91042091564, -45.4099332406
-0.499899185215, -4.01353388644, -4.83984541307, -0.426650358928
-0.499664896021, -4.0134553846, -4.81227065511, -1.24028129405
4.98633515981, -4.01535038534, -4.95990374104, -1921.70892632
-0.499009491691, -4.00570551993, -4.86206705228, -0.101497090749
3.82199646554, -4.01400556576, -4.88851367096, -994.680885707
-0.557346746557, -3.44274036426, -4.90232224879, -93.1510058228
-0.486538306303, -4.00209435077, -4.88003415925, -0.0718563975204
-0.501755457627, -4.01283428961, -4.99969870766, -4.08117049334
-1.02097206736, -4.00902569426, -4.76704998028, -72.4937243777
-3.33078450082, -3.94111309832, -4.96718083853, -470.032836759
-1.27554284728, -1.52557307586, -4.80752362504, -569.076713367
0.091784715478, -3.8086626046, -4.95138512919, -95.6630582863
-2.19194001725, -2.16579372953, -4.99932568889, -474.108125161
-0.500409659479, -4.01068936337, -4.82003466994, -0.962760351569
-0.486792782018, -3.65398473409, -4.87706364516, -44.8250886185
-0.485381244071, -4.01414417275, -4.79924743031, -1.84876506877
-0.478816280139, -4.03881485455, -4.92160108717, -0.677334061717
-0.521915421673, -4.01485703159, -4.97872801923, -2.79463493041
-0.501154601606, -4.57376875933, -4.88020143186, -66.2380568304
0.368640046183, -4.01196998275, -4.87964377583, -122.303905864
-0.447915425346, -3.12372908072, -4.99967650992, -193.622630942
-0.503436669315, -4.01291306236, -4.8176883296, -1.04237980276
-0.652782308944, -3.99775518437, -4.71613844445, -15.5529402957
-1.76533930286, -4.06880400821, -4.99896901272, -169.805564152
2.652664295, -1.49883042289, -4.90448258328, -1454.48093334
-0.498864453959, -2.87842301941, -4.88452487021, -247.106490072
-0.499548279537, -3.95711036365, -4.81148179188, -2.0610563472
-3.47286299955, -4.00959088048, -4.99997339119, -526.968674696
-0.504549982966, -4.01104045324, -4.8740510255, -0.0184112659001
-0.501795353236, -4.44726878938, -4.831439183, -39.6986040323
-0.68615466019, -3.84417563035, -4.9999536613, -23.6212955233
-0.934508873976, -3.98056404221, -4.82883323188, -50.3884397606
-0.531249573789, -4.02143550984, -4.9999634408, -4.4375769986
-1.40051873923, 1.51079675938, -4.89416458727, -581.651835576
-0.612656345013, -3.60122964489, -4.87792686722, -51.5813682666
-0.484880070979, -2.03742393837, -4.88186063558, -551.80299173
-0.502638737208, -4.73608420756, -4.8931989773, -80.9773231221
-0.500901236218, -4.01200947786, -4.83004398482, -0.659750358336
-4.99446594172, -3.96559652985, -4.90096152665, -1512.05199371
-0.606341227698, -4.00270700578, -4.82629485943, -3.69674848197
-0.496985053982, -3.27904470957, -4.91847794631, -137.740091383
-0.499339176772, -4.71185164843, -4.88121537473, -78.0427753272
-0.498980271295, -4.02085118513, -4.93073064341, -0.639510389017
-0.500241484869, -4.01596579824, -4.8281762575, -0.710572125703
-0.287954057339, -4.00063825536, -4.93834167678, -12.3102584521
-0.49498516103, -4.01550718564, -4.65026339124, -20.7400807849
-0.499524799716, -4.0136283822, -4.69400522182, -12.2381163799
-0.349357972952, -4.01285573221, -4.83195029662, -6.79234744787
-0.130688644725, -4.07909156659, -4.81206386679, -40.5459888548
-0.49861228112, -4.00878588996, -4.80333857153, -1.60816369849
-0.536888903943, -4.00803402653, -4.85411286436, -0.531938723856
-0.500023651245, -3.98558712886, -4.69235774468, -12.6390419031
-2.25864971689, -4.01164547407, -4.91501855641, -241.175366564
3.19231970227, -4.01453958346, -4.89086190886, -658.910738424
-0.49161052486, -3.81321032486, -4.90841326018, -15.5156262666
-1.02258606621, -4.01390543598, -4.84762332862, -67.6294553328
-0.498988811347, -3.99935942257, -4.99848287906, -4.05888997483
-0.571781515257, -3.97705602699, -4.88840761868, -1.63654064544
0.0388708746465, -3.98980799414, -4.88283825095, -68.2436280995
2.99872512044, -4.01273713886, -4.85900366015, -537.685207241
-4.02721479681, -4.81175875686, -4.99998922565, -905.737264391
-2.54862012499, -4.12889017546, -4.91870736605, -272.438666204
2.04685858292, -4.01390800365, -4.88198202588, -303.64541869
3.79026465743, -4.00994460825, -4.88176560491, -942.288712528
-0.56647050101, -4.00796623122, -4.82699369353, -1.86770086681
-0.488685018747, -4.00315690216, -4.94429151961, -1.09194239663
-4.84130398073, -4.01572087868, -4.96168865545, -1420.81707779
3.15429285056, -3.98917253957, -4.86287905959, -616.748131369
-0.498150108081, -4.59590617426, -4.87124097406, -71.3529692998
-4.98349910944, -4.0779745381, -4.87807012675, -1545.15774392
-0.502072786704, -4.01359146774, -4.97557516308, -2.45868803194
-0.500141312314, -3.03290648512, -4.7592198772, -185.665234982
-0.499434028548, -2.94808370093, -4.87809252588, -226.401057549
-0.499676594795, -4.00291712734, -4.95047788694, -1.29009916367
0.570602767211, -3.98767947639, -4.887930128, -142.338769706
4.85710613289, -4.29062841667, -4.98361136314, -1766.14693603
-0.482046061443, -4.02311411021, -4.95350920161, -1.43997946287
-0.483361980412, -4.02162294903, -4.92511062935, -0.564761712711
-1.55223633078, -3.94919255607, -4.78086774274, -160.142449573
-0.46581896323, -4.50818753042, -4.88110997332, -44.5947459805
