-0.54822880963, -3.99641202366, -4.86473887634, -0.733176503624
-0.426318220195, -4.22225639478, -4.94160609372, -14.1801542633
-0.0249495545467, -3.70429221353, -4.72953999646, -94.7448444425
-0.499220429914, -4.4827377448, -4.86029736568, -41.8943417368
-0.348972655554, -3.9662309083, -4.9672920777, -8.49998850391
-0.483443681458, -3.65914928195, -4.93728420374, -43.6947883065
-0.513775615725, -4.00969571771, -4.72497225785, -7.85266639962
-0.300207687816, -3.79918454803, -4.88777212732, -34.2530041323
-4.98985512157, -4.41613720622, -4.75428077438, -1627.32043015
-0.389779965811, -3.37248505732, -4.87387361267, -123.604825671
1.5939207272, -4.07317043513, -4.98064703473, -262.153126096
-0.515049925805, -3.57254634058, -4.94070041547, -53.7776811041
-0.495152166616, -4.03933766612, -4.98122330535, -2.9236354077
-0.463521813753, -2.73639350739, -4.79990931985, -298.761651175
-0.507673849339, -4.0167794771, -4.72607117561, -7.73704699493
-4.99300399851, -3.70573900541, -4.81600075988, -1445.87116656
-0.485183006622, -3.96280767611, -4.86428588196, -0.781741933645
-0.600439088593, -4.04385761657, -4.87150933291, -2.89966926282
3.45790375816, -4.11748969769, -4.98626947098, -743.786706892
-1.24380886021, -4.02576809139, -4.88638558085, -104.55858273
-0.494735821968, -4.75588961578, -4.75728023234, -96.7833744202
-2.30788168737, -3.94531708708, -4.89268389135, -231.080739861
-0.298085182093, -3.86776878698, -4.83856112007, -23.4891128766
-3.36603271468, -3.24631275704, -4.87151758629, -550.584422056
-0.563677669023, -4.23636307476, -4.98342340742, -23.5444650149
-0.0318599704532, -4.04976707208, -4.89382950843, -54.9366598409
-3.06088789428, -3.86030559538, -4.76148216301, -384.171201572
-0.494337761274, -4.01050967496, -4.75885764593, -4.50162164891
2.02636452333, -4.01201313404, -4.89075499907, -308.887678344
-0.507676906455, -3.78239803918, -4.91750946489, -21.9792296912
-0.480278271027, -4.7520259159, -4.8938963557, -83.6539136458
-0.435974373288, -4.03515951297, -4.8835889831, -1.10361401449
-0.601475240086, -4.27488599964, -4.94270172974, -32.4527623506
-0.496117153492, -4.04854044615, -4.87942852205, -0.323685761492
-0.489675928582, -4.59948613677, -4.89702622827, -71.2886037567
-0.863240047924, -4.0898600255, -4.83752086724, -41.5933341565
-0.502485309636, -4.37431468633, -4.89353430325, -39.3067212212
0.0673914024063, -4.00994030701, -4.87329623824, -72.2787339097
-0.0813710481379, -4.53321684257, -4.85625905848, -65.9743585329
-0.60109293781, -3.59634406578, -4.87382373073, -51.7042200487
-0.500166974663, -4.00855468665, -4.90110199181, -0.108125195695
-4.71604831828, -3.93934601951, -4.87014037013, -1275.50064904
-0.199364152714, -4.0157749228, -4.76535232291, -32.7343164433
0.486770265546, -4.01457465281, -4.92865676125, -139.723956722
-0.42888141446, -4.06590516682, -4.96006717263, -3.47465262489
-0.507729449274, -3.26449641092, -4.9111157123, -144.570615422
-0.573949483234, -4.34858706706, -4.90194338132, -39.7813658756
1.81620567214, -3.9691604922, -4.95659681676, -289.826320166
-0.512938586559, -3.54307208863, -4.79722258434, -65.5676117765
-0.457857026246, -4.00620409872, -4.78307271991, -3.22722391798
0.25904727937, -4.18914634922, -4.99940361282, -104.759440303
2.17795188596, -3.96697448251, -4.79600173653, -329.364976102
-0.505735923213, -4.01302568192, -4.78772935064, -2.41024559164
-0.506357977456, -3.70016841473, -4.99488517032, -42.8685858375
-0.674163045824, -3.44407270606, -4.96942458255, -97.8761569748
-2.01985152415, -4.00866879447, -4.96896002772, -205.410392856
-1.23608464038, -3.57175140106, -4.77623926063, -150.386844497
-0.498900070499, -4.21230002953, -4.89966010113, -12.3858775519
-0.804809224784, -0.488438095974, -4.88553719795, -1004.88894985
-0.0822372212351, -4.95423756354, -4.93517672572, -93.892176719
-2.09998888274, -3.48029538095, -4.93045375103, -251.355758938
-0.550205492933, -4.47443836289, -4.88278922572, -44.1290518497
-0.47187349475, -4.59824017243, -4.87821235125, -68.6357813556
-0.5723890379, -4.33234844553, -4.87498296139, -36.8173300591
-1.45254569505, -3.92552923007, -4.84162918852, -133.104296841
-0.510799396128, -3.94281364343, -4.72194362725, -9.64997407891
-0.504703909637, -4.99274518614, -4.87082432906, -97.8773663572
3.70236820761, -4.5861788854, -4.94996258723, -793.575334058
-0.544603082025, -3.78317826848, -4.93112356685, -22.0697239537
-0.477897952079, -4.99316006665, -4.84425084503, -105.817572942
-0.601200488056, -4.10045734537, -4.90005619511, -5.18050405037
2.30240981532, -3.98636254661, -4.91458263207, -351.87037106
-1.10463250501, -3.9278160456, -4.87740543617, -77.866134275
-2.80024146597, -4.00430099625, -4.68981008035, -322.511910772
-3.30345113356, -4.08205139231, -4.86184623425, -449.331685772
-2.23077165387, -4.00477523818, -4.99970942558, -233.09855556
3.67931173059, -4.0306282384, -4.82735828235, -889.51411125
-4.99937394358, -3.99366564641, -4.86666440477, -1520.36601601
0.499845584807, -3.98856700469, -4.80274257517, -132.774207105
-0.489428435371, -4.00719084083, -4.78052513176, -2.88485297046
-0.312455969819, -4.01072344831, -4.8762574156, -9.11977968598
0.13848485985, -4.50853672614, -4.8832803664, -95.3386090515
-0.485900316056, -4.15286885552, -4.80665886418, -7.48701755837
-4.51635709483, -3.90258797605, -4.8783872128, -1139.79944425
-0.575881814841, -4.45798366891, -4.88309597216, -45.362587727
-0.505515491944, -3.5350104664, -4.94030737514, -68.0092585546
-0.387896418587, -4.0185955213, -4.79623052918, -5.6260805383
-0.502051153121, -4.01077532492, -4.87777516343, -0.00473710245842
-0.543805672388, -3.86943055552, -4.90697567134, -7.30749102836
-0.524311960628, -4.0433356478, -4.99848768028, -4.45591473631
-0.301403712139, -4.01842399504, -4.89119399634, -10.2275618383
-0.0895174863498, -4.04124467305, -4.99961047601, -43.0900848136
-0.477561819188, -4.04026077578, -4.73551169552, -7.13749736589
-0.525352936524, -4.04288585771, -4.99948907838, -4.54883912738
3.25512696457, -4.13512095638, -4.97919620186, -616.450526456
-0.492910514636, -4.00201952753, -4.96887327313, -2.13631255595
-0.609921437399, -2.63529396493, -4.86297035061, -295.75744116
-0.522461314214, -2.92146005625, -4.87186217891, -218.826855368
-0.521276652036, -3.27607084589, -4.90058808571, -143.066244702
-0.503882942152, -3.90729081619, -4.99840069075, -7.94701021177
-0.586340203837, -2.75528976673, -4.98349122139, -285.39223017
-0.499119204544, -3.97942489242, -4.90074421289, -0.395101368827
-0.618281983092, -3.99711294406, -4.85617837584, -3.71596101167
-0.499629564202, -3.33315928243, -4.90186381506, -128.768712138
-0.534563149929, -4.00847533656, -4.75210614606, -5.22922102419
-0.460533162601, -4.00963157119, -4.97766305838, -2.85290923098
-0.336862223912, -4.02156920906, -4.85389013241, -7.00993209888
-0.671638010532, -4.34299767485, -4.92580701392, -51.1979174941
-0.647020751572, -4.06237742479, -4.89967089162, -6.85126720334
-0.502432345021, -3.9271072829, -4.89891569406, -2.13172155685
3.00164987366, -4.00041673615, -4.87816994633, -556.229518539
-2.61007475834, -3.67936566798, -4.88115904313, -321.380246656
-0.482758719188, -4.02215009139, -4.86709147468, -0.142995175317
-0.516908377512, -3.98910503679, -4.93947649547, -1.12688969858
-0.638261269349, -4.93024116148, -4.85486136099, -104.2896688
-0.961290448213, -3.13079621487, -4.82233785859, -184.299021411
-4.98347080191, -4.03857972639, -4.78402433651, -1512.9578836
-0.52447403464, -4.15816073152, -4.81845991791, -7.88723526665
-0.294525263771, -4.07544542136, -4.90857155442, -11.0931613222
-0.494485118756, -3.84615802941, -4.87542819193, -9.62912484455
-0.297907750677, -4.99393748286, -4.84056552619, -111.608439276
-0.481850453852, -4.01854023851, -4.91692249797, -0.407060814393
-0.574090351718, -4.89231582234, -4.88683607776, -85.7303637673
4.97868593168, -3.78177464385, -4.90292305462, -2010.48722057
-1.59153579845, -4.32179712189, -4.84527820243, -151.075907443
-0.423993549747, -3.62690906975, -4.9379199313, -47.8043815477
-0.306413065459, -4.09975566654, -4.83154542853, -11.3925983227
-1.702738586, -3.49523272581, -4.85406160363, -210.538270918
-0.585761468304, -4.99478282631, -4.94227557016, -101.972939862
-1.10008720601, -4.99853039707, -4.98005943487, -119.546455924
-1.38814408524, 3.59715355934, -4.99993524833, -108.21125114
-1.08201630136, -0.1944902369, -4.99662948195, -945.295510221
-1.47625356968, 3.61577059362, -4.99999999713, -3.71197231925
-1.47533925101, 3.61578738685, -4.99999999999, -3.72082765574
-1.47610478831, 3.61573673629, -4.99999999842, -3.74104439359
-1.45983602983, 3.62132031012, -4.99999760258, -14.3378416406
-1.33325944154, 3.67225588451, -4.99999999955, -78.3568359167
-1.47554868066, 3.61596974061, -4.99999995367, -3.78223964337
-1.4767623138, 3.61436607649, -4.99999999861, -3.84814408299
-1.66106916855, 3.8134406791, -4.94431274083, -23.4826270604
-1.75927251813, 3.67851952053, -4.93622472799, -67.8578443893
-2.42389644222, 3.35253840864, -4.94176720049, -172.59490807
-2.4700346876, 3.69505010301, -4.93131105022, -138.786556817
-1.65315591229, 3.70101437356, -4.99637832261, -68.891734731
-1.60412699847, 3.66259831069, -4.98862237694, -47.201360634
-0.627303266846, 2.68914480022, -4.96514838917, -440.501778146
-0.654895510137, 2.59361370392, -4.8772167241, -385.37560886
-1.14479662918, 3.19153742133, -4.91408194588, -169.412033607
0.512332248802, -4.07508534356, -4.86341409539, -134.180871208
-0.616529949809, 1.55591963743, -4.98601274274, -717.143286084
3.86171442047, -4.99919303217, -4.97900086357, -803.49178069
-0.488446303472, -3.70811086983, -4.89240271065, -37.7349677996
0.0313243919051, -2.66557111025, -4.94658933045, -326.811528804
-2.03530865573, -0.911190017976, -4.90362951422, -718.360857812
-0.417377810071, 0.0166650094539, -4.87797584847, -1187.78895072
-0.433532033117, -3.51804795563, -4.89712408112, -80.6612466678
-1.74706217115, 1.2529386313, -4.99979590131, -467.081705121
-0.84943498731, -4.23911942573, -4.91833010086, -52.2121918342
-1.59117085916, -3.66978977951, -4.83843988399, -176.272320392
-0.514701223161, -4.00872642898, -4.7878161812, -2.4683019319
0.452061613066, -3.82003196616, -4.96194158531, -164.021755681
-0.498410331223, -4.02382973218, -4.84072970623, -0.4400000656
1.14064259688, -2.7179520589, -4.96589759063, -440.40282954
-0.0274529901313, -3.08970663334, -4.87875441497, -213.205051763
-1.3918069055, -3.98926834891, -4.87725256674, -120.471305421
-0.595752556954, -4.30312094453, -4.89666847949, -35.1666788098
-0.0421339947066, -1.45508257971, -4.91947108026, -829.571996368
-0.185240936444, -3.67246976116, -4.81772463641, -68.8880002726
-0.233180792825, -3.43452053374, -4.93721781152, -113.445979436
-0.505518829921, -3.95316044673, -4.78842150361, -3.27884766659
-0.507034550948, -4.00924342751, -4.78057203568, -2.87797798745
-0.0387043026347, -3.25118355003, -4.90234221369, -189.317997444
-0.507299437723, -3.48306433173, -4.90653559704, -87.1309007112
-4.97497548707, -3.9773240791, -4.88863566033, -1498.38859027
-0.558111898089, -4.99846648043, -4.86323643032, -93.1933221456
0.91884389988, -4.01610118998, -4.91257176072, -179.235485653
-2.3154235702, -3.73009024678, -4.85453160296, -255.535932309
-0.493001873397, -3.24698887649, -4.88978734785, -148.13896197
-1.49572176592, -3.86930757637, -4.89826322265, -146.830289039
-1.23096225467, -4.00396886662, -4.8790377522, -103.550721998
-0.466690864423, -4.09968446779, -4.8514118061, -2.5297741082
-2.14894059381, -4.03641416757, -4.80130660853, -227.764907956
-1.10810021015, -4.11190248514, -4.91405815361, -80.6053976734
-1.00961065634, -3.67930713426, -4.90324938051, -99.1044943621
-0.50348749853, -2.26538491232, -4.91230017737, -435.930196073
-0.501676429139, -4.97554370335, -4.88632695998, -100.467175011
0.365336931055, -3.91477021868, -4.83301380201, -130.89813713
0.300356871602, -4.01092644467, -4.70104160987, -111.610585635
2.7550650886, -4.17047761289, -4.73475112296, -435.475022446
-0.466252329468, -3.94130931894, -4.80741565835, -3.17260779219
-0.474313273477, -3.50058848391, -4.89512591878, -82.171878537
-0.325794853788, -4.22053598126, -4.92361038897, -17.8817676832
-0.508184800749, -3.98414163737, -4.93977771376, -1.14915137787
-0.601224274443, -4.99696934831, -4.95721279286, -101.646979659
-0.516289848023, -3.06675320643, -4.9244307776, -201.426150785
-0.5492504267, -3.76463294704, -4.87780991668, -24.2125006178
0.802460465601, -4.99650663702, -4.80345623307, -126.214084727
-4.9267426926, -3.99253192606, -4.87748484595, -1488.30815855
-2.78712147127, -4.00783107158, -4.95027215497, -326.640941716
-0.204288334304, -3.92760346772, -4.78824719257, -35.8532439865
