-0.498709369253, -4.02620125068, -4.80076232508, -1.77779231594
-0.489717879489, -3.80303914303, -4.85108967199, -17.0607792296
-0.456975349761, -4.01083770701, -4.99829258656, -4.34740971492
0.086959717477, -4.01715536097, -4.85567384758, -72.3340914373
0.982010198407, -4.03979237344, -4.828319119, -187.97844332
-0.498482061544, -4.89061376417, -4.88003296315, -89.8422653857
-0.110323394477, -4.00969454471, -4.7611487791, -50.3809125122
-0.502203006295, -3.89822320407, -4.87876998314, -3.90650007495
-0.342053497098, -3.72422799458, -4.83456817942, -49.113717569
-2.25277867871, -4.97991395852, -4.89283658891, -203.152249501
-0.497445690052, -3.7855100245, -4.86255307038, -20.5714356064
-0.160944611043, -3.28966043289, -4.94483803674, -148.295070054
-0.500122270324, -4.98738078598, -4.87717285109, -99.4653736593
-0.498688079658, -3.25789326523, -4.88604880723, -141.588880367
-0.795385472163, -3.26543691812, -4.80744038528, -148.423896482
-2.07224660963, -4.99401006117, -4.88172938813, -182.154795028
-0.49665281225, -3.92234541501, -4.78091507911, -5.15324996215
-0.373118156147, -4.01294315831, -4.88681682772, -3.97646096302
-0.711535547947, -4.01920713076, -4.88990728857, -12.8238931413
-0.498512312599, -4.01028924018, -4.76516931159, -3.9654770845
-0.498659672034, -3.69136856735, -4.96631418388, -42.2541057691
-0.662142013408, -4.01369929063, -4.83355075556, -7.23884810182
-0.594146254429, -4.04361668308, -4.87041187042, -2.57196246302
-0.514780904994, -3.17559156538, -4.83841260069, -171.769942589
-0.499880008822, -4.11826498293, -4.88209644997, -3.04918882511
-0.499660538485, -4.01251794578, -4.76509843179, -3.9769232339
-0.434542683768, -3.95331525586, -4.90783535163, -2.23050997425
-0.499585199983, -4.01216283087, -4.99966183888, -4.06502134568
-0.498483848688, -4.01271695838, -4.81884471154, -0.998201054013
-0.498339587202, -4.03168867165, -4.73350728357, -7.01949658881
-0.505171528494, -4.00369973489, -4.90320213464, -0.155932541854
-0.498308864159, -4.01054337168, -4.82569339512, -0.786371167394
-0.660968000385, -3.40744947797, -4.85150632532, -98.1519680648
-0.194861940682, -3.99339171239, -4.95026161216, -25.3784007485
0.743074232175, -3.93569905729, -4.87885963447, -179.048297901
-0.497196454535, -4.10422173407, -4.87857012559, -2.24016485634
-1.33579888727, -3.1306373761, -4.87963936352, -219.221298798
0.0574806520766, -4.01551326237, -4.88116293891, -71.3564051144
-0.479900505495, -2.82710220511, -4.87976132691, -257.353827653
-4.96485951329, -4.04068223834, -4.88696691745, -1537.91242203
-0.642111565565, -3.8957862778, -4.71863112656, -17.2509240869
-0.157982515106, -4.28260863095, -4.69946924199, -56.362490266
-4.94347222035, -4.00951789716, -4.88302500611, -1511.51753745
4.73472341796, -3.98647534933, -4.8852347404, -1676.89955775
-0.497601303703, -4.00663150577, -4.82049713317, -0.952613671846
4.94687558262, -3.84055052215, -4.89542017011, -1878.61920474
-0.503123255845, -4.01096100909, -4.94768910093, -1.16576895486
-0.499225752673, -4.99443004804, -4.89326492799, -95.7522507584
-0.496795608778, -4.02501448148, -4.93455869591, -0.764159813862
0.683791869988, -4.99330888121, -4.87948578682, -128.266092227
2.96408267826, -4.02706499896, -4.87535871105, -544.506472861
-0.509914617526, -4.01257744431, -4.73316244611, -6.8753374271
-4.99455585609, -4.01312154941, -4.87692761897, -1531.59484305
-0.498347986208, -4.09106128457, -4.86034390441, -1.7260234903
-0.491220984781, -4.01352433418, -4.80014563187, -1.770746671
-0.464735964862, -4.01288924132, -4.99893560026, -4.22506608699
-0.492941251854, -3.41219266676, -4.87956741509, -98.3654682067
-2.12161861816, -3.62732424883, -4.88073350052, -254.905131462
-0.162256363282, -4.03553227437, -4.78552442339, -38.1212126855
-0.496389270734, -3.86743437098, -4.92222966942, -7.42738327095
-0.26047154596, -4.02213414172, -4.92911161841, -15.0038255067
-0.498338931251, -4.10495263391, -4.71888920288, -11.4534579822
-0.485505659561, -3.99772718963, -4.74900699005, -5.46157294953
-0.493983658341, -4.40492833024, -4.88839957976, -40.4081577708
-0.507478565877, -4.46926912268, -4.81293017723, -41.3759728466
-0.598858598108, -4.00143952591, -4.98680295294, -6.24568665401
-0.103600681287, -3.99888700682, -4.91287957001, -41.784092367
-0.501659229857, -4.01157061905, -4.74192534186, -5.99478675074
-0.395384392778, -4.01357581279, -4.84025436277, -3.36820686113
-1.75640909278, -4.05152860806, -4.86646232917, -168.902851718
-4.97140024853, -4.00126067626, -4.87775169547, -1520.65014515
-0.469166966686, -3.33500913118, -4.88393771872, -131.399377056
-0.499824043764, -4.01131283263, -4.83291209544, -0.587446219195
-0.50388078803, -3.98416330011, -4.99986643579, -4.43204172909
0.648634220458, -3.99791930113, -4.86024821762, -152.536548896
-0.482072096233, -3.1931606921, -4.93302432919, -165.992383473
-0.499477677562, -4.3462308047, -4.87487050614, -35.7319766403
-0.50080095134, -4.01095569557, -4.7487948996, -5.329037334
-0.500986264731, -4.01170259481, -4.83727312756, -0.483519172572
3.10213419984, -4.01417416153, -4.87807519436, -568.411008757
-0.496142342725, -4.02007924879, -4.97835716334, -2.60644724409
-4.47303557106, -4.04589934036, -4.90910184751, -1116.67627278
-0.430729188448, -3.85918208739, -4.8810586385, -9.8062713546
-0.50038194998, -4.01258283704, -4.99999279666, -4.09318690624
-0.854677692544, -4.00507656014, -4.95194457058, -41.4333587775
-0.48516198425, -4.03481362833, -4.86899511419, -0.210091296564
0.41627001533, -4.01296319854, -4.88864098209, -127.428611777
-2.66964771525, -4.04819128474, -4.90057157792, -309.9331282
-0.552470319006, -4.0097390713, -4.87222192029, -0.722796877594
-1.09241663673, -4.00924372389, -4.78644158124, -81.2013544078
0.268777279891, -3.61013371852, -4.99962091651, -164.345322581
4.61524499633, -3.46947126875, -4.99835110332, -1709.95477725
-1.24159037867, -4.99830466964, -4.95848956995, -118.478498987
-0.495431138857, -3.50729502511, -4.7689289449, -82.7766939912
-0.514877028747, -4.55442674661, -4.88370790257, -61.8155928619
-0.505876800571, -4.12441629869, -4.87946061949, -3.47585495866
1.57478702225, -3.474999184, -4.8880369009, -340.525993339
-0.495289760371, -3.85391483191, -4.86126034979, -8.63916897065
-0.142701464146, -3.50613661699, -4.8874673741, -105.811977162
-0.499734931042, -4.01344032453, -4.76619912724, -3.88889150684
-0.412550524148, -4.02434497817, -4.99631121403, -5.67587897345
-0.500625634629, -4.55688170986, -4.87088581702, -61.0011482198
-2.3328046797, -4.03483070806, -4.87266711431, -248.589458546
-0.499333272914, -3.09647140391, -4.87839747114, -186.828555477
-3.04350061187, -4.15130332131, -4.76537664667, -374.62617871
-0.500282514894, -4.0226471055, -4.90026460315, -0.119219067521
-0.560370468318, -4.01226004652, -4.83894475289, -1.36649017191
-1.50686854873, -4.04717831215, -4.87972875768, -140.814998908
-0.502299180349, -4.01115907451, -4.95684371535, -1.52384293726
2.92307310719, -3.99307198697, -4.8808950295, -529.005139706
-0.49954687081, -4.00766751915, -4.87501342577, -0.0149862850598
3.68864239304, -3.84917386029, -4.85688184235, -883.680734185
-0.408540231717, -4.01712551413, -4.90151534029, -2.0914884084
-4.17681829923, -4.02359516766, -4.95557994042, -900.027235721
-0.235070631089, -4.01111588142, -4.977764678, -19.5649283295
-0.988179048183, -4.01787386666, -4.84545244058, -62.2934352265
-1.44183314849, -1.8831115245, -4.882853104, -513.199852241
-1.06637416747, -3.87182756559, -4.84687316502, -83.241141332
-1.7335679642, -3.95203996064, -4.83205282424, -176.941018506
-0.508748483948, -3.95815402628, -4.86114738025, -0.896374050931
-0.499891645302, -4.01165240423, -4.88480536328, -0.00409181877601
-0.499665004354, -4.01321052994, -4.88360535044, -0.00194701293403
-0.506761319978, -4.03982622887, -4.99998217423, -4.28233918739
-0.761829744998, -4.20731598451, -4.80886198761, -39.1527966377
-2.23099399448, -4.01939636696, -4.96918477377, -230.107623888
-0.455715982777, -4.01610129406, -4.7772234459, -3.61566683466
-0.529013802427, -3.72383729013, -4.79138805614, -35.4749774291
-0.501792503804, -4.01283423758, -4.90614400802, -0.162937346535
3.61915684615, -3.94149083866, -4.88543989242, -890.951718204
-3.09115984522, -4.08435695998, -4.84686798791, -387.015118585
-1.29450171699, 3.55875846111, -4.89749384449, -72.2592560202
-0.512982757024, -3.71710509021, -4.96746576278, -38.0602006933
-0.947183936717, -0.852073086442, -4.96319340554, -875.232137284
-0.502091662185, -4.01469627084, -4.75529325152, -4.76439454224
-0.622820576945, -4.01909034609, -4.99998285698, -9.33355600236
-0.934133830129, -3.72160293302, -4.96080505746, -78.1606348442
-1.25346304549, -0.0404655433154, -4.90900699716, -779.465945437
-0.502844298698, -4.01632037537, -4.94329363841, -1.00958025215
-1.388946176, 1.71249483613, -4.89074373684, -554.081765282
-0.311958077208, -4.02444592894, -4.80850653849, -11.4558776115
-0.496677093894, -3.67297151131, -4.88540016931, -43.106591446
-0.504871705628, -4.01149196275, -4.79217825888, -2.16477382896
2.88597084993, -3.95619114957, -4.85656166422, -494.698397416
1.40757983336, -4.0237087618, -4.83953089887, -223.576703722
-1.48774492472, -3.53760364302, -4.87505283312, -183.023246251
-0.496008578636, -3.1592953715, -4.8173516105, -162.884446461
-0.509491294078, -4.01985907363, -4.87173404259, -0.0583812017642
-0.537895217092, -4.00946077523, -4.83825390142, -0.837952368462
-1.89461749544, -3.99772625304, -4.85695460418, -188.757725691
-0.501666467287, -4.01321283933, -4.71131743372, -9.60493467382
-0.495551053276, -4.00888019682, -4.9327123522, -0.695163584927
-0.803385578629, -4.08852812111, -4.76314649569, -30.9152356451
-0.555723080461, -3.52977397927, -4.88714810022, -66.1116857887
-0.229382734866, 3.89960581042, -4.99999543218, -345.132057742
-0.497838792473, -2.59200676659, -4.85670847009, -343.433590685
-0.439446297859, -3.30819415625, -4.88528997304, -137.909530212
-0.49293206995, -4.48654640609, -4.83238071843, -42.3478853541
-0.135454119291, -4.01419513231, -4.99988661584, -35.7617486214
-3.25539346066, -3.98837255546, -4.92142984959, -442.516491159
-0.49836010558, -4.01223449382, -4.99932637156, -4.04373891248
-0.495629004885, -4.49945458748, -4.86858517235, -44.5474163988
-0.563440978246, -3.45996383537, -4.87398527164, -94.4095489247
-0.502450621711, -4.01324958478, -4.99967055441, -4.08147188316
0.281941071036, -4.03308391449, -4.9999894472, -107.099566101
-0.49279088954, -3.87681066369, -4.89757234707, -5.99389454677
-0.508653145294, -4.0755961723, -4.8319517969, -1.64965203014
-0.499659362189, -4.0136288651, -4.9999794011, -4.08849136927
-0.701050960793, -4.04993199562, -4.89920480303, -12.6820225273
-0.249234741797, -4.01364176305, -4.89895100461, -16.9352641778
-0.476068685023, -4.61897621283, -4.88512333415, -73.3507531815
-1.21540739139, -4.00712767364, -4.87977827727, -99.2024759582
-0.111193870387, -3.24031195555, -4.87571705959, -180.627114066
4.75316881323, -4.10059564941, -4.88013626327, -1688.71684287
0.271539124652, -4.01304993032, -4.88393107411, -95.7518591011
-0.325047883634, -3.98844049133, -4.78243193115, -13.294520748
-2.36538007606, -4.01313711621, -4.88197362147, -258.063841832
-0.515085933394, -4.42984192583, -4.88656588667, -40.8418610106
-0.501514197601, -2.98399513541, -4.89598363822, -213.802451853
-0.849975008776, -3.94154140178, -4.89028095795, -35.0171749199
-3.26006112786, -4.01265836365, -4.91349258744, -448.905598381
-0.0224014649383, -4.07816469524, -4.81405417588, -58.8644141055
2.60792693617, -4.01590012394, -4.87416884212, -447.830775962
-0.420683938642, -4.01564897156, -4.90035508009, -1.60174350655
-0.0416288266181, -4.01248924926, -4.95649432023, -53.936835564
-0.161554475339, -3.99462806316, -4.93020161794, -31.0648105449
-0.500686148912, -4.01397707886, -4.74228379068, -5.9821774671
-2.48087520809, -4.02456455907, -4.94222955681, -268.966555606
-0.592309734416, -4.01423041668, -4.78740066034, -4.68203451711
-2.14793894438, -4.02133430235, -4.9656183386, -214.046908413
0.753054320257, -3.83557210653, -4.84541696813, -171.145991222
-0.232714254784, -4.01372524837, -4.8808654424, -19.7220694871
-0.485903369512, -4.03103567515, -4.92022902719, -0.503575296837
-0.484614642172, -3.35997568616, -4.86125313476, -118.667336628
-0.511838784045, -4.01307221636, -4.88032198543, -0.0374654134356
0.758114589214, -3.92821305713, -4.80876034174, -172.936976618
-4.9966352625, -4.48343171015, -4.98015325429, -1717.63621923
-0.498392180799, -4.01209861385, -4.73122917401, -7.14843394891
-0.499500058131, -4.19431448899, -4.77720698924, -14.496245313
-0.441089576589, -4.01230830811, -4.7989515672, -2.82558201008
1.86089420803, -4.37496898951, -4.88190985599, -231.312236261
