-0.52122820585, -3.6701080015, -4.8933135081, -43.5072904058
-0.281455407969, -4.10675908723, -4.89361165017, -12.9027836557
0.092757349402, -3.74734501374, -4.99450788369, -105.835676334
-0.505541146485, -4.99056631477, -4.85871755527, -99.63374159
-0.776315003699, -4.11639925197, -4.78477888018, -27.584900923
-0.419182489589, -4.1657808358, -4.85602378969, -8.13425625341
-0.492894998812, -4.00969674914, -4.8625225179, -0.0989668995081
-0.346340673896, -3.60861108889, -4.83778347012, -60.7205454555
-0.337739828275, -4.27108408361, -4.85563841986, -24.8117192972
-0.436260622927, -4.10190725935, -4.99858020526, -6.36893967137
-4.99908685867, -4.19316952796, -4.98763040737, -1584.92676805
-0.509571961134, -3.76383374438, -4.99997643734, -32.4635391952
-0.526685130051, -3.74568969484, -4.88310549549, -28.7901355129
-0.0595362990444, -4.99157481177, -4.87489631366, -91.4659259772
-0.480814937313, -4.00373984573, -4.71399502209, -9.46874903356
0.0468886443406, -4.0131739104, -4.84017473877, -68.6159740184
-0.503487142041, -2.80322481896, -4.85837091805, -268.330635573
-2.41507605329, -4.12442001197, -4.89634406432, -264.511745372
-2.91895800036, -3.86886911208, -4.93175860448, -367.768133053
2.28402711713, -3.97302092437, -4.97115781583, -350.175125891
-0.498447962122, -3.26083866449, -4.8014423069, -138.154100096
-0.790612694489, -3.98784765576, -4.7867591415, -24.4391459131
-0.130292949971, -4.99539321136, -4.99835182988, -94.1220706975
4.9704648058, -4.23740114645, -4.88245826918, -1868.53984457
-0.563085876539, -3.86442653245, -4.73816394516, -13.0971069567
-1.60170401181, -3.20004811389, -4.79606821631, -239.413087328
-0.50600957724, -4.0360589037, -4.94258381982, -1.11236911001
-0.497729195808, -4.01270637803, -4.87688818994, -0.00504345169449
3.90502124909, -4.01101030493, -4.84941172694, -1058.21979665
-0.544307365638, -3.11225880377, -4.88235155123, -182.488515798
-0.503139751775, -4.24510135355, -4.83204973312, -18.9372717037
4.98223237752, -4.01794853741, -4.86555858134, -1904.55007426
-0.510399029447, -3.97173067222, -4.92257079364, -0.944773109062
-0.492831594854, -4.01521868814, -4.94054173952, -0.914154860666
-0.460004671913, -4.9931497157, -4.7221260926, -111.48107812
-0.961369035047, -4.01371917699, -4.74857878834, -61.8926960497
-0.507798954566, -4.0863880439, -4.99998891241, -5.33157981748
-1.16941235403, -4.02034776643, -4.86501961126, -84.1633212592
-0.547903361931, -4.99987445322, -4.843997674, -94.1082601934
-0.020341127317, -4.95315937016, -4.88501836339, -99.4296147047
-0.501535915252, -4.01025656988, -4.783281365, -2.68312651418
-3.77282780649, -4.03142958854, -4.86790701814, -637.55395428
-1.27039702453, -4.02386138593, -4.81049065887, -114.159237053
-0.504274133572, -4.03206330161, -4.87300438851, -0.114168508626
-0.638788224873, -3.282763632, -4.90623421491, -134.292326692
-0.505360180629, -4.54360609937, -4.88040048167, -57.2485443941
-2.89509139101, -3.94866979209, -4.89428852757, -352.506507985
-1.58895796218, -3.89456209177, -4.86811346575, -154.195808549
-0.50188078894, -3.91305213712, -4.93332214736, -3.62668172429
-0.909177756947, -4.00787753873, -4.67380309635, -57.9521388832
-1.07858716116, -3.93112377317, -4.95733877542, -69.9184901047
-0.192191185823, -3.81722840742, -4.7174304545, -51.7967430347
-0.505736000156, -4.01143437274, -4.8536049269, -0.197404003332
-0.504583161589, -3.39029234872, -4.89532726923, -103.732193218
-0.584583918177, -2.64149450478, -4.961180641, -299.882121699
-0.573122529327, -4.02596636846, -4.8414375868, -1.78577472215
-0.506639502233, -3.21600249825, -4.89120720657, -161.732583972
-0.303562139457, -4.99350657916, -4.89512304916, -110.490525906
-1.04936021119, -3.61641156836, -4.91084235224, -114.727148693
-0.62303259264, 0.47652594812, -4.92608203548, -1092.06893509
-1.2400707271, -1.60610421193, -4.89904359622, -580.125781329
-0.489716041341, -4.22017620242, -4.90246570692, -13.4240968571
-1.37070720032, -4.99990253242, -4.8416456664, -142.548165814
-0.733349189693, -4.02526814681, -4.84989177442, -14.9440490038
0.565308740669, -4.18425189435, -4.75009870505, -126.613074889
-0.517938985914, -4.08837002662, -4.96870081458, -3.5981978691
-0.503047797638, -4.875993578, -4.87402244094, -90.297437279
-3.78289990572, -4.03233644776, -4.90800136014, -677.534275083
-0.49969551335, -3.33870693323, -4.94138589501, -127.74384314
-0.472516627981, -3.67941908976, -4.89697038131, -42.0057895421
-0.471938956743, -4.10382544574, -4.757243807, -7.22080440833
0.723206707792, -4.08699392281, -4.9347213727, -149.085664987
-2.43710110799, -3.97258804417, -4.89631369259, -269.18926478
-0.563345212871, -4.00697978697, -4.93594096586, -1.91220174291
-4.19876853171, -4.01488794784, -4.87770746394, -908.295517751
0.178260230185, -4.01326170176, -4.8059297157, -81.6098853091
1.11699189121, -3.9557773206, -4.84090196232, -202.980494237
-0.507975292036, -4.03997796653, -4.87609992994, -0.207059224947
2.23078809308, -4.03531138779, -4.85734782872, -344.816637765
-0.489460464613, -4.0072661246, -4.98574357209, -3.08377394347
-4.98663572213, -4.00170110369, -4.84560963228, -1524.686819
-0.507409464034, -4.17525665574, -4.86729735414, -7.99272183351
-0.664507514449, -4.46158412441, -4.83182104395, -52.4923339563
2.07718027759, -4.02933090312, -4.87154232429, -313.613070386
-0.569902361264, -4.09075661968, -4.85755148203, -3.0595731649
-0.525570220167, -3.38648937629, -4.90199273944, -102.3030349
-0.489106130589, -4.01839087916, -4.8932344094, -0.0745078667472
-0.533172506387, -4.01073413848, -4.83037649867, -0.946744651846
-0.529057897081, -4.18457932451, -4.82074160273, -11.006785728
-0.499715141492, -4.02256240597, -4.87139658108, -0.0473326600147
-0.482826252941, -3.98984238863, -4.99950445773, -4.3078816037
-1.30494208237, -3.34227120002, -4.90792952913, -184.420095212
-0.547024720102, -4.0199291888, -4.99983494763, -4.7660370098
-0.505463559669, -3.81674697954, -4.92268088423, -15.1109661106
-0.483930613557, -4.29213504666, -4.96906143877, -27.6655159366
-0.519944141112, -4.01733625939, -4.92183444293, -0.54179458408
-1.1589977149, -3.65240402239, -4.99846322748, -132.817303139
-0.584531694975, -3.73911665934, -4.89174993633, -31.7412223749
-0.525543309807, -3.14724110301, -4.82177031122, -168.698822053
-0.502540661504, -4.01583259172, -4.91880805306, -0.367819882488
-0.499038749594, -3.51543931448, -4.89561108404, -73.6046176698
-0.49761746269, -4.48345868056, -4.89393193323, -42.7255290097
-0.203906479787, -4.05926328756, -4.82157004952, -26.0896120116
-0.501593704075, -2.85162406177, -4.88805289255, -251.708287177
-0.502386591313, -4.01155882491, -4.98503031669, -3.03708392691
-0.482727994577, -3.99185216483, -4.99967575758, -4.28702935903
-0.464360128619, -4.02012060308, -4.87416439619, -0.334192669805
-0.473342980774, -4.00951890283, -4.86045228581, -0.281853649408
-0.0733033883108, -3.44163604597, -4.8706677407, -114.446613114
-0.501264144457, -3.16821132157, -4.78745711904, -165.869248651
2.28445454331, -3.97154637575, -4.76835540371, -383.696312145
0.37219311129, -3.67236209624, -4.91703281981, -143.784367396
-0.559921137375, -4.25823403598, -4.87636780662, -23.0098861458
-0.504303882892, -3.96266573344, -4.66975345735, -17.4397732678
-4.45804609954, -4.22894466929, -4.87528539968, -1134.05513591
-2.01293073097, 0.186614986975, -4.86211658383, -684.307882952
-1.18734969575, -4.024399815, -4.78454038052, -92.115476749
-0.490346048101, -4.72408355107, -4.85615253832, -80.669995805
-1.54063332284, -4.43379204779, -4.88608606842, -146.941820188
-0.494479309023, -4.37470753025, -4.8668104581, -38.4427047246
-0.309423745548, -4.1133762081, -4.88814962123, -10.6627176203
-0.585942923021, -4.00948503395, -4.96024694444, -3.8978921293
-0.579223379229, -3.88450095863, -4.87482895675, -6.50790533393
0.925450850104, -4.28021904318, -4.83834821185, -166.271379041
-0.661885858127, -4.11789326279, -4.77451805029, -14.4599061854
-0.484214515145, -4.05921192578, -4.8650093525, -0.667871436873
0.117347735056, -3.95880695752, -4.90057508161, -82.7961655018
-0.454992085157, -3.766455809, -4.99137439199, -32.6879593706
-0.60709465964, -3.30017563524, -4.94152403203, -131.053652979
-1.30198364345, -0.450446080224, -4.97481996507, -749.841742849
-1.47141872367, 3.61434386249, -4.9999999985, -5.01611366119
-2.19766425877, 4.0339401818, -4.98483122716, -116.579950882
-1.47628048694, 3.61601988792, -4.99999999587, -3.76482910974
-1.47338861001, 3.61579514891, -4.99999999872, -4.18020334439
-1.47622849672, 3.61573122149, -4.999999999, -3.71701816278
-1.4793186769, 3.61638233948, -4.99999999889, -4.23297624238
-1.48672466404, 3.6244749679, -5.0, -13.1986577705
-1.47614898897, 3.61591727384, -4.99999999782, -3.74063691113
-1.47557075886, 3.61736670717, -4.99999999895, -3.97929448871
-1.63243281085, 3.64724471834, -4.99966759285, -60.7996070897
-1.91359798983, 3.65803063042, -4.8999411135, -91.059788851
-3.30510090439, 2.95708592253, -4.96034408326, -263.235135968
-0.907375604697, 3.28580761971, -4.95988431266, -160.777825562
-1.82314378556, 3.92476373398, -4.98159520593, -87.0236697378
-0.618159302736, 3.95749210683, -4.9677180581, -197.113359235
-1.62687556415, 4.9944263039, -4.96125940765, -238.217207109
-0.942232361389, -0.933859368824, -4.88963137917, -850.808632566
-0.562252402487, 3.70339550932, -4.928213841, -296.630638638
0.322994835255, 2.69899563936, -4.95815984548, -957.681162685
0.120809895657, 4.10081731326, -4.90971924991, -518.608839732
-0.537353494524, -2.80635977365, -4.84450623892, -254.279580503
-0.51941542251, -4.03002382029, -4.70663073887, -10.3871296848
0.71463511676, 2.42824434738, -4.87457380247, -1287.5785954
-0.899229960292, 1.66886675534, -4.95714465954, -732.319423865
0.359286321125, -4.34723728258, -4.96614999989, -113.335701122
0.061266452239, -4.0352720831, -4.94595160829, -73.2521763086
-0.29037197284, 2.10835152797, -4.89843571541, -634.349613117
-1.20330109615, -0.611337688144, -4.9999383849, -979.313697974
-0.478222694927, -3.13318260628, -4.85617409389, -181.876634707
-0.496418868729, -4.01053419461, -4.67912837382, -14.8001691573
0.562499837883, -4.22156120848, -4.93271605699, -134.367285978
-0.498336796177, -4.08691214212, -4.89381942394, -1.4901443967
-0.840139826577, -4.78276999076, -4.91769449508, -87.6894909492
-1.21550122502, -4.11637179413, -4.87930967228, -101.249936375
4.84697190972, -3.98667035238, -4.82014848799, -1787.1816742
-0.542453734381, -3.70897153429, -4.77350091749, -39.8793043576
-0.480074819192, -4.17954173521, -4.87435655965, -8.14614308044
-2.36673817161, -4.2694113729, -4.89840435149, -233.633451314
0.270560471358, -3.32600301219, -4.86068938839, -198.367529658
-0.494751853877, -3.96971264757, -4.79731352934, -2.37915252396
-0.502053089973, -4.00669096601, -4.76224184786, -4.16807462959
0.765444967085, -4.72873755609, -4.85037190841, -131.384456277
-0.491158806101, -4.99218951704, -4.88062818704, -98.3624311999
-2.59935895079, -4.01250950989, -4.8861685389, -301.950142498
-1.03373883289, -4.99578391306, -4.90030305902, -124.284416756
-0.265814621478, -4.01238386442, -4.8524366646, -15.6719970915
-0.730364008952, -4.35945550084, -4.88084890405, -54.3833626041
-0.493097183461, -3.87672906782, -4.88979104692, -5.88225802639
-4.907759924, -4.251551011, -4.88588973761, -1532.42138041
-4.976230478, -4.01532471319, -4.91349786768, -1526.48067784
-0.234622156177, -4.70216175073, -4.94270612966, -79.1509660974
-1.60447446304, -3.99390533833, -4.86929262018, -165.192681742
0.00998853114878, -3.11796013627, -4.99925694988, -205.304853782
-0.552606329995, -4.75217067143, -4.91083712071, -82.922450461
-0.50353694198, -4.99045472127, -4.8848988481, -97.428880145
-0.465576974777, -3.2930364558, -4.85649723133, -135.638940363
-0.491814416614, -4.00480978323, -4.94643916022, -1.14721319995
-1.19096897744, -4.02039194959, -4.68836206948, -105.841452527
-0.66996865854, -4.07466349153, -4.86262623364, -9.07416981645
-0.471529912676, -3.99596232487, -4.90859339526, -0.461314835488
-1.10187148035, -3.3343510215, -4.89451085698, -152.927913136
-0.486618868476, -4.10750037409, -4.98247493464, -4.89289334448
-0.505391471335, -3.9948422448, -4.90036750678, -0.189499590914
-0.2215087125, -4.15905962778, -4.72498070591, -33.1914751978
-0.467708031912, -3.4576051784, -4.77039409576, -106.292636457
-0.372950080932, -3.03424909083, -4.87172255034, -206.150883327
-3.33299561346, -3.98456823348, -4.82886427904, -474.29732386
-4.99328626117, -4.00384762125, -4.86627272125, -1525.51625394
-4.42399457711, -4.01235822919, -4.96508748433, -1075.41767379
4.83761735189, -4.12589407418, -4.86237440627, -1748.93513668
