0.302889381731, -3.78473798828, -4.86324356583, -144.144400216
-0.552291084008, -3.23542673659, -4.99997901635, -158.346217615
0.0389833209878, -2.87510749625, -4.89737780655, -272.733524687
-0.494645296347, -4.99417487034, -4.89922213111, -95.5042254326
-0.497482915585, -4.00696885586, -4.9992595218, -4.06376496601
-0.498412420036, -4.00793463953, -4.86271969614, -0.0890001376355
-0.490208400635, -4.00969548392, -4.99975470747, -4.08850825808
-0.502124978255, -4.98947854314, -4.83214277204, -103.802489008
-0.370167610797, -3.99499761759, -4.95544087964, -5.82728124241
-0.627314050857, -4.03814493425, -4.82044114078, -5.34421036264
-2.16051107046, -3.94679226847, -4.7963785313, -223.118229964
-0.338633037172, -4.27100125796, -4.91561529442, -24.049231089
-0.497336452586, -3.85031500036, -4.87982907724, -9.03804967696
-0.539207227715, -3.95394970377, -4.69482545933, -13.1974847935
-0.452384054992, -4.99745100803, -4.87740374355, -103.747873735
-2.06401008153, -3.98844448088, -4.99904304206, -202.050690902
-0.496348457145, -3.51390705254, -4.88114410758, -75.0873319071
-2.85753743023, -4.01716205047, -4.87922310278, -333.937258924
-0.49681623504, -4.06640939989, -4.86311047004, -0.812943745795
-4.97718337273, -4.01614279434, -4.79239255977, -1511.53047123
-0.498727705734, -4.53212466989, -4.89390846793, -52.7696271527
-0.269569594717, -4.01142324039, -4.92743888712, -14.163711831
4.63247641014, -4.04719687978, -4.88039910789, -1541.64414152
-4.40043511702, -3.22794476579, -4.88931350596, -1033.64788038
-0.628871821136, -1.97718039814, -4.87078968242, -479.188691592
-0.479600397462, -4.00951560506, -4.80065718258, -1.83822308332
-3.08861302253, -4.06942949959, -4.79160466124, -384.800913829
-0.497437015508, -4.01270927745, -4.91479443575, -0.291303429535
-4.99987475759, -4.00951682265, -4.8922657696, -1529.23505536
-0.501321306512, -3.72054109912, -4.93700584945, -35.5304992888
-0.484861071186, -3.20786433037, -4.88142232936, -165.609992749
-0.446425836087, -3.99185606348, -4.95107829215, -2.07384694194
-0.15571127595, -4.41348484567, -4.9300506919, -57.5478696936
-0.493323266991, -3.96569606867, -4.80878449645, -1.95868839488
-0.528914885988, -3.98103825763, -4.86831099053, -0.52058262303
-0.474070617323, -4.05642166726, -4.84825951839, -0.906538208836
0.0759232902069, -4.05990036824, -4.99595916598, -76.7132872187
-0.541354140002, -3.77327349091, -4.99787486675, -29.4762144606
0.38768740273, -3.48094019367, -4.83787925031, -178.304128471
1.14247481891, -3.89188754692, -4.88405935449, -212.11371255
-0.525869186005, -3.99043743363, -4.88912298727, -0.324727952894
2.41398831054, -4.14515110238, -4.87302424373, -366.163565458
1.0097887416, -3.98851535633, -4.8819070961, -196.268231907
-1.06508723772, -3.96857497027, -4.8987136051, -68.0124692152
-0.520068226574, -3.26788580045, -4.9094164066, -145.450486535
-0.43413218363, -4.99399263598, -4.86795210897, -109.579279192
-0.507449954002, -3.99430310126, -4.79731037265, -1.98751129348
3.00346379011, -4.00424219038, -4.85449999884, -541.891645396
-4.97693820052, -3.3566773291, -4.81714289124, -1378.94100622
-0.498744879718, -4.02594233009, -4.97363933948, -2.38439313165
4.97373522754, -4.65570944016, -4.84191319209, -1872.97929547
-0.427882626123, -4.78147956522, -4.81470753194, -93.9374833896
-0.505736023712, -4.01397904648, -4.75315947506, -4.95310703917
-0.502821829291, -4.88938992094, -4.88021512448, -89.6129563803
-0.502546906653, -3.88643191723, -4.88942881562, -4.94029029031
1.19713867003, -3.77288138168, -4.79256644278, -233.523574175
-0.500804210868, -4.03004529682, -4.9696892732, -2.20625676454
-0.239340049834, -4.60778534696, -4.83555843014, -67.4537407907
-0.191654979905, 2.42852646082, -4.88777239546, -604.273504925
-0.994338804463, -3.1043349194, -4.89083576949, -190.14102755
0.159809726515, -0.718411085403, -4.81871706625, -1161.82309263
-0.491537366774, -4.53781636138, -4.99949526346, -58.2633802036
-0.634012555652, -3.76700489319, -4.68212878508, -36.463882261
-0.192880656249, -4.55296778839, -4.97799582493, -57.4011543531
1.02673872828, -4.12097431032, -4.87487553405, -167.702182743
-0.469288626628, -4.01727500095, -4.99975658322, -4.20992749064
-0.503021424886, -4.37916013516, -4.87357436395, -38.9935474942
-1.80967491661, -4.01883891236, -4.84378543369, -180.950698839
-0.488545380698, -3.99144396752, -4.9128025884, -0.408410625746
-0.414403214968, -4.99315942077, -4.8784840205, -110.674657588
2.27375662296, -3.98594495909, -4.97537534061, -336.771536257
3.71844489402, -4.38413243276, -4.84222725655, -816.896396757
-1.55624513656, -3.9235668057, -4.90120770972, -144.354441899
-0.545909164471, -3.97353995425, -4.76539783427, -4.73163190007
-1.30524577883, -4.02439197012, -4.89909764265, -103.657380784
-1.98988476312, -4.00378837986, -4.87763618228, -206.01552074
0.363413311022, -4.10557018678, -4.61034032311, -112.111621824
2.61065674281, -3.75228980139, -4.88045295507, -459.270127956
-0.894454493331, -3.98671222465, -4.74152666396, -46.6103096516
-0.490292230437, -4.01190866457, -4.88737858028, -0.032986297401
-4.97952240073, -4.00560013048, -4.86772433427, -1529.80618177
0.085774190806, -4.23979532399, -4.855842378, -76.9870418246
0.0098638138353, -4.20107292349, -4.87187259671, -61.7926419484
-0.755694858258, -3.00275409894, -4.88130021698, -215.247953259
-0.52429376335, -4.99415517899, -4.9004100996, -95.0869049196
-0.499829346836, -3.8205601847, -4.73243776319, -20.1227538808
-0.352498287584, -4.01060252565, -4.81324142792, -7.48160697611
-0.501961821671, -4.01085485285, -4.83725250159, -0.486138051216
-0.693711795248, -4.02337461614, -4.89007075811, -10.6932417527
-0.521999913239, -4.00443525202, -4.99967985152, -4.33727937723
-0.496653350022, -3.52816122093, -4.93429673198, -70.9225388079
-2.12566295583, -4.01412984741, -4.80813195818, -231.413500733
-0.49666703935, -3.82399872352, -4.78422659159, -14.7748407129
-0.487546013078, -3.98831979298, -4.89931655695, -0.278296389831
-0.491595353208, -3.98932288059, -4.88545189708, -0.162528306722
-0.513358918905, -4.01162093203, -4.76043985269, -4.33883094176
-0.532413989371, -3.80751584431, -4.94770203704, -17.9912204925
-0.0625067311392, -3.70600209059, -4.79816413897, -75.9142904115
-0.517710834076, -3.44237105082, -4.86016042187, -96.7012818217
-0.500393108053, -3.8003347775, -4.89150587278, -17.4631154781
-0.752426983999, -3.80659020543, -4.83037595542, -29.2048330575
-0.568185394766, -4.01578834885, -4.80535323356, -2.7164261699
1.81559095222, -4.00257515497, -4.87646726822, -273.051648984
-0.547368913546, -3.49733687537, -4.874234301, -80.4057689004
-0.500714467118, -4.01111155057, -4.90180164518, -0.111623205214
-0.0356344254874, -4.00522442122, -4.98377371065, -56.8021846974
-0.48712781233, -3.38429488251, -4.87741878252, -107.036416754
-0.511261729789, -3.99326134832, -4.95924427469, -1.79883166166
-0.551706365861, -3.38936219947, -4.90317066869, -97.7635845017
-0.501703096787, -3.31081013913, -4.88232615088, -137.686748519
-0.489727249897, -3.2992811889, -4.86739268826, -138.924252036
-0.949849111433, -3.35579685963, -4.90636735132, -126.194006658
-1.14041327085, -4.0212751989, -4.80915610871, -80.3360721582
-0.505119058488, -4.02347546646, -4.92162610413, -0.453901974117
2.84448471032, -3.99997779387, -4.8748267725, -504.160288527
-0.338511302175, -0.0806170127937, -4.77797989274, -867.409936879
-0.526220830525, -3.23728850676, -4.93777383955, -159.873551362
-0.491263464528, -3.45231680939, -4.87517970777, -94.0470166971
-0.279221825935, -4.03723816513, -4.87441426823, -12.7265795719
-0.468741941578, -3.82333591518, -4.90897309934, -14.1575172337
-0.368697716622, -4.09102314095, -4.78877585772, -8.07007422166
-0.311681416907, -4.0097990567, -4.92887153577, -9.30802517642
-0.445491682829, -2.91345586933, -4.87598337188, -214.854673876
-0.76865980083, -4.64413876341, -4.87166360209, -70.1014173081
-0.504958976321, -4.44650736841, -4.86114428593, -40.0568529739
-0.445406773904, -4.03903421115, -4.89362655239, -0.91443804669
0.272154095088, -4.05141739944, -4.81562095383, -98.7252016817
-0.55531077106, -4.13029859699, -4.95495411911, -6.541781306
-0.562632215616, -4.50965306663, -4.93346320539, -53.8404427427
-0.975051254366, -4.99963280035, -4.96253557805, -121.13658655
-1.46428904381, 3.61573536204, -4.99999999942, -9.84018290986
-3.76869153765, 4.93281697558, -4.99905502302, -375.591672153
-1.47622699127, 3.61576998126, -5.0, -3.70132972206
-1.47645510113, 3.61611437809, -4.99999999745, -3.79416273858
-1.46314998479, 3.61576464759, -4.99999999884, -11.0002585764
-1.4509340375, 3.61565070135, -5.0, -28.3529442036
-1.50773014817, 3.45812367802, -4.99999999953, -84.1445787785
-1.15661139646, -4.9667702061, -4.99112247276, -121.224086119
-2.47840427982, -1.7327705318, -4.99992713707, -588.209333832
-1.47126451185, -1.05087856078, -4.92282063378, -748.549510173
0.725255291312, 4.98085298023, -4.99955768642, -632.56986136
-0.15031659393, -4.99828584463, -4.97926853317, -95.6937712979
-0.35580068427, -3.76721939785, -4.89578863534, -35.0350563359
0.0783174998608, -2.81299440906, -4.82630641254, -280.033678537
-0.72951504321, -4.98417484809, -4.9256958058, -92.7213549003
-0.491009413247, -3.63339389321, -4.99949394385, -48.0201477503
-0.737307743308, 2.14642478258, -4.88726532109, -602.832675151
-0.116833700138, -3.94697278543, -4.76057737871, -49.7926384074
-0.774470622219, -1.60470541233, -4.92955948742, -582.600067007
-0.591566957857, -0.664805671604, -4.71549772537, -966.096838321
0.235755666919, -4.17456666761, -4.76072394415, -88.1950970909
-0.337731856121, -4.01708860242, -4.99872924013, -10.4160777572
-0.420382579743, -3.93181389542, -4.77576377943, -7.7135763469
-0.720894797752, 1.98583704775, -4.99999336172, -652.185172438
-2.33499995378, 4.09137968892, -4.94339723808, -116.651029827
0.338797264832, -4.75122300581, -4.91495433341, -112.405981669
-0.447729729257, -3.95660015609, -4.94343625864, -2.60357707945
-0.717071000027, -4.0432198095, -4.9978471302, -21.9486802616
-0.39042781733, 0.356772012178, -4.89429384848, -659.51045685
-0.459083075598, -4.01085055298, -4.78782153695, -2.87424143127
-0.521736486118, -3.62004066014, -4.70441613451, -67.6908423281
-0.498401216352, -2.93794233414, -4.87815052049, -224.850637306
-0.465890327647, -4.0311049318, -4.89689881462, -0.420774726734
0.719888184864, -4.55384557803, -4.8908504655, -140.45460877
-2.59305033338, -4.02251443922, -4.8834954346, -301.318368264
1.83168300474, -4.33815029555, -4.91014411084, -237.960092613
-0.614840299843, -3.97489072235, -4.98031682321, -7.14592936234
-0.209307710619, -3.57444593021, -4.91901312343, -86.1406902815
-0.539648113195, -4.24924890212, -4.96862975461, -22.9703650662
-0.486639962184, -3.81995362519, -4.93961722977, -15.4750551316
-0.490269240482, -4.01416419231, -4.7987515647, -1.8376587572
-0.620596009185, -3.92794884139, -4.9829542563, -8.96425424003
-0.489987896935, -4.45640785755, -4.7891495805, -41.4344532181
-3.38486453319, -4.02125279179, -4.92865856779, -497.185134416
-0.396359072933, -3.24953684838, -4.85306736211, -144.50862793
4.99954230275, -4.01329502173, -4.91158553877, -1930.49039198
-0.480738617269, -3.88808649726, -4.90065384308, -5.03837514077
-0.49140208022, -4.99966851432, -4.88979243771, -95.3557116007
-4.97972170182, -4.0330071084, -4.87430567287, -1550.49849523
-4.99478378942, -4.10095880662, -4.85266169923, -1535.07291309
-0.798513930535, -4.62364707627, -4.88456228774, -71.6037143624
-1.57488347822, -3.98411706429, -4.84536127004, -148.997322276
-3.48322531922, -3.98028291742, -4.99928383104, -531.501255529
-0.493849680028, -4.00722664681, -4.93262193374, -0.701782548248
-0.503765980645, -4.00551993832, -4.88465282017, -0.0206093915702
-0.516517677298, -2.58601408623, -4.89124124377, -329.852933956
-0.513312045447, -4.00870266155, -4.87215289448, -0.0701202905347
-0.646152445703, -4.05998201204, -4.8951811153, -6.59821332574
-1.70881947771, -4.04511687992, -4.88635874423, -167.238391821
-0.481843273107, -4.18349809903, -4.80213467341, -11.0398223471
1.12054602795, -4.59523134711, -4.89794262216, -156.947907935
-1.36573062668, -3.97459217217, -4.75102864564, -138.77166253
-0.495089870889, -4.01114724929, -4.8704927477, -0.0332930374882
-0.504154912966, -4.02310428149, -4.97342291572, -2.3690804503
-0.484196869468, -3.26789831516, -4.87441940946, -139.669141473
-4.9619413173, -3.78481204239, -4.87498085208, -1418.97845844
1.03037237047, -4.01357315821, -4.86281284775, -194.487886919
-1.90375443122, -4.03850645098, -4.87738758554, -198.945345637
-2.41470477289, -4.00544839453, -4.89446524705, -265.29491112
-0.497817678574, -4.99906137341, -4.87086136752, -97.4958379425
