-0.516317238332, -4.03993007785, -4.92859357957, -0.839968856174
-0.503370350835, -3.6127378838, -4.88786195217, -47.8901655408
-0.497379614694, -4.0108046081, -4.90438511668, -0.141745736301
-0.49747720658, -4.02003030192, -4.85819288569, -0.144631081605
-0.63234594487, -4.02245308485, -4.81453160358, -5.69063594764
-0.498516206932, -4.79800153852, -4.88000517655, -98.0727468079
-4.94157734802, -4.0096945462, -4.87888509604, -1505.85410707
-0.495251062019, -4.55179448442, -4.88085914908, -58.5664446625
-0.512347730903, -2.65056008703, -4.88443839725, -317.219328008
-1.62912389659, -4.00986220663, -4.88238097969, -157.518000853
-0.500950282962, -4.54007366642, -4.86245941807, -55.6225298148
-0.36239683689, -4.02388522077, -4.8481025252, -5.2063119149
-0.516972755028, -4.49606672586, -4.88013806481, -45.1010677541
-0.498689800261, -3.16232562252, -4.87934988205, -167.263530322
-0.745082096578, -3.5704797808, -4.86478342461, -64.0456512089
3.29928854551, -4.01117696643, -4.88111002773, -659.782749702
-0.500493706403, -4.01247442904, -4.87971045556, -0.000521148503902
1.4729739501, -4.01443307808, -4.8518361055, -230.927973591
3.10716100851, -4.06443468679, -4.81469391284, -595.363820407
-0.497982520776, -4.10029850433, -4.90495189256, -2.18046381769
-0.498659672025, -3.99674736945, -4.74051146252, -6.17682299126
-0.443023027141, -4.02205816738, -4.78473584415, -3.5038934004
-0.412085023571, -3.97310197456, -4.89595608562, -2.38811500804
-0.483899653884, -4.49227577638, -4.99888007591, -51.2804320918
-0.504824067426, -3.46173523377, -4.8859053674, -91.9120685456
-0.50249532517, -4.01219463477, -4.99848686707, -3.99122426479
-0.426834228396, -3.7243358133, -4.84586083644, -38.2671894215
-0.507854310302, -4.01216623225, -4.8518718861, -0.230670201752
-0.50058675046, -4.04652043881, -4.91586661058, -0.587648983735
-0.498284349023, -4.01724619944, -4.95226319965, -1.32329197893
-0.494283032122, -2.8090843605, -4.88820516194, -265.739704476
-0.498309293926, -4.11247895659, -4.8429852696, -3.13326671444
-0.437329176701, -4.29160199803, -4.880382388, -25.9413679181
-0.501625222485, -4.27538326371, -4.85695299251, -24.0063295377
-2.41530250612, -4.34630374351, -4.88207295862, -248.303135076
-0.499512522101, -3.79345142448, -4.88010925261, -18.6652314583
-0.403349213898, -4.46075079758, -4.87328642597, -40.4808324145
2.32402653423, -4.01551343122, -4.88252855663, -351.52044139
-0.569863778358, -4.99204669174, -4.89093784348, -94.9015257399
-1.69046744388, -4.00948724671, -4.88134763386, -165.374104282
-0.532520864178, -4.00229735917, -4.85902953089, -0.420263078941
-0.537784862316, -3.36939900715, -4.79725125579, -109.909755494
0.538140880637, -4.7369727726, -4.88393535089, -121.781167432
0.218051866556, -4.00736656554, -4.9559300639, -94.836068184
-0.497537876409, -4.01246181926, -4.83167781569, -0.618025690292
-1.90725044251, -3.54265602674, -4.87719029813, -232.417263482
-0.500891216353, -4.01393862935, -4.8543219544, -0.179066795083
-0.500076815886, -3.87953011345, -4.87637730969, -5.58210877236
-0.496100269226, -4.0281090819, -4.96282511814, -1.82926741805
-2.12802489596, -4.944382407, -4.87379672648, -189.495845801
-0.205163320943, -4.01198523779, -4.86313488503, -25.0971165023
-0.499059482547, -4.01464033265, -4.83354213767, -0.568973003398
-4.18511769662, -4.01423678922, -4.90784047125, -895.348544592
-0.498494809024, -4.16761484977, -4.8810758323, -7.03578227228
-0.499965688952, -4.01596992821, -4.98116529233, -2.77218441697
-0.58409964667, -4.01309972294, -4.99820358576, -6.13695175311
-0.450625457451, -4.43661856553, -4.88837992446, -40.6985362078
-4.96760332876, -3.99469240964, -4.88118196851, -1517.57117612
-0.478297450157, -4.023322593, -4.72388444574, -8.34281377716
-0.496390668109, -4.05586508552, -4.89112301885, -0.499825490826
-0.454280762571, -4.01643635381, -4.813791161, -1.74217698127
-0.499383003274, -4.24656738654, -4.88497747183, -18.0285797513
-0.488709192532, -4.15268536512, -4.77937475645, -9.24785410461
-0.500535750293, -4.10804569352, -4.88719238883, -2.43469012991
-0.505938928427, -4.15793547681, -4.94953222096, -7.07404934567
-0.497943528655, -4.01239039389, -4.87435788036, -0.0115957420765
-0.199435974323, -4.02488484778, -4.8818169048, -23.921835599
-0.500745511205, -3.7816711139, -4.99838918641, -28.3751668626
-0.492681189095, -4.0056113151, -4.73283702165, -7.02592735969
0.820897034742, -4.00281738842, -4.86756597681, -180.529733465
0.0595496932979, -4.02367676507, -4.93231988913, -72.7161943237
-0.48555145726, -3.30640727906, -4.88501262535, -138.729165038
-0.499822310002, -4.01108209321, -4.96037899014, -1.67945642224
-0.511281633052, -4.0552384721, -4.81806791312, -1.53018437572
-0.33956042779, -3.3519065438, -4.89439264308, -132.464269676
-0.505064183491, -4.00781868192, -4.85011067597, -0.253032056227
-0.50654278548, -4.62134496665, -4.96558410298, -78.6883993834
-0.500639315372, -4.01169981732, -4.78315691651, -2.68531671107
-0.501744040984, -4.01223706417, -4.83175719084, -0.61742969944
4.35870850414, -4.0129732703, -4.87900971477, -1383.63456295
-0.491687930824, -4.98808259439, -4.88088685133, -99.403019652
2.23159648708, -3.99126600272, -4.8971088265, -347.861177428
-0.432644991314, -4.01655081762, -4.79730694106, -3.20555905839
-0.500378639975, -4.01258271594, -4.99883631621, -4.00074989451
-0.513327210851, -3.99830910293, -4.75635807908, -4.66778748441
-0.503792469159, -4.01074851881, -4.86963400126, -0.0370440633712
-0.476946638683, -4.01217019428, -4.86975769, -0.16119823471
-4.73794474982, -4.01419884989, -4.88287632172, -1321.43744186
-0.502300541978, -4.02764932301, -4.99998678049, -4.13670779463
-0.941974764194, -4.00843358129, -4.81129637476, -52.5624015738
-0.45156070691, -3.94215181259, -4.93959882746, -2.96616773559
1.58457691457, -3.9674151754, -4.93991678884, -256.236475033
1.22738186759, -4.82230217283, -4.83717271147, -159.79151872
-0.474550549556, -4.06202195971, -4.85601995911, -0.918012373455
-0.687487408738, -3.81455895175, -4.88314871371, -21.761394853
-0.384761270386, -3.18010617565, -4.87302738738, -149.62305291
-0.296498456448, -4.56030321996, -4.88652737165, -52.1585263217
-0.513566342125, -4.08870429293, -4.8476056142, -1.8344069939
-0.557416913197, -4.19827702147, -4.86510060526, -12.6485804428
-0.499734309858, -4.01343981197, -4.9066595079, -0.168300025284
-0.584669382838, -3.9967101235, -4.9012600709, -2.02809435743
-0.510281640229, -4.08218331841, -4.8920898821, -1.31723416607
-4.05898887204, -4.0336677309, -4.89327252459, -809.202548798
-0.50077803188, -4.0824410476, -4.97089647264, -3.32705023819
-1.69089205398, -4.01332375308, -4.87993493631, -165.739700506
-0.512750149878, -3.94951688817, -4.99483270925, -5.17319805247
-0.464253457387, -4.01538081226, -4.8051908834, -1.86356977652
-1.42142838567, -4.99984026277, -4.87981747327, -140.721476448
-0.501982622684, -4.0120664161, -4.99998534854, -4.10544960171
-4.95714881146, -3.82246216003, -4.88089520098, -1438.78612454
-0.497490420022, -4.007666218, -4.79540106454, -1.99626019911
-2.82816227355, -4.00574584527, -4.90833753409, -326.080384243
-0.307885051703, -4.01827141505, -4.69953827161, -25.1544547997
-3.97968118751, -4.02873282777, -4.96508714724, -779.775839514
1.28187914589, -4.01324963751, -4.93758687925, -217.134142213
-0.375738409864, -3.89024989226, -4.83429905448, -10.8986683142
-0.917171996612, -3.45919197486, -4.88164054691, -112.170266725
4.99981273927, -4.03328682422, -4.89674222944, -1910.73760754
2.7888653723, -4.65367346836, -4.99940142679, -394.189550303
-1.24965809815, -4.99428113442, -4.87578369602, -133.544531789
-0.921094242615, -4.01086718614, -4.9336875762, -50.5799754388
-0.499665012946, -4.0134628595, -4.72565939203, -7.76817037428
-0.515685032969, -4.0108691294, -4.79892060895, -1.88766726443
0.0723520888642, -3.88229875983, -4.8119319843, -74.1550232379
-4.72245507836, -4.01396877746, -4.88482006895, -1296.61843359
-0.494539773601, -4.01532890764, -4.93777035753, -0.828424145684
-0.501668406786, -3.89187765055, -4.82698780288, -5.10001121106
-0.501801861432, -4.01283422447, -4.97998764829, -2.71321131896
-1.63370286274, -3.86177758216, -4.88064690782, -165.64014006
-4.24237864621, -4.00800988818, -4.88601153741, -943.73246305
-1.38731237535, 1.04652045686, -4.86635479008, -546.599513369
-0.42730094716, -3.8791911154, -4.78793057882, -11.0158526493
0.693872568721, 1.99221521188, -4.94633704998, -1708.90489434
-0.499997880272, -3.99943026344, -4.7186095392, -8.59919109167
-0.598857999093, -4.09273591499, -4.80083210255, -6.32858604705
-0.497781864494, -3.20261309492, -4.76545700461, -165.482165562
-1.31411748027, 1.39114447867, -4.99981673881, -578.736071206
-0.495402706609, -4.01523758562, -4.85744807636, -0.144675165766
0.0162732048907, -1.52564001415, -4.87606976143, -770.06911973
1.67411777851, -3.64294368932, -4.81821179225, -312.398818655
-0.502504897478, -4.99772425601, -4.87962952505, -96.2177448152
-0.506063652461, -4.01182458235, -4.83517889093, -0.540639742837
-2.98852514041, -4.00269816662, -4.93875100641, -378.616082091
-0.511265161993, -4.03583539067, -4.81297433187, -1.40251831944
-0.553291591882, -4.96249881229, -4.94755547385, -102.623744507
-0.403328484737, -3.93071647285, -4.74488918843, -12.0509115995
-0.311565815005, -3.97653697088, -4.900513188, -9.88400943464
-1.39409828556, -4.00935645189, -4.86790144584, -122.113904308
-0.649136296099, -4.01551784865, -4.8702480856, -5.81815785125
-0.501672668984, -4.01793350864, -4.98713170297, -3.15519938273
-0.529708057202, -4.42497586327, -4.73895171751, -43.8305583044
-0.573087954977, -4.0129853967, -4.84289274197, -1.72072449431
0.000288610637767, -3.76076816893, -4.83261175129, -80.802184573
-1.95928380536, -0.406751326554, -4.88122402006, -780.300618714
-0.498008936502, -3.03775027311, -4.88018583469, -205.637033225
-0.499173936884, -3.63701355056, -4.88298374524, -45.7078255972
-0.496434319592, -4.14432271454, -4.99886700356, -8.26807648907
-0.496226880217, -4.01705169994, -4.9988984529, -4.00913073579
-0.412737402858, -4.00107665306, -4.88128212107, -1.90819620353
-0.499939831656, -4.01248763102, -4.81965030624, -0.970069508463
-0.499964809382, -3.9968350585, -4.89302379168, -0.102958646028
-0.494860776726, -3.44098472003, -4.89896655151, -95.1513340856
-0.499581850185, -4.01234284091, -4.99977077951, -4.07601071617
-0.505787758589, -4.00562860438, -4.90031225686, -0.1189423469
-0.51517491488, -4.28869448802, -4.97383580862, -29.1315134188
-0.46011613721, -4.01347010536, -4.89859159902, -0.460971462807
-0.499644310024, -4.01362873802, -4.86961015159, -0.0323126250661
-0.784114033687, -4.128177335, -4.99890474028, -36.4011262883
-1.68681846881, -4.01483577539, -4.76231594133, -182.331026026
-0.488247380904, -3.8266892745, -4.81031708836, -13.2369232999
-1.71769174956, -3.99545292526, -4.87458403896, -171.136580607
-0.494073908525, -3.5361393983, -4.81075681896, -68.1460753405
-1.80935081345, -3.94771449401, -4.86568698843, -177.710751908
3.40446839924, -4.01223189541, -4.88326049534, -741.894932371
-0.504003345758, -4.12493240634, -4.99868193894, -6.9655154743
-4.99980271375, -4.01520984098, -4.88834803926, -1532.26048706
-0.478576801957, -3.82498811252, -4.73958064425, -19.2565619256
-0.499168986215, -3.5523795719, -4.88994809282, -60.0749521296
2.68878141161, -4.03630482433, -4.89283377233, -471.540612938
-4.9819375393, -4.01293401894, -4.88038544335, -1530.3502267
-0.402373019539, -3.93657704918, -4.98135099428, -7.45962628819
1.92413536745, -4.01006479757, -4.88084992632, -274.38064074
-2.69365272865, -4.01943574548, -4.81476607715, -295.238459307
-0.612436278516, -4.07463154476, -4.90916288964, -4.91512326835
-0.475514641904, -3.54198180493, -4.86685552623, -64.4972162667
-0.498876084109, -4.01406564638, -4.96346540768, -1.81597789247
-0.808213199831, -4.00909881128, -4.89156555267, -27.8956359392
-1.0466927596, -3.94001230267, -4.87986271095, -72.610088266
-0.484579645185, -4.0138670189, -4.91001887422, -0.266470203636
-0.545325334829, -4.01168945537, -4.9530353939, -1.97051616055
1.01772406422, -4.01255311279, -4.94914558409, -190.924800003
-0.42491287681, -4.29260323403, -4.86969690819, -26.483970399
-0.293332630462, -3.70581301469, -4.88969411118, -55.9260674902
-0.500526028994, -4.01357619098, -4.88394363736, -0.00275776035377
2.95515822973, -4.00181712165, -4.8380135746, -531.976070709
-2.76151704761, -3.97494172204, -4.88231045952, -315.795188464
-0.498446182107, -4.01248987547, -4.84093275564, -0.403995647657
-0.492953677987, -4.01146899733, -4.78702707037, -2.45550631304
0.528292944232, -4.00859880647, -4.86135314211, -133.002282076
-1.00382832555, -3.85728861701, -4.88033429152, -70.3551516556
