-0.425567890325, -3.85597975991, -4.99979649114, -16.6968732035
-0.478290961264, -4.4154073371, -4.88916304476, -40.4019061707
1.67480775255, -4.14990146131, -4.96973193624, -251.873024101
-0.502366686128, -4.99289854478, -4.89613354287, -95.4860999238
-0.502640407043, -4.00568336875, -4.78396942215, -2.6612728806
-0.498526133402, -4.01137417208, -4.86455402639, -0.0681129648319
-0.498660302957, -4.00969498076, -4.76648117136, -3.86180567913
-0.5027384347, -4.01458657336, -4.84625593047, -0.307491552909
-0.00117372220137, -4.04140996888, -4.8712834514, -63.0300246158
-0.528166531781, -4.00844009766, -4.99924076631, -4.3419498403
-0.46219231433, -3.91104852569, -4.78931070793, -6.04326068178
-0.22487889188, -4.59121732317, -4.8504446913, -62.1210479956
-0.484025193131, -4.21542508753, -4.87747057476, -12.6528190695
-0.49468465225, -3.63337939254, -4.92069426469, -44.4524319292
-0.388513327396, -3.48432909341, -4.87635470424, -97.5669150959
-0.212950580281, -4.01765795072, -4.74641074945, -32.9126948183
-0.502651263835, -3.52326243098, -4.88098359832, -70.5582405809
4.99854069689, -4.01241054896, -4.87958062041, -1928.43552304
-0.511995399063, -4.99276682999, -4.87807300725, -96.6069079636
-0.499105869541, -4.01538368785, -4.8095316978, -1.34947657176
-0.498658724129, -4.99992168748, -4.85610820497, -98.7054814639
1.95698532487, -3.63577230236, -4.88200563778, -373.261630702
-4.01384874814, -4.01105806647, -4.88004275264, -786.402730484
3.71984115268, -4.00772064856, -4.91169688732, -888.953055702
-0.501270543243, -3.8413349721, -4.59112241816, -47.1083964127
-0.491479671572, -3.99194732652, -4.81613566099, -1.22153419821
-1.41696874655, -4.0140604954, -4.78638486737, -128.901156849
-0.49852014705, -4.01627854198, -4.73039545196, -7.2699112922
-4.99596269655, -4.01320547977, -4.8929391749, -1533.92285609
-0.494772225225, -4.05090416415, -4.63048710369, -25.4956701026
-0.508789019647, -3.08577236587, -4.88443930597, -179.480342058
0.74952928075, -4.00594892522, -4.98022144937, -166.271257244
-0.502491901417, -4.01312356725, -4.94027702867, -0.908156837244
-0.419470314665, -3.96818392703, -4.89667459593, -2.19960079169
-0.504345673692, -3.87472345981, -4.88200969172, -6.04217488129
-0.506084567937, -4.00110406053, -4.92660737023, -0.58840511269
-0.512182465366, -4.10018187314, -4.80148255744, -4.01531430361
2.91393917074, -4.04152354922, -4.85590444395, -515.485789167
0.136102578378, -3.98265026302, -4.8598141198, -78.018131021
-4.13114833223, -4.00607463549, -4.87964534001, -869.83758531
-1.44256473412, -3.98713901517, -4.83747946337, -134.650931777
2.69327325902, -4.00409439157, -4.88156118052, -466.985614596
-4.99364094799, -4.18702359236, -4.88062329711, -1563.80194163
-0.5163509454, -4.02264103866, -4.86631531506, -0.148086898137
-0.498078387371, -4.19538624721, -4.93112216798, -10.6601504747
-0.603068804172, -3.97563945975, -4.87900213198, -2.95305209063
-0.496706435253, -4.00706643263, -4.81335335376, -1.20395902494
-0.251160486353, -4.0093225413, -4.74723961733, -26.8561979143
-0.605714039784, -3.98900766304, -4.84297565897, -3.2582961012
-0.584160248157, -4.02833477716, -4.80633055869, -3.39689665825
-3.32900503594, -3.4835648643, -4.87560543695, -497.23680728
-0.503080877432, -3.47971307022, -4.88914713688, -88.1612201144
-0.541538835884, -4.01606458917, -4.99405517712, -4.16140691781
-0.503853796761, -4.85434494235, -4.88350648069, -90.6779165909
-0.501194051074, -4.02058480817, -4.87946910705, -0.0172065010678
-0.553328429109, -4.00055764881, -4.87384407926, -0.778308707032
-0.495508913183, -3.952493764, -4.85574202314, -1.11792849664
-0.708105165887, -4.00801105936, -4.7665737414, -15.3508690602
-0.931660460023, 1.03610810384, -4.8821166515, -827.624483167
1.98053462555, -3.97066289014, -4.83716350564, -324.251286811
-0.498748434122, -3.19419756345, -4.87909215246, -165.220257775
-1.21947225602, -2.98992624736, -4.87195025795, -227.051941563
-0.311327364148, -4.00507630223, -4.89826564514, -9.24564111603
-0.467418509647, -3.78177109399, -4.86498629387, -22.429438975
3.85935198321, -3.97462320459, -4.86724247599, -1004.7171489
-0.494943451492, -4.01226868214, -4.93167013302, -0.661916894307
-0.508461615845, -3.38959195342, -4.87365547215, -104.607248721
-0.438863111213, -3.99190254802, -4.90559900006, -1.15524675838
-0.497761339503, -3.67601262929, -4.79436891955, -47.6343629067
-1.02196754839, -3.7390201842, -4.87931991742, -87.4445282005
-0.487980773054, -4.25572586889, -4.91812762064, -19.6409114374
-0.284745546559, -4.00458889855, -4.97002776581, -13.4190150432
-0.506505930816, -3.99429750735, -4.86116255581, -0.196267804223
-0.468117160893, -4.29131982252, -4.79433258123, -29.3246780748
1.21577712354, -3.97496999008, -4.87992913772, -220.002438577
-0.665213056843, -4.01020117215, -4.91386605998, -8.01393066316
-0.650642675033, -4.02803927941, -4.80505421724, -7.34697037818
0.741930124423, -4.05121592834, -4.98115392372, -160.688951015
-0.159608394627, -3.77666168563, -4.77549457018, -62.1980733276
-0.503518779957, -4.03112141673, -4.71870398494, -8.7297447714
-4.96386278576, -4.01339860938, -4.8811486524, -1523.98771147
-2.77913399156, -4.10622527528, -4.87871842267, -314.360212045
3.24994021768, -4.11428115752, -4.77208506625, -630.811063207
-0.343673057098, -4.52105447514, -4.81070617599, -48.0493993428
-0.461554746903, -4.06795552599, -4.88766659175, -1.13603716571
-0.437890690851, -3.23541392376, -4.83584617658, -143.182882911
0.691659293061, -3.99298237502, -4.89399244224, -161.469762449
-0.502057143438, -4.01196086808, -4.81616350044, -1.0954973559
-1.36890975308, -4.92116529636, -4.89806298446, -140.41549801
-0.227633851704, -4.00056769096, -4.72459635423, -34.0526512357
-0.505496070406, -3.69613579201, -4.88331607744, -39.5468624984
-4.97133806614, -4.0131429868, -4.88330147745, -1531.25135819
-0.406265346761, -3.05465038374, -4.89051911336, -193.813610973
-0.549987012688, -4.05380281756, -4.93178781388, -1.81968794872
-0.506364743321, -4.01661046694, -4.92085532244, -0.418305747466
-0.494687046824, -4.28235941418, -4.8952538407, -24.6384568071
-0.500809044783, -3.99745478726, -4.74201185278, -6.01216690152
-0.358877149235, -4.03059819898, -4.72789189995, -14.4361207235
-0.457743434044, -3.26587633287, -4.87842997701, -142.276894638
-0.498874974784, -4.47270170902, -4.87811243906, -41.2540453019
-0.862908464911, -3.99851328138, -4.88342159545, -38.9094283692
-0.595786076181, -3.1455000477, -4.84323366256, -162.868677949
-4.94460448368, -4.01855373245, -4.88673648042, -1506.29008893
-0.499795250167, -2.83345020395, -4.87957572642, -254.970920737
-0.501654639317, -4.01079739917, -4.94285818186, -0.99771285735
2.1642407348, -4.00915641327, -4.9075073408, -325.518692272
0.299640443227, -3.66356682295, -4.88220760625, -135.676588277
-0.500161455914, -4.01396549876, -4.99939183648, -4.04554910578
-0.49027699, -4.9993498697, -4.88015436927, -96.9114127125
-0.519297146551, -4.1249261901, -4.87840724721, -3.57852652577
-0.50203062814, -4.00790355572, -4.99272068755, -3.5640996629
0.213788862489, -3.82152764741, -4.86056635707, -116.657613277
1.7139930698, -4.01763023603, -4.88018957629, -266.52987973
-0.508292817864, -4.42689652767, -4.84422381803, -39.7349807259
-0.576841788108, -4.02199775653, -4.8755591991, -1.53482404586
-1.39407584344, -4.63288413091, -4.85237443841, -148.180045626
-0.976459452929, -3.98445816944, -4.82079916168, -60.9064299088
-0.570556283403, -4.99987827794, -4.87365700081, -93.7273156365
4.12620992942, -4.01293366436, -4.87710453595, -1196.47956311
-0.496441586104, -3.53066651851, -4.87245264458, -67.5659476823
-0.499949551229, -4.75501969439, -4.87253569714, -88.5230553484
-0.498335653824, -4.00994126811, -4.82274472399, -0.875902040473
4.97672111849, -3.37656714838, -4.75941614772, -2008.66836946
-0.730594608787, -3.42148608656, -4.89665143197, -103.035137952
-0.543848974033, -3.62345160384, -4.87118475019, -48.0489242105
-0.557836061635, -3.99758133537, -4.9987637998, -5.07431493687
-0.958176268747, -4.41242295543, -4.83976922585, -67.2407076364
-0.514503574298, -4.00396251304, -4.82061842345, -1.01334688744
-0.510760621612, -4.44520219344, -4.89952909142, -40.9433829478
-0.562601306538, -4.1331875302, -4.93349490122, -6.24540491763
-1.48591262856, -4.77231113926, -4.99973607569, -148.658688572
-0.48878135778, -4.18602029939, -4.8116064936, -10.8577789577
-0.385222073235, -2.01315429724, -4.93484180461, -530.0764861
-0.485941127731, -3.31761692744, -4.89507579805, -133.948347763
-1.30458703346, 2.31910923534, -4.97067819669, -389.349797628
-0.678186663589, -3.10461969531, -4.95893102299, -184.832636594
-1.13751554507, -1.43446778599, -4.92487821817, -634.555540729
-0.664956601084, -4.44716606202, -4.90852223656, -50.1885400388
-1.04433680241, -0.419214053665, -4.92063521903, -966.787439603
-0.371222870126, -4.48373550745, -4.88578647066, -42.3190069881
-2.03955876156, -3.44288717072, -4.9448759048, -235.929715687
-1.08428339637, -4.01565231331, -4.88760361339, -67.3223212401
-0.446168295624, -3.73624427239, -4.92004413907, -33.4965338462
-2.48356673583, -4.78782782158, -4.99997969759, -246.205417153
-0.557876173645, -4.97272717032, -4.84407646946, -98.3381312829
-0.518583655619, -4.05430114468, -4.97192117016, -2.77789065203
-1.39174754898, -3.94727030955, -4.81327853688, -127.347490965
-0.485921192743, -3.98244282385, -4.82969979025, -0.951688828034
-1.51453753316, -3.60329175773, -4.89856198401, -180.964537165
-1.42007093135, -3.32155056929, -4.76421701383, -208.016404065
-0.705154165074, -4.00161666682, -4.82612320732, -11.6381519068
-0.358409995698, -4.0043222382, -4.9991057366, -9.04777533802
-1.36201119227, -3.99314995581, -4.99200462624, -126.287127557
-0.676911121294, -2.19863714804, -4.99864491236, -411.825129204
-1.22895382054, 3.63739900305, -4.99886447124, -84.6315294439
-2.43665321913, -4.00275713768, -4.93376462816, -256.949611782
-0.498407885143, -4.01049056202, -4.83269817735, -0.59252855984
1.76429741831, -4.00449178329, -4.99935475404, -259.95774764
0.701613963771, -4.991869783, -4.82739396839, -127.308709554
-0.505871794462, -4.01376865447, -4.79544663358, -2.00360521197
-0.492214743174, -3.29922463205, -4.7393672818, -141.480218901
-0.49840299177, -4.9600520648, -4.8773333302, -103.231029316
-0.493861666173, -4.02278296424, -4.95830293929, -1.58642695793
-4.28018178332, -4.07701686572, -4.88247115909, -962.255545673
-4.39200513459, -4.22174618819, -4.88351484708, -1086.09227952
4.99764704262, -4.00123804121, -4.88523144559, -1930.49641631
2.71291532294, -4.53218104581, -4.83597490406, -383.868775258
-0.495136642943, -4.0127412411, -4.99915761249, -4.03529927754
-0.489226157579, -4.1462145261, -4.92777220944, -5.44989664637
-0.539872857835, -4.65919148134, -4.86993394028, -75.561084695
-0.474698096446, -4.01443412916, -4.89680765718, -0.216989418376
-0.516717744617, -3.30515374527, -4.87139099969, -138.854268214
-0.46429539956, -4.83499953963, -4.8890696594, -98.0805045864
1.08651776786, -4.01543003596, -4.9552971534, -200.06432066
-0.499191177229, -4.81257647726, -4.88304640213, -98.0879447307
-3.55463916304, -4.01329526073, -4.87135211884, -561.153780721
-0.40134780225, -2.9096101024, -4.89252142299, -226.510690885
-0.489814560182, -3.38051697262, -4.88979421166, -110.009476274
4.44323838267, -4.05069789319, -4.87864858621, -1426.14600263
1.30078322145, -4.02304704752, -4.9376506218, -220.27579694
-0.580221310004, -4.25216577108, -4.94780575691, -25.9282401768
-0.995754618184, -4.04713166462, -4.81806569467, -65.6624548647
-0.778851975013, -3.83950811154, -4.91770564953, -29.0290246439
-2.87834699612, -4.00930988392, -4.94631412746, -352.152809262
-0.503318588, -4.50934246014, -4.88474640883, -47.2407007379
-0.482042687692, -3.82366601597, -4.9440326598, -15.1368920489
0.1963467353, -3.97395137277, -4.99999861063, -102.362535707
-4.71577262583, -3.99487552593, -4.87598014702, -1268.91897574
-3.22986559566, -4.04400430421, -4.90021413401, -431.515292811
-0.492693406686, -4.03825124772, -4.99642992939, -3.91828446651
-0.499399554739, -3.88245120752, -4.88019274187, -5.31044226603
-0.459122487634, -4.51219915213, -4.93471566337, -48.3249615155
-0.497611320822, -4.01203379527, -4.83352185089, -0.570756805562
-0.504168780274, -4.02146712761, -4.70564222987, -10.5133762895
-0.459186480814, -3.28913804592, -4.86786775736, -137.121806497
-0.95492832535, -3.48877330383, -4.87427515556, -109.838228433
-1.16350714231, -3.91676766146, -4.85353903675, -83.7678792143
-1.57760744771, -3.99694212191, -4.86063175456, -156.744599985
-0.323876979702, -4.06629845635, -4.78075008663, -12.1527369681
-0.48548745759, -4.08422981217, -4.87893821583, -1.38182774267
