-0.514865431519, -4.04498144109, -4.85986968938, -0.426527072545
-1.23418358573, -3.94504031655, -4.83941475502, -97.0261712525
0.991294892548, -3.84805217346, -4.79672352793, -197.970043418
-0.496055621443, -4.38001697419, -4.9689359506, -44.4283441913
-0.554407618561, -4.07252184995, -4.93398759567, -2.56469432674
-0.498387491279, -4.00772676459, -4.74744384924, -5.47674249187
-0.498828324225, -4.00969511018, -4.79613730231, -1.94414627969
-0.502703198002, -3.75541154073, -4.95887050636, -30.3410609539
-0.49107020392, -4.01203809727, -4.89929222726, -0.103430800091
-0.341785467831, -4.00634986263, -4.82505719121, -7.91014096191
-0.497069217932, -4.01702613922, -4.83174765099, -0.619366727486
-0.430741058433, -3.60886745243, -4.77537100183, -63.7278223888
-0.49605796118, -4.70742548234, -4.88012293588, -77.4664101084
-0.503485214545, -3.27581748772, -4.88137593376, -141.175700255
-0.393421219718, -4.61972487024, -4.88611556988, -70.2071734158
0.601387136773, -3.98926698603, -4.81410114116, -150.640682196
-0.500257075736, -3.56809002459, -4.88146271103, -56.5966981704
-3.26130278236, -4.01239100639, -4.87645431448, -450.086984686
-0.493211802438, -4.43738408644, -4.86907977974, -40.1139031274
-0.500196094512, -4.01327898809, -4.78689390956, -2.46045329617
-0.498659673202, -3.71169214245, -4.88738010446, -37.0688482964
4.06757952238, -4.01818155202, -4.81251626354, -1116.44776994
3.22060005385, -4.01243126986, -4.88751444869, -643.4228167
2.97049719805, -4.02047486362, -4.89342821838, -532.086130335
-0.502663467539, -4.9335929374, -4.8645585247, -101.715658847
-0.473006878784, -4.02311014906, -4.85297542222, -0.399804518993
-0.498207372841, -4.01542660278, -4.85520578611, -0.168976912868
-0.499689013809, -4.01193997478, -4.76305764677, -4.13252319039
-2.59256105419, -4.01874616502, -4.88820492628, -300.249779062
-0.594951349914, -3.9832457688, -4.9976194241, -6.85494636295
-0.501165164539, -4.6117459763, -4.89043690154, -74.6618324316
0.946133120847, -4.02896617591, -4.77419706704, -184.215131098
-0.516866903794, -4.00960037666, -4.87436463366, -0.0875116689531
-0.456555732029, -3.98599539108, -4.79272110536, -2.88629906038
-0.546848140175, -4.99338516342, -4.88059492414, -93.7660588544
-0.499483762771, -4.00361567504, -4.78870515207, -2.37188615992
-0.500899079887, -3.82351674659, -4.67621168453, -27.3519936576
4.96502885696, -4.02677974002, -4.89190725228, -1894.55431922
-0.440030041105, -3.99822949569, -4.74142968965, -7.33653716679
2.3697948392, -4.01729718657, -4.89528493048, -366.51144005
3.85082131567, -4.03992007455, -4.83802052138, -993.710854644
-4.50104631625, -3.95325287861, -4.84044338609, -1128.1509873
1.08602086533, -3.74765199626, -4.8789922201, -222.197133516
-0.485116069443, -3.98653541111, -4.99971085249, -4.38882419997
-0.498384434772, -3.90009858391, -4.868649499, -3.83271279499
-0.597394840507, -3.94443267327, -4.87524207339, -3.50381517048
-0.498497703804, -4.00981411098, -4.83001868198, -0.665001382712
-0.599530597751, -3.61674827286, -4.88835073864, -49.7904042217
-0.49541920817, -1.56873822469, -4.90960372658, -638.060298396
-0.825074637777, -4.04058703597, -4.93698629065, -35.8309427472
2.31997258449, -3.99753078408, -4.87941899147, -351.925849283
-0.50558421643, -4.23321877396, -4.8810465394, -15.8704019297
-0.502987698176, -4.01387184877, -4.764448406, -4.01066471117
-0.494913583895, -3.86242036626, -4.88287104676, -7.45332062399
-0.502981352101, -3.97965773824, -4.67591234033, -15.7597596467
-1.0243440676, -3.99512700675, -4.88269523973, -65.4218900269
-0.49587647605, -3.98692309358, -4.92953223009, -0.802600125632
-0.32345375168, -4.00808258422, -4.86590609893, -8.2291147089
-1.06184904499, -2.48485845113, -4.88377099809, -333.017251901
-2.14907505724, -3.96823040419, -4.82827683381, -237.62730737
-0.490969468958, -4.9858111273, -4.88522619695, -99.5347317532
-0.754995850944, -2.4317065316, -4.87229233184, -342.094852061
-0.560112661852, -4.00612890996, -4.8512137366, -1.16023554134
-0.494931833093, -3.99720867146, -4.83050197283, -0.714730850913
0.00384704769855, -4.03359753029, -4.87730671566, -63.531532146
-0.494846629832, -4.0118783665, -4.70990743537, -9.84563136056
-0.502603932494, -3.6727826808, -4.87391780508, -43.5996932077
-0.445355092327, -4.00977310566, -4.75110912324, -6.09499016557
-0.554858924284, -4.08476831007, -4.9159745872, -2.5422354249
-1.04667976018, -4.53195497498, -4.88211077972, -92.0456969807
-0.511746225479, -4.17457273114, -4.76817108697, -12.8723533407
0.0336918102972, -4.00403891491, -4.80466048881, -64.7715377617
-0.483833902074, -4.01298690946, -4.8522795135, -0.269660355313
-0.486863341242, -4.72296283591, -4.78925489012, -82.3428904571
4.94923321501, -4.35842116739, -4.85349478226, -1850.05546131
0.531563713279, -4.01294129194, -4.7498583058, -136.410589026
-1.2502976567, -4.99563461204, -4.85025278396, -129.410356836
-0.439320045988, -4.03430464077, -4.7522537777, -6.12794728891
-0.399247479916, -4.02018030325, -4.76538625901, -7.0454483934
-0.505393569739, -4.01160017905, -4.99998882175, -4.1288427439
-2.32191752649, -4.02464156813, -4.8833246777, -244.518953611
-0.494181607743, -4.0693236934, -4.88205569763, -0.820985206633
-0.867810283523, -4.00083988244, -4.89360908898, -40.3035491754
-0.576233362173, -3.27802755402, -4.94967025619, -137.907796867
-0.471439470682, -3.7923832653, -4.85152836738, -20.0755302269
-0.563003786667, -4.69704623056, -4.80780800842, -79.5295038906
-1.22420342379, -3.97816367626, -4.83592157296, -96.9551352705
-0.502058426815, -4.03188700482, -4.91955088008, -0.462533401539
-0.553898952415, -3.59905410471, -4.8678574919, -50.5383363337
-4.39165295267, -4.00795489959, -4.8797949047, -1038.32214066
-0.48977754601, -4.20402628055, -4.95181017046, -12.1990041704
-2.2375005006, -4.03982077272, -4.88295285171, -239.332468629
-0.526976339597, -3.18672549072, -4.87771408087, -166.788901341
-0.0633496217806, -4.67760372108, -4.80552696854, -88.8286327683
-0.496185823979, -3.99744040947, -4.81939061055, -1.04193376114
-0.502593231244, -3.76267426778, -4.88420887108, -25.5468697356
-0.498868638766, -4.09372745081, -4.778706606, -4.98645783484
-0.510032288464, -3.30440800615, -4.76916651437, -141.029741508
-0.312446363232, -4.06737130903, -4.86986527045, -9.326125033
-0.498722603624, -3.20155313114, -4.87896457712, -164.130569969
-1.7306081202, -4.00373686379, -4.88199254362, -171.152400451
-0.547448044368, -4.9993795082, -4.88399577795, -93.1720496758
-2.15904941247, -4.10632820476, -4.85388803857, -225.618988818
-0.501054072477, -3.25613399432, -4.88691737242, -142.54857557
-0.500398559508, -4.01761202388, -4.99999618273, -4.09445838918
-1.183535048, -4.01507922456, -4.93454023599, -95.3907941491
1.06778064541, -3.89560410622, -4.90443784106, -215.196909374
-0.500099008077, -4.01165670426, -4.90938431865, -0.205664154811
-1.03581416602, -4.54774383069, -4.87821801843, -89.654805785
-0.49026148258, -4.21794449805, -4.87539339527, -13.1073493502
-0.496858611106, -4.00776846699, -4.99853167874, -4.00227236626
4.96245346162, -4.00886449011, -4.8821743605, -1933.9168171
0.244285003923, -4.0689756029, -4.82988523801, -87.8391091134
-0.49226648468, -3.25910759045, -4.87251456836, -141.743143098
-1.69285435055, -4.93624915515, -4.87549641621, -153.615717637
0.917685914075, -3.68941389932, -4.87586295595, -222.721991934
-2.55096071047, -4.04478301449, -4.86311888025, -273.486592133
-0.620483171751, -4.41427894975, -4.89406827165, -47.0698905005
-1.70030604963, -4.00482875977, -4.8829494383, -166.779614852
-0.491977034477, -3.78310486504, -4.88152765035, -21.2334289195
-0.500803348728, -4.06116955313, -4.97814095541, -3.14529021087
-0.483813984256, -4.00983889212, -4.89354574058, -0.104854308424
3.44457797983, -3.86756395395, -4.8322645433, -767.458535743
1.20690624116, -3.792923798, -4.89101337176, -226.743472111
-0.491231741161, -3.5790243032, -4.88046433722, -53.2034375826
-0.543916115119, -3.9903189621, -4.81510708655, -1.74297289359
-1.58996622736, -2.50403554539, -4.93172378775, -338.554713927
-0.50797519558, -3.99209318691, -4.83775530722, -0.598004506791
-0.48803679693, -2.76128542815, -4.93215804673, -276.287354772
-0.493121345201, -3.41752909833, -4.92344047793, -92.6733087196
-1.79782694251, 1.74715875099, -4.90146650804, -415.701159221
-0.363309180563, -2.95630435731, -4.96247928862, -220.630445864
-1.79376813025, -3.36612422456, -4.99998879765, -225.039598905
-0.538780356489, -4.98904728773, -4.95837885565, -100.398534638
-1.58880346603, 4.99789106739, -4.94318164336, -194.049683074
-1.37422910564, -3.81541560263, -4.98374649921, -124.666558849
-1.15191984731, -4.97526761042, -4.91308599851, -132.542395653
-0.752043675949, -4.06039861036, -4.97267615322, -26.3577926839
-0.653048294054, 2.74334208622, -4.93132470846, -475.226196957
-0.157726824317, -4.33109108679, -4.89941045999, -46.8292462116
-0.463414510889, -4.99314939497, -4.87841770465, -102.572364674
-2.67483010512, -4.08624675529, -4.89762978762, -297.620863972
-0.220237945952, -4.09383447902, -4.72839101031, -33.3695752599
-0.476897306403, -4.65476256128, -4.83090156318, -75.0592948407
-0.481731272739, -4.9863410374, -4.8879846936, -100.056048684
-0.509203314717, -3.70023175919, -4.89512279382, -38.7959402571
-2.09709201802, -3.9966906384, -4.86351743667, -222.922101517
-0.486320139023, -4.02414917711, -4.86129916355, -0.175867483261
0.729461003721, -2.94602176932, -4.89558348399, -308.343740957
-1.22734257448, 3.79671783281, -4.89130847015, -76.4995601181
-0.423333223013, -3.99235039298, -4.99909268206, -5.75101107513
-0.777123811649, -3.93291744019, -4.94517399575, -25.8393753844
-0.918994147669, -3.99897960285, -4.97692466427, -50.4723646892
-2.02331794317, 3.93913780095, -4.85711114489, -124.260794839
-1.45111382676, 4.82660289662, -4.95427842309, -163.242765775
-2.10308335352, -4.19534622362, -4.90034137626, -210.503865617
-0.498634399376, -4.01579591711, -4.83461348215, -0.544563103598
-2.08338711538, -4.01175347606, -4.84059719408, -213.343127091
3.19767938207, -4.15605017444, -4.94957936559, -569.22961078
-0.593122292613, -4.03731596054, -4.95270504501, -4.17297353227
-0.502123918625, -2.97107982448, -4.86898056052, -216.409816035
-0.498403084076, -3.2483180376, -4.88092239656, -146.955616343
-0.492002231667, -4.02548345841, -4.81332452068, -1.25205693545
-3.43889043261, -3.86091000559, -4.87977467908, -498.153979712
1.25005240289, -3.89558049987, -4.8835096647, -224.646968274
4.63627099825, -4.36178170079, -4.99897254064, -1531.99519011
-0.243588151869, -4.20401144586, -4.93709902054, -22.6598346518
0.276892310492, -3.99062803397, -4.87076648576, -100.080503215
-0.630093540683, -3.64772134462, -4.86581962044, -49.7965885993
-0.47930151382, -4.63220034548, -4.87917891523, -75.1188932886
-0.549934745567, -4.01458545478, -4.81424358825, -1.80769853728
-0.499126795051, -3.620792526, -4.90454466486, -45.391224982
-0.489425935062, -3.52647031545, -4.83697596745, -72.1191360778
-0.400067449811, -4.01652958902, -4.9086626032, -2.57346196077
-0.492712908209, -2.82770132045, -4.88803016748, -257.574517185
-3.21236221598, -4.01329571143, -4.91485566615, -419.68965361
-0.550658996338, -4.54735518877, -4.89421786543, -63.8417142103
-0.524972805538, -4.52856316872, -4.88977943207, -54.5651775781
0.775346441441, -4.00765317017, -4.88143600825, -170.840221733
0.83204422933, -4.0802658757, -4.89092717743, -176.75893579
-0.270446463069, -3.88152197207, -4.76791469072, -31.8362161059
-2.94894998421, -4.55657647451, -4.925215278, -331.254449167
-2.02965459072, -3.86786762869, -4.97260829113, -211.191692951
1.70952808942, -4.01423620383, -4.99972594057, -263.86427956
-0.775421373387, -4.99986173524, -4.88516375151, -106.528847453
-0.506277518451, -4.38023656179, -4.74122358228, -43.1579644066
4.97494254723, -3.9932291423, -4.80406498071, -1927.46145937
-3.74426755948, -4.09179419868, -4.85309283521, -640.613169982
3.18799503074, -4.20749069035, -4.92528080426, -592.084073282
-0.529134325252, -4.04898689324, -4.86927081018, -0.574053704154
-0.506657429278, -4.43078892697, -4.99999308099, -50.0813331539
-0.102259382425, -3.85750974991, -4.8786538566, -59.7658252861
-0.499171689245, -4.01180546738, -4.79922648941, -1.79753052686
-0.50413404655, -4.01733341719, -4.9163367089, -0.328322441281
-0.51185399238, -2.99602116751, -4.8780398835, -210.843595895
-0.963828530571, -4.01047890976, -4.87949466588, -57.617278049
-0.507224554218, -4.27694231677, -4.76262364396, -30.229956662
-4.96903768974, -3.97857924339, -4.89613140271, -1496.75472079
-1.26478925288, -4.11189212827, -4.94928886335, -102.52828155
-0.467245619961, -3.61703052724, -4.81595451702, -54.6419378416
