-0.499695069462, -4.0125970687, -4.88089682047, -8.42264667803e-13
-0.49969502074, -4.01259720116, -4.88089676381, -7.24351909684e-12
-0.499695083202, -4.0125966719, -4.88089678867, -4.51450121858e-11
-0.499695079503, -4.01259777269, -4.88089623128, -2.25394618622e-10
-0.499694590947, -4.01259517668, -4.88089709332, -9.89306138292e-10
-0.49968735048, -4.01259040338, -4.88089484005, -2.73887835461e-08
-0.499658584207, -4.01259766504, -4.88090125264, -3.41432158299e-07
-0.499691812835, -4.01264435897, -4.88089464585, -5.69219890579e-07
-0.499666916433, -4.01265310322, -4.88089632267, -9.94125374235e-07
-0.499696753041, -4.01255450736, -4.88081267499, -2.25156580689e-06
-0.499692395349, -4.01260876768, -4.88215454138, -0.000399548763851
-1.83573230663, 0.185885738348, -4.88091198985, -641.407972806
3.72853606083, 0.894014091757, -4.87457870302, -1758.13120927
-1.04818882211, 3.68274652856, -4.81851022372, -88.9113452409
1.36111231694, -0.535864152707, -4.85797217829, -1144.7775793
-1.52656638425, 3.51933743401, -4.89274300661, -56.2220672208
-1.48166230627, 3.67397130976, -4.85874568199, -0.00128511086274
-1.48148866156, 3.67424984258, -4.8588595395, -0.00233681467424
-1.56986467536, 3.5981580698, -4.78649654944, -2.8243196365
-1.56982130665, 3.59828000582, -4.78864924255, -2.70848948859
-1.56224680015, 3.62273530666, -4.81461165254, -32.349890517
-1.65813781865, 3.61065658541, -4.80445245287, -93.1031322283
-1.57053289997, 3.59907701546, -4.78804328688, -2.7517415201
-1.57071544727, 3.59737393255, -4.78389593091, -3.18125903771
-1.47630947204, 3.61575722415, -4.99996216314, -3.69751446594
-1.54706529344, 3.64110871815, -4.99999445369, -119.142185408
-1.47631108487, 3.61575998931, -4.99996493796, -3.70063712029
-1.57639325285, 3.11218201128, -4.92710359892, -116.739717068
-1.47599432685, 3.6159319648, -4.99998339737, -3.76467245205
-1.47631928404, 3.61576164864, -4.99998797873, -3.70146027435
-1.47619111986, 3.61576156255, -4.99998357882, -3.71692712537
-1.47630552701, 3.61575070189, -4.99998340328, -3.70635495897
-1.47632316448, 3.61576158323, -4.99998509675, -3.6979966388
-1.4762789952, 3.61576665906, -4.99998481388, -3.70687030878
-1.47627023979, 3.61576252775, -4.99998547307, -3.69871372521
-1.47628676748, 3.6157632426, -4.99999981354, -3.70602280243
-1.47625767315, 3.61576206253, -4.99998693331, -3.70250718382
-1.47627444973, 3.61576254172, -4.99998357808, -3.70223526826
-1.47627021, 3.61576252821, -4.99998546486, -3.69869194387
-1.40548544841, 3.61593225783, -4.97208681516, -72.0024010238
-1.47633109534, 3.6157636438, -4.99999795832, -3.69969848542
-1.47633072032, 3.61576399662, -4.99999752605, -3.69976913791
-1.4763319405, 3.61576396412, -4.99999762554, -3.70005435858
-1.38030673573, 3.64358439717, -4.97728647228, -63.2827841516
-1.39722847195, 4.00691509109, -4.93698894959, -98.4646189792
-1.63589490565, 3.72153412556, -4.88016440929, -78.2844142179
-1.38319215565, 3.52490224561, -4.96503766067, -63.5457452014
-1.00031351113, 3.13759664582, -4.90813299875, -173.64576596
-1.39448732316, 3.70851718678, -4.93224876832, -39.4083719778
-1.39592752618, 3.87082754092, -4.94501336111, -78.9749298307
-1.39456558503, 3.74721825, -4.93082703471, -3.59087314384
-1.3945745473, 3.74803957553, -4.93081963412, -3.55497553905
-1.3942777649, 3.74686776081, -4.93071471417, -3.5815508069
-1.39399267161, 3.74697571138, -4.93071114869, -3.62506963445
-1.3941343869, 3.74620879976, -4.9308675886, -3.70106460846
3.22391347022, 3.74291443205, -4.93018832288, -1428.13801225
-1.34472716347, 3.34536380624, -4.78181259255, -88.9677101287
-1.39426437186, 3.74678297369, -4.93060017206, -3.55837124907
-1.37959184572, 3.84438185211, -4.89748102894, -74.4407211317
-1.39428436556, 3.74677027709, -4.93058894024, -3.56021124866
-0.796917364303, 3.74429454233, -4.92977845118, -140.514069724
-1.50933304682, 3.42848663298, -4.81453199124, -77.9536423953
-1.39430345364, 3.74675093383, -4.93058107474, -3.56236581099
-1.39446828653, 3.70679601389, -4.93122378533, -41.9539425954
-1.34594021069, -4.9682708293, -4.92099095213, -137.6730001
-0.773883433752, -4.98408066796, -4.91435011996, -98.1341361915
-0.438914570454, -3.61226712796, -4.94706600037, -47.8797046188
0.713888845665, -0.744100204097, -4.79671942494, -1257.9375121
-2.87742004862, 0.30144707847, -4.92881736534, -559.005483737
-0.499695044223, -4.01260029921, -4.88089686128, -2.61323558448e-09
-0.499694983765, -4.01259704285, -4.88089760778, -1.36785447451e-10
-2.22641012501, 4.95132340831, -4.87421683787, -232.475426495
-0.461865143695, -4.39197556863, -4.88709754734, -39.4606186851
-0.499695040763, -4.01259705792, -4.88089685974, -3.36906685202e-13
-0.499420884789, -4.01279423386, -4.88089910952, -2.88316116924e-05
-0.499696877978, -4.012597278, -4.88089664281, -8.5425018797e-10
-0.499695055604, -4.01262189689, -4.88089682932, -1.55699444965e-07
-0.783485848489, -4.96805364566, -4.86736670692, -99.3642816594
-0.499693429392, -4.01255976557, -4.88102236936, -4.33425712408e-06
-0.499695050155, -4.01259986171, -4.88089357894, -4.70258468866e-09
-0.499695093746, -4.01259704356, -4.88089679802, -2.1898887935e-12
-0.499695077747, -4.01259709842, -4.88089689226, -1.68454922189e-13
-0.499692690957, -4.01225895498, -4.88089970316, -2.88989427915e-05
-0.499695057575, -4.01259709118, -4.88089686058, -1.68454236471e-13
-0.499697102891, -4.01259709709, -4.88089871688, -1.90515187974e-09
-0.499694900006, -4.01259704173, -4.88089690812, -7.58034356935e-12
-0.499695069922, -4.01259709819, -4.88089686434, -1.68454547902e-13
-0.499695066522, -4.01259709181, -4.88089688416, 0.0
-0.499695062484, -4.01259708339, -4.88089686377, 0.0
-0.473391640309, -3.87805119509, -4.87921344032, -6.09609074933
-0.499695064364, -4.01259708966, -4.88089697904, -2.52681984152e-12
-0.499695039152, -4.01259701063, -4.8808968858, -1.51608068058e-12
-0.499695078187, -4.01259708866, -4.8808970485, -7.41195570121e-12
-0.499695115249, -4.01259711896, -4.88089698286, -3.70600155968e-12
-0.499695060602, -4.01259707592, -4.88089688523, 0.0
-0.49969506353, -4.01259714873, -4.88089683095, -1.51608794679e-12
-0.499696803865, -4.01259679648, -4.88089802744, -1.11956928244e-09
-0.499695073522, -4.01259708933, -4.88089687074, 0.0
-0.499695054542, -4.01259708832, -4.88089663071, -1.5497599179e-11
-0.499695248874, -4.01259707338, -4.88089686684, -8.59116609802e-12
-0.499695071631, -4.0125970913, -4.88089687938, 0.0
-0.499695027657, -4.01259708469, -4.88089686639, -3.3690847832e-13
-0.499695072785, -4.01259708818, -4.88089691458, -3.36910414817e-13
-0.499695027064, -4.01259704754, -4.88089688491, -6.73814966215e-13
-0.499695073101, -4.01259710123, -4.88089686017, -1.68454607991e-13
-0.499696526145, -4.01259708459, -4.88089687898, -5.3956905395e-10
-0.49969507974, -4.01259708647, -4.88089687337, 0.0
-0.499714847759, -4.01259586834, -4.88091262229, -1.62028281002e-07
-0.499695036821, -4.0125970753, -4.88089687555, -1.68454165714e-13
-0.49969506998, -4.01259695879, -4.88089686239, -4.04287547109e-12
-0.499695079809, -4.01259708808, -4.88089687308, 0.0
-0.499695079573, -4.01259708754, -4.88089687368, 0.0
-0.499695086775, -4.01259699852, -4.88089686315, -2.02143943627e-12
-0.499695093524, -4.01259710581, -4.88089686201, -3.36908653589e-13
-0.499695079534, -4.01259708802, -4.88089687374, 0.0
-0.499693994283, -4.01259235167, -4.88089307163, -9.61864185328e-09
-0.499695079534, -4.01259695296, -4.88089687372, -4.37978081268e-12
-0.499695065495, -4.0125970526, -4.88089685198, -5.05361174852e-13
-0.499697249922, -4.01259734606, -4.88090023666, -4.07713705688e-09
-0.499695295006, -4.01259716776, -4.88089777895, -2.20341311108e-10
-0.499695069769, -4.01259674287, -4.88089506505, -8.60618063165e-10
-0.49969505817, -4.01306881045, -4.88089690008, -5.61996639758e-05
-0.499695056735, -4.01259710072, -4.88089686777, -1.68454478163e-13
-0.499695040494, -4.01259423334, -4.88089571741, -2.3969709762e-09
-0.499695056804, -4.01259707191, -4.8808968693, 0.0
-0.499675963914, -4.01259703838, -4.88089681445, -9.2261213129e-08
-0.499695056802, -4.0125970719, -4.8808968693, 0.0
-0.499695056803, -4.01259707263, -4.88089686927, 0.0
-0.499695056803, -4.01259707191, -4.8808968693, 0.0
-0.499695044935, -4.01259705557, -4.88089687273, -3.36907714952e-13
-0.499682589925, -4.01259707826, -4.88089521544, -4.00566809753e-08
-0.49969433231, -4.01259751679, -4.88089854287, -8.84090073986e-10
-0.499695027604, -4.01259588133, -4.88089693949, -3.67558591706e-10
-0.499695110907, -4.01259711866, -4.88089689594, -8.42274522349e-13
-0.499695013642, -4.01258675145, -4.88089744752, -2.70828122972e-08
-0.499695911841, -4.01259638002, -4.88090125182, -5.14499549902e-09
-0.499689748193, -4.01259346994, -4.880898719, -1.13114205211e-08
-0.499692552267, -4.01259208991, -4.88049247424, -4.13412807154e-05
-0.499695027826, -4.01259697026, -4.88089693626, -4.54821791211e-12
-0.499697953505, -4.01259389447, -4.88089695335, -4.68454721371e-09
-0.499937429461, -4.01256098051, -4.98464841573, -3.00230637644
-0.49969850093, -4.01258422677, -4.88088020105, -1.15122650154e-07
-0.499694265609, -4.01259444234, -4.88089696173, -1.92926669702e-09
-0.499695045498, -4.01259698341, -4.88089685906, -2.86370129839e-12
-0.499695052894, -4.01259705258, -4.88089686151, -3.36907395572e-13
-0.499695686828, -4.01259663314, -4.88089693869, -1.50258185619e-10
-0.526741858089, -4.01223636007, -4.88123269174, -0.186496614353
-0.499696239322, -4.01254943098, -4.88089580189, -5.74855785309e-07
-0.499695155773, -4.01259657846, -4.88089688456, -6.68749704881e-11
-0.499695725228, -4.01265021842, -4.88089701969, -7.14220410992e-07
-0.499694384212, -4.01259665891, -4.8808979643, -4.61729561035e-10
-0.499918680267, -4.01165615431, -4.88077612676, -0.000240367561429
-0.499694440895, -4.01259676341, -4.88089713554, -1.41498033451e-10
-0.499695666041, -4.01259627299, -4.88089465921, -1.50275385531e-09
-0.498880568, -4.01267464099, -4.88143919159, -0.000243547648028
-0.499697869312, -4.01410862824, -4.88089712878, -0.000576656884309
-4.99892729705, -4.74555535462, -4.9479133433, -1838.09432409
-0.499672771106, -4.01225300536, -4.88487494082, -0.00402818196552
-0.499695153708, -4.01259709558, -4.88089691968, -2.52681762218e-12
-0.499697272293, -4.01234570101, -4.88088130054, -1.60312463838e-05
-0.499695062917, -4.01259698952, -4.8808965542, -2.88053362433e-11
-0.499663322151, -4.01317264806, -4.88091683904, -8.39576857336e-05
-0.499695065594, -4.01259709812, -4.88089693362, -8.42274245057e-13
-0.499695098866, -4.01259706785, -4.88089687148, -3.36908758373e-13
-0.499695065062, -4.01259706181, -4.88089688734, -1.68454250398e-13
-0.499699082439, -4.01259695244, -4.88089707119, -4.09468384945e-09
-0.49969502547, -4.01259707185, -4.88089687129, -5.05361812167e-13
-0.499695048853, -4.01259709006, -4.88089687632, 0.0
-0.499695048376, -4.01259710717, -4.88089687148, -1.68454601542e-13
-0.499695143969, -4.01259723344, -4.88089660379, -2.61104343997e-11
-0.49969508561, -4.01259707814, -4.88089689058, -1.68454944819e-13
-0.499671403927, -4.01259727444, -4.88091593775, -2.33418696259e-07
-0.499695137785, -4.01259707566, -4.88089689496, -1.34763497466e-12
-0.499695071537, -4.01259912025, -4.88089689063, -1.04784971962e-09
-0.499695043563, -4.01259702309, -4.88089700489, -5.22204417183e-12
-0.499695313164, -4.01259704932, -4.8808968718, -1.58345820209e-11
-0.499696167093, -4.01259709472, -4.88089692764, -3.07602111616e-10
-0.499695070419, -4.01259708406, -4.88089687668, 0.0
-0.499694855084, -4.01260032285, -4.8808982788, -3.15898888849e-09
-0.499695060723, -4.0125970792, -4.88089687553, 0.0
-0.499695067438, -4.01259707048, -4.88089686675, -1.68454036908e-13
-0.499695110165, -4.01259709674, -4.88089687525, -5.05363926813e-13
-0.499695049701, -4.01259708732, -4.88089687352, 0.0
-0.499695060536, -4.01259709516, -4.88089727699, -4.02601949103e-11
-0.499695037086, -4.01259709659, -4.88089687795, -1.68454576741e-13
-0.499695033048, -4.01259704751, -4.88089685464, -6.73813093407e-13
-0.499703325554, -4.01258493156, -4.88089580689, -5.48892645365e-08
-0.499695077463, -4.01259710802, -4.88089657497, -2.34148831428e-11
-0.499695056192, -4.01259728887, -4.88089679065, -1.24656643767e-11
-0.499956561466, -4.01259830208, -4.88090143181, -1.72765349894e-05
-0.499695066913, -4.01259713038, -4.88089694515, -1.68454891789e-12
-0.499695139099, -4.01259734989, -4.88089685608, -1.92039288717e-11
-0.499695063535, -4.0125971449, -4.88089688978, -1.01072837565e-12
-0.499695062366, -4.01259707439, -4.88089688383, 0.0
-0.499695061615, -4.01259709014, -4.88089688464, 0.0
-0.499695061615, -4.01259710129, -4.88089688462, 0.0
-0.499695067387, -4.01259730453, -4.88089682612, -1.2971029192e-11
-0.499695527116, -4.0125964194, -4.88089778127, -3.72285659469e-10
-0.499695061615, -4.01259710129, -4.88089688461, 0.0
-0.499696125841, -4.01259683935, -4.88089540003, -8.52032357336e-10
