-0.499695069462, -4.0125970687, -4.88089682047, -8.42264667803e-13
-0.49969502074, -4.01259720116, -4.88089676381, -7.24351909681e-12
-0.499695083202, -4.0125966719, -4.88089678867, -4.51450121858e-11
-0.49969507955, -4.01259777269, -4.88089623128, -2.25394607505e-10
-0.499694590947, -4.01259517668, -4.88089709332, -9.89306138292e-10
-0.49968735048, -4.01259040338, -4.88089484005, -2.73887835461e-08
-0.499658584207, -4.01259766504, -4.88090125264, -3.41432158299e-07
-0.499691812835, -4.01264435897, -4.88089464585, -5.69219890579e-07
-0.499666916433, -4.01265310322, -4.88089632267, -9.94125374235e-07
-0.499696753041, -4.01255450736, -4.88081267499, -2.25156580689e-06
-0.499692395349, -4.01260876768, -4.88215454138, -0.000399548763851
-1.20140103852, -0.391037930401, -4.8792731392, -813.640955529
-1.9685672114, 2.81346900322, -4.88092157422, -197.589963499
-1.26149142032, 4.10917241423, -4.9686820298, -65.4382369633
-1.08396579205, -4.20877912938, -4.86527647231, -85.8471970154
-1.46929451843, 3.65392329177, -4.72345977303, -64.214025221
-1.48166230627, 3.67397130976, -4.85874568199, -0.00128511086274
-1.48148866156, 3.67424984258, -4.8588595395, -0.00233681467424
-1.56986454646, 3.59808150737, -4.7871780264, -2.68962884723
-1.56982130665, 3.59828000582, -4.78864924142, -2.70847780671
-1.38600669664, 3.60061146186, -4.90532899694, -57.0540137496
-1.56655830232, 3.60573183571, -4.78216932929, -4.53019049572
-1.57053289997, 3.59907701546, -4.78804328688, -2.75174151264
-1.57071544727, 3.59737393255, -4.78389593091, -3.18125903635
-1.47630947204, 3.61575722415, -4.99996216314, -3.69751446594
-1.4851059739, 3.57908944102, -4.97355384181, -50.1478696709
-1.47630911742, 3.61575393223, -4.99996294536, -3.69810812011
-1.47628975825, 3.61574965948, -4.99997936496, -3.70734960855
-1.47617649628, 3.61574682654, -4.9999825499, -3.72040526014
-1.47631747664, 3.61576198157, -4.99997472661, -3.70089692037
-1.47637352367, 3.61570216236, -4.99998355049, -3.72856390594
-1.47629383501, 3.61577628429, -4.99998975831, -3.71123480527
-1.47626596864, 3.61576178701, -4.99998609982, -3.70148333829
-1.47631621937, 3.61576192133, -4.99997615515, -3.70126152136
-1.47626828806, 3.61576198432, -4.99998227077, -3.6971194653
-1.47626829672, 3.61576197477, -4.99998229713, -3.69707030975
-1.47626833349, 3.61576198042, -4.99998228787, -3.69718885598
-1.47626831479, 3.61576253978, -4.9999822195, -3.69785034124
-1.47627021, 3.61576252821, -4.99998546486, -3.69869194384
-1.16105350494, 3.61575837279, -4.9990645059, -84.700800215
-1.47633109534, 3.6157636438, -4.99999795831, -3.69969815461
-1.4763307437, 3.61576399664, -4.99999752589, -3.69971766023
-1.4763319405, 3.61576396412, -4.99999762554, -3.70005435858
-1.46788957697, 3.81900091391, -4.95902996012, -63.5152751998
-1.36117652012, 3.67270151404, -4.90878952828, -61.7342041313
-0.881218253506, 3.76898879365, -4.99935723399, -122.077030485
-1.47757055859, 3.74662885861, -4.97781231825, -56.2985287072
-1.21203469619, 3.87019055797, -4.88301146489, -115.752449394
-1.39457047864, 3.74808671029, -4.93083946862, -3.57503948187
-1.67295292706, 3.507217666, -4.97805167156, -53.9988885709
-1.39455959202, 3.74834216801, -4.93125377762, -3.6437876999
-1.39457454716, 3.7480395706, -4.93081987777, -3.55478473188
-1.39432096763, 3.74678131238, -4.93059462852, -3.57046830142
-1.3943157439, 3.74674604538, -4.93044567259, -3.58653693455
-1.39427186164, 3.74678246992, -4.93059825804, -3.55687811858
-1.39435973366, 3.74678257825, -4.93062887948, -3.57929176702
-1.47174078412, 3.73467342886, -4.93171492408, -86.6882496964
-1.3942643715, 3.74678297368, -4.93060017207, -3.55836174448
-1.39162437394, 3.76914564088, -4.93015773287, -14.5506412232
-1.39428436556, 3.74677027709, -4.93058894024, -3.5602112479
-1.190874049, -2.84006383696, -4.81799768506, -248.522521951
-1.41512682935, -1.70549325238, -4.87213218175, -538.027352676
-0.300355404296, -4.90455254566, -4.9483199587, -96.3480315287
-1.56060443326, -2.36267942086, -4.97511320153, -360.600826233
-0.764858639328, 2.60380856048, -4.92330882103, -397.627500141
-0.499686536638, -4.11341619029, -4.88331454268, -2.74734928582
0.327724548242, -4.90099365742, -4.8196047363, -107.35807744
-0.369905636697, -1.43013182525, -4.98874045295, -689.428698078
-1.88454824293, -3.01836589094, -4.97254439771, -277.631710382
-0.499695144681, -4.01259708367, -4.88089689229, -1.6845472307e-12
-0.49969512262, -4.01259715019, -4.88089678384, -4.21136041156e-12
-1.80318258035, -4.90094692493, -4.95529502069, -162.347222774
-0.499732648139, -4.01260125947, -4.88091849177, -4.796920023e-07
-0.49969505338, -4.01259709073, -4.88089687471, 0.0
-0.499696132152, -4.04095767596, -4.88057706391, -0.198931150284
-0.499695069958, -4.01259711812, -4.88089689139, -3.36909318781e-13
-0.499695049988, -4.01259709157, -4.88089687861, 0.0
-1.57546917265, -4.99932010636, -4.9654931535, -154.832291964
-0.499695263142, -4.01259710293, -4.88089719772, -3.58807856699e-11
-0.499694779821, -4.01259725013, -4.88089694119, -2.84687449072e-11
-0.499694999045, -4.01259706522, -4.88089687294, -1.17917314873e-12
-0.499695826802, -4.01259707697, -4.88089682164, -1.47397963535e-10
-0.499695068021, -4.01260045325, -4.88088552288, -3.54747379409e-08
-0.499695068101, -4.01259708241, -4.88089688196, 0.0
-0.49969507155, -4.01259709639, -4.88089688455, 0.0
-0.499695090358, -4.01259626287, -4.8808968836, -1.70976941211e-10
-0.499695067012, -4.01259708154, -4.88089683975, -3.36907845897e-13
-0.499695070993, -4.01259708073, -4.88089689224, 0.0
-0.499695057707, -4.01259708917, -4.88089683595, -5.05362222479e-13
-0.499755722327, -4.01259590494, -4.88089886068, -9.31561251263e-07
-0.499695065807, -4.01259710003, -4.88089687636, 0.0
-0.499695015454, -4.01259713248, -4.88089694455, -2.35835739186e-12
-0.499695061411, -4.01259682045, -4.88089687225, -1.76874771323e-11
-0.49969505149, -4.01259708337, -4.88089687926, 0.0
-0.499695059084, -4.01259707959, -4.88089689121, 0.0
-0.499695063428, -4.01259709865, -4.88089686819, 0.0
-0.499695069113, -4.01259709261, -4.88089686566, 0.0
-0.499695071776, -4.01259708476, -4.88089687919, 0.0
-0.499695056862, -4.01259709895, -4.88089689064, -1.68454766057e-13
-0.499695054586, -4.01259706518, -4.88089688005, -1.68453991423e-13
-0.499695060919, -4.0125970621, -4.88089686915, -1.68453796753e-13
-0.499695090197, -4.01259705452, -4.88089689478, -5.05363743081e-13
-0.499695078488, -4.01259707903, -4.88089688356, 0.0
-0.499695075269, -4.01259708503, -4.88089687099, 0.0
-0.499695050679, -4.01259706945, -4.88089686966, -1.68453968539e-13
-0.499695060896, -4.0125970767, -4.88089686498, 0.0
-0.499695054931, -4.01259707789, -4.8808968861, 0.0
-0.499677773241, -4.01259708136, -4.8808968829, -7.56137615935e-08
-0.499695083263, -4.01259700864, -4.88089693019, -2.18989531049e-12
-0.499695074324, -4.01259708108, -4.88089686963, 0.0
-0.499695060917, -4.01259708758, -4.88089686499, 0.0
-0.499695057326, -4.01259708328, -4.88089688486, 0.0
-0.499695059039, -4.01259708393, -4.88089687602, 0.0
-0.499695059032, -4.01259708188, -4.88089687628, 0.0
-0.499695064412, -4.01259710187, -4.88089685939, -1.6845454166e-13
-0.499695077101, -4.01259707833, -4.8808954965, -4.82621146902e-10
-0.499695027827, -4.01259710411, -4.8808968803, -5.05363400307e-13
-0.49969505904, -4.01259708394, -4.88089687602, 0.0
-0.49969505904, -4.01259708394, -4.88089687602, 0.0
-0.499695069228, -4.01259660839, -4.88089687833, -5.74418977177e-11
-0.499695102477, -4.01259708637, -4.88089687495, -3.36909549061e-13
-0.499695337042, -4.01259950607, -4.88089574334, -1.82683450409e-09
-0.499695061169, -4.01259672149, -4.88089692092, -3.38587988271e-11
-0.499695074462, -4.0125971102, -4.88089692508, -6.73819109433e-13
-0.499695076611, -4.01259708714, -4.8808968765, 0.0
-0.499695068054, -4.01259705337, -4.8808968728, -3.36907816457e-13
-0.499695066916, -4.01259717192, -4.88089717405, -2.40888180541e-11
-0.499695066935, -4.01259708908, -4.88089688026, 0.0
-0.49969450686, -4.01259707453, -4.88089686169, -7.9004168515e-11
-0.49969507914, -4.0125970866, -4.88089687104, 0.0
-0.49969511038, -4.01259703652, -4.88089686898, -1.17917868337e-12
-0.49969506752, -4.01259710046, -4.88089661445, -1.76875442651e-11
-0.499695063387, -4.01259709446, -4.88089687201, 0.0
-0.49969502938, -4.0125970776, -4.88089687245, -3.36907861315e-13
-0.499695083886, -4.01259707484, -4.88089686753, -1.68454413825e-13
-0.49969539693, -4.01259705774, -4.88089685002, -2.81317590556e-11
-0.499695070771, -4.01259709521, -4.88089673783, -5.05360225851e-12
-0.49969513734, -4.01259703681, -4.88089678541, -4.04288195514e-12
-0.499695062373, -4.01259635686, -4.88089683906, -1.34423407233e-10
-0.499695057209, -4.01259708601, -4.88089687835, 0.0
-0.518289045949, -4.01274986626, -4.88421635183, -0.0910706415989
-0.499695045137, -4.01259701333, -4.88089691743, -1.85299247756e-12
-0.499695340903, -4.01259706153, -4.88089686708, -1.93721123347e-11
-0.499695062347, -4.01259709787, -4.88089689003, 0.0
-0.499695053682, -4.0125970966, -4.88089687662, 0.0
-0.499695060229, -4.01259707233, -4.880896872, 0.0
-0.499710572108, -4.01259762597, -4.88089819765, -6.13226698433e-08
-0.499695081179, -4.01259708469, -4.88089691155, -3.36910283388e-13
-0.499695100888, -4.01259710025, -4.8808970167, -5.22207739922e-12
-0.499695073879, -4.01259709103, -4.88089686432, 0.0
-0.49969505339, -4.01259713324, -4.88089686229, -6.73818116899e-13
-0.499696985876, -4.01257925845, -4.88036534278, -7.15091500928e-05
-0.499695029768, -4.01259709424, -4.88089688521, -3.36909033126e-13
-0.499695155396, -4.01259703212, -4.88089686853, -2.69526753077e-12
-0.499694996201, -4.01259714885, -4.88089689634, -2.35836175375e-12
-0.49969449483, -4.01259733814, -4.88089683716, -9.9051036145e-11
-0.63604790254, -2.8997752751, -4.89489805459, -224.108339527
-0.499695001855, -4.01259716457, -4.88089682994, -3.20063252745e-12
-0.4996950633, -4.01259686613, -4.88089687897, -1.21285697023e-11
-0.499695061089, -4.01259708536, -4.88089687368, 0.0
-0.499695055027, -4.01259707255, -4.88089687766, 0.0
-0.499695072223, -4.01259707624, -4.88091538399, -8.6604597049e-08
-0.499695068235, -4.01259707069, -4.88089684351, -3.36907677125e-13
-0.499695142112, -4.01259702793, -4.88089664701, -1.58345520206e-11
-0.49969504129, -4.01259701877, -4.88089687484, -1.1791732577e-12
-0.499695065196, -4.01259699251, -4.8808969053, -2.35834591449e-12
-0.499695057106, -4.01259707938, -4.88089699202, -3.36908329563e-12
-0.499695026804, -4.01259708294, -4.88089703377, -6.56969242367e-12
-0.49969506749, -4.01259707645, -4.88089687863, 0.0
-0.49969513648, -4.01259347495, -4.88089682804, -3.29718398775e-09
-0.499695069096, -4.01259706964, -4.88089719155, -2.49309573926e-11
-0.49969512384, -4.01259513747, -4.88090677638, -2.57390655058e-08
-0.499695079436, -4.01259709186, -4.88089691397, -3.36910396531e-13
-0.499695067753, -4.01259706574, -4.88089687933, -1.68454125777e-13
-0.499695104691, -4.01259708346, -4.88089689419, -5.05364912194e-13
-0.499695066719, -4.0125970922, -4.88089688215, 0.0
-0.499695049012, -4.01259707516, -4.88089689197, -1.68454557962e-13
-0.499695078345, -4.01259708883, -4.88089686742, 0.0
-0.499695183668, -4.01259709088, -4.88089774001, -1.91535162078e-10
-0.499695070476, -4.01259709392, -4.8808968716, 0.0
-0.499695061988, -4.01259701656, -4.88089686994, -1.17917291712e-12
-0.499695065183, -4.01259709274, -4.88089690112, -1.68455102027e-13
-0.499695078125, -4.01259708753, -4.88089689849, -1.6845517557e-13
-0.499695070678, -4.01259715743, -4.8808968842, -1.34763815937e-12
-0.499695070594, -4.01259708987, -4.88089688157, 0.0
-0.499695077351, -4.01259709425, -4.880896853, -1.68454323728e-13
-0.499694996036, -4.01323642275, -4.88089799355, -0.000103142638388
-0.499694418699, -4.01259701879, -4.88089688593, -1.06798159532e-10
-0.499694723553, -4.01259706942, -4.88089688325, -2.96475380853e-11
-0.499697963386, -4.01260620444, -4.88089697239, -2.3158615717e-08
-0.499695048176, -4.01259708061, -4.88089691004, -3.36909616716e-13
-0.499695054596, -4.01259707867, -4.88089688375, 0.0
-0.499695046377, -4.01259715467, -4.88089688441, -1.34763960454e-12
-0.499695053026, -4.01259707994, -4.88089688377, 0.0
-0.499695052787, -4.01259708018, -4.88089688387, 0.0
-0.499695049913, -4.01259708005, -4.88089689977, -1.68454866174e-13
-0.499695052806, -4.01259708018, -4.88089688387, 0.0
-0.499695052803, -4.01259708018, -4.88089688388, 0.0
-0.499695052807, -4.01259708018, -4.88089688387, 0.0
-0.499695052806, -4.01259708018, -4.88089688387, 0.0
