-1.19916421385, 4.75603592262, -4.99471319411, -230.852235317
0.257301217116, -4.93292646974, -4.37645257414, -135.762178966
-2.90464153967, -4.68906948821, 4.90259422711, -4257.4838408
-4.98477929544, -1.94017994641, -4.08243840279, -1174.32434152
-2.17966349136, -4.99999124009, -4.82738743605, -194.631479004
-4.93783091895, 0.557770119075, -3.8498243677, -737.283872631
-0.0687487908409, -4.89279730935, -4.30538301785, -123.618205335
-0.695406796217, -4.4265747779, -4.99057144524, -49.5880503189
1.58312630145, -1.01076097118, -4.99983406455, -1211.4039469
-2.32145212954, 4.91390665147, -4.97252726312, -179.355104293
0.062351317744, -2.68557890508, -4.9920740523, -290.530823537
-0.676810658114, -4.58102487005, -4.99992899164, -66.6568019937
-0.797607320452, -3.882156479, -4.91380182963, -29.3678541005
-0.495977330935, -4.99042771976, -4.99016352136, -97.824200257
-0.724359693682, -4.99998668015, -4.89014263357, -102.607446381
-0.783763256083, -4.95475769373, -4.99815166537, -101.718754619
-0.239752235919, 4.99949329846, -2.5391079672, -866.256189171
-0.934139003436, 4.46494344374, -4.97530933565, -161.955679632
0.799093752811, 4.81306140729, -4.99951792297, -488.13560299
0.803431354633, -4.90000827942, -4.99414010644, -138.791364388
-0.994873180371, 2.96132196358, -0.326526535915, -785.960338627
-1.16559489389, 3.91587759661, -4.99992859985, -117.893637421
-1.64438603415, 4.98382339906, -4.99962806149, -220.320977289
-0.58839343888, 1.94146086705, -4.99741384213, -845.755691364
-1.92417189033, 0.798310607152, -4.99999950764, -624.004521623
-1.54596260678, 3.40342438438, -4.99955863395, -94.4420563789
-4.9458729817, 0.198111326789, -4.61319101822, -811.066769975
-3.48133522312, 3.38539686083, -4.99996712101, -261.51891161
-2.02276192277, 4.43625894202, -4.99839545875, -157.490551386
-0.256053892102, 4.08381712048, -4.99740882858, -271.29551801
-2.26226221635, 2.71868772963, -4.98371955257, -197.907853782
-2.21763617103, 2.76256820508, -4.94719300231, -243.01621292
-1.16427592822, 2.80781210517, -4.90228605037, -207.917126724
-1.72301421565, 4.15117419625, -4.99872833501, -155.876612977
-2.81094823322, 3.86848205008, -4.94492087012, -186.908108679
-1.02620589836, 3.247581954, -4.88261821125, -162.887490222
-1.03779244703, 3.00164609647, -4.89570103157, -229.085469805
-1.30011869401, 4.24764649631, -4.9736410151, -88.3571109646
-1.26472647558, 3.62717108237, -4.99999995509, -79.0539560065
-1.58451149693, 4.9745266919, -4.99988941408, -143.943531262
0.886428068675, 4.82318267929, -4.97976388738, -711.434322062
-0.983496115913, 4.17666991053, -4.99999998134, -135.922064117
-2.94208008431, 4.97444969139, -4.17179905686, -397.832237376
-0.794512651424, 4.57353558595, -4.79004323061, -201.793071264
-2.16896656491, 3.84392542736, -4.96517021788, -104.293110785
-1.9358166444, 4.5614717659, -4.83636391969, -173.140756425
-2.21155899357, 3.52583573014, -4.99830873304, -145.394917387
-1.03348075348, 4.40066616489, -4.7279943311, -168.231116144
-2.36617362552, 2.60693846525, -4.89158358206, -198.219542198
-1.80825210808, 3.15525368836, -4.98317296201, -111.033253209
-1.55577172345, 3.25511099543, -4.99998705597, -121.904919161
-1.01743776367, 4.96675754538, -4.92978337465, -241.974284082
-3.0945314359, 4.09003901264, -4.95319363367, -249.098855202
-1.14813886063, 3.90430384428, -4.99555669534, -113.108121582
-1.28008126815, 3.26362270269, -4.93950500881, -97.2730622058
-2.00607557068, -1.07932563868, -4.05968974851, -692.803831853
-1.08603843412, 4.52883618978, -4.97575553316, -178.762794225
-1.77510311536, 4.34253066245, -4.89240072407, -175.220842883
-0.729841214784, 3.01280792083, -4.93439682304, -253.223993466
-0.733479013427, 4.06409441632, -4.99911557448, -157.852702635
-1.80047742197, 4.7801174104, -4.93315459616, -173.866077656
-1.66879382124, 4.09162974756, -4.99937847456, -82.6960256426
-1.17121636676, 3.69906466814, -4.99883421878, -124.921550221
2.01428110697, 4.08150398779, -4.96069824937, -916.520414051
-1.88883434588, 4.36942121492, -4.99938305547, -126.077316448
-2.66833870993, 3.47865025138, -4.97235462528, -145.33361186
-1.61621746815, 3.17697118096, -4.97031612477, -163.700571492
-3.27608413467, 4.16785760477, -4.98866584524, -247.551759485
-1.89961436311, 4.62447661118, -4.97358137196, -165.541856936
-1.92842324536, 4.16383103654, -4.91972910337, -121.016366926
-2.00438305791, 4.89227461552, -4.9640530615, -197.237560547
-2.01824110093, 4.86749241227, -4.99966284129, -186.779551811
-3.45726143957, 2.93230951465, -4.99991159823, -255.108805888
-3.23943659617, 4.59685703676, -4.99999827004, -273.079264113
-4.50169033328, 3.7584375715, -4.99281294635, -358.45756249
-4.08657445706, 3.62566795053, -4.99996025309, -320.64308466
-2.37414549484, 1.60156410179, -4.29958565412, -526.317541795
-3.83365009048, 4.89404468585, -4.99943879746, -358.774513081
-0.412514599211, 3.71876180868, -4.98280151129, -266.901920732
4.53727339524, -2.71391265991, 4.6308743554, -1886.99793823
-4.0786493717, 3.05320065642, -4.99864926028, -406.909191536
-2.32639669085, 2.75361345826, -4.99985816157, -201.594601844
-2.69043231247, 4.23889716159, -4.99997956395, -126.424550778
-1.52971655855, 2.87752744436, -4.99999469964, -174.630865638
-3.15061323789, 4.9612333022, -3.76240381653, -380.102081866
0.746407913059, 1.9153151967, 1.3715369149, -1004.41367011
-1.71692183191, 1.60523176795, 0.660947010748, -366.687431238
0.0499338381214, 2.23962326226, -3.38372906668, -1063.50649445
-2.30129148105, 0.941205202065, 0.669518344656, -459.905854756
-2.35891034163, 2.1189447939, 0.886658762208, -505.314924696
-2.30711871894, 0.0326666050098, -2.5209202074, -746.882211048
3.91301133998, -1.02597546723, 0.798337733832, -1752.47654897
4.9941733821, 2.46113648136, 2.72879119423, -1101.5254183
4.95909541382, -0.133948261262, -2.36336878756, -2034.42408349
-1.85980297274, 2.00149654904, -3.87757016935, -502.321334108
-4.99606109506, 4.17852420739, 0.916998296955, -1309.67214811
-4.99905591228, 2.8509218587, -4.45112195555, -550.722533669
-3.70124683851, 3.00635933169, -0.823270537247, -863.135184029
-0.979629891071, 3.01642311231, -4.87947093235, -176.815980347
-1.02929634694, 4.96744107431, -4.90292472654, -231.893870373
-3.62365179834, 0.69540734471, -4.99537254559, -562.705561387
-0.660858456013, 4.95954647673, -4.98522194783, -291.715345085
-1.13785019436, 3.05893763542, -4.66820608299, -174.351694353
-1.01956500692, 2.15646932124, -4.876077413, -451.583545566
0.989641422432, 4.3333652864, -4.97904563953, -503.432223975
-1.45589197009, 4.97663233562, -4.98760336466, -198.284259718
-1.08745576758, -4.38239138439, -4.47768033011, -116.590902093
-1.23549748429, 4.19827795497, -4.99997102231, -157.062679923
-1.77146915319, -4.45862756785, -4.99991642663, -161.543627765
-2.19330698521, -2.62546742126, -4.07422000772, -446.33125022
-1.01719862853, -4.3302791554, -4.41872686447, -94.2334719823
-1.04782572685, -4.99449240008, -4.99985189116, -126.06222285
1.31895417035, -4.99999589308, -4.04546493706, -187.385195548
0.0577937695445, -4.83464652094, -4.71836500631, -100.603429866
0.67762666057, -4.8380873079, -4.40895962519, -137.610136021
-2.21089399756, -4.75136516778, -4.53697079804, -198.482781854
-0.572558960871, 0.606983514216, -3.37830198426, -1300.47962529
-3.14514648119, -1.39536032709, -2.77471612343, -840.548855599
-0.379107390346, -4.28544188261, -4.99607702815, -27.0175219159
-0.630767544645, -4.70005084497, -4.98427774193, -65.6398109541
-3.10603091374, -3.25127066931, -4.99966010741, -444.726469418
-0.722034883194, -4.47729027632, -4.99998938455, -46.6454463549
-0.877939018547, -4.65699619662, -4.99999963242, -74.0219468439
-2.29597059694, -3.42337002078, -4.82862410349, -287.994736838
-0.464426425954, -3.87042467432, -4.99989267256, -12.8542682192
-0.745181389991, -4.45472433361, -4.99999959754, -46.0671207601
-0.587041017485, -4.04933997204, -4.99999987652, -7.1745555566
-0.898472008919, -3.65599965178, -4.9999179963, -85.9480338321
-1.66703137782, -4.06905835113, -4.99943856063, -155.770071159
-0.537223468524, -3.98515860705, -4.99957652074, -4.76925856752
0.376954438365, -4.18376244193, -4.99826255794, -109.904648756
-0.548912415674, -3.87374636058, -4.99980640976, -11.8020053938
-0.421152869259, -4.98449271144, -4.89178275932, -108.362006184
-0.0714006628807, -4.99951231393, -4.98902907297, -93.9525095782
-0.566408806299, -4.90820500354, -4.92289137002, -87.9848297665
-0.384194782079, -4.04861775043, -4.93314519639, -4.26336774067
1.70963250562, -4.02610614836, -4.88585178231, -266.663830981
-0.441062895088, -4.05595960058, -4.90522015235, -1.42762435924
-0.453113389757, -4.978300814, -4.961630911, -93.6255039837
-0.71810794277, -3.59204393631, -4.98857960422, -61.0332647268
-0.0648134231304, -4.9811081045, -4.99833223405, -96.6921390142
-1.1362434361, -4.99977023966, -4.86941503196, -125.269308247
-0.813964865508, -3.5853231618, -4.99999999615, -75.9878397379
-0.107086806169, -4.8884695167, -4.9998887269, -97.0557904639
-0.523381496507, -4.90383138395, -4.99125757872, -80.6722445929
-0.463826916287, -4.9999999752, -4.96197226324, -92.3728272593
-1.08772027624, -3.51207481488, -4.9962046797, -129.452945988
-1.63622303104, -0.186968950509, -4.99986304453, -805.309256418
-1.26317098152, 2.4864706873, -3.20738902559, -610.682470645
-1.80852823161, 3.87008491758, -4.99207453236, -86.3948913113
-1.19093208951, 4.53928792922, -4.99999869341, -138.483412268
-1.82180019972, 3.91597113888, -4.9323748929, -88.9513606926
-1.3475295782, 4.99294790477, -4.47991135431, -269.563185514
-1.79196049901, 3.14396800535, -4.99742187752, -120.862741382
-1.67750763672, 2.96209086551, -4.99097592901, -170.928435753
-4.9976445181, 3.46683876264, -4.99639878739, -508.278301434
-3.30256204615, 4.03193298925, -4.95260267587, -334.030805987
-1.12135647002, 3.60647418745, -4.99467616928, -88.8450735464
-1.29284914465, 3.36625567047, -4.94744244936, -80.4385344305
-0.69286999367, 3.41039743173, -4.98998536594, -238.078373888
-1.46073550458, 3.27495224648, -4.74806507126, -104.44258934
-1.64154456594, 3.66923963342, -4.96789284125, -34.3043078521
-1.74895610017, 3.86858002992, -4.99975915633, -76.6960476885
-1.10620062802, 2.68314345487, -4.99950970755, -303.121293972
-0.0740685600264, 4.971136442, -4.99834621648, -388.289438411
-2.15976113318, 4.0073282377, -4.99387717217, -140.039918157
-3.79726309828, 2.29737849897, -4.99817012347, -406.560594001
-1.57928115588, 3.69230649334, -4.99999772746, -68.7571350568
-2.22362993115, 4.10595881603, -4.99945321942, -134.837088089
-1.91282848084, 3.35517976, -4.99999410049, -147.359064266
-1.22789529759, 3.20393555881, -4.99334719834, -135.491849974
-1.21686497376, 3.57879898674, -4.99916751574, -29.2261746913
-1.08400728514, 3.50463064332, -4.99967739, -76.8967308362
-1.86767711095, 4.32724570876, -4.99855297798, -90.5819790611
3.31539457898, -2.28261146491, -4.94306448267, -1306.24748354
0.380637963378, -4.18655629611, -4.69667517981, -118.507148684
2.15338618682, -4.99962311963, -4.97209262708, -236.561514121
-4.15653949529, 1.1440872598, 3.05039899915, -1267.99705963
0.260830104603, -4.18194545483, -4.67496690993, -104.113268711
0.229134466204, -4.99999717408, -4.58366448063, -120.31629817
-0.517613136963, -4.95563620317, -4.9825808596, -97.1493287356
-1.86317314369, -4.99792196165, -4.23180712593, -176.160377713
-2.62669279672, -4.99927550207, -4.42764581031, -262.244488594
-0.967304467394, -4.96967247013, -4.28156132878, -120.620076355
-0.282048670876, -4.96557134316, -4.04725473371, -125.483777905
1.37774237566, -4.99999983106, -4.22889266983, -182.159288754
-0.899000139622, -4.51581679975, -4.98472025036, -81.7914628455
-3.30281007034, -4.99979233197, -3.59583519767, -516.780890769
0.862006955982, -4.15971474671, -4.37326435341, -184.665168884
-1.57245309438, -4.99999789426, -3.14862773827, -284.062828728
-1.93552260317, -4.98996558365, -4.99978478173, -188.718218674
-3.01199933665, -1.27327020009, -4.11329452963, -767.325868071
-1.58640042162, -4.99999848995, -4.0252325815, -159.838807086
-3.01446241969, 3.25067747025, -4.53773804968, -221.373640288
-2.76071132807, 2.80806647156, -4.99999114561, -203.486881881
-1.0607672864, -2.89504291542, -4.99878476455, -236.797453932
-2.4361509387, 1.11089817462, -4.98445728019, -488.078867176
-2.10674871436, -4.96706277211, -4.85442049747, -194.990191047
-1.52735113245, 1.78024791566, 0.854775009828, -660.071333266
-3.50074254371, -1.21389568625, -4.94290000014, -761.426355601
