-0.499695069462, -4.0125970687, -4.88089682047, -8.42264667803e-13
-0.49969502074, -4.01259720116, -4.88089676381, -7.24351909681e-12
-0.499695083202, -4.0125966719, -4.88089678867, -4.51450121858e-11
-0.49969507955, -4.01259777269, -4.88089623128, -2.25394607505e-10
-0.499694590947, -4.01259517668, -4.88089709332, -9.89306138292e-10
-0.49968735048, -4.01259040338, -4.88089484005, -2.73887835461e-08
-0.499658584207, -4.01259766504, -4.88090125264, -3.41432158299e-07
-0.499691812835, -4.01264435897, -4.88089464585, -5.69219890579e-07
-0.499666916433, -4.01265310322, -4.88089632267, -9.94125374235e-07
-0.499696753041, -4.01255450736, -4.88081267499, -2.25156580689e-06
-0.571262407411, -1.65922083225, -4.88347569542, -616.289067281
-1.86328009636, 3.45340874356, -4.86379016096, -101.123143711
-1.58062774512, 4.14015612937, -4.87972684756, -107.573853577
-1.46316828969, 3.73538444336, -4.85906184366, -71.1988678139
-0.983069091553, -4.99900009999, -4.86177101279, -117.331024456
-1.48148076539, 3.67395087253, -4.85863414833, -0.000145162667923
-1.48166230627, 3.67397130976, -4.85874568199, -0.00128511086274
-1.48148866156, 3.67424984258, -4.8588595395, -0.00233681467424
-1.56986454645, 3.59808150737, -4.7871780673, -2.68961377184
-1.56982130665, 3.59828000582, -4.78864924142, -2.70847780671
-1.56386083946, 3.60794037496, -4.98252399591, -103.894362119
-1.49571652991, 3.59073133935, -4.8695934998, -81.0475854509
-1.57053289997, 3.59907701546, -4.78804328688, -2.75174151264
-1.57071544727, 3.59737393255, -4.78389593091, -3.18125903635
-1.47630744693, 3.6157566842, -4.99995900935, -3.69587341611
-1.47631071317, 3.61574110946, -4.99996142025, -3.70238562381
-1.47630746099, 3.61575669306, -4.99995933684, -3.695289475
-1.47630777339, 3.61575684578, -4.99995950984, -3.6960509458
-1.47629541993, 3.61576182578, -4.99997878591, -3.70508624053
-1.47746890726, 3.61576266844, -4.99999986595, -3.87566898863
-1.47630818024, 3.61575608336, -4.999993458, -3.70544250325
-1.47630736717, 3.61575518191, -4.9999597479, -3.69616929266
-1.47639473402, 3.61576149941, -4.99998129438, -3.73588316086
-1.47631193167, 3.61576225001, -4.99998750174, -3.70296115531
-1.47626828935, 3.61576197465, -4.9999823003, -3.69700736385
-1.4762682967, 3.61576197477, -4.99998231302, -3.6970459721
-1.4762683335, 3.61576199096, -4.99998228775, -3.69709099035
-1.47626831479, 3.61576253978, -4.9999822195, -3.69785031651
-1.47627021, 3.61576252821, -4.99998546486, -3.69869194384
-1.47633100104, 3.6157641562, -4.99999791636, -3.69923166276
-1.47633109534, 3.6157636438, -4.99999795831, -3.69969815461
-1.4795574981, 3.65274174963, -4.99997420259, -38.4895129529
-1.48236317272, 3.61706347012, -4.82695246009, -78.8628933322
-1.47216887529, 3.64925332745, -4.76943319142, -66.1657525942
-1.47741236058, 3.5626142178, -4.82956103909, -91.5471930441
-1.48185330526, 3.75506062506, -4.90918435829, -111.635880798
-1.48116552094, 3.67804042501, -4.85954986234, -0.453867974206
-1.56314302777, 3.87042154357, -4.89352575294, -67.9456884662
-1.33449271815, 3.74966825221, -4.8707963879, -75.2189779889
-1.47962915076, 3.6814388239, -4.85869776252, -1.46441802374
-1.20227097054, 3.74485668473, -4.9312430171, -92.1377391552
-1.39433516804, 3.74648592605, -4.94427115112, -8.29263227102
-0.234530652855, -4.90889802333, -4.88056750274, -92.7925709782
-0.487193381337, 0.337003106768, -4.93285986314, -1117.79403183
-0.373406680903, 0.586156473476, -4.88312912337, -1191.28813066
-1.0918266499, -4.97194292492, -4.98381582877, -127.351151373
-0.69625159938, 4.26534767433, -4.87792122096, -194.553930432
-0.499519363499, -4.01260647112, -4.8809198519, -7.95859380972e-06
-0.64833610096, -4.93053337228, -4.87237766661, -106.510721561
-0.500232511913, -4.00503716341, -4.88057988945, -0.0146573406729
-0.811309710502, -0.681672448811, -4.8515206987, -680.245092114
-0.782450093537, -1.0323120634, -4.87345335059, -839.476507858
-0.499695038622, -4.01259710302, -4.88089689771, -3.36909135081e-13
-0.49968796709, -4.01262629089, -4.88085197677, -7.38137654588e-07
0.869781031007, -4.98805869436, -4.94076470112, -137.747597359
-0.499695076418, -4.01259708304, -4.88089688411, 0.0
-0.954942835152, -4.98414560795, -4.92744309054, -118.200418583
-0.733124354924, 2.09020679847, -4.84726552789, -545.008213693
-0.500722905139, -3.43390393986, -4.88168103411, -94.6384496949
-0.499695114121, -4.01259707719, -4.88089687272, -6.73818132479e-13
-0.499695060483, -4.01259706607, -4.88089688193, -1.68454087096e-13
-0.486510830699, -4.00694416486, -4.86282164394, -0.134229453654
-0.499695047766, -4.01259693131, -4.88089687796, -6.06431244053e-12
-0.499695135179, -4.01259707851, -4.88089687072, -1.1791840957e-12
-0.499694418368, -4.01259708911, -4.88089687159, -1.05956486498e-10
-0.499695064988, -4.01259706994, -4.88089685166, -1.68453774406e-13
-0.499695055289, -4.01259708649, -4.88089685227, -1.68454058131e-13
-0.499695068795, -4.01259708959, -4.88089687934, 0.0
-0.499695065178, -4.01259708057, -4.8808968708, 0.0
-0.499695071208, -4.01259709291, -4.88089687312, 0.0
-0.499695064459, -4.01259707985, -4.88089688775, 0.0
-0.499695059838, -4.0125970657, -4.88089716223, -2.05512084428e-11
-0.499695070187, -4.01259709134, -4.88089689317, 0.0
-0.499694984371, -4.01259706075, -4.88089684666, -2.02143153102e-12
-0.499694968092, -4.01259709076, -4.88089685577, -2.52679596777e-12
-0.499695064214, -4.01259704624, -4.88089686645, -3.36907277485e-13
-0.499695058779, -4.01259598787, -4.88089688371, -3.04221312792e-10
-0.499695070187, -4.01259709134, -4.88089689317, 0.0
-0.499695045168, -4.01259709242, -4.88089688607, -1.6845454116e-13
-0.49969506845, -4.01259711008, -4.88089675318, -4.04288238261e-12
-0.499695114076, -4.01259707858, -4.88089687441, -6.73818250572e-13
-0.499695055417, -4.01259709778, -4.88089687785, 0.0
-0.499694940044, -4.01259707523, -4.88089690694, -4.21131801108e-12
-0.49969502724, -4.01259683305, -4.88089692242, -1.68451490171e-11
-0.499695113874, -4.01259708508, -4.88089635504, -6.97396163355e-11
-0.499695058533, -4.01259708262, -4.88089688387, 0.0
-0.499695067275, -4.01259709164, -4.88089688914, 0.0
-0.499695043816, -4.01259710728, -4.88089688976, -3.36908994842e-13
-0.499695054201, -4.01259708981, -4.88089686323, -1.68454164576e-13
-0.499695071887, -4.01259708284, -4.8808968685, 0.0
-0.499695078331, -4.0125970877, -4.8808968896, 0.0
-0.499695063542, -4.01259708199, -4.88089779349, -2.11917908022e-10
-0.499695055851, -4.01259709352, -4.88089688652, 0.0
-0.499695166955, -4.01259709028, -4.88089687393, -2.69528301365e-12
-0.499694737523, -4.01259709343, -4.88089686319, -2.72891982463e-11
-0.49969499845, -4.01259709473, -4.88089688704, -1.17917961543e-12
-0.499695071209, -4.01259723957, -4.88089681799, -6.906616085e-12
-0.499695098744, -4.01259704648, -4.88089688102, -6.73817605797e-13
-0.499695063129, -4.01259710982, -4.88089687254, -1.68454504207e-13
-0.499695058844, -4.0125970884, -4.88089686633, 0.0
-0.499695071075, -4.01259709805, -4.8808968882, 0.0
-0.499695056296, -4.01259710448, -4.8808968749, -1.68454649719e-13
-0.49969508403, -4.01259706456, -4.88089688721, -1.68454510389e-13
-0.499695070142, -4.01259709781, -4.88089687225, 0.0
-0.499695060632, -4.01259708731, -4.8808968479, -1.68454009652e-13
-0.499695069123, -4.01259730043, -4.88089691152, -1.21288066535e-11
-0.499695063683, -4.01259708264, -4.88089692184, -5.05365337943e-13
-0.49969505808, -4.01259708228, -4.88089686592, 0.0
-0.499695072199, -4.01259709776, -4.88089687233, 0.0
-0.499695057473, -4.01259711357, -4.88089687003, -1.68454641379e-13
-0.499695061861, -4.01259708153, -4.88089686124, 0.0
-0.499695064311, -4.01259709332, -4.88089688122, 0.0
-0.49969509486, -4.01259708157, -4.88089695931, -1.85300126899e-12
-0.499695135515, -4.01259949834, -4.88089688182, -1.47439456566e-09
-0.499695058032, -4.01259708265, -4.88089693209, -6.73819753514e-13
-0.49969506186, -4.01259708172, -4.88089686134, 0.0
-0.499695064325, -4.01259709333, -4.88089688126, 0.0
-0.499695073336, -4.01259708208, -4.88089687399, 0.0
-0.499695014742, -4.01259706853, -4.88089688386, -6.73815563402e-13
-0.499695061992, -4.01259689307, -4.88089692243, -9.77026219909e-12
-0.499695040458, -4.01259708894, -4.88089690444, -3.36909593312e-13
-0.499693979346, -4.01259700473, -4.88089688317, -2.99844571963e-10
-0.499695087812, -4.0125970812, -4.88089688342, -1.6845490452e-13
-0.499695061493, -4.01259711437, -4.88089688079, -1.68454523344e-13
-0.499695066669, -4.01259709739, -4.88089688784, 0.0
-0.499695070692, -4.01259707303, -4.880896881, 0.0
-0.499695026531, -4.01259709121, -4.88089687904, -3.36908816767e-13
-0.499695086744, -4.01259707876, -4.88089681173, -1.17917305846e-12
-0.499695062619, -4.01259708487, -4.88089687908, 0.0
-0.499695146175, -4.01259708253, -4.88089687844, -1.68454728874e-12
-0.49969508604, -4.01259736811, -4.88089690005, -2.05515444555e-11
-0.49969506138, -4.01259654347, -4.88089687229, -7.41183169538e-11
-0.499695065147, -4.01259704003, -4.88089679141, -2.35833259576e-12
-0.499695041874, -4.0125971015, -4.88089687299, -1.68454434077e-13
-0.499695047622, -4.01259707184, -4.88089687364, -1.68454029684e-13
-0.499695066589, -4.0125970978, -4.88089689517, -1.68454956831e-13
-0.499695077506, -4.01259708984, -4.88089688277, 0.0
-0.49969506321, -4.01259709232, -4.88089687468, 0.0
-0.499695052568, -4.01259706549, -4.88089688192, -1.68454019888e-13
-0.499695040176, -4.01259711267, -4.88089688461, -3.36909361147e-13
-0.499695048968, -4.01259707402, -4.88089668491, -9.60181228989e-12
-0.49969506194, -4.01259708121, -4.88089736211, -5.92957817187e-11
-0.499695063291, -4.01259709259, -4.88089682472, -6.73814944887e-13
-0.49969505496, -4.01259707102, -4.88089687881, 0.0
-0.49969509908, -4.01259712122, -4.88089688165, -6.73818639193e-13
-0.499695048242, -4.01259703406, -4.88089677323, -3.53750011417e-12
-0.499489891325, -4.01259896684, -4.88089675954, -1.06376601817e-05
-0.499695013609, -4.01259727281, -4.88089679566, -1.12864701496e-11
-0.49969509164, -4.01259708942, -4.88090892744, -3.67195867989e-08
-0.499695065115, -4.01259714278, -4.88089688392, -8.42273372761e-13
-0.499695070616, -4.01259707819, -4.88089688506, 0.0
-0.499695101167, -4.01259742089, -4.88089687812, -2.88059869249e-11
-0.499695064178, -4.01259709279, -4.88089687858, 0.0
-0.499695065933, -4.01259712203, -4.88089687956, -3.36908733584e-13
-0.499695051088, -4.0125970677, -4.88089688492, -1.68454296345e-13
-0.499695064744, -4.0125970917, -4.88089688386, 0.0
-0.499695047906, -4.01259710161, -4.88089687545, -1.68454501999e-13
-0.499694828989, -4.01259669215, -4.88089688369, -5.30622490626e-11
-0.499695061411, -4.01259708782, -4.88089687753, 0.0
-0.499695055322, -4.01259709092, -4.88089688305, 0.0
-0.49969507523, -4.0125970711, -4.88089688387, 0.0
-0.499695040403, -4.01259708994, -4.88089687524, -1.68454362586e-13
-0.499695052806, -4.01259708017, -4.88089688387, 0.0
-0.499693105031, -4.01259707547, -4.88089686941, -9.71834838409e-10
-0.499695094964, -4.01259707433, -4.88089688344, -3.36909524703e-13
-0.499695052731, -4.01259707894, -4.88089688387, 0.0
-0.499695050983, -4.01259707509, -4.88089688156, 0.0
-0.499695052806, -4.01259708018, -4.88089688387, 0.0
-0.49969505256, -4.01259708018, -4.88089688419, 0.0
-0.499695052806, -4.01259708018, -4.88089688387, 0.0
-0.499695052806, -4.01259708081, -4.88089688387, 0.0
-0.499695052745, -4.01259708017, -4.8808968828, 0.0
-0.499695052806, -4.01259708018, -4.88089688387, 0.0
-0.499695052806, -4.01259708018, -4.88089688389, 0.0
-0.499695052806, -4.01259708018, -4.88089688387, 0.0
-0.499695052806, -4.01259708018, -4.88089688387, 0.0
-0.499695052807, -4.01259708018, -4.88089688387, 0.0
-0.499695052806, -4.01259708018, -4.88089688387, 0.0
-0.499695052806, -4.01259708018, -4.88089688387, 0.0
-0.499695052806, -4.01259708018, -4.88089688387, 0.0
-0.499695052806, -4.01259708018, -4.88089688387, 0.0
-0.499695052806, -4.01259708018, -4.88089688387, 0.0
-0.499695052806, -4.01259708018, -4.88089688387, 0.0
-0.499695052806, -4.01259708018, -4.88089688387, 0.0
-0.499695052806, -4.01259708018, -4.88089688387, 0.0
-0.499695052806, -4.01259708018, -4.88089688387, 0.0
-0.499695052806, -4.01259708018, -4.88089688387, 0.0
-0.499695052806, -4.01259708018, -4.88089688387, 0.0
-0.499695052806, -4.01259708018, -4.88089688387, 0.0
-0.499695052806, -4.01259708018, -4.88089688387, 0.0
