-0.499697718576, -4.01258924966, -4.88089675356, -1.73071798344e-08
-0.501540257344, -4.07970507673, -4.87882464192, -1.16470438317
-0.499695085069, -4.0125966719, -4.88089678882, -4.51450370656e-11
-0.499697984881, -4.01255655049, -4.88094225486, -9.3785022454e-07
-0.499694590031, -4.01259517591, -4.88089709325, -9.90316862126e-10
-0.49968735048, -4.01259040339, -4.88089484005, -2.73887835468e-08
-0.499658584207, -4.01259766504, -4.88090125264, -3.414321583e-07
-0.499691806158, -4.01264436226, -4.88089464181, -5.6931376052e-07
-0.499666916433, -4.01265310322, -4.88089631684, -9.94127491631e-07
-0.49979618341, -4.01255739679, -4.88081273473, -4.77174454293e-06
-0.499692409012, -4.01260876861, -4.88215454138, -0.000399549841526
-0.496629137059, -4.01113298729, -4.87075314524, -0.029040044884
-0.500006344576, -4.02043057201, -4.8680045275, -0.0569471002247
-1.50382235422, 3.72603613859, -4.96212841999, -49.754940163
-0.0486755040343, 4.99353286418, -4.79107001421, -427.613848908
-1.48370620837, 4.03220420549, -4.91490887466, -55.7555482992
-1.50712366209, 3.68007277428, -4.88714125345, -28.0126992847
-1.4646699864, 3.67955976796, -4.85929472715, -11.1744384385
-1.56040626434, 3.59290555245, -4.78739649616, -8.60963519872
-1.57166295362, 3.59800029143, -4.78709052263, -2.82911791904
-1.47632311058, 3.61627675897, -4.99997258067, -3.80605626038
-1.47184660059, 3.61511722116, -4.99961431488, -4.78914196823
-1.45756516753, 3.60095657116, -4.69779163734, -21.3979599319
-1.18556093137, 3.60973333883, -4.89699636406, -94.4604859271
-1.47619441985, 3.61574444834, -4.99997679745, -3.72090596025
-1.61907065613, 3.62588053083, -4.97612319777, -48.9146381417
-0.994063429703, 3.66779620398, -4.99038430357, -71.285070819
-1.43525582016, 3.92825650381, -4.99240643436, -91.6872360304
-1.44333237541, 2.63963614455, -4.93483081929, -294.645336465
-1.47643763303, 3.61575974173, -4.99997472046, -3.74116191204
-1.47630865966, 3.61575811776, -4.99993339648, -3.71774247411
-1.47643746401, 3.61576138904, -4.99997802373, -3.74006189411
-1.47632412183, 3.61576216522, -4.99997809883, -3.7047764583
-1.47632291153, 3.61576159817, -4.99998533105, -3.69882209217
-1.47635082285, 3.61576529828, -4.99999174135, -3.71313851854
-1.47622787545, 3.61576203531, -4.99998645462, -3.71201746528
-1.47632788517, 3.61576159574, -4.99998500168, -3.70320021665
-1.47632552011, 3.615762298, -4.99998934185, -3.69943759591
-1.47637891737, 3.61576426593, -4.99999392684, -3.72415207204
-1.34325296859, 3.61595816492, -4.92252172813, -6.16162918359
-1.47632960226, 3.61575042547, -4.9999994469, -3.70263906
-1.47625849179, 3.61576385917, -4.99999768523, -3.70679679396
-1.47633193752, 3.61576406407, -4.99999762554, -3.70047725058
-1.47623346995, 3.61577908023, -4.99999994873, -3.70426210084
-1.47483414501, 3.61577441662, -4.99997419354, -3.74978309634
-1.4762667539, 3.61579181156, -4.9999728113, -3.70556390824
-1.4361873965, 3.72595483425, -4.93660951486, -49.8435723052
-1.62713164049, 4.52935535787, -4.92561308341, -176.386941843
-1.39441761895, 3.74617066374, -4.92353535007, -4.71585234136
-1.36246872785, 3.69329327256, -4.99998424166, -79.5450372029
-1.3913553359, 3.74850404599, -4.92294783561, -4.48428455041
-1.62544447017, 3.73731181431, -4.88244397966, -69.6848322507
-1.45985342368, 3.8081573462, -4.92492253582, -94.2755960175
-1.95300648939, 3.83893188751, -4.85332930633, -90.6158547885
-1.52704386879, 3.72013252776, -4.99999438812, -19.2233159926
-1.35789440873, 3.88718681396, -4.93454358157, -93.7608502923
-1.43286767188, 3.82846152804, -4.99985693226, -73.5594817894
-1.36922512036, 3.74545120081, -4.94001371385, -35.699195632
-1.45097829587, 0.352157180395, -4.95454058764, -694.481969344
-1.42374526012, 3.70239359495, -4.92352951195, -58.7016522267
-1.32707243225, 4.0655375978, -4.92595733963, -102.093220759
-1.43953939154, 2.66075043934, -4.80169138044, -221.218533901
-1.39520479108, 3.74679385075, -4.93057663147, -3.61970514845
-1.39159167242, 3.74510693858, -4.93088096456, -4.16708890908
-1.84506100038, -4.90408827964, -4.9187774021, -178.0567139
-1.65041192639, 4.6198184297, -4.81476835044, -153.306523559
-0.520325848284, 4.40147232738, -4.87511384155, -282.595302976
-1.32434599398, 4.99900009985, -4.91674837811, -217.978164583
-0.0820487665228, 4.13482370711, -4.91254320987, -367.455629381
-0.500446732658, -4.0959619425, -4.88018017068, -1.83722014458
0.187549448107, 1.67585908207, -4.87194153332, -919.034014882
-1.48204447792, 2.32411419858, -4.86736901749, -392.831247342
-0.619638332297, -4.99900671598, -4.94631584959, -100.69060599
-0.499651889682, -4.01265496585, -4.88079260388, -4.06621048913e-06
-0.503701441927, -4.01688462997, -4.88869559223, -0.0241197707624
-0.499963883715, -4.01274205383, -4.88020093991, -0.000145964108127
-0.499823898234, -4.01231749208, -4.87805664899, -0.00206980903395
0.0875474000233, -3.88119401794, -4.88678931317, -81.2602811862
-0.503244634067, -4.10345466313, -4.88163189879, -2.20131246723
-0.48040515942, -4.07708081134, -4.87563483228, -1.17144612782
-0.499696039489, -4.01259922119, -4.8808367071, -9.16669524515e-07
-0.499699793939, -4.01259181905, -4.88090640428, -3.56168772168e-08
0.090510598477, 3.30590505691, -4.81652499252, -581.975861033
-0.499695375861, -4.01259579009, -4.88090039162, -3.57047651107e-09
-0.499719586021, -4.01244941605, -4.88246410618, -0.000627066999986
-0.499704295804, -4.01259791005, -4.880901415, -2.69254806481e-08
-0.499939296786, -4.01277020088, -4.88134864906, -7.41684760864e-05
-0.49968705399, -4.01255943175, -4.88092523429, -5.77901145568e-07
-0.499695007699, -4.01259705845, -4.88089655304, -2.77945248072e-11
-0.117051681191, 4.9990099009, -4.94395491416, -369.049039831
-0.499695319759, -4.01262011049, -4.88089662093, -1.34122816386e-07
-0.499694072396, -4.01365691658, -4.88056879665, -0.000310919269294
-0.499668690595, -4.01259624242, -4.88095054674, -9.04312112034e-07
-0.499693796444, -4.01303710943, -4.88083021672, -5.0009003744e-05
-0.499693799016, -4.01259785161, -4.88089736107, -6.13351250678e-10
-0.499687444048, -4.01149555636, -4.88050533019, -0.000346040741908
-0.500124049135, -4.01260175609, -4.88458313374, -0.0034743412519
-0.499696221206, -4.01259711301, -4.88089695205, -3.3943872719e-10
-0.499693123447, -4.01259817941, -4.88089560664, -1.66538431232e-09
-0.499695145315, -4.01259708569, -4.88089731141, -4.91884475364e-11
-0.499695046827, -4.01259637065, -4.88089732341, -1.79230023295e-10
-0.506311093462, -4.01248551538, -4.88150425693, -0.0111812423588
-0.497358506461, -4.01259632735, -4.88083094954, -0.00138287671019
-0.499695078077, -4.01259708629, -4.88089687458, 0.0
-0.499694992318, -4.01259711691, -4.88089713188, -1.78560583707e-11
-0.499695055938, -4.01259707405, -4.88089690453, -1.68454681193e-13
-0.499695078269, -4.01259712397, -4.88089687363, -5.05363127578e-13
-0.499856999783, -4.0081644665, -4.88607599625, -0.0118266501448
-0.49969654186, -4.01259729287, -4.8808965667, -5.86732152972e-10
-0.499694982996, -4.01259708672, -4.88089709412, -1.3476228066e-11
-0.499699227767, -4.01255492547, -4.88088967799, -4.66897108564e-07
-0.499695050659, -4.01259723998, -4.8808962394, -1.09326740187e-10
-0.499695113805, -4.01259602043, -4.88089647911, -3.2730358247e-10
-0.499683341843, -4.01255416951, -4.88088248462, -5.52872237415e-07
-0.499697464156, -4.01260180833, -4.88097672291, -1.61892338491e-06
-0.491095754627, -3.99957110657, -4.88072745228, -0.0622862522985
-0.499821411233, -4.01490582862, -4.87699093421, -0.00521058724944
-0.499694203481, -4.01259722704, -4.88089891894, -1.24645533673e-09
-0.498971025716, -4.01259807984, -4.88088294924, -0.000132653491456
-0.499694019996, -4.01259217227, -4.88089780757, -6.59733649838e-09
-0.499657908478, -4.01259548681, -4.88089310354, -3.53336810929e-07
-0.499698175324, -4.01259817967, -4.88089189298, -9.03276413598e-09
-0.499575729098, -4.01265510103, -4.89203333551, -0.0313985663573
-0.495537640959, -4.01255690943, -4.86117211059, -0.102115584889
-0.499694303044, -4.01279438703, -4.88089384314, -9.84010316847e-06
-0.499687987276, -4.01260182673, -4.88090372674, -3.02185462986e-08
-0.499694212295, -4.01259677125, -4.88089832134, -7.3582143197e-10
-0.499694506814, -4.01259761239, -4.88089772447, -3.30505071392e-10
-0.49963062235, -4.01259245724, -4.88087901884, -1.13586060961e-06
-0.49967320204, -4.01259783825, -4.88089893394, -1.22078203183e-07
-0.499692320406, -4.01259306357, -4.88089875239, -6.88320058064e-09
-0.497929517659, -4.01265430372, -4.88088750062, -0.00078988484722
-0.500176171995, -4.01258857029, -4.8808566933, -5.88982921701e-05
-0.499776760663, -4.01260184172, -4.88088947706, -1.70700949342e-06
-0.499705182668, -4.012616349, -4.88090481023, -1.3567056927e-07
-0.499689701846, -4.0124479114, -4.88088959194, -5.64407122481e-06
-0.499674037718, -4.01259521291, -4.88089089385, -1.21739164415e-07
-0.497346467437, -4.01229307025, -4.8806773377, -0.00143033225714
-0.501471190834, -3.98679316953, -4.88673310089, -0.186283341638
-0.499469492528, -4.0128882325, -4.88090492028, -3.42781683683e-05
-0.605968469137, -4.01209484767, -4.88222298394, -2.88374181771
-0.44225285483, -4.01222002453, -4.87108227965, -0.84041872967
-0.499432569967, -4.01260853706, -4.88089292739, -1.74542638019e-05
-0.499057001569, -4.00764559746, -4.84296018679, -0.371912918555
-0.499763944789, -4.01248814674, -4.88050745306, -4.2504855344e-05
-0.49796586446, -4.01348481836, -4.88069629568, -0.000965650722492
-0.75852202189, -0.231063059307, -4.95534801654, -1051.24179168
-0.498880884439, -4.01360137707, -4.87822165765, -0.0022337086194
-0.50503075851, -4.01107932294, -4.88053571304, -0.00784353705661
-0.592226081089, -3.72335717999, -4.89377365829, -35.9395585455
-0.498828905011, -4.01377956902, -4.88091533716, -0.000542827781239
-0.500334462785, -4.01312730794, -4.87892032857, -0.00116445511622
-0.498789447348, -4.01248211315, -4.88103208774, -0.000215369492584
-0.502332595366, -4.01307751739, -4.8894310729, -0.0202489025931
-1.19024450713, 2.36395919368, -4.99995015026, -356.113505123
-0.57115639824, -3.56835030565, -4.88047141035, -53.9713591981
-2.13341068175, -1.92416528224, -4.99834213929, -506.643934723
-1.16301408244, -2.18976300647, -4.95923065921, -403.430735735
-0.500037329716, -4.01267805649, -4.8827781282, -0.000926393766418
-0.50046188094, -4.01678561905, -4.88208613824, -0.00492725471327
-0.499687845324, -4.01259751853, -4.88089990058, -1.55408978489e-08
-1.28359077124, -0.453039999867, -4.75748414642, -866.421041604
-0.499685618765, -4.01280438245, -4.88093214693, -1.11952281127e-05
-0.499692162913, -4.01253397431, -4.88087805255, -1.09888398092e-06
-0.505086509136, -4.01377569202, -4.88028872394, -0.00779134511628
-0.500746665942, -4.01052711996, -4.88098198045, -0.00137007442089
-0.499692046846, -4.01259211372, -4.88089789331, -8.81387444805e-09
-0.499697112158, -4.01259454294, -4.88089590893, -2.93068601361e-09
-0.499683802243, -4.01248983784, -4.88092071269, -3.08233892236e-06
-0.495816341096, -4.01259371486, -4.88094620436, -0.00381010500557
-0.499693826765, -4.01259731534, -4.88090186732, -6.69745479241e-09
-0.499360473299, -4.0440033066, -4.881130181, -0.244658030319
-0.499772397558, -3.98885082746, -4.87867759096, -0.148024327925
-0.499694990248, -4.01259643522, -4.88089692704, -1.08818242125e-10
-0.499692669975, -4.01259765274, -4.88089085803, -1.06968301403e-08
-0.499688322332, -4.01261550819, -4.8808838489, -1.40289805598e-07
-0.499688683652, -4.01259498476, -4.88049057688, -4.17335093013e-05
-0.499694978049, -4.0125970873, -4.88089697698, -4.37980598486e-12
-0.499550374415, -4.01261873246, -4.8808751305, -5.53002955105e-06
-0.499695097625, -4.01259589064, -4.8809107739, -4.91958460503e-08
-0.499695033784, -4.01259689821, -4.88089683495, -9.6017822328e-12
-0.499612512935, -4.01269670855, -4.88087154316, -4.39403810417e-06
-0.499692773732, -4.01259726393, -4.88089735722, -1.39433774444e-09
-0.499694591192, -4.01259490928, -4.88089748081, -1.34559176056e-09
-0.499695080561, -4.01259723132, -4.88089675115, -9.60190320165e-12
-0.499695367547, -4.01259708598, -4.88089701963, -2.81317009865e-11
-0.499768905604, -4.0126097947, -4.88087285044, -1.56530387209e-06
-0.4996732384, -4.01273978092, -4.88089911827, -5.26913825412e-06
-0.499696079005, -4.01259842197, -4.88089554475, -1.16152338585e-09
-0.508935292442, -4.01264625614, -4.89260390022, -0.0564974825758
-0.499693054019, -4.01259986489, -4.88089731511, -3.02617112967e-09
-0.4998042501, -4.01258332994, -4.88090385228, -3.07372234646e-06
-0.499652491586, -4.01256178896, -4.88089228491, -7.78709695156e-07
-0.499693993088, -4.01259624762, -4.88089666507, -4.79410767781e-10
-0.49970072421, -4.01260689448, -4.88086138295, -3.51002654416e-07
-0.499694845838, -4.01259704745, -4.88089667497, -2.29094185624e-11
-0.499673229041, -4.01263111289, -4.88089551896, -4.13910080429e-07
-0.499723959428, -4.0126087979, -4.82961729991, -0.671600179671
-0.499695268827, -4.01259661753, -4.88090148378, -5.43072741518e-09
-0.500678097186, -4.01276997404, -4.88091269831, -0.000251481717477
