-0.53729672, -3.87099814806, -4.88544749297, -6.73569022165
-0.711825941787, -3.94320004424, -4.91458358113, -13.6589538083
-0.503345385273, -4.06514186063, -4.88254282783, -0.699475598138
-0.985211422745, -4.03968613692, -4.87618472666, -59.2040443805
-0.482078397709, -4.12433276671, -4.87709955652, -3.51078946226
-0.553350638713, -4.13542165162, -4.86837175156, -5.17913444565
-0.448648600489, -3.99465565001, -4.9258139866, -1.2008863887
-0.475064872951, -4.11424643032, -4.87468329053, -2.96264095274
-0.527256230654, -3.99288219065, -4.87908396116, -0.299700334424
-0.63482623012, -3.99217811418, -4.77115235461, -8.26156040873
-0.376441313185, -4.16810075448, -4.91391394554, -9.67242285257
-0.881128484392, -4.05212287007, -4.88188386996, -44.4078911997
-0.497669282884, -4.02853052604, -4.86801363198, -0.105549403698
-1.53511890765, 3.82249726244, -4.99615693964, -68.1241380667
-1.17810510787, -4.99905243322, -4.9984776218, -123.885418174
-1.66804375259, 3.79758126475, -4.99993099997, -42.2659242005
-1.74107698364, 3.70436477722, -4.99814852169, -63.1782280624
-1.51972406378, 3.74805472431, -4.99797554241, -10.1689432234
-1.45997982618, 3.74625378098, -4.83475989564, -69.3430848755
-1.97101531712, 3.68149182655, -4.6537489958, -105.683691034
-1.69086633237, 3.57940905406, -4.99998886286, -57.0641653684
-1.69017916882, 3.7124013705, -4.80206858409, -90.5010788321
-1.56307016587, 3.88815412966, -4.7797928359, -64.8570342544
-1.5363630821, 3.59839814111, -4.77359458863, -37.0995401838
-1.31186868872, 3.59709855835, -4.99812178913, -84.5311647745
-1.42282928777, 3.84971116149, -4.88530319121, -59.6454949049
-1.44925310547, 3.80388484534, -4.97610782566, -69.0966599689
-1.05657106023, 4.63480864981, -4.92808748846, -246.155041963
-1.44727386776, 3.88286493639, -4.866223425, -69.1857776983
-1.86171859229, 4.19288874434, -4.94673281929, -160.83446468
-1.97606002778, 4.08795683039, -4.93373916926, -120.094551897
-1.52426078052, 3.94258511361, -4.72227012037, -97.0664826383
-0.597688585847, 3.86669349633, -4.93266083718, -255.330225805
-1.77076220946, 3.04633454648, -4.79367814789, -181.485988186
-1.5283452463, 3.83816322442, -4.99609310718, -67.7539703796
-1.70573903638, 3.41296497226, -4.96641067255, -131.448504137
-0.860024558389, 3.30765838275, -4.98568162623, -149.29682783
0.131336220036, 4.26465023679, -4.94608497696, -371.196999882
-1.67106834261, 3.77902081347, -4.99749648535, -44.1122622081
-1.78555804416, 3.67203317015, -4.88697302586, -68.8375368439
-1.51152354288, 2.48379733025, -4.9999771382, -263.854561203
-1.97846000397, 4.9996441933, -4.99997268357, -223.373908204
-1.48224805289, 3.63609327873, -4.9999748883, -19.3195775594
-1.39721955787, 4.98234467524, -4.99486646489, -221.976137751
-1.56674328774, 4.97987720529, -4.95035885886, -196.550819013
-1.4624391316, 3.68649331729, -4.99578340172, -78.7730345039
-1.47360906194, 3.62676000617, -4.99998363761, -7.90324760326
-1.4507950443, 4.97220356659, -4.99552853652, -213.038989509
-1.88115052959, 3.40139113517, -4.59767858048, -111.016859662
-1.64185858541, 3.73358558218, -4.94872662075, -69.3341726813
-1.70098794339, 3.79323000621, -4.86730360609, -77.0873314212
-2.30575440829, 3.35154066069, -4.85887317747, -144.821663951
-1.32311318887, 3.69705517257, -4.55899610316, -88.0887133637
-1.69889269953, 3.56203790837, -4.65891547411, -115.142746502
-1.52601775062, 3.71838724819, -4.74308792364, -46.8183954628
-1.74181639948, 3.36493751697, -4.89000293946, -76.9814502834
-1.41481176735, 3.74333776311, -4.76191432367, -95.4088395336
-1.44019654624, 3.92114962432, -4.70441231303, -85.0455790202
-1.22746772043, 3.93633775668, -4.94205065856, -40.5328281564
-1.78038298948, 3.90906922452, -4.89465227862, -87.6156668151
-1.34845001218, 4.33100168551, -4.93117333162, -80.3333832677
-1.12432368032, 4.8629238775, -4.74237548897, -210.448364598
-1.23949409119, 4.98442517782, -4.93678713463, -203.587870108
-1.6067324737, 3.94010006248, -4.94919735314, -78.0805372673
-1.84232836935, 3.76093037516, -4.97997758285, -85.3505360044
-1.56519578467, 3.62898912032, -4.96166413969, -108.404592988
-1.63804528772, 3.62786209543, -4.96872881929, -46.9246663441
-0.838847873358, 3.86267855541, -4.96188611139, -123.232520203
-1.6483058224, 3.61964622823, -4.96264059129, -58.2656375137
-1.85572876857, 3.45515814662, -4.96771683957, -105.451273104
-0.180586626559, 3.68913253008, -4.92685605045, -447.558900248
-1.57093936295, 3.4720012185, -4.99683749677, -72.9020523604
-1.55655852265, 3.16085233892, -4.90180520659, -110.279546303
-1.2386779672, 3.78493544996, -4.95556287456, -78.5604104062
-1.55015448855, 3.56737095153, -4.78089754511, -43.1592123328
-1.37421624244, 3.41100186609, -4.80427039468, -35.8911551782
-1.69091859809, 3.21350870963, -4.91645760813, -48.7788291433
-1.59000013468, 4.0855889852, -4.99999969669, -85.4013326416
-1.50530071798, 3.14722503409, -4.99999825731, -130.751120499
-1.3353010661, 3.71127983981, -4.99999999999, -102.970818108
-1.72514422761, 3.67299165403, -4.99999999168, -34.5608728987
-1.30256720063, 3.83754482756, -4.99999963878, -14.8997076552
-1.27520243631, 3.7735479868, -4.99999989411, -79.3205639958
-1.52436049341, -4.20398233076, -4.99900338373, -152.080148916
-0.857296992909, 4.90091050373, -4.93628854336, -277.185362613
-1.04095915425, -4.9221521864, -4.95834294953, -105.327252246
-0.809469422744, 4.99948083264, -4.72857494964, -246.434379734
-0.516663962785, -0.301476769428, -4.92210001868, -1156.0303139
-0.707565639625, -3.94321921686, -4.98697834188, -17.2550855786
-0.843488273166, -1.22350536231, -4.86885786835, -731.957055414
-1.78561491643, 2.52434161712, -4.86115786549, -265.011109873
-2.08979068721, 4.90000544473, -4.90306004506, -218.119825451
-0.600971515539, -4.10068776869, -4.89285571501, -5.0860478825
-0.875448559992, -4.01012571055, -4.90692219748, -42.7377876167
-0.477075226369, -3.9478641633, -4.78477725136, -3.88403996565
1.82441231176, -4.5806419987, -4.91544190823, -214.490056585
-0.382381610885, -3.92187709349, -4.93112045328, -6.97164830866
1.4116869602, -3.97099639039, -4.90057083852, -243.132834621
-0.970109258253, 4.99351413341, -4.90572422569, -229.655342448
-0.493639425176, -4.03483784033, -4.87791435355, -0.133697266727
-0.478997988442, -4.17532795581, -4.91241468917, -7.85765738085
-0.584345747624, -4.05386447565, -4.8586049689, -2.40452960264
-0.50061583726, -4.24532146818, -4.89591416376, -17.8973619407
-0.234841565817, -3.98901403642, -4.88912975009, -20.1781809845
-0.489333391451, -4.02645264503, -4.85970142631, -0.188576477746
-0.257856630029, -3.61055581955, -4.9167585959, -68.5209182516
-0.481126254302, -4.02298173188, -4.7704664726, -3.6862336253
-0.558215285939, -4.04861268715, -4.82846991398, -1.90709511219
-0.495094648071, -3.71973835128, -4.90046645507, -35.1131133426
-0.487967779688, -4.07347664641, -4.87979505538, -0.978013953561
-0.242491850469, -3.3836052253, -4.87750123643, -115.753870474
-0.265790502987, -3.98003144291, -4.87976107913, -16.0011112874
-0.483958236924, -4.00975408089, -4.8808557784, -0.0640450882325
-0.610812917637, -4.02413456652, -4.99049882286, -7.56242134419
-0.554817768126, -3.85778073697, -4.98148054724, -12.2173809049
-0.555241584387, -3.71857446677, -4.88939612992, -34.894799448
-0.459645102417, -3.99251403052, -4.86638471114, -0.563302758964
-0.522026049395, -4.03100754246, -4.89112740011, -0.236112571536
-0.402838583732, -4.19435609212, -4.91734045553, -11.0303610807
-0.488736728397, -4.01363401999, -4.88801611665, -0.0431220236386
-0.803623367876, -4.04132236002, -4.99786133072, -35.8879416482
-0.506922719401, -4.02280656564, -4.87462525424, -0.0491638893724
-0.289102255976, -4.02125415709, -4.86897705379, -11.8407668149
-0.435812922237, -3.94665465169, -4.88174477585, -2.26254405783
-0.389827468415, -4.07742577802, -4.85696113171, -4.13107603977
-1.73289247265, -3.99707196055, -4.86906460484, -177.142404846
-0.143043608734, -4.00844487277, -4.86403962363, -35.8770501305
-0.479482572645, -4.00589335271, -4.88994227363, -0.133649939586
-0.600821819579, -4.14197483581, -4.94824201002, -10.3410414752
-0.475088050004, -4.00291143823, -4.86177479113, -0.270035376706
-0.510278413731, -4.07379826028, -4.92879444811, -1.56651689555
-0.504349390677, -3.99950393666, -4.87408235269, -0.0613040503916
-0.496978968656, -4.07475588603, -4.91802860832, -1.33261301878
-0.484101939843, -3.99627980259, -4.92867421965, -0.712896874537
-0.49648393188, -3.96101944171, -4.85773322593, -0.840284861561
-0.514984932165, -4.00145907704, -4.91830390677, -0.459196880887
-0.11818250676, -3.79706587206, -4.81119483572, -63.7843226081
-0.440738241637, -4.05638029327, -4.87950280184, -1.31480456099
-0.50634914585, -4.03105429398, -4.96263611424, -1.86378257112
-0.519766604378, -4.02384387053, -4.97399537186, -2.51274203256
-0.467774358457, -4.02027610609, -4.97516152554, -2.58703300931
-0.695986040711, -3.93115363949, -4.99999999446, -17.6047708638
-1.18331323221, 4.90221688195, -4.99998776729, -188.021943916
-1.4227236897, -4.93558731084, -4.98383899453, -141.596786076
-1.32872687236, -2.42606826766, -4.98657193788, -355.287623756
-2.26286354421, -3.27208926046, -4.98872623193, -305.472500284
-1.87717329865, 3.55737104658, -4.99120910669, -80.1354655255
-1.15708879196, -1.87504679131, -4.98477041855, -480.746922111
-1.35432653327, 3.525753245, -4.9211159291, -93.1942066977
-0.116565108131, 3.69038441161, -4.98674707217, -492.148140463
-1.47563392809, 3.64085209484, -4.98610512901, -26.1259223015
-1.25001519594, 3.24462722594, -4.99031403747, -151.431732147
-1.56187400174, 3.87747682474, -4.99952962895, -27.0624357837
-1.61520102629, 3.685261768, -4.98527568915, -40.8627530692
-1.55306241325, 4.19261889414, -4.96464041368, -99.0104003918
-1.68344629398, 3.77829761935, -4.99936756785, -51.1156579522
-1.45505703306, 3.68799350672, -4.95413882378, -66.1387665862
-1.65899087246, 3.77043502187, -4.95862374593, -22.7903796951
-1.81496190672, 3.69926376451, -4.94689925356, -90.5099698031
-1.61424694832, 2.47310936811, -4.939011854, -249.6510521
-1.6589858981, 4.04737442591, -4.98624327478, -118.287712292
-0.482096206704, -2.63746876511, -4.99060278042, -311.177483557
-1.10699015235, -2.12306985363, -4.9999993606, -434.966601447
-1.01026048132, 4.99900999002, -4.93360368972, -222.400908727
-1.95413952462, 1.64402087246, -4.95065002082, -531.097582452
-2.08863261922, -4.90000995136, -4.96665987864, -192.498563781
-0.377033668454, -3.91512998836, -4.90204179473, -7.174671834
-2.85943966538, 4.97275365172, -4.99260471179, -237.301005903
-2.12400927825, 1.96061238851, -4.81998326988, -347.737789773
0.281418569483, -3.66361847248, -4.87321677906, -131.626664321
-0.608199405948, -4.97224152253, -4.91224464636, -101.550456564
-1.13802919713, 3.78460090469, -4.81373265568, -70.4942887453
-4.94554493087, -3.50623977993, -4.92502954113, -1377.51709018
-0.487695380214, -4.17802902308, -4.85697306664, -8.24103443916
-0.392404948553, -4.85524239404, -4.96119046955, -98.6932889471
-0.244664358878, -4.09688508499, -4.92446654626, -16.9036171641
-0.526817553234, -4.05641565935, -4.88429763712, -0.671696576548
-0.537635673232, -4.23780739785, -4.85693929775, -18.0709040608
-0.566334458504, -3.57600854426, -4.85735361844, -53.5935696504
-0.23418892029, -4.98242764438, -4.88764517271, -100.629539897
-0.453256525624, -3.94927647239, -4.88542301122, -1.66090567768
-0.491055403382, -4.00774035159, -4.87003442798, -0.0545259506977
-0.5041048271, -4.02153489306, -4.89542933412, -0.0778564780154
-0.505969994605, -4.03847204786, -4.95513020265, -1.60821808468
-0.480395615904, -3.99989131043, -4.9999680309, -4.22688911909
-0.468284159013, -3.96983818787, -4.99566443362, -4.68282607124
-0.534129733494, -3.95072152877, -4.71724969942, -9.99372318473
-0.4486315017, -4.04651029449, -4.81640233721, -2.03969481701
-0.582221041254, -4.68294579088, -4.85895881949, -73.9871665858
-0.493972935257, -4.22913113336, -4.90707752443, -14.9312072807
-0.637843368607, -3.98561053295, -4.95855442357, -7.58528027064
-0.518997423371, -4.00806833268, -4.87564867695, -0.106737929345
-0.561505871457, -3.9430638762, -4.78552802722, -4.66803013752
-0.500231941272, -4.02984688361, -4.87643161942, -0.0788512865645
-2.95386437474, -4.2141849372, -4.90630166251, -349.498216228
-0.349040088332, -3.95992426565, -4.90925543356, -6.98468090446
-0.512449450322, -3.97661160244, -4.89159635813, -0.418284224348
-0.530965054318, -4.00496470785, -4.99733515428, -4.25125037619
-0.502327465468, -4.00939967835, -4.87833806225, -0.00602828830361
-0.503369265481, -3.9677442181, -4.88491022217, -0.54650914716
