-0.504177752757, -4.00323463087, -4.88077070021, -0.0275546784848
-0.551094606162, -3.98439818808, -4.88086917776, -0.875328776659
-0.501628856452, -4.01507028471, -4.88107627486, -0.00249074865341
-0.473351830964, -4.18707817491, -4.88820245618, -9.02553319453
-0.483785254908, -4.02285868203, -4.88511959762, -0.0927760441846
-0.506282451631, -4.03160941835, -4.86299942062, -0.180204183991
-0.509719188121, -4.01550188323, -4.88200249109, -0.0278238556034
-0.345551977701, -3.9974298993, -4.88274908534, -6.19033202501
-0.497753408547, -4.09412435598, -4.8717384453, -1.78391666725
-0.292046387951, -4.14115628001, -4.85884168725, -13.3575526832
-0.544509974457, -4.02630742913, -4.89535787206, -0.612680616419
-0.496105379987, -3.95771431513, -4.87008811858, -0.838506098616
-0.596099350856, -4.02613650454, -4.86801059849, -2.46590306669
-1.51746509941, 3.7352081027, -4.99939529825, -9.60714668781
-1.48790649688, 4.90046966554, -4.99942384411, -199.087091434
-1.51565247889, 3.78652365272, -4.99788656546, -47.2339028848
-1.41947566218, 3.70835309021, -4.99890417373, -82.6877792583
-1.53612387059, 3.59724414644, -4.82804702475, -77.6547041983
-1.54078087187, 3.57740446903, -4.80614374746, -67.0039294184
-1.87657926036, 3.59900457105, -4.49442761055, -102.76977206
-1.56022552611, 3.52175669023, -4.75372063678, -97.8505261294
-1.7176203937, 4.9890392399, -4.9590315042, -202.012662715
-1.56453963188, 3.6284756344, -4.78076652656, -23.8608379407
-1.56798556757, 3.59992961377, -4.78080396702, -3.84109566597
-1.24806720882, 3.86304601959, -4.93282771763, -105.807345815
-1.44116773315, 3.87200788279, -4.94194334545, -7.91712711824
-1.44212680604, 3.87675838292, -4.93764648726, -8.0080275624
-1.44159918613, 3.87089488839, -4.93995999537, -8.14174694613
-1.44412419842, 3.87209107049, -4.94603963598, -8.94445914594
-1.51131265437, 4.24394863244, -4.83876133011, -121.975455612
-1.07379959592, 3.84344253598, -4.93248324756, -125.827777586
-1.44446204941, 4.01215432052, -4.74404784313, -82.1451024315
-1.43585480687, 3.87072727664, -4.93217633754, -9.17544409119
-1.43447816931, 3.50035983895, -4.99426090768, -14.7517868168
-1.55931522698, 3.84520936733, -4.99956662235, -36.9398043444
-1.30736410031, 3.48488920995, -4.98405327465, -83.8907648537
-1.67517699714, 3.49336715312, -4.95706068819, -74.3961063196
-1.43396227956, 3.58296934828, -4.99995934061, -83.3769530263
-1.51293450166, 3.65798242844, -4.99923607021, -80.3684653188
-1.34471611865, 3.62264845883, -4.90567382947, -7.02421856029
-1.56487340569, 3.62823140285, -4.99991950476, -112.655088008
-0.109793495329, 3.51083800376, -4.99994576757, -544.071236771
-1.47803458793, 3.6154869022, -4.99992674948, -3.94702162913
-1.5070471447, 3.32429266556, -4.99992067863, -85.145009018
-1.47281468205, 3.60784198027, -4.99998652461, -6.0110868331
-1.42431454873, 3.19750872492, -4.99990333275, -92.6218119679
-1.47360925821, 3.62675670375, -4.99998362468, -7.9020519784
-1.69402973592, 3.79402695172, -4.83396021794, -67.838825925
-1.24683491618, 3.73085931315, -4.85763224811, -48.709060336
-1.4853115458, 3.70964401566, -4.69906833841, -24.2937629027
-1.69333966802, 3.84148060467, -4.82965713372, -36.1352438511
-0.0695184282798, 2.71055342135, -4.8077734532, -678.301407249
-1.76120765111, 3.78703981757, -4.903520534, -87.0740056504
-1.67578584512, 2.54848899155, -4.6533314837, -270.769095155
-1.24123866761, 3.84440138887, -4.66341214745, -57.8252039748
-3.23358147468, 3.84187664519, -4.84361431397, -252.186599206
-1.4675744505, 4.82124647262, -4.81915157967, -191.824648478
-1.67444109097, 3.81067834183, -4.97359987725, -29.5196137477
-1.22585353735, 3.66732454099, -4.92530857634, -74.2216310913
-2.57687310383, 3.48020157151, -4.92280342852, -153.877460952
-1.16517184473, 4.1903560653, -4.90965708311, -122.683187803
-1.14845679771, 3.69923038226, -4.93341264452, -47.3305032361
-1.17161135431, 3.68103837586, -4.95234049101, -87.3912363558
-1.12431417084, 3.7514781344, -4.99899049473, -85.353610227
-1.4140712737, 3.66125386336, -4.9386991384, -87.8079812924
-1.5351560042, 4.46266932424, -4.9326125281, -128.521474386
-1.47423662171, 4.02552751976, -4.95309949601, -31.8879096935
-1.55686840799, 3.85959641743, -4.95519676467, -69.0828097757
-1.12762041353, 3.59388531555, -4.8691718813, -126.112808959
-1.43357743107, 4.25195380251, -4.91955392908, -90.7771110911
-2.27641363116, 3.92990123013, -4.94936873847, -147.694842988
-1.55257278583, 3.59059464641, -4.94554297962, -64.8143883661
-1.03597025071, 3.9551067601, -4.99972256633, -106.189433457
-1.65188480863, 3.74283380129, -4.79592734853, -62.9772250028
-2.10621620164, 3.73335884039, -4.99999487314, -119.542771421
-2.14864861027, 3.58094249557, -4.9999999992, -99.8310143033
-0.488863691218, -4.91307369327, -4.97937309876, -80.9525709332
-0.0718625046302, 1.82230609818, -4.9994203953, -888.264086616
-2.76573280474, -3.96869165214, -4.90022541738, -313.112434959
-0.674242390962, -4.99900060034, -4.96671653594, -91.690957152
-0.606425844508, -4.90081680795, -4.83685584268, -96.9270298655
-0.181061951426, -4.8461382454, -4.86490890989, -92.4067579991
-0.909803596385, 0.481166189132, -4.9654272929, -918.033773485
-0.542889780399, -3.99714134966, -4.907333688, -0.729152672896
-0.46960717822, -3.91951865083, -4.86128747873, -2.85817219192
-1.83706777356, 4.99903834735, -4.94848844416, -199.135492496
-0.620342187602, -2.48588713104, -4.83294509628, -320.037744886
-1.36628817862, 4.90000999906, -4.87786151909, -182.244162727
-0.563965413672, -3.99807177205, -4.89446388939, -1.1481937997
-1.58121779878, -1.82539107359, -4.8665188349, -516.499699693
-0.503291892615, -4.31017662018, -4.88134946281, -30.0617456989
-0.494904098046, -3.2439907113, -4.90961967113, -154.808356059
-0.500554691832, -4.07461921047, -4.88728757385, -0.991549321004
-0.509843710573, -4.01241051359, -4.86764869926, -0.0702456204437
-0.498668276352, -3.96724078191, -4.842975549, -0.891880241496
-0.493167437828, -4.01225641422, -4.96583523485, -1.93698238164
-0.0849579480778, -4.01828975117, -4.88205240987, -46.1118922034
-0.382288401665, -4.09182540263, -4.98025690388, -7.36537886175
-0.606592724898, -3.9257553907, -4.89717346901, -4.94443494227
-0.497340209212, -4.01367732439, -4.87910364815, -0.00251293488714
-0.487846602896, -4.05995742807, -4.92510771307, -1.07261337859
-0.495401531367, -4.01595731991, -4.95109646234, -1.2765134788
-0.536754857575, -4.44301423572, -4.88674942329, -41.2944160922
-0.454371829326, -4.00774045814, -4.88330269995, -0.514605369234
-0.484058650051, -4.00523094406, -4.88651414476, -0.0832367984066
-0.488899383838, -4.03798875809, -4.84521199859, -0.502279813515
-0.499152659226, -4.013373686, -4.89998735718, -0.092164302892
-0.487079570574, -3.98885970005, -4.84138171272, -0.577837473215
-0.506335895247, -3.88641905377, -4.85750348331, -4.98656076896
-0.497065847025, -4.00206838135, -4.88124272871, -0.0301516129823
-0.504004932128, -4.01442549468, -4.97843177574, -2.63565282937
-0.469812993365, -4.01740307727, -4.86682538357, -0.278567632128
-0.499761099658, -4.01258631443, -4.88092154487, -1.2856134198e-06
-0.903662495419, -3.94745854706, -4.91194515583, -48.1209051501
-0.553019896947, -4.00293118514, -4.9645116038, -2.73149352007
-0.766449672017, -3.99958719821, -4.99996417157, -28.7731614391
-0.499934855235, -3.96435446676, -4.89639465198, -0.690485771699
-0.501585365897, -4.01512669541, -4.88180760097, -0.00271784560058
-0.500388266359, -4.05982165052, -4.88705194959, -0.572492974692
-0.56109937539, -4.00510263327, -4.90944410804, -1.20354227328
-0.503404901578, -4.03094648144, -4.8844278538, -0.0903599634864
-0.501616203618, -4.01125833504, -4.88311707795, -0.00263553641648
-0.511807783142, -4.01997725833, -4.87503402348, -0.0593428242057
-0.478925683052, -4.01182098855, -4.8489676291, -0.365965916121
-0.594455619144, -4.0173134707, -4.87836770369, -2.30783889866
-0.491540251397, -4.04778091473, -4.8888542403, -0.339151524639
-0.857910729573, -4.01526100439, -4.84704398106, -37.0773759476
-0.497611729255, -4.03628424546, -4.88130547195, -0.139572728775
-0.415600870157, -4.01760650966, -4.92826074685, -2.24721563047
-0.497427838875, -4.0274192438, -4.87753921166, -0.0585335264257
-0.51064819526, -4.06824056875, -4.87731015894, -0.816433733077
-0.500254871258, -4.0137923684, -4.88820049825, -0.0138874174133
-0.491788505522, -4.0327977965, -4.87750974098, -0.119088023972
-0.547474297183, -4.53377768453, -4.83429573526, -59.1585561763
-0.57855230096, -3.98202288406, -4.87738069929, -1.78902265308
-0.500191011698, -4.05016787339, -4.88061160821, -0.350678924897
-0.255224173788, -4.5171695686, -4.91487036463, -49.8030744971
-0.501230729245, -4.01314614531, -4.88078337093, -0.000674350527476
-0.479998278743, -4.01026958276, -4.938122409, -0.924711902615
-0.496408976994, -4.02134693187, -4.94616528526, -1.10795038367
-0.51468539943, -4.02110637217, -4.96391396626, -1.924399237
-0.192260341184, -0.597227160855, -4.9955589206, -1194.57613679
1.00212231268, 4.95097301562, -4.97869812714, -564.088180311
-1.4897688753, 4.45015625509, -4.98280031742, -141.492729348
-0.798957196419, 1.90133415298, -4.9883024112, -589.754426773
-2.24766183915, 4.9332737348, -4.98324520781, -234.802412254
-1.46951680074, 3.62753170818, -4.98438069784, -14.1520330434
-1.45408736174, -3.6386754631, -4.98484222122, -165.427250525
-1.3445486394, 3.59057694161, -4.99037789803, -70.3694380978
-1.50805229402, 3.63096206907, -4.99744643491, -56.8624617721
-1.21717246737, 3.52404077128, -4.98274523001, -59.8167944007
-0.481446250866, 3.79980329101, -4.95161437412, -360.052548526
-1.62403113374, 2.44416256477, -4.9999964058, -329.469601215
-1.6222083154, 3.79505663846, -4.99425471131, -85.5148185522
-1.67726685155, 3.80130363792, -4.96215810433, -23.8958634813
-1.64306306604, 3.46589267324, -4.96438334406, -73.2918459009
-1.65786647768, 3.7888097605, -4.95363159763, -9.6057194945
-1.9912401875, -2.91742857715, -4.91805259229, -313.150608076
-0.150295692123, 2.76495594611, -4.84544083629, -636.088259375
-0.766284555136, 4.9000099003, -4.89849386814, -268.902083302
-1.22823103873, 2.11375389427, -4.99792004569, -470.887187187
-0.422814804743, -4.93085631023, -4.7958132759, -110.901928944
-0.380874157403, -4.67809817212, -4.99962382177, -81.8977378269
-0.700792011617, -4.01361647254, -4.99907350409, -18.4053325309
-1.24593908475, 2.27235168731, -4.790485709, -471.560345526
-0.659845415476, 4.99900009707, -4.9294849662, -293.818252178
-0.501033442336, -4.01365560804, -4.83216166819, -0.604391490765
-0.607171414283, -3.94812363226, -4.97367753175, -6.77824070615
-0.714128807797, 2.21430130494, -4.79682182414, -698.848169489
-0.779069574618, -4.00535619911, -4.94226728406, -25.7794932134
-1.34189039444, -4.45852581407, -4.97818537911, -121.364658265
-0.471276043595, -4.19330938092, -4.83550952505, -10.6982269273
-1.14064964174, -0.885006919612, -4.96675437447, -826.572459738
-0.432883667753, -3.85195230842, -4.89144301674, -10.7308694614
-0.691593629681, -4.04643391248, -4.86631286585, -10.2804698897
-0.511068013114, -4.03596645817, -4.87872098604, -0.168811472493
-0.494919850179, -4.11782445336, -4.87356052433, -3.05256933662
-0.496695531075, -4.01438547288, -4.87818285517, -0.00493880692108
-0.496815583036, -3.71198294314, -4.87898981135, -37.2984282762
-0.508035849884, -4.02998678625, -4.87972234886, -0.0929292690881
-0.464138192517, -4.08485572134, -4.88059361485, -1.65991269274
-0.500194303903, -4.0127933955, -4.87862027699, -0.00138777864824
-0.502687181694, -4.02802474909, -4.8810530239, -0.0617461251733
-0.514124433103, -4.01334560793, -4.8839737623, -0.055393771526
-0.516023263387, -4.01064091946, -4.91172088043, -0.312928839385
-0.499636800793, -4.0002804003, -4.83583579725, -0.55707625798
-0.573361406852, -4.01062025097, -4.88234521133, -1.38583038663
-0.486385133973, -4.02821168221, -4.88123665562, -0.104100620857
-0.501588113963, -4.01495473443, -4.88117460819, -0.0023212638153
-0.42669711863, -4.36798715373, -4.93717968353, -38.6991872729
-0.509127733498, -4.01676183844, -4.84280373298, -0.3961125357
-0.502206334781, -4.03700669747, -4.87073839947, -0.174317959334
-0.506193470627, -4.01281390193, -4.89383270648, -0.0530615595998
-0.501334093114, -4.01325521313, -4.88121434966, -0.000811760375638
-0.600799820371, -4.00857868584, -4.88069422651, -2.58988822744
-0.54541558479, -3.72700406, -4.88128416246, -32.4994658964
-0.514043466312, -4.01191713546, -4.8843627146, -0.0555529996587
-0.484470026228, -3.72385302855, -4.87734998311, -35.1769034494
-0.502231671789, -4.01170417718, -4.88235900624, -0.00236717847967
-0.503299748439, -4.98935146676, -4.87953884356, -98.464674309
