-0.499695069462, -4.0125970687, -4.88089682047, -8.42264667803e-13
-0.49969502074, -4.01259720116, -4.88089676381, -7.24351909681e-12
-0.499695083202, -4.0125966719, -4.88089678867, -4.51450121858e-11
-0.49969507955, -4.01259777269, -4.88089623128, -2.25394607505e-10
-0.499694590947, -4.01259517668, -4.88089709332, -9.89306138292e-10
-0.49968735048, -4.01259040338, -4.88089484005, -2.73887835461e-08
-0.499658584207, -4.01259766504, -4.88090125264, -3.41432158299e-07
-0.499691812835, -4.01264435897, -4.88089464585, -5.69219890579e-07
-0.499666916433, -4.01265310322, -4.88089632267, -9.94125374235e-07
-0.499696753041, -4.01255450736, -4.88081267499, -2.25156580689e-06
0.121377388487, -2.11078891829, -4.85493617476, -505.585925386
-1.45244415673, -1.34373710874, -4.87411205988, -638.74786768
-1.79031576271, -0.403377008415, -4.86050962942, -684.450741025
-1.31325300353, 3.68693685509, -4.82909970266, -84.6367781486
-1.05521593237, -4.90000839865, -4.86563951367, -116.463712769
-1.48148160504, 3.67395081877, -4.85863415944, -0.000145388902077
-1.48166230627, 3.67397130976, -4.85874568199, -0.00128511086274
-1.48148866156, 3.67424984258, -4.8588595395, -0.00233681467424
-1.56986454645, 3.59808150737, -4.7871780673, -2.6896138723
-1.56982130665, 3.59828000582, -4.78864924142, -2.70847780671
-1.56571581442, 3.60320972886, -4.9999595404, -94.827845525
-1.49597335222, 3.61311738956, -4.76981848671, -75.6305453693
-1.57053289997, 3.59907701546, -4.78804328688, -2.75174151264
-1.57071544727, 3.59737393255, -4.78389593091, -3.18125903635
-1.47630947204, 3.61575722415, -4.99996216314, -3.69751446594
-1.55970749255, 3.66968846445, -4.91273880287, -60.0790670706
-1.47630911742, 3.61575393223, -4.99996294621, -3.69810140437
-1.47632327493, 3.61576141063, -4.99998524079, -3.69858012857
-1.47614673197, 3.61575773206, -4.99998249134, -3.72389853562
-1.47625326893, 3.61576184378, -4.99998242455, -3.7063911916
-1.47636546378, 3.61576164675, -4.99999988432, -3.72005433704
-1.47622538137, 3.61575779769, -4.99998374666, -3.71678369971
-1.47642630796, 3.61576442492, -4.99998119545, -3.73721583728
-1.47632691037, 3.61576235672, -4.99998445923, -3.70293184982
-1.47626828907, 3.61576197465, -4.99998230031, -3.69701474265
-1.4762682967, 3.61576197477, -4.99998231302, -3.6970459721
-1.4762683335, 3.61576199156, -4.99998228775, -3.697101669
-1.47626831479, 3.61576253978, -4.9999822195, -3.69785031651
-1.47627021, 3.61576252821, -4.99998546486, -3.69869194384
-1.47635556465, 3.61575039293, -4.99999425263, -3.71977466333
-1.47633109534, 3.6157636438, -4.99999795831, -3.69969815461
-1.4763307437, 3.61576399664, -4.99999752589, -3.69971766023
-1.4763319405, 3.61576396412, -4.99999762554, -3.70005435858
-1.45767503578, 3.60408800879, -4.89065955899, -71.8945609895
-1.36613763741, 3.28272293958, -4.99996916806, -99.5489143757
-1.34381139107, 3.77710161414, -4.98928255486, -71.8939765214
-1.47298974651, 3.70681572469, -4.94985904151, -66.1219254972
-1.36051670447, 4.07393207751, -4.89214614499, -101.45473453
-1.39457285056, 3.74805024883, -4.93082030977, -3.55246134436
-1.38055219705, 3.69128096064, -4.99677922375, -70.3417363494
-1.39389170156, 4.21419866513, -4.93077203176, -142.32104067
-1.39456035204, 3.73899943727, -4.9310118948, -5.96344023747
-1.39434678014, 3.74677911231, -4.93071742915, -3.55364436678
-1.39431390996, 3.74711950114, -4.93092236868, -3.62663117069
-1.39384323912, 3.74676223868, -4.93055623927, -3.60013914309
-1.39405978762, 3.74676616535, -4.93067708318, -3.60847110967
-1.39426652926, 3.746771664, -4.93062824188, -3.56875899246
-1.31086682586, 1.39624871524, -4.91053556925, -792.151319534
-1.046680753, -1.77773448508, -4.8506648986, -562.132437575
-1.37118361656, -4.70947397726, -4.94639306316, -129.292183077
-1.18317730168, -0.897036528998, -4.95052629264, -776.527232988
-1.41360749097, 4.92865249409, -4.88087322351, -195.638110609
-0.499653560515, -4.01272569418, -4.88329822947, -0.00146033159194
-1.99159007883, -4.94367154157, -4.88276683807, -169.582009313
-0.696584921338, -4.90000999944, -4.88087972117, -111.308294256
-0.4996840171, -4.01264501348, -4.88090036534, -6.15005911206e-07
-2.17529236346, 4.58175491141, -4.86988333473, -157.098386907
-0.112017090816, 4.56439568906, -4.94554925322, -371.788693614
-0.502641473012, -3.92165623328, -4.88114994968, -2.35767976325
-0.499695040066, -4.01259714591, -4.88089688347, -1.17918264635e-12
-0.499695064614, -4.01259707416, -4.88089687357, 0.0
-0.157081768599, -4.99932606677, -4.9151913054, -94.54366126
-0.499695051029, -4.01259703494, -4.88089687872, -6.73814491514e-13
-0.499695077456, -4.01259705333, -4.88089741688, -7.37830187417e-11
-0.499695882205, -4.01275682605, -4.89839396593, -0.0773626522594
-0.49969506505, -4.01259708769, -4.88089687161, 0.0
-0.499695058313, -4.01259704584, -4.88089687913, -3.36907697862e-13
-0.500020022131, -4.01260158322, -4.88069217763, -3.72881766674e-05
-0.499694982025, -4.01259711106, -4.88089696132, -3.70598694265e-12
-0.499701742156, -4.012596988, -4.88089688174, -1.12758792407e-08
-0.499695078874, -4.01259710937, -4.88089683751, -6.73817349701e-13
-0.499695057736, -4.01259699597, -4.88089688155, -2.02143905628e-12
-0.499695069968, -4.01259709914, -4.88089689351, -1.68454995975e-13
-0.49969504784, -4.01259707825, -4.88089686113, -1.68453845861e-13
-0.499695048362, -4.01259711441, -4.88089680945, -1.51608414893e-12
-0.499695076598, -4.01259715398, -4.88089688439, -1.17918356623e-12
-0.499695055931, -4.0125970922, -4.88089688145, 0.0
-0.499695069203, -4.01259709298, -4.8808968939, -1.68455173141e-13
-0.499695056415, -4.01259707652, -4.88089692095, -5.05365151987e-13
-0.499869772758, -4.01259636529, -4.88089851471, -7.71265089346e-06
-0.499695057602, -4.01259707384, -4.88089686825, 0.0
-0.499695055936, -4.01259709215, -4.88089688144, 0.0
-0.499695063819, -4.01259719324, -4.88089687882, -3.03218475407e-12
-0.499695054163, -4.01259708983, -4.88089682384, -8.42269230435e-13
-0.499695071048, -4.01259708961, -4.88089687025, 0.0
-0.499695064582, -4.01259708664, -4.88089686219, 0.0
-0.499695055936, -4.01259709215, -4.88089688144, 0.0
-0.49969506655, -4.01259706717, -4.88089697695, -2.52681520401e-12
-0.499695059264, -4.01259709153, -4.88089688475, 0.0
-0.499695049394, -4.01259709844, -4.88089693433, -8.42274369978e-13
-0.499695062785, -4.01259709484, -4.88089686903, 0.0
-0.49970368399, -4.01259709589, -4.88089702371, -1.87901102078e-08
-0.499695046642, -4.01259709411, -4.88089693717, -1.01072937057e-12
-0.499695078453, -4.01259708651, -4.88089686123, -1.68454363562e-13
-0.499695058648, -4.01259709022, -4.88089688489, 0.0
-0.499694876475, -4.01259462226, -4.88089685631, -1.54266374216e-09
-0.499695075355, -4.01259707581, -4.88089686896, 0.0
-0.499695083841, -4.01259711747, -4.88089688319, -3.36909629279e-13
-0.499695082649, -4.01259707703, -4.88089687126, -1.68454523294e-13
-0.499695058651, -4.01259709014, -4.88089688558, 0.0
-0.499695120229, -4.01259709149, -4.88089688136, -8.42273724995e-13
-0.499695115123, -4.01259709995, -4.88089687536, -6.7381842499e-13
-0.499695043255, -4.01259709144, -4.88089687386, -1.68454354164e-13
-0.499695055755, -4.01259702042, -4.88089685293, -1.17917186244e-12
-0.499695060949, -4.01259711634, -4.88089688445, -3.36909030295e-13
-0.499695053436, -4.01259709141, -4.88089687839, 0.0
-0.499695063133, -4.01259620697, -4.8808968343, -1.95402706518e-10
-0.499695021284, -4.01259708497, -4.88089689831, -6.73817068478e-13
-0.499695087912, -4.01259707925, -4.88089687513, -1.68454693066e-13
-0.499695070699, -4.01259650109, -4.88089693874, -8.70887753504e-11
-0.499695035498, -4.01259702895, -4.88089688008, -1.01072095479e-12
-0.499695085685, -4.01259702553, -4.88089792815, -2.79972765246e-10
-0.49969504221, -4.01259708779, -4.88089689334, -1.68454643697e-13
-0.499695061823, -4.01259708936, -4.88089687432, 0.0
-0.499695064192, -4.01259708228, -4.88089688727, 0.0
-0.49969506353, -4.01259709465, -4.88089670709, -7.41193492074e-12
-0.499695073481, -4.0125970778, -4.88089687935, 0.0
-0.499695058181, -4.01259707688, -4.88089771524, -1.7738446597e-10
-0.499695046901, -4.01259709143, -4.88089702551, -5.55896695988e-12
-0.499695064192, -4.01259708228, -4.88089688727, 0.0
-0.499695069822, -4.01259709315, -4.88089688976, 0.0
-0.499695075405, -4.01259710608, -4.88089654731, -2.77947009308e-11
-0.499695088279, -4.01259710101, -4.88089687942, -1.68454898237e-13
-0.499695055966, -4.0125970912, -4.88089688491, 0.0
-0.49969502377, -4.0125970211, -4.88089659874, -2.12248587919e-11
-0.499695058306, -4.01259709294, -4.88089701887, -5.05360607397e-12
-0.499695037689, -4.01259709215, -4.88089690289, -3.3690928014e-13
-0.499695074028, -4.01259708098, -4.88089688119, 0.0
-0.499695101729, -4.01259708318, -4.88089688873, -3.36909954573e-13
-0.499695078559, -4.01259708584, -4.88089695929, -1.68454807468e-12
-0.499098045974, -4.01260696811, -4.8808837246, -9.02252736001e-05
-0.49969446817, -4.0125970983, -4.88089662072, -1.06967858184e-10
-0.4996950461, -4.01259709279, -4.88089688191, -1.6845453484e-13
-0.499695065803, -4.0125970784, -4.88089688512, 0.0
-0.499695056769, -4.01259707966, -4.88089687619, 0.0
-0.499695066502, -4.01259708455, -4.88089687781, 0.0
-0.499695067203, -4.01259708468, -4.88089687756, 0.0
-0.499695064208, -4.01259706402, -4.88089696589, -2.02145554433e-12
-0.49969506604, -4.01259707842, -4.88089688512, 0.0
-0.499695115483, -4.01259705555, -4.88089687666, -8.42272102322e-13
-0.499695005142, -4.01259698512, -4.8808968462, -3.70596604005e-12
-0.49961977067, -4.0125943638, -4.88089687688, -1.43513450797e-06
-0.499695065577, -4.01259711865, -4.88089687719, -3.36909066302e-13
-0.499695663897, -4.01259712762, -4.8808990954, -1.33454759901e-09
-0.499695059013, -4.01259707099, -4.88089688368, 0.0
-0.499695075904, -4.01259708761, -4.8808968655, 0.0
-0.102318545538, -4.10408842122, -4.90769528782, -39.7743033302
-0.499695068244, -4.01259664935, -4.88089691252, -4.81770749333e-11
-0.499695052552, -4.0125970678, -4.88089688056, -1.68454102313e-13
-0.4996950587, -4.01259740813, -4.88089688731, -2.64475480948e-11
-0.49969508494, -4.01259708736, -4.88089689363, -1.68455055142e-13
-0.499695046492, -4.01259706089, -4.88089683618, -6.7381273053e-13
-0.499695069837, -4.01259707043, -4.88089688697, 0.0
-0.499695052552, -4.01259707414, -4.88089688056, 0.0
-0.49969507389, -4.01259706339, -4.88089682769, -8.42266390095e-13
-0.499695078062, -4.01259734401, -4.88089688907, -1.70139703071e-11
-0.499695062325, -4.01259709557, -4.88089686027, -1.6845446794e-13
-0.499695067965, -4.01259707343, -4.8808968053, -1.3476229181e-12
-0.499695082139, -4.01259701851, -4.88089687153, -1.17917570628e-12
-0.499695064855, -4.01259710567, -4.88089688705, -1.68454776309e-13
-0.499695068935, -4.01259709194, -4.8808968833, 0.0
-0.499695069012, -4.01259709198, -4.88089687066, 0.0
-0.499695063953, -4.01259707286, -4.88089688782, 0.0
-0.499695079748, -4.01259708838, -4.88089686899, 0.0
-0.499695066365, -4.01259706909, -4.880896878, 0.0
-0.499695069, -4.01259709219, -4.88089688328, 0.0
-0.499695068998, -4.01259709219, -4.8808968833, 0.0
-0.499694989961, -4.01259704096, -4.88089689099, -2.02143318513e-12
-0.499695079746, -4.01259708832, -4.88089686898, 0.0
-0.499695075069, -4.01259710565, -4.880896884, -1.68454731814e-13
-0.499695068999, -4.01259709219, -4.8808968833, 0.0
-0.499695068999, -4.01259709219, -4.8808968833, 0.0
-0.499695057027, -4.01259707928, -4.88089687339, 0.0
-0.499695079746, -4.01259708832, -4.88089686898, 0.0
-0.499695052695, -4.01259708017, -4.88089688388, 0.0
-0.499695059548, -4.01260064848, -4.88089688262, -3.21179361267e-09
-0.499691058907, -4.0125973685, -4.88073373881, -6.72929310819e-06
-0.499695247277, -4.01259708558, -4.8808967913, -1.02757499319e-11
-0.49969501473, -4.01259713807, -4.88089410216, -1.94986601525e-09
-0.499695052806, -4.01259708018, -4.88089688387, 0.0
-0.499694572348, -4.01259708152, -4.88089688376, -6.14850779883e-11
-0.499695052806, -4.01259708018, -4.88089688387, 0.0
-0.499695052806, -4.01259708018, -4.88089688387, 0.0
-0.499695052806, -4.01259708018, -4.88089688387, 0.0
-0.499695052806, -4.01259708018, -4.88089688387, 0.0
-0.499695052806, -4.01259708018, -4.88089688387, 0.0
-0.499695052806, -4.01259708018, -4.88089688387, 0.0
-0.499695052806, -4.01259708018, -4.88089688387, 0.0
-0.499695052806, -4.01259708018, -4.88089688387, 0.0
-0.499695052806, -4.01259708018, -4.88089688387, 0.0
