-0.499695069461, -4.01259706819, -4.88089682047, -8.4226470237e-13
-0.499683981921, -4.01259598974, -4.88090515352, -4.86842902935e-08
-0.49969508321, -4.0125966719, -4.88089678867, -4.5145012297e-11
-0.499695744603, -4.01259778135, -4.88089623373, -3.44322500667e-10
-0.499694590947, -4.01259517668, -4.88089709332, -9.89306138293e-10
-0.49968735048, -4.01259040338, -4.88089484005, -2.73887835462e-08
-0.499658584207, -4.01259766504, -4.88090125264, -3.41432158299e-07
-0.499691812835, -4.01264435897, -4.88089464585, -5.69220059073e-07
-0.499666916433, -4.01265310322, -4.88089632267, -9.94125374671e-07
-0.499696753053, -4.01255450736, -4.88081267499, -2.25156583305e-06
-0.499692395349, -4.01260876768, -4.88215454138, -0.000399548763855
-0.888965215552, 0.713208452351, -4.87560953255, -700.501298446
-3.0703880826, 3.48582331772, -4.86221517853, -256.590440394
-1.62842232773, 3.8351767618, -4.85576968137, -100.896923242
-2.37360501943, 4.92625415017, -4.82834840658, -245.581593938
-1.47942541057, 3.64563050745, -4.99956623148, -29.0282791424
-1.48159960834, 3.67484863506, -4.85927559726, -0.027549198194
-1.53611834135, 3.67439380443, -4.85826745061, -81.7411694486
-1.57181162473, 0.312226833188, -4.78783076147, -690.652400111
-1.5714224212, 3.59777809, -4.7907886557, -2.96797635533
-1.6261011404, 3.62160177956, -4.99685008827, -66.1623501593
-1.51627647374, 3.60573458995, -4.76133132027, -61.7945024666
-1.57058718032, 3.59911718259, -4.78092391158, -4.10202653102
-1.5707849924, 3.49550620383, -4.78387268275, -85.0926344164
-1.47630947876, 3.61574708596, -4.99996216344, -3.70089447611
-1.31662285348, 3.58405607297, -4.93742907466, -82.1654027134
-1.47630785201, 3.61579946611, -4.99994479335, -3.70739812402
-1.41721260535, 3.6849729562, -4.99748180532, -75.0921396176
-1.47732249826, 3.61599631843, -4.99998245125, -3.90080826883
-1.4763314138, 3.61576084732, -4.99999693506, -3.70268381602
-1.47709458275, 3.6157615975, -4.99998494029, -3.81826618902
-1.4763829091, 3.6157816722, -4.99999466375, -3.72937406401
-1.47631196555, 3.61576166904, -4.99995635575, -3.70230867084
-1.47632267882, 3.61576962034, -4.99998533151, -3.70631474981
-1.4761867508, 3.61576547516, -4.99997657712, -3.71594548864
-1.47622747687, 3.61576680781, -4.99999987819, -3.70119240082
-1.47626278904, 3.61576213714, -4.9999846994, -3.70173223419
-1.47624987939, 3.61576273633, -4.99998448243, -3.70567556408
-1.47626999653, 3.61576253346, -4.99998598726, -3.70003139458
-1.42749771204, 3.61626841723, -4.98953532701, -63.8717653984
-1.47633107891, 3.61576353138, -4.99999938783, -3.70173916688
-1.47633183449, 3.61576543951, -4.99999761313, -3.7015631478
-1.4763319405, 3.61576396405, -4.99999762554, -3.70005638078
-1.79980281819, 3.28852613199, -4.96474653044, -100.965139209
-1.45084292989, 3.56581426095, -4.99999379953, -68.7233031271
-1.5546349899, 3.69120904676, -4.98331879748, -75.8087611074
-1.55631851031, 3.6178574396, -4.9578410186, -109.217696238
-1.76285360744, 3.0782190502, -4.93899980406, -112.257127533
-1.3942768658, 3.74780230533, -4.93031685362, -3.58851711472
-1.83468989743, 3.78573844017, -4.84711334094, -96.6179303053
-1.39456453334, 3.74684436631, -4.93055663001, -3.58480777899
-1.39935565646, 3.75588832657, -4.99238194176, -58.6890757293
-1.39380445628, 3.74525570345, -4.92946966699, -3.77365341189
-1.90955322429, 3.74934646588, -4.69774178775, -104.184061589
-1.27236906882, 3.74969169811, -4.88325831805, -37.3934631966
-1.38644051662, 3.91678252178, -4.92811460941, -67.5237823625
-1.33006044756, 3.72969108677, -4.94827144445, -127.250321937
-1.39435575551, 3.74703131953, -4.93061323781, -3.57858837317
-1.45414255622, 4.16846948559, -4.98932704982, -96.0489538895
-1.39423972174, 3.7468567456, -4.93205714462, -3.67356342472
-1.21727768215, 4.3799984457, -4.93584525099, -126.606451451
-1.48923811971, 3.96723792013, -4.88923593114, -76.3011858246
-1.39398363151, 3.74668330646, -4.93216991585, -3.71350403129
-1.39585338368, 3.74858094273, -4.98573194244, -52.5538293767
-0.256404214631, 4.90084413149, -4.88125431629, -410.645513002
-0.754802020974, 1.90088741126, -4.84960430464, -725.47932432
-0.714218678626, -4.93456101992, -4.94131964666, -99.2832977792
-0.879773550263, 4.9151731056, -4.95554702632, -235.699227175
-1.44889734511, 2.03645949049, -4.88269963724, -351.308381031
-0.498335965254, -4.01305812693, -4.88021550122, -0.0006395161903
-0.499640979614, -4.02616994211, -4.89114153091, -0.0722203401915
-2.06982486312, -3.1660690401, -4.93380007954, -280.467510511
-0.163491263601, 2.89067769035, -4.99926257339, -657.746257319
-0.499680447829, -4.01234738441, -4.88087970637, -1.58853562064e-05
-0.499477341076, -3.98650099973, -4.8197720678, -1.13248606638
-0.359057727243, -4.01524968274, -4.88024303621, -4.94162960273
-0.499675593229, -4.01259949053, -4.88090287862, -1.06444477756e-07
-1.43377874589, -2.06025963428, -4.78334608211, -473.367595652
-0.503972114627, -4.01972905622, -4.8813416666, -0.0175014684142
-0.500212936924, -4.01401362297, -4.91436359968, -0.283663453499
-0.499672801857, -4.01259661217, -4.88088818688, -1.44490471059e-07
-0.499695510404, -4.01259698698, -4.88089677674, -5.50838759067e-11
-1.16996938507, -3.68098344017, -4.92943505859, -124.981724751
-0.499697308961, -4.01271745926, -4.88088925281, -3.67938806497e-06
-0.499706431215, -4.01143381093, -4.88084672034, -0.000343449489632
-0.499681965561, -4.0125969155, -4.88089726363, -4.34395099525e-08
-0.499640992938, -4.01270995507, -4.8809416699, -4.46661565336e-06
-0.499686388425, -4.01258808094, -4.880897567, -3.9658150296e-08
-0.499695276515, -4.01259718823, -4.88089684335, -1.43186662218e-11
-0.725972769863, 4.90000995607, -4.83741317429, -330.853566173
-0.499695498497, -4.01259718402, -4.88089697115, -5.20524853417e-11
-0.499693550275, -4.01253472613, -4.8817575542, -0.000188149064669
-0.499694735884, -4.0125971721, -4.88088579286, -3.11021276429e-08
-0.49969524316, -4.01259035216, -4.88089643996, -1.1518641219e-08
-0.499695884543, -4.01259695229, -4.88089683662, -1.74518613386e-10
-0.499709260904, -4.01382322092, -4.88086604179, -0.000380031739214
-0.499633611915, -4.01277639178, -4.8813363687, -5.78819650013e-05
-0.499695081764, -4.01259709048, -4.88089687629, 0.0
-0.499695079926, -4.01259689398, -4.88089621091, -1.21792473005e-10
-0.49969519113, -4.01259705585, -4.88089635706, -7.2771669638e-11
-0.499692052723, -4.01259673592, -4.88089690575, -2.32626408409e-09
-0.499693709537, -4.01259731294, -4.88088004248, -7.21452972877e-08
-0.499695067085, -4.01259710151, -4.8808968581, -1.68454522578e-13
-0.49969506515, -4.01259709037, -4.88089686935, 0.0
-0.499695167172, -4.01259695739, -4.8808970592, -1.49922261459e-11
-0.499695061503, -4.01259708628, -4.88089685244, -1.68453986975e-13
-0.499695067097, -4.01259707171, -4.88089690396, -1.68454843129e-13
-0.501498954968, -4.01263053312, -4.88173779566, -0.00100166714638
-0.499694911643, -4.01258480669, -4.88089774202, -3.83146918047e-08
-0.499695076083, -4.01259707856, -4.88089689113, 0.0
-0.499699505004, -4.01258605497, -4.88089923776, -3.71554767471e-08
-0.499695055352, -4.01259706627, -4.88089618317, -1.22129059375e-10
-0.499695084017, -4.01259708691, -4.88089685376, -1.68454135812e-13
-0.499748915282, -4.01231387989, -4.88090728676, -2.10261397492e-05
-0.499694976473, -4.01259722991, -4.88089686235, -7.41198872053e-12
-0.537224264001, -4.00867599644, -4.88083376107, -0.363859479525
-0.499690802194, -4.01258833756, -4.88091356872, -9.43773408736e-08
-0.499695368704, -4.01259706669, -4.88089675504, -2.7121112138e-11
-0.499695849548, -4.01250781776, -4.88089032273, -2.02538637232e-06
-0.499696731088, -4.01257317244, -4.88089457469, -1.46629943161e-07
-0.499695164751, -4.01259691301, -4.88089676951, -1.29708703893e-11
-0.49969509959, -4.0125967781, -4.8808968592, -2.40886082131e-11
-0.499694670065, -4.01262878519, -4.88090181019, -2.60371227306e-07
-0.498906660078, -4.01320353401, -4.8808960274, -0.000250206020604
-0.503280454777, -4.01269547865, -4.88089693642, -0.00326220872727
-0.499688828044, -4.01260459998, -4.88089666512, -2.41348563905e-08
-0.499694264334, -4.01259675486, -4.88089685624, -1.89843600349e-10
-0.49969460273, -4.01259700659, -4.88089772444, -2.36843475762e-10
-0.499691469791, -4.01261065054, -4.88089755103, -4.9929569108e-08
-0.499694945378, -4.0125980003, -4.88089798896, -5.27778964647e-10
-0.499669223851, -4.01258805199, -4.8808938634, -1.91773316998e-07
-0.499693188332, -4.01260259204, -4.8811796531, -2.02226019374e-05
-0.499665950832, -4.01259735008, -4.88089350431, -2.17219835332e-07
-0.499691347651, -4.01259738488, -4.88089571716, -3.85894086873e-09
-0.499691344865, -4.01259698917, -4.88089430092, -5.1821573619e-09
-0.499689701874, -4.02225754059, -4.88088958917, -0.0234378620357
-0.499674087889, -4.01259712112, -4.88089089398, -1.20321306953e-07
-0.499784365736, -4.01234424078, -4.88094198229, -1.86836330456e-05
-0.499697122292, -4.01259471947, -4.88092028856, -1.41069887962e-07
-0.498972835632, -4.01270956249, -4.88088817658, -0.00013518878769
-0.647291420607, -4.01277926867, -4.87991031846, -5.70675303741
-0.499572370938, -4.0068829572, -4.88135928803, -0.00836148617193
-0.499682007439, -4.01258711642, -4.88090674301, -9.28432391507e-08
-0.499693286753, -4.01254876962, -4.88091551986, -6.78865980815e-07
-0.499624471316, -4.01258152891, -4.88122419692, -2.84165120363e-05
-0.49970179149, -4.0126068043, -4.88103558249, -4.89915462583e-06
-0.357352936557, -2.01308474528, -4.78962835342, -445.401630436
-0.500290418204, -4.01208810879, -4.88093342889, -0.000155434898819
-0.213484239149, -4.0425116584, -4.88187693914, -21.4087077176
-0.504219708682, -4.01617331089, -4.88060370928, -0.0084037134896
-0.504629539275, -4.01255493865, -4.88018582972, -0.00629512199611
-0.512026605958, -4.01168764435, -4.8765982748, -0.0433746933796
-0.499825603165, -4.01400196562, -4.88089377204, -0.000502694156275
-0.500742548416, -4.01290780507, -4.88143479363, -0.000374294875948
-4.99934055298, 2.1303072868, -4.96940801048, -538.056028447
-0.470507435732, -4.02867822837, -4.88090532133, -0.272600626642
-1.63031142709, 4.2736749968, -4.92630164306, -155.128901829
-2.82506217752, -3.23813610101, -4.9799041835, -392.723595018
-0.499694807799, -4.01259691128, -4.88091203452, -5.81197658013e-08
-0.499599381141, -4.0251774958, -4.88159232292, -0.0396820719749
-0.49969437721, -4.01256996939, -4.88089544426, -1.86562579363e-07
-1.06595706437, -4.98559612609, -4.91458317236, -116.962301567
-0.499673573037, -4.01259550678, -4.88089670546, -1.17435461466e-07
-0.499694864416, -4.01259744066, -4.88089657974, -6.46865376469e-11
-0.499701572034, -4.01238972333, -4.88090057753, -1.0878962307e-05
-0.499674853327, -4.0137182522, -4.88096009118, -0.000318603367747
-0.499695021401, -4.01282206456, -4.88089736135, -1.27879304944e-05
-0.49969493618, -4.0126086017, -4.88090641676, -5.65685848516e-08
-0.508427875729, -4.01256627799, -4.88107703159, -0.0193005579602
-0.500353106409, -4.01051531062, -4.88089511103, -0.00121063569412
-0.499696837187, -4.01259699489, -4.88089669838, -8.04040108962e-10
-0.49985695243, -4.0124272552, -4.99738029366, -3.89054589963
-0.499667939959, -4.0125750613, -4.88094966868, -1.0131066903e-06
-0.4996949847, -4.01259708018, -4.88089674159, -6.40120133194e-12
-0.499696071128, -4.01259605804, -4.88089701516, -5.27091535073e-10
-0.499698169043, -4.01258300178, -4.88089619315, -5.27048113244e-08
-0.499800416477, -4.01259761948, -4.88089389067, -2.80763093155e-06
-0.49969510051, -4.01259708133, -4.88089615059, -1.34088833403e-10
-0.49970458845, -4.01259795532, -4.88089545514, -2.3637533056e-08
-0.499695079848, -4.01259704715, -4.88089721367, -2.89737693107e-11
-0.499695081756, -4.01259710497, -4.88089686629, -1.68454472286e-13
-0.499696134528, -4.01257843582, -4.88090067757, -9.18827997437e-08
-0.49969505257, -4.0125970203, -4.88089674712, -5.39046491054e-12
-0.499695051604, -4.01259712969, -4.88089674272, -5.22205185695e-12
-0.499695074799, -4.01259723339, -4.8808968657, -5.72746649695e-12
-0.499695229496, -4.01259723206, -4.8808967546, -1.61716717474e-11
-0.490844857655, -4.01262470434, -4.88085512428, -0.0197077837128
-0.499695717647, -4.01258595506, -4.88089577995, -3.17340950501e-08
-0.499695270405, -4.01261186756, -4.88089488369, -5.628471342e-08
-0.501505110769, -4.01268723566, -4.88317312675, -0.00214048704648
-0.499695072098, -4.01259520015, -4.88089662123, -9.1486104874e-10
-0.499713216278, -4.01259556029, -4.88089753712, -8.40066334893e-08
-0.499694543527, -4.01261512034, -4.88089388636, -8.46031516598e-08
-0.49969508796, -4.01259867417, -4.8808969873, -6.42011725468e-10
-0.499694784019, -4.01259642704, -4.88089686763, -1.2953761993e-10
-0.49969505483, -4.01259709311, -4.88089687691, 0.0
-0.499694109056, -4.0125970003, -4.88091713205, -1.03968410382e-07
-0.499693226743, -4.0126003378, -4.88070672272, -9.13880889753e-06
-0.499695061781, -4.01259710159, -4.88089542062, -5.37200158616e-10
-0.499714472254, -4.01262208562, -4.88090042927, -2.56522729382e-07
