-0.499695069462, -4.0125970687, -4.88089682047, -8.42264667803e-13
-0.49969502074, -4.01259720116, -4.88089676381, -7.24351909681e-12
-0.499695083202, -4.0125966719, -4.88089678867, -4.51450121858e-11
-0.49969507955, -4.01259777269, -4.88089623128, -2.25394607505e-10
-0.499694590947, -4.01259517668, -4.88089709332, -9.89306138292e-10
-0.49968735048, -4.01259040338, -4.88089484005, -2.73887835461e-08
-0.499658584207, -4.01259766504, -4.88090125264, -3.41432158299e-07
-0.499691812835, -4.01264435897, -4.88089464585, -5.69219890579e-07
-0.499666916433, -4.01265310322, -4.88089632267, -9.94125374235e-07
-0.499696753041, -4.01255450736, -4.88081267499, -2.25156580689e-06
-1.15033999567, 2.56919870824, -4.84563960528, -234.868441351
-0.574928829548, -4.90088339645, -4.85613586929, -93.0503367116
-0.388750194731, -4.9933194565, -4.85878925502, -113.836608734
-1.42678748927, 0.785584064254, -4.85334178355, -880.678187042
-1.36346417111, 2.4210063391, -4.88675739471, -348.819434118
-1.48148076539, 3.67395087253, -4.85863414833, -0.000145162667923
-1.48166230627, 3.67397130976, -4.85874568199, -0.00128511086274
-1.48148866156, 3.67424984258, -4.8588595395, -0.00233681467424
-1.56986454645, 3.59808150737, -4.7871780673, -2.68961377184
-1.56982130665, 3.59828000582, -4.78864924142, -2.70847780671
-1.53631205623, 3.56464395183, -4.7647163614, -58.8832137308
-1.56286710594, 3.6257320327, -4.75619551475, -34.5366717865
-1.57053289997, 3.59907701546, -4.78804328688, -2.75174151264
-1.57071544727, 3.59737393255, -4.78389593091, -3.18125903635
-1.47630779651, 3.61575670274, -4.99996006886, -3.69647076095
-2.03686914596, 3.57465992318, -4.94894020193, -101.191857519
-1.47630742336, 3.61575539464, -4.9999606557, -3.69785334215
-1.47632361163, 3.61576931841, -4.9999995287, -3.70626359186
-1.47630888792, 3.6157718435, -4.99998704847, -3.70948037672
-1.47630480437, 3.61580191338, -4.99996685066, -3.71220425683
-1.47631075477, 3.61575157624, -4.99993308346, -3.7172423599
-1.47630736719, 3.6157551899, -4.99995969109, -3.69629927167
-1.47637103045, 3.61576118184, -4.99998271734, -3.71682955801
-1.4762894448, 3.61576209557, -4.99998288965, -3.70352223537
-1.47626828935, 3.61576197465, -4.9999823003, -3.69700736386
-1.4762682967, 3.61576197477, -4.99998231302, -3.6970459721
-1.4762683335, 3.61576199096, -4.99998228775, -3.69709099043
-1.47626831479, 3.61576253978, -4.9999822195, -3.69785031651
-1.47627021, 3.61576252821, -4.99998546486, -3.69869194384
-1.47633100105, 3.6157641562, -4.99999791571, -3.69925248886
-1.47633109534, 3.6157636438, -4.99999795831, -3.69969815461
-1.48663121324, 3.67592347824, -4.99789985794, -65.3297594542
-1.47552919601, 3.66274845603, -4.98000123156, -52.5948398885
-1.47923879399, 3.66732924178, -4.99852764833, -57.2371301332
-1.48114153133, 3.63363410106, -4.85154843786, -39.0463960474
-1.48218665601, 3.65220099066, -4.87455260817, -17.656940645
-1.47939810695, 3.6812165238, -4.85990748647, -1.46488671362
-1.40404078547, 3.76973849415, -4.86061475464, -68.9010884408
-1.14394214703, 3.69312550955, -4.85680531656, -69.5504071584
-1.47270053025, 3.68143980105, -4.85659185981, -3.44428878788
-1.39297113585, 3.74682447141, -4.93091051964, -3.6314133373
-1.39450357231, 3.74220923542, -4.93063927181, -4.53111360662
0.319683766283, 4.95237231179, -4.96850325186, -495.375116576
-1.82277669052, -4.68602295355, -4.91657341106, -175.527066365
-1.03770160479, 4.99921550767, -4.95033537122, -254.313234661
-0.331329396755, -1.13526448358, -4.91486520509, -811.844055639
-0.541499498898, -4.90000999081, -4.87159957769, -90.392280621
-0.506862505088, -3.65835328818, -4.88227324125, -44.6034652341
1.49203054114, 2.68567713905, -4.8267506037, -1731.80044177
-0.858850833177, -4.99900507114, -4.91969567455, -116.689326762
1.31046212326, -4.99904490843, -4.91378959295, -148.270067968
-3.98481398348, -4.99944044252, -4.87273307038, -900.07480133
-0.499694734007, -4.01257255786, -4.88084635832, -7.97436663212e-07
-0.499966836765, -4.01302107299, -4.78438673212, -2.61384987147
-1.48099268228, -1.17154490992, -4.95944542151, -641.164995758
-0.499695030381, -4.01259644216, -4.8808967804, -1.07134052213e-10
-0.642551312076, -4.95019248815, -4.96476233383, -107.93455674
-3.11726960534, 1.59603649128, -4.99996730902, -398.26356249
-0.499980886294, -4.05796824836, -4.88131624406, -0.515757021841
-0.499695066079, -4.01259707059, -4.88089681681, -1.01071747814e-12
-0.499695075579, -4.01259709145, -4.88089687568, 0.0
-0.902824592594, 4.511458074, -4.87484118875, -170.342852551
-0.499695079951, -4.01259703789, -4.88089692783, -1.17917845306e-12
-0.499695065489, -4.01259709803, -4.88089687644, 0.0
-0.499694864984, -4.01260075397, -4.8807503209, -5.43163462404e-06
-0.499694898531, -4.01259679406, -4.88089684539, -2.8636695288e-11
-0.499695069298, -4.01259709377, -4.880896885, 0.0
-0.499679081736, -4.01259717254, -4.88089697789, -6.46072554297e-08
-0.499695051377, -4.01259710051, -4.88089689925, -1.68454838831e-13
-0.499695071185, -4.01259709291, -4.88089687312, 0.0
-0.499695059277, -4.01259708182, -4.88089688112, 0.0
-0.499695071831, -4.01259708362, -4.88089685545, -1.68454271612e-13
-0.499695070187, -4.01259709134, -4.88089689317, 0.0
-0.499695057338, -4.01259707675, -4.8808966607, -1.1960134992e-11
-0.499695052359, -4.01259709599, -4.88089832557, -5.29967460894e-10
-0.499695065416, -4.01259696923, -4.88089675539, -7.24343839199e-12
-0.499695083953, -4.01259714548, -4.88089689679, -1.17918384578e-12
-0.499695070187, -4.01259709134, -4.88089689317, 0.0
-0.499698633062, -4.01259707522, -4.88089689695, -3.21886192889e-09
-0.499695854436, -4.01259722109, -4.88089656969, -1.86143390329e-10
-0.499695064337, -4.01259695965, -4.88089685329, -4.04286859931e-12
-0.499695088753, -4.01259709285, -4.88089686483, -1.68454598415e-13
-0.499695095563, -4.01259179424, -4.88089695939, -7.0795347751e-09
-0.499695064831, -4.01259709839, -4.8808969009, -1.68454961658e-13
-0.499695071809, -4.01259709094, -4.88089897807, -1.11539215217e-09
-0.499695064761, -4.01259709307, -4.88089686597, 0.0
-0.499695069744, -4.01259708676, -4.88089687788, 0.0
-0.499695042326, -4.01259709077, -4.88094482719, -5.81246206069e-07
-0.499695056738, -4.01259706926, -4.88089686648, -1.68453918232e-13
-0.499695078713, -4.01259707303, -4.88089684972, -3.36907805572e-13
-0.499695036373, -4.01259706511, -4.88089685223, -5.05360056124e-13
-0.499695066362, -4.01259708701, -4.88089685895, -1.68454180388e-13
-0.49969505682, -4.01259708583, -4.88089688274, 0.0
-0.499695049511, -4.01259708225, -4.88089684904, -3.36907894345e-13
-0.49969514566, -4.01259707039, -4.88089687648, -1.6845472405e-12
-0.499695063258, -4.01259708745, -4.88089695971, -1.68454806717e-12
-0.499695066118, -4.01259707671, -4.88089688014, 0.0
-0.499695026177, -4.01259708308, -4.88089686862, -3.36908118705e-13
-0.499695055713, -4.01259708781, -4.88089686712, 0.0
-0.499695085836, -4.01259711918, -4.88089688564, -3.36909631977e-13
-0.499695042567, -4.01259709977, -4.88089688434, -1.68454507019e-13
-0.499695066634, -4.01259707676, -4.8808967977, -1.68452688155e-12
-0.499695077169, -4.01259701815, -4.88089690119, -1.34763132903e-12
-0.499695072239, -4.01259706628, -4.88089688784, -1.6845441588e-13
-0.499695071959, -4.01259707024, -4.88089685714, -1.684540875e-13
-0.499695080676, -4.01259524856, -4.88089690191, -8.5286496203e-10
-0.499695067988, -4.01259713707, -4.8808968143, -1.68453757407e-12
-0.499695059727, -4.01259709777, -4.88089682986, -6.73816200693e-13
-0.499695067132, -4.01259719835, -4.88089687379, -3.20064292317e-12
-0.499695074858, -4.01259710609, -4.88089687315, -1.6845447953e-13
-0.499695066382, -4.01259707914, -4.88089692138, -5.05364935576e-13
-0.499695065671, -4.0125970926, -4.88089687903, 0.0
-0.499695059949, -4.01259708895, -4.88089693754, -8.42274036513e-13
-0.499695070897, -4.01259704169, -4.88089687029, -5.05361037064e-13
-0.499695059531, -4.01259708542, -4.8808968764, 0.0
-0.499695066413, -4.01259708848, -4.88089687299, 0.0
-0.499695065675, -4.01259709301, -4.88089687496, 0.0
-0.499695054911, -4.01259708573, -4.88089684656, -3.36908058904e-13
-0.499695071806, -4.01259706675, -4.88089687128, -1.6845401146e-13
-0.499695065995, -4.01259706158, -4.88089686598, -1.68453818336e-13
-0.499695204715, -4.01259693358, -4.8808968616, -1.07809753017e-11
-0.499695043515, -4.01259710331, -4.88090054743, -3.4056378795e-09
-0.499695053868, -4.01259700384, -4.8808968765, -1.68453350658e-12
-0.499695044782, -4.01259707237, -4.88089685216, -3.36907365112e-13
-0.499695065867, -4.01259707417, -4.88089689873, -1.68454841559e-13
-0.499695038281, -4.01259713283, -4.88089686869, -8.42272950035e-13
-0.499695055242, -4.0125970926, -4.88089687896, 0.0
-0.499695152419, -4.01259709254, -4.88089688711, -2.02146135626e-12
-0.499695060683, -4.01259708836, -4.88089689524, -1.68455075866e-13
-0.49969505856, -4.01259707635, -4.88089688836, 0.0
-0.499694990847, -4.012597093, -4.88089688563, -1.51608688835e-12
-0.49969506696, -4.01259709611, -4.88089685091, -1.68454531208e-13
-0.499695064531, -4.01259708633, -4.8808968929, 0.0
-0.499695059975, -4.01259747304, -4.88089685763, -3.82393856677e-11
-0.49969505497, -4.01259703623, -4.88089688483, -6.73815357533e-13
-0.499695099554, -4.01259710607, -4.88089690333, -5.0536517672e-13
-0.499695057263, -4.01259706272, -4.88089687983, -1.68454001574e-13
-0.499695057757, -4.01259706128, -4.8808969121, -5.0536422975e-13
-0.499695067561, -4.01259706516, -4.88089686655, -1.68453900181e-13
-0.49969505697, -4.01259706997, -4.88089688483, -1.68454304858e-13
-0.499695050945, -4.01259708207, -4.88089687746, 0.0
-0.499695052758, -4.01259702713, -4.8808968922, -1.01072472986e-12
-0.499695082556, -4.0125970566, -4.88089686007, -3.36907727874e-13
-0.499695069497, -4.01259708594, -4.88089688611, 0.0
-0.499695058829, -4.0125970721, -4.88089688483, 0.0
-0.499695133049, -4.01259702868, -4.88089687771, -2.02144376e-12
-0.499718328447, -4.01152461776, -4.87736721499, -0.00345489277694
-0.499695069413, -4.01259708131, -4.88089687026, 0.0
-0.499695075254, -4.01259708983, -4.88089689097, 0.0
-0.499695058794, -4.0125970721, -4.88089688483, 0.0
-0.499695089753, -4.01259707991, -4.88089687859, -1.68454713232e-13
-0.49969510452, -4.01259707874, -4.88089688578, -3.36909793708e-13
-0.499695082614, -4.0125970989, -4.88089688811, -1.68455054534e-13
-0.499694987401, -4.01259704014, -4.88089690468, -2.18988488936e-12
-0.49969506579, -4.01259704101, -4.88089650959, -3.48696384012e-11
-0.499695041354, -4.01259699008, -4.88089688331, -2.35834719587e-12
-0.499695063521, -4.01259707153, -4.88089687426, 0.0
-0.499695075951, -4.01259708379, -4.88089691651, -3.36910200535e-13
-0.499695068721, -4.01259708993, -4.88089689053, 0.0
-0.499695073253, -4.01259906231, -4.88089689989, -9.89058067225e-10
-0.499695052945, -4.01259707318, -4.88089687831, 0.0
-0.499695050613, -4.01259708526, -4.88089691918, -5.05365434923e-13
-0.499695329625, -4.01259709239, -4.88089687908, -1.76876718768e-11
-0.499695071426, -4.01259718142, -4.88089687334, -2.3583630582e-12
-0.49969496611, -4.01259708128, -4.88089695604, -4.04288523902e-12
-0.49969505307, -4.01259707005, -4.88089688384, -1.68454309848e-13
-0.499695051438, -4.01259706926, -4.88089688406, -1.68454310575e-13
-0.499695057592, -4.01259709219, -4.88089688392, 0.0
-0.499695163851, -4.01259707478, -4.88089689202, -2.526819422e-12
-0.49969505278, -4.01259708016, -4.88089688387, 0.0
-0.499695051164, -4.01259708966, -4.88089688388, 0.0
-0.499695046468, -4.01259712085, -4.88089688387, -5.0536355669e-13
-0.49969505273, -4.01259708018, -4.88089688387, 0.0
-0.499695046267, -4.01259708662, -4.88089699523, -3.53753602436e-12
-0.499695052806, -4.01259708018, -4.88089688387, 0.0
-0.499695052272, -4.01259705051, -4.88089688387, -3.36908078299e-13
-0.499694118928, -4.01259653204, -4.88089739479, -3.71267023189e-10
-0.499695052806, -4.01259708018, -4.88089688387, 0.0
-0.499695053196, -4.01259708189, -4.88089689239, -1.684547593e-13
-0.499695052806, -4.01259708018, -4.88089688387, 0.0
-0.499695052808, -4.01259708017, -4.88089688387, 0.0
-0.499695052806, -4.01259708018, -4.88089688387, 0.0
-0.499695052806, -4.01259708018, -4.88089688387, 0.0
-0.499695052806, -4.01259708018, -4.88089688387, 0.0
-0.499695052806, -4.01259708018, -4.88089688387, 0.0
-0.499695052806, -4.01259708018, -4.88089688387, 0.0
-0.499695052806, -4.01259708018, -4.88089688387, 0.0
-0.499695052806, -4.01259708018, -4.88089688387, 0.0
-0.499695052806, -4.01259708018, -4.88089688387, 0.0
-0.499695052806, -4.01259708018, -4.88089688387, 0.0
