-0.499695069462, -4.01259706805, -4.88089682047, -8.42264749585e-13
-0.49969502074, -4.01259720116, -4.88089676381, -7.24351909682e-12
-0.499695083202, -4.0125966719, -4.88089678867, -4.51450121858e-11
-0.499693624514, -4.01259777269, -4.88089623145, -7.50292710174e-10
-0.499694590947, -4.01259517668, -4.88089709332, -9.89306138292e-10
-0.49968735048, -4.01259040338, -4.88089484005, -2.73887835461e-08
-0.499658584207, -4.01259766504, -4.88090125264, -3.41432158299e-07
-0.499691812835, -4.01264435897, -4.88089464585, -5.69219890579e-07
-0.499666916433, -4.01265310322, -4.88089632267, -9.94125374288e-07
-0.499696753041, -4.01255450736, -4.88081267499, -2.25156580689e-06
-0.499692395349, -4.01260876768, -4.88215454138, -0.000399548763851
-0.160503022286, 3.89668602056, -4.84828279448, -361.683110773
-0.432534326223, 0.9133985341, -4.88939956506, -986.34174043
-1.37115586632, 3.71224176328, -4.79084849757, -41.8727597274
-1.37407777133, -4.47917910454, -4.87539673493, -125.307483912
-1.5230143076, 3.74107411175, -4.99836816409, -9.28654529495
-1.48166230627, 3.67397131004, -4.85874568295, -0.00128511095187
-1.48148866155, 3.67424984258, -4.8588595395, -0.00233681468096
-1.5698432443, 3.59937906811, -4.78270672426, -3.38816853804
-1.56980976486, 3.59828003555, -4.78864878383, -2.71348163798
-1.4914836764, 3.60184856126, -4.99789929231, -16.3369384785
-1.62365514964, 3.61448072108, -4.82614460797, -66.2171562023
-1.57053289862, 3.59907701513, -4.78805113611, -2.75506555204
-1.57071544727, 3.59737393355, -4.78389593092, -3.1812718102
-1.47630947204, 3.61575722415, -4.99996216314, -3.69751457033
-3.13801298353, 3.64902810933, -4.96046426817, -228.716566101
-1.47630820133, 3.61573026491, -4.99999999266, -3.70727509683
-1.45989591991, 3.7551965053, -4.96212938541, -72.5306180706
-1.47626691734, 3.61573677348, -4.99999088586, -3.70972059013
-1.47631252683, 3.61576259757, -4.99997097579, -3.70217598345
-1.47649312196, 3.61576152986, -4.99998566794, -3.74358258619
-1.47630044101, 3.61575770065, -4.99998945318, -3.70800132921
-1.47632316442, 3.61576151346, -4.99998514927, -3.69841504488
-1.47644429979, 3.61576541733, -4.99998556276, -3.73870137341
-1.47626741743, 3.61576171937, -4.99998549727, -3.7017399498
-1.47622110585, 3.61576808766, -4.99999698909, -3.70654336713
-1.47626988483, 3.61576083767, -4.99997905869, -3.70168060795
-1.47639163229, 3.61576245613, -4.99998367164, -3.73304129006
-1.47627021, 3.61576252821, -4.99998546489, -3.69869296217
-1.63267903351, 3.61559359312, -4.93480515844, -64.6790946369
-1.47633109534, 3.6157636438, -4.99999795834, -3.69969908121
-1.47633182615, 3.61576399717, -4.99999752582, -3.70007509585
-1.4763319405, 3.61576396412, -4.99999762554, -3.70005435858
-1.35257082309, 3.82503741265, -4.99836037117, -80.3012804212
-1.56148964313, 3.89657870478, -4.97780670304, -60.4952610734
-1.19062202597, 3.66396244564, -4.99907956053, -140.062132784
-1.89904797103, 3.55617265775, -4.9967567914, -92.1720348412
-4.21156158408, 3.72970147436, -4.80605261682, -396.981120912
-1.39273937158, 3.74780559586, -4.93324735952, -3.95896539305
-1.35012551417, 3.59155851357, -4.99954721454, -71.1451086675
-1.39456291105, 3.74684397414, -4.93093957137, -3.5830619931
-1.39448295617, 3.74805063131, -4.93048242435, -3.60219227571
-1.39431573225, 3.74916877357, -4.93063023856, -3.65674095228
-1.63305072812, 3.74674361939, -4.93187320078, -64.0499651745
-1.38659730566, 3.74795741186, -4.93082836809, -6.04217684204
-1.39364729747, 3.74657424291, -4.92619988179, -3.99536046335
-1.39383719794, 3.15513219692, -4.92529021093, -111.958903503
-1.39425555062, 3.7467484839, -4.93060443161, -3.56258764537
-1.54115407822, 4.00611291168, -4.93818833845, -106.909870499
-1.39428436565, 3.74677027709, -4.93058894024, -3.56021549417
-1.36961092074, 3.7739646422, -4.93055950594, -31.9329384054
-1.4095513566, 3.47389864001, -4.99809191324, -39.9834152872
-1.39430273109, 3.74678875031, -4.930697592, -3.56835929732
-1.39415126955, 3.74406858592, -4.93064939672, -4.02764641782
-1.31504283288, -3.89146726342, -4.93130668652, -120.015017884
-1.41228698302, 4.70554721989, -4.87450363204, -168.443857544
-1.80313260462, 1.97975595646, -4.92520450795, -319.037011667
1.51137780526, 2.91394704366, -4.83548843972, -854.273488852
0.0732024335876, 3.41170000849, -4.99998251252, -505.744137071
-0.499695093563, -4.01259696723, -4.88089555303, -4.47582613151e-10
-0.499697159447, -4.01259599404, -4.88086039154, -3.3800329798e-07
-2.35033948459, 1.60315881805, -4.80919719687, -432.024226619
-0.69622289976, -2.59161563238, -4.90481929797, -289.384104063
-0.499694877254, -4.01259705709, -4.88089685971, -9.26484897462e-12
-0.501072720187, -4.01269183128, -4.88272712602, -0.00132907699707
-0.499691319821, -4.01263765049, -4.88089283142, -4.23909732021e-07
-0.499695083455, -4.01259699863, -4.88089691653, -2.35834472007e-12
-1.64156662436, -4.92150251171, -4.7974840772, -155.824492861
-0.499535758838, -4.01234125327, -4.88307596303, -0.0012226670296
-0.499335976564, -4.01257263335, -4.88090173666, -3.27612783984e-05
-0.499694893652, -4.01259711385, -4.88089735042, -6.41807275274e-11
-0.49969506127, -4.0125970962, -4.88089687208, 0.0
-0.509476585103, -4.01765628105, -4.88087666456, -0.0305601906197
-0.499694206436, -4.01259705564, -4.88089770487, -3.59650282422e-10
-0.499693434712, -4.01260049079, -4.88091188678, -6.05748053568e-08
-0.499693117068, -4.0125970782, -4.88089688762, -9.60043915187e-10
-0.499695070129, -4.01259705076, -4.88089688726, -3.36908517794e-13
-0.49969503714, -4.01259710147, -4.8809049912, -1.66487952153e-08
-0.499695063782, -4.01259709175, -4.88089688389, 0.0
-0.169263914318, -4.79193445648, -4.85457186609, -77.6463265196
-0.49969507419, -4.01259709323, -4.88089686981, 0.0
-0.499695273208, -4.01259737761, -4.88089686271, -3.26804591679e-11
-0.499695874043, -4.01259710694, -4.88089685294, -1.65592899853e-10
-0.499688496476, -4.01259709879, -4.88089683979, -1.09127407196e-08
-0.499695053162, -4.01259686409, -4.88089687891, -1.22970242216e-11
-0.499695155987, -4.01259470348, -4.88089362807, -4.10688537542e-09
-0.499882442024, -4.01201101476, -4.88089014938, -9.56080959516e-05
-0.499695061604, -4.01259710422, -4.88089685253, -3.36909042694e-13
-0.499695064801, -4.01259691908, -4.88089593423, -2.32128508829e-10
-0.499695061982, -4.01259710505, -4.88089688689, -1.68454739556e-13
-0.499695076219, -4.01259710888, -4.88089683788, -5.05362972197e-13
-0.499695311433, -4.0125971313, -4.88089683052, -1.65085358304e-11
-0.499695061521, -4.0125971053, -4.88089684731, -3.36909090809e-13
-0.499695061857, -4.01259710482, -4.8808968673, -1.68454454463e-13
-0.499695108641, -4.01259702987, -4.88089674759, -5.55893122469e-12
-0.499695159939, -4.01259695881, -4.88089687487, -6.23274794591e-12
-0.499695080353, -4.01259708468, -4.88089686975, 0.0
-0.499582746987, -4.01259837678, -4.88085475076, -3.63683230193e-06
-0.499694983974, -4.01259256676, -4.88089688913, -5.16334735515e-09
-0.499695069964, -4.01259707706, -4.88089686891, 0.0
-0.499695070487, -4.01259707727, -4.88089686879, 0.0
-0.49969506645, -4.01259706461, -4.88089686849, -1.68453844682e-13
-0.499695135826, -4.01259707625, -4.88089688557, -1.34763683421e-12
-0.499694875669, -4.0125973572, -4.88089682723, -2.84687770463e-11
-0.49969507078, -4.01259707706, -4.88089686874, 0.0
-0.498104235328, -4.01263145868, -4.88058427447, -0.000666065179945
-0.499694749282, -4.01259695203, -4.88089690927, -2.99843653599e-11
-0.499695031264, -4.01259200247, -4.88089730206, -6.57737157836e-09
-0.499682560203, -4.01260236023, -4.88089675726, -4.65894879265e-08
-0.499695159559, -4.01259711792, -4.88089669998, -1.06125979156e-11
-0.499694935473, -4.01259561934, -4.8808971099, -5.60942422082e-10
-0.499695074147, -4.01259881325, -4.88089696701, -7.57582510255e-10
-0.499695049751, -4.01259708166, -4.88089687059, 0.0
-0.499695696723, -4.01259368393, -4.88090410834, -1.62467033988e-08
-0.499695057636, -4.01259707506, -4.88089711316, -1.39815894449e-11
-0.499691235898, -4.01259743251, -4.88089700204, -3.74333706657e-09
-0.499695041875, -4.01259712721, -4.88089686961, -6.73817791559e-13
-0.499695049262, -4.01259702168, -4.88089700544, -5.22203930923e-12
-0.499695056802, -4.01259707191, -4.8808968693, 0.0
-0.499695030076, -4.01259707529, -4.88089687508, -3.36907877973e-13
-0.499693559587, -4.01259543884, -4.88089437334, -2.84487338388e-09
-0.499696988783, -4.01259710334, -4.88085857688, -3.71830673106e-07
-0.499695079856, -4.01259707255, -4.88089617607, -1.24655751411e-10
-0.499695462099, -4.01259621336, -4.88089699105, -2.35157242802e-10
-0.499693759097, -4.01259710901, -4.88089665385, -4.44381298015e-10
-0.499696423492, -4.01257694599, -4.88090134557, -1.08067290273e-07
-0.499685656852, -4.01302275731, -4.88092906687, -4.60535457177e-05
-0.499677362975, -4.01278874398, -4.88086539889, -9.61287682401e-06
-0.49964698081, -4.01262647725, -4.8808989492, -8.04233951986e-07
-0.499773981678, -4.01259841096, -4.88089650501, -1.57492112181e-06
-0.605739151865, -4.01301767025, -4.88099043532, -2.87113852484
-0.49947650899, -4.01314952709, -4.88092283919, -8.92602393505e-05
-0.499707383417, -4.01258249376, -4.88089901287, -9.33479146728e-08
-0.499695029506, -4.0125968678, -4.88089797598, -3.17201338617e-10
-0.499695036654, -4.01259432569, -4.88089679816, -1.92688077117e-09
-0.499693447132, -4.01168040965, -4.88090466383, -0.000212700301169
-0.507590956358, -4.0077840257, -4.88194749818, -0.022035101304
-0.499922887232, -4.01275949925, -4.88089614859, -1.97756065362e-05
-0.499703097396, -4.01259727932, -4.88090007731, -1.89134307928e-08
-0.499688483221, -4.0125877529, -4.88094645646, -6.5438834897e-07
-0.499697571251, -4.01259724336, -4.88089696869, -1.59651220588e-09
-0.5001737575, -4.01257300303, -4.88138924743, -0.000119292099968
-0.499703094721, -4.01261135497, -4.88089048914, -7.81294790124e-08
-0.499682673134, -4.01237919993, -4.88125555988, -4.45589867267e-05
-0.524668332397, -4.01519175124, -4.91015029855, -0.381076278272
-0.514319619253, -4.01278386573, -4.8807197774, -0.0542573839031
-0.508546122712, -4.90551784389, -4.93547486673, -82.3974043887
-0.500209548716, -4.40314832298, -4.88106654981, -40.1608790207
-0.499695076008, -4.01259707765, -4.88089686126, -1.6845424691e-13
-0.488561752262, -4.01199894533, -4.8809782066, -0.0312565931821
-0.499694946272, -4.01259696252, -4.8808968288, -7.91721617922e-12
-0.499899632165, -4.01237691893, -4.88087905751, -2.28967937066e-05
-0.499695051431, -4.01259698993, -4.88089922523, -1.39570931496e-09
-0.499695024967, -4.01259709506, -4.88089686542, -5.05363927715e-13
-0.499695546693, -4.01259701144, -4.88089485959, -1.09005540864e-09
-0.499670295388, -4.01214553407, -4.88089159692, -5.16836094062e-05
-0.499695056621, -4.01259708871, -4.88089685336, -1.68454078662e-13
-0.499695048937, -4.01259709087, -4.88089687588, 0.0
-0.499696284271, -4.01259562054, -4.88093687551, -4.05416383911e-07
-0.49969364875, -4.01259705281, -4.88090867316, -3.56943076331e-08
-0.499695101398, -4.01259703794, -4.88089700645, -5.0536029874e-12
-0.498061280881, -4.01244385383, -4.93656096667, -0.791496132764
-0.499695059803, -4.01259683247, -4.88089682426, -1.68451886495e-11
-0.499695059001, -4.01259707561, -4.88089687386, 0.0
-0.49969504335, -4.01259707767, -4.88089660192, -1.93719599984e-11
-0.499695059554, -4.01259707452, -4.88089686088, -1.68454068913e-13
-0.499695008733, -4.01259709665, -4.88089676195, -4.2113235757e-12
-0.499690634032, -4.01259710817, -4.88089688044, -4.96640886508e-09
-0.499705745808, -4.01259534699, -4.88089607285, -2.97719435929e-08
-0.499695062166, -4.01259707251, -4.88089687923, 0.0
-0.499695057908, -4.01259743051, -4.88089687994, -3.03220088144e-11
-0.499695083424, -4.01260102771, -4.88089939222, -5.53055944881e-09
-0.49969509099, -4.01259706964, -4.88089687809, -1.68454541429e-13
-0.499694717181, -4.0125970926, -4.88089682327, -3.15004065486e-11
-0.499695083216, -4.01259726823, -4.88089688088, -8.59122851626e-12
-0.499695988298, -4.01259609348, -4.88089688271, -4.63921721085e-10
-0.499699914319, -4.01260149496, -4.8808669828, -2.36845368971e-07
-0.499695055872, -4.01259709703, -4.88089685213, -1.68454383067e-13
-0.499695273355, -4.01259967477, -4.88089705017, -1.71477606811e-09
-0.499718759663, -4.01257946716, -4.88020570098, -0.000121014740337
-0.499695169642, -4.01259709899, -4.88089688112, -2.86373650628e-12
-0.499694159913, -4.01259651226, -4.88089698918, -2.93272462063e-10
-0.499695061854, -4.01259689335, -4.88089685961, -9.43333338845e-12
-0.499695841644, -4.0125978407, -4.88089701609, -3.01709442095e-10
-0.499695060721, -4.01259710906, -4.88089689916, -3.36909815725e-13
-0.499695061692, -4.01259710168, -4.88089691334, -3.36910109738e-13
-0.499695852077, -4.01259709934, -4.88089688144, -1.56495730564e-10
-0.499694076126, -4.01259720233, -4.88093556635, -3.7870020671e-07
-0.499695061615, -4.01259710129, -4.88089688453, 0.0
-0.499695336779, -4.01258977531, -4.88117201899, -1.9149877736e-05
