-0.499695069462, -4.0125970687, -4.88089682047, -8.42264667803e-13
-0.49969502074, -4.01259720116, -4.88089676381, -7.24351909681e-12
-0.499695083202, -4.0125966719, -4.88089678867, -4.51450121858e-11
-0.49969507955, -4.01259777269, -4.88089623128, -2.25394607505e-10
-0.499694590947, -4.01259517668, -4.88089709332, -9.89306138292e-10
-0.49968735048, -4.01259040338, -4.88089484005, -2.73887835461e-08
-0.499658584207, -4.01259766504, -4.88090125264, -3.41432158299e-07
-0.499691812835, -4.01264435897, -4.88089464585, -5.69219890579e-07
-0.499666916433, -4.01265310322, -4.88089632267, -9.94125374235e-07
-0.499696753041, -4.01255450736, -4.88081267499, -2.25156580689e-06
-0.499692395349, -4.01260876768, -4.88215454138, -0.000399548763851
-1.18774247889, -4.94358412968, -4.86026831386, -138.142654861
-1.67414697071, -0.0720255104571, -4.85893366156, -794.715751407
-1.76576801004, 3.71666440011, -4.78947587386, -77.3528039032
-4.33801826642, -1.53786523307, -4.88352869852, -958.71707876
-1.47838778161, 3.69242147185, -4.99844895206, -75.5631570739
-1.48166230627, 3.67397130976, -4.85874568199, -0.00128511086274
-1.48148866156, 3.67424984258, -4.8588595395, -0.00233681467424
-1.56986454644, 3.59808150748, -4.78717801585, -2.68964075432
-1.56982130665, 3.59828000582, -4.78864924142, -2.7084778068
-1.59702621359, 3.72373245655, -4.69648515311, -84.6650453939
-1.54347136972, 3.59867509115, -4.76776931032, -26.2641352792
-1.57053289997, 3.59907701546, -4.78804328688, -2.75174151264
-1.57071544727, 3.59737393255, -4.78389593091, -3.18125903635
-1.47630947204, 3.61575722415, -4.99996216314, -3.69751446594
-1.60398180599, 3.63023535144, -4.97298127285, -53.8103674279
-1.47630911741, 3.61575393151, -4.99996294586, -3.69811604702
-1.47634609566, 3.61587731237, -4.99997927204, -3.73387160572
-1.4763656126, 3.61635795473, -4.99998745372, -3.82987191117
-1.4767331201, 3.61576164726, -4.99998378295, -3.77567631225
-1.47628518446, 3.61576181578, -4.99999962628, -3.70702182686
-1.47629237936, 3.6157570364, -4.99999939327, -3.70809689124
-1.47637194838, 3.61576149428, -4.99996785442, -3.72018648765
-1.47620840557, 3.61576188467, -4.99998165004, -3.71157340725
-1.47626792646, 3.61576204812, -4.99998242626, -3.69764115381
-1.47626803867, 3.61576201579, -4.9999826048, -3.69753178949
-1.47626833127, 3.61576248792, -4.99998251622, -3.69851228323
-1.47626831739, 3.6157625398, -4.9999822195, -3.69785654869
-1.47627021, 3.61576252821, -4.99998546486, -3.69869194384
-1.16622839811, 3.61577094625, -4.98494216136, -81.7848769947
-1.47633109534, 3.6157636438, -4.99999795831, -3.69969815461
-1.4763307437, 3.61576399664, -4.99999752589, -3.69971766023
-1.4763319405, 3.61576396412, -4.99999762554, -3.70005435858
-1.52140032273, 3.64851404015, -4.91293699662, -69.578702341
-1.43348515368, 3.77805713484, -4.93321143781, -75.3173923549
-2.00422524205, 3.74198256645, -4.99529221168, -101.210050676
-1.44916109505, 3.45286209747, -4.906867146, -76.4730653294
-0.664799719115, 3.64745282528, -4.90511217374, -204.72826728
-1.39442369668, 3.74807794885, -4.93081862276, -3.58617331367
-2.01906603233, 3.90281010674, -4.81703071527, -151.538716507
-1.39452738448, 3.74639530134, -4.93060157377, -3.6536770306
-1.39457454716, 3.74803957033, -4.93081987658, -3.55479297631
-1.3943086238, 3.74597796724, -4.93060972676, -3.67420696194
-1.39425827628, 3.7487793452, -4.93063824368, -3.66425381433
-1.39427079779, 3.74678224743, -4.93059803774, -3.55861242831
-1.37391142302, 3.74655392873, -4.93100356894, -20.387398051
-1.24352566305, 3.76988179909, -4.92027221559, -75.3470642879
-1.3942643715, 3.74678297368, -4.93060017207, -3.55836174449
-1.3791531324, 3.4603023619, -4.91985581003, -80.3493706228
-1.39428436556, 3.74677027709, -4.93058894024, -3.56021124792
-1.75374647201, -1.4576910271, -4.91876040009, -629.488244397
-0.080335299003, -0.541843797875, -4.88122838274, -1046.62149381
-0.768123375901, 4.93471166663, -4.90358363289, -244.081161804
-1.3829904657, 0.660037393081, -4.93113821947, -672.254144951
0.420690838409, 4.9140876311, -4.90337127369, -535.81951746
-0.499741367721, -3.98736364789, -4.88523203822, -0.173081270942
-0.216207886942, -4.99900009981, -4.90894774417, -101.47985043
-0.881982002016, -1.63815853653, -4.99979769919, -564.465510826
-0.767653575095, -4.90003433434, -4.89839927875, -105.922273096
-0.499695069411, -4.01259708575, -4.88089690423, -1.6845524986e-13
-0.499695113953, -4.01259706621, -4.88089981136, -2.17693599487e-09
-1.05590688592, -4.93651288241, -4.92692780195, -115.103310667
-0.504442081019, -4.01305295048, -4.88972996136, -0.0255902116715
-0.499695074027, -4.01259709861, -4.88089688039, 0.0
-0.499699992762, -4.01280548446, -4.88254128249, -0.000694844902504
-0.499695070536, -4.01259709231, -4.88089687087, 0.0
-0.499695054747, -4.01259704212, -4.88089690778, -6.73817661038e-13
-2.45895579291, -4.92250398475, -4.89875349856, -241.165031137
-0.499695283918, -4.01259734271, -4.88089642057, -8.18691201876e-11
-0.499695347979, -4.01259742932, -4.88089567217, -4.17933869839e-10
-0.499695084641, -4.01259706688, -4.88089688969, -1.68454646851e-13
-0.499695075475, -4.01259708367, -4.8808968776, 0.0
-0.499695091133, -4.01257392765, -4.88089972429, -1.3764530026e-07
-0.499695075823, -4.01259709807, -4.88089685927, -1.6845459608e-13
-0.499695067999, -4.01259706339, -4.88089686007, -1.68453851825e-13
-0.499695055979, -4.01259707276, -4.88089687059, 0.0
-0.499695104897, -4.01259708892, -4.88089685455, -5.05362585371e-13
-0.499695070993, -4.01259708073, -4.88089689224, 0.0
-0.49969506753, -4.01259710013, -4.88089687161, 0.0
-0.499309329207, -4.01258567641, -4.88091168457, -3.77169440696e-05
-0.499695327157, -4.01259708465, -4.8808968794, -1.73507376469e-11
-0.499695069531, -4.01259701082, -4.88089687029, -1.34762747819e-12
-0.499695076203, -4.01259791973, -4.88089579686, -4.71853063071e-10
-0.499695067556, -4.01259710012, -4.88089687144, 0.0
-0.499695059032, -4.01259707682, -4.88089688373, 0.0
-0.499695079805, -4.01259709754, -4.88089686501, -1.68454756393e-13
-0.499695595138, -4.01259712598, -4.8808971682, -9.26509586532e-11
-0.499695079667, -4.01259707847, -4.88089687369, 0.0
-0.49969509778, -4.01259705852, -4.88089686967, -5.0536199149e-13
-0.49969506049, -4.01259707543, -4.88089685975, -1.68454016528e-13
-0.499695060639, -4.01259708931, -4.88089685475, -1.68454023813e-13
-0.49969507743, -4.01259709852, -4.88089687298, -1.68454742762e-13
-0.499695078485, -4.01259710202, -4.88089687237, -1.68454742916e-13
-0.499695075234, -4.01259708502, -4.88089687036, 0.0
-0.499694944497, -4.01259708627, -4.88089689714, -3.70596660562e-12
-0.499695047639, -4.01259708857, -4.88089687115, -1.68454233419e-13
-0.499695050363, -4.01259710506, -4.88089686397, -1.68454377698e-13
-0.49965164776, -4.01259797963, -4.88089686677, -4.7687099781e-07
-0.499695081742, -4.0125970889, -4.88089677117, -3.03215743687e-12
-0.49969507847, -4.01259700718, -4.88089687972, -1.51608061278e-12
-0.49969506127, -4.01259708259, -4.88089686326, 0.0
-0.499695056303, -4.01259709753, -4.88089687382, 0.0
-0.499695056116, -4.01259708432, -4.88089687823, 0.0
-0.499695059336, -4.01259708033, -4.88089687544, 0.0
-0.49969508457, -4.01259710528, -4.88089686236, -3.36908877257e-13
-0.499695062101, -4.012597075, -4.88089631804, -7.93418399792e-11
-0.499695031605, -4.01259694253, -4.88089688263, -5.39050418924e-12
-0.499695059324, -4.01259708393, -4.88089687602, 0.0
-0.499695061514, -4.01259708395, -4.88089687575, 0.0
-0.499695068571, -4.01259704684, -4.8808968965, -5.053630918e-13
-0.499695063958, -4.01259706039, -4.88089686778, -1.68453786594e-13
-0.499695042489, -4.01246375569, -4.88089763029, -4.49229560622e-06
-0.499695051464, -4.01259679324, -4.88089654298, -4.98620753448e-11
-0.499695038594, -4.0125972215, -4.88089683579, -5.39053430164e-12
-0.499695112815, -4.01259709121, -4.88089689204, -6.73819856801e-13
-0.499695062901, -4.01259709366, -4.88089687879, 0.0
-0.49969511921, -4.01259697637, -4.88089689404, -3.70595415836e-12
-0.499695052535, -4.01259709884, -4.88089635501, -6.92343512506e-11
-0.499695062777, -4.0125970754, -4.88089687032, 0.0
-0.499695059678, -4.012597083, -4.88089690714, -1.68455078655e-13
-0.499695196067, -4.01259708627, -4.88089682093, -5.22211160426e-12
-0.499695070515, -4.01259708025, -4.88089683556, -5.05361274065e-13
-0.499695045374, -4.01259709441, -4.8808968684, -1.68454517646e-13
-0.499695059609, -4.01259699272, -4.88089687073, -2.18989152516e-12
-0.499695060196, -4.01259707598, -4.88089687034, 0.0
-0.499694727955, -4.01259702834, -4.88089686947, -2.96473751882e-11
-0.499694999063, -4.01259712351, -4.88089696092, -3.20063019986e-12
-0.499694187806, -4.01259748164, -4.8808763655, -1.06626947096e-07
-0.4996951252, -4.01259726102, -4.88089686413, -8.75968733179e-12
-0.499695076882, -4.01259710201, -4.88089688041, -1.6845470764e-13
-0.500052272251, -4.01264499323, -4.88608786127, -0.00682868262555
-0.499698685887, -4.01259694236, -4.8808967338, -3.32514205467e-09
-0.499694871027, -4.01259691484, -4.8808968688, -1.68451439276e-11
-0.499695072643, -4.01259698694, -4.88089688479, -2.52679791057e-12
-0.499695061468, -4.0125970968, -4.88089688254, 0.0
-0.499695066984, -4.01259707017, -4.880896901, -1.68454777492e-13
-0.499695072113, -4.01259715283, -4.88127710233, -3.65450254224e-05
-0.499694602411, -4.01259000267, -4.88089619428, -1.28547755098e-08
-0.499695058372, -4.01259685464, -4.88089683463, -1.38130649894e-11
-0.499693305857, -4.01259707286, -4.88089677523, -7.85679943456e-10
-0.499695109368, -4.01259710226, -4.88089682629, -1.17918155675e-12
-0.499697201424, -4.01266773071, -4.88070604832, -1.0462680319e-05
-0.499695058076, -4.01259708913, -4.88089688536, 0.0
-0.499695060888, -4.01259709655, -4.88089688006, 0.0
-0.499694762815, -4.01259702589, -4.88089738179, -8.82686130843e-11
-0.499694267651, -4.01259774089, -4.88089680237, -2.71212268149e-10
0.232593526816, -2.49750980133, -4.95222504759, -393.745578754
-0.499694954001, -4.01259818219, -4.88089728702, -3.50051864817e-10
-0.499695050453, -4.01259709162, -4.88089688786, -1.68454687214e-13
-0.499695063336, -4.01259707131, -4.88089688482, 0.0
-0.499695062803, -4.01259703162, -4.88089690856, -1.0107260979e-12
-0.499696175679, -4.0125970504, -4.88086816631, -2.08750082064e-07
-0.499695064357, -4.01259707816, -4.88089683401, -5.05361413961e-13
-0.499695053072, -4.0125970913, -4.88089687453, 0.0
-0.499695064715, -4.01259706918, -4.88089728293, -4.16078317886e-11
-0.499696255764, -4.01259708416, -4.8808969651, -3.6032666348e-10
-0.499695069683, -4.01259707746, -4.88089686574, 0.0
-0.499695064605, -4.01259707172, -4.88089688121, 0.0
-0.499695064803, -4.01259708252, -4.88089826981, -4.89873106796e-10
-0.499695080506, -4.01259795296, -4.88089682264, -1.9136731362e-10
-0.499695080095, -4.01259698565, -4.8808968635, -2.52679769909e-12
-0.499695061559, -4.01259595045, -4.88086207204, -3.06642072185e-07
-0.499695077051, -4.01259708412, -4.88089688205, 0.0
-0.499695034325, -4.01259697959, -4.88089687525, -3.03215756908e-12
-0.499695062635, -4.01259708163, -4.88089688919, 0.0
-0.49969506591, -4.01259708686, -4.88089686216, 0.0
-0.499695060363, -4.0125970778, -4.88089826483, -4.86504368145e-10
-0.499695068293, -4.01259699914, -4.88089688695, -1.85298738401e-12
-0.499695056877, -4.0125970943, -4.88089686867, 0.0
-0.499695063644, -4.01259709893, -4.88089688962, -1.68454913395e-13
-0.49969499797, -4.01259707623, -4.88089687652, -1.17917575919e-12
-0.499695094466, -4.01259707864, -4.88089694606, -1.34763934546e-12
-0.499695074915, -4.01259709031, -4.88089691756, -5.05365108819e-13
-0.499695063912, -4.01259709571, -4.88089688623, 0.0
-0.499695063778, -4.01259703321, -4.88089688942, -6.73815991532e-13
-0.499695060103, -4.01259707943, -4.88089688393, 0.0
-0.499639738876, -4.01259818041, -4.88089853347, -7.75029511274e-07
-0.499695066564, -4.01259709678, -4.88089689492, -1.68454979863e-13
-0.499695058504, -4.0125970779, -4.88089685434, -1.68453875042e-13
-0.499679457513, -4.01259717445, -4.88089891424, -6.26519636509e-08
-0.499695068078, -4.01259707957, -4.88089687232, 0.0
-0.499695027323, -4.0125970796, -4.88089681867, -1.17917189086e-12
-0.499695060971, -4.01259709566, -4.88089674403, -4.54823515892e-12
-0.499695011081, -4.01259715639, -4.88089684337, -2.35836098821e-12
-0.499695050754, -4.0125970801, -4.88089688348, 0.0
-0.499694313406, -4.01259708044, -4.88089689241, -1.43015227855e-10
-0.499695052804, -4.01259708017, -4.88089688374, 0.0
-0.499695052331, -4.012597078, -4.88089689382, -1.68454744434e-13
-0.499695049704, -4.01259708353, -4.88089688402, 0.0
-0.499695052806, -4.01259708018, -4.88089688387, 0.0
