-0.499695069462, -4.0125970687, -4.88089682047, -8.42264667803e-13
-0.49969502074, -4.01259720116, -4.88089676381, -7.24351909683e-12
-0.499695083202, -4.0125966719, -4.88089678867, -4.51450121858e-11
-0.499695079555, -4.01259777269, -4.88089623128, -2.25394607967e-10
-0.499694590947, -4.01259517668, -4.88089709332, -9.89306138292e-10
-0.49968735048, -4.01259040338, -4.88089484005, -2.73887835461e-08
-0.499658584207, -4.01259766504, -4.88090125264, -3.41432158299e-07
-0.499691812835, -4.01264435897, -4.88089464585, -5.69219890579e-07
-0.499666916433, -4.01265310322, -4.88089632267, -9.94125374235e-07
-0.499696753041, -4.01255450736, -4.88081267499, -2.25156580689e-06
-0.499692395349, -4.01260876768, -4.88215454138, -0.000399548763851
-0.299608743874, 4.90005210469, -4.86685706296, -324.730410286
-0.115716013415, 1.17433350879, -4.86559021627, -931.504446591
-2.08556169262, 3.70978641699, -4.84956119834, -65.6470812468
-2.08173096528, 0.0157048870194, -4.86581727014, -640.083151949
-1.48575385895, 3.57684130255, -4.96706679065, -58.3487155703
-1.48166230627, 3.67397130976, -4.85874568199, -0.00128511086274
-1.48148866156, 3.67424984258, -4.8588595395, -0.00233681467424
-1.5698646275, 3.59808199873, -4.78719993229, -2.69589474266
-1.56982130665, 3.59828000582, -4.78864924127, -2.70848284151
-1.66351925847, 3.66379165518, -4.75792366657, -77.7922545582
-1.48595063772, 3.60274904658, -4.76110277421, -72.5315694282
-1.57053289997, 3.59907701546, -4.78804328688, -2.7517415127
-1.57071544727, 3.59737393255, -4.78389593091, -3.18125903638
-1.47630947204, 3.61575722415, -4.99996216314, -3.69751446594
-1.48891471483, 3.6107456188, -4.94534326576, -58.2381405609
-1.47630919253, 3.61575494838, -4.99996530836, -3.70137985865
-1.40922986696, 3.71321803395, -4.9492047366, -35.4479427121
-1.47622221329, 3.61602840107, -4.99997714714, -3.75291257793
-1.47630191617, 3.61576166325, -4.99998516002, -3.70471565709
-1.47628095738, 3.61576180963, -4.99998488461, -3.7037079099
-1.47638458495, 3.61576395376, -4.99999815975, -3.7223371615
-1.47632316448, 3.61576158203, -4.99998509256, -3.69799597653
-1.47631829778, 3.61576090293, -4.99998515527, -3.70420165731
-1.47627022211, 3.61576252813, -4.99998547595, -3.6986669953
-1.47621279049, 3.61576367611, -4.99999909042, -3.71024621582
-1.47626963121, 3.61576134923, -4.99999139385, -3.70445978416
-1.47621763608, 3.61576246413, -4.99998494251, -3.71256267484
-1.47627021, 3.61576252821, -4.99998546486, -3.69869194389
-1.43772417028, 3.61564321014, -4.92979198257, -82.4086284854
-1.47633109534, 3.6157636438, -4.99999795831, -3.69969819703
-1.47633074369, 3.61576399663, -4.99999752588, -3.69971802865
-1.4763319405, 3.61576396412, -4.99999762554, -3.70005435858
-1.33696532172, 3.35858824577, -4.94650482099, -75.6417315607
-1.37758310803, 3.26022356868, -4.99930617105, -103.186453627
-1.39812473583, 3.36914595501, -4.9795972601, -38.2529568352
-1.59272248543, 3.62289208406, -4.92117515195, -56.3215373538
-0.943462167907, 3.73653703938, -4.87680672537, -115.347616031
-1.39387355213, 3.75431017329, -4.90823062159, -14.7249672588
-1.57844942028, 3.78747465061, -4.93089184239, -79.5651118817
-1.39457296235, 3.74407643442, -4.93186643095, -4.01374390601
-1.39457454714, 3.74803957269, -4.9308182623, -3.5569341143
-1.39423516935, 3.74683382356, -4.93058192596, -3.57966469795
-1.3940057278, 3.74745727717, -4.93051231306, -3.61876005178
-1.39441209684, 3.74812822626, -4.93003067364, -3.62677168847
-4.93950314636, 3.746427094, -4.93076467798, -559.106003174
-1.44324712255, 3.50026648683, -4.92524771326, -71.4625679671
-1.39426437151, 3.74678297368, -4.93060017207, -3.55836234198
-1.38911429198, 3.93502569492, -4.94266377058, -81.4552346347
-1.39428436556, 3.74677027709, -4.93058894024, -3.56021125263
-1.3651491116, 3.74432599156, -4.93208180606, -38.0590484648
-1.38255327688, 3.67186923555, -4.91373868203, -80.3793493196
-1.39430345359, 3.74675075343, -4.93058107473, -3.56256622557
-1.39435040927, 3.75335633996, -4.92796774895, -4.60716765265
1.07806080306, 4.99669149796, -4.94163327432, -669.577452392
-0.294757765296, -4.90099894297, -4.88893043443, -94.6641748677
-0.149742542271, -4.29790769131, -4.90414092975, -42.9252336762
1.51949790758, 4.92057757154, -4.89307696575, -916.324964936
-0.655411523388, -4.99906900927, -4.87104850051, -106.915721745
-0.499695044402, -4.01259738636, -4.88089686922, -2.30783306006e-11
-0.499695054077, -4.01259705045, -4.88089683765, -6.73812916997e-13
-0.336712276782, -4.99900615831, -4.89951687085, -111.028247577
-0.510597093171, -3.75858952582, -4.83311629, -26.4963015775
-0.499695039192, -4.01259705791, -4.88089685974, -5.05360369011e-13
-0.500205185189, -4.01305133408, -4.88089749925, -0.000117815270002
-0.499695392525, -4.01259750712, -4.88089851189, -7.47291937599e-10
-0.499695062868, -4.01259748657, -4.88089692408, -4.1440203478e-11
-1.31359435189, -4.91659512471, -4.93983714117, -132.59818802
-0.499695208406, -4.01260963061, -4.88092913791, -3.03008357669e-07
-0.499694938998, -4.01259728559, -4.88089293989, -3.93612665725e-09
-0.499695054993, -4.01259794215, -4.88089684336, -1.86144961614e-10
-0.499695064943, -4.01259704689, -4.88089676869, -3.36904949625e-12
-0.499694692953, -4.01263663119, -4.88091035698, -4.41573162262e-07
-0.499695074043, -4.01259715362, -4.88089802478, -3.33879732661e-10
-0.499695100337, -4.0125970976, -4.88089701917, -5.39053004684e-12
-0.499695055072, -4.01259708217, -4.88089686654, 0.0
-0.499695152406, -4.01259711991, -4.88089670859, -9.43343719561e-12
-0.499695070762, -4.01259706355, -4.88089687529, -1.68453999575e-13
-0.499695053039, -4.01259723573, -4.88089696382, -7.58048879366e-12
-0.484553201141, -3.99680652668, -4.85750493136, -0.263732940586
-0.499695057888, -4.01259705768, -4.88089692574, -8.42272335872e-13
-0.499695059161, -4.01259704068, -4.88089688072, -5.05361393194e-13
-0.49969506877, -4.01259708407, -4.88089695856, -1.68454912246e-12
-0.499695070451, -4.0125971004, -4.88089688515, 0.0
-0.499695058993, -4.01259708567, -4.88089688372, 0.0
-0.499695060295, -4.01259706691, -4.88089687327, -1.68454096163e-13
-0.499702425803, -4.01258693074, -4.88089993736, -4.21379804105e-08
-0.499695073381, -4.01259709197, -4.88089687679, 0.0
-0.499695082399, -4.0125970954, -4.88089689477, -1.6845504407e-13
-0.49969521958, -4.01259714951, -4.88089688505, -7.07514009306e-12
-0.499695097852, -4.01259708274, -4.8808968725, -3.36909492641e-13
-0.499695402077, -4.01259706816, -4.88089687109, -2.88055739986e-11
-0.499695069463, -4.01259708065, -4.88089688284, 0.0
-0.499695063903, -4.01259708293, -4.8808969168, -3.36910239834e-13
-0.499695071449, -4.01259709943, -4.88089686967, 0.0
-0.499695079025, -4.01259708906, -4.88089687358, 0.0
-0.499695079573, -4.01259707807, -4.88089687367, 0.0
-0.499695402232, -4.01259721606, -4.88089687099, -3.30172438482e-11
-0.499695076273, -4.01259708258, -4.88089687453, 0.0
-0.499695062233, -4.01259701479, -4.88089687569, -1.17917407003e-12
-0.499695092677, -4.01259709515, -4.88089687326, -1.6845493209e-13
-0.499695059363, -4.01259711247, -4.88089686334, -3.36909082823e-13
-0.499695070845, -4.01259709001, -4.88089687058, 0.0
-0.499695077642, -4.01259708764, -4.88089686704, 0.0
-0.499695043267, -4.01259708694, -4.880896869, -1.6845412706e-13
-0.499695090948, -4.01259948303, -4.88089682276, -1.45552695726e-09
-0.499694981352, -4.01259708863, -4.88089687264, -1.85298911593e-12
-0.499695107155, -4.01259708886, -4.88089686725, -5.05363767745e-13
-0.499694988005, -4.01259717259, -4.88089699548, -6.90661921888e-12
-0.499695670702, -4.01259710273, -4.88089690696, -9.29868309088e-11
-0.499695059318, -4.01259578304, -4.88089692278, -4.29042954233e-10
-0.499695048749, -4.01302420579, -4.88089683996, -4.60866100777e-05
-0.49969505673, -4.01259705956, -4.88089686904, -1.68453874166e-13
-0.499695089197, -4.01259776339, -4.88089673282, -1.21962017245e-10
-0.499695056803, -4.01259707191, -4.8808968693, 0.0
-0.499694928828, -4.01259675907, -4.88089673717, -3.65542540974e-11
-0.499695056803, -4.01259707191, -4.8808968693, 0.0
-0.499695056803, -4.01259707187, -4.8808968693, 0.0
-0.499695056803, -4.01259707191, -4.8808968693, 0.0
-0.499695044897, -4.01259706343, -4.88089687262, -1.68453825514e-13
-0.499698644947, -4.01259034588, -4.88089701408, -1.47276622516e-08
-0.499695080558, -4.01259702408, -4.88089662715, -1.6845198392e-11
-0.499695053853, -4.0125973975, -4.88089688612, -2.47629655861e-11
-0.499694685771, -4.01259708387, -4.88089681639, -3.73962024298e-11
-0.499695104615, -4.0125970404, -4.88089686411, -1.01072339217e-12
-0.499694848317, -4.01259672398, -4.88089517404, -7.79091047594e-10
-0.49970425962, -4.01259423335, -4.88089711622, -2.34462496732e-08
-0.499731019554, -4.0126191424, -4.88092617609, -6.66991044315e-07
-0.499695309254, -4.01259698404, -4.88089684384, -1.78560231519e-11
-0.499698594605, -4.0125968847, -4.88089742514, -3.23573076015e-09
-0.499715473957, -4.0124873675, -4.83889105375, -0.44728751339
-0.499706557648, -4.01257019133, -4.88090004401, -2.18801836063e-07
-0.499695562477, -4.01259639219, -4.88089696227, -1.85631721553e-10
-0.499695224905, -4.01259706536, -4.8808968604, -6.56972657288e-12
-0.499695053223, -4.01259705262, -4.88089685736, -3.36907165512e-13
-0.49969497406, -4.0125968846, -4.88089707029, -2.15617072941e-11
-0.50031210685, -4.0126443759, -4.88088907656, -9.67914541072e-05
-0.499697094916, -4.01259513482, -4.88089682527, -2.00390007151e-09
-0.499695082295, -4.01259708958, -4.88089682784, -6.73814932417e-13
-0.499695052664, -4.01259704523, -4.88089608194, -1.60704267521e-10
-0.499696032444, -4.01259704271, -4.88089684113, -2.373540401e-10
-0.499667510857, -4.01255836832, -4.88085809763, -9.51234971127e-07
-0.49969510016, -4.01259713069, -4.88089683302, -1.34763503485e-12
-0.499695014336, -4.01259707257, -4.88089685422, -8.42267890123e-13
-0.499853611481, -4.01219256034, -4.87961157339, -0.000465746807641
-0.500247119871, -4.01231654833, -4.88089667014, -9.69204993241e-05
-0.357344151729, 2.87560179741, -4.83299683109, -425.159082726
-0.499752773506, -4.00175746509, -4.88185389321, -0.0302640027264
-0.499695080095, -4.01259708904, -4.88089687229, 0.0
-0.499691930977, -4.01261560411, -4.88089640907, -8.92826319015e-08
-0.499695064693, -4.01259684728, -4.88089688302, -1.43184312356e-11
-0.499705280382, -4.01257091463, -4.88080825977, -2.18493425217e-06
-0.49969505614, -4.01259707946, -4.88089666908, -1.11178766428e-11
-0.499695070382, -4.01259712236, -4.88089676361, -3.70598631284e-12
-0.499695062588, -4.01259800405, -4.88089697499, -2.16129079192e-10
-0.499665895715, -4.01259691564, -4.88089681085, -2.15122533985e-07
-0.499695094132, -4.01259708616, -4.88089688604, -1.68455018369e-13
-0.499695056037, -4.01259707922, -4.88089689495, -1.68454747472e-13
-0.499695105931, -4.01259708553, -4.88089686448, -5.05363473646e-13
-0.499696969491, -4.01259719576, -4.88089733053, -9.71866564157e-10
-0.499695074021, -4.0125970889, -4.88089706412, -8.75957477672e-12
-0.499623635981, -4.01259751509, -4.88093130623, -1.58988066166e-06
-0.499695409692, -4.01259708081, -4.88089687544, -2.99847827294e-11
-0.499695038509, -4.01259683661, -4.8808968737, -1.58345586924e-11
-0.499695068488, -4.0125970932, -4.88089686538, 0.0
-0.499695066, -4.01259708148, -4.88089690116, -1.68455067202e-13
-0.499695119385, -4.01259710647, -4.88089663934, -1.53292352905e-11
-0.499695049519, -4.0125970862, -4.88089687583, 0.0
-0.499696342992, -4.01262076701, -4.88089648027, -1.42293535925e-07
-0.499695060481, -4.01259709674, -4.88089687927, 0.0
-0.499695068942, -4.01259709348, -4.88089688523, 0.0
-0.499695058948, -4.01259708931, -4.88089687913, 0.0
-0.499695049636, -4.01259708715, -4.88089687612, 0.0
-0.499695062956, -4.01259709659, -4.88089686951, 0.0
-0.499695063261, -4.01259709659, -4.88089687817, 0.0
-0.499695069875, -4.01259706294, -4.88089688709, -1.68454302287e-13
-0.499692066979, -4.01256595229, -4.88089597766, -2.47572996579e-07
-0.499695064921, -4.01259707923, -4.88089578987, -2.99342827893e-10
-0.499695061127, -4.01259692544, -4.88089687079, -6.4012065029e-12
-0.499646270441, -4.01259773727, -4.8808963185, -6.02226837711e-07
-0.499695061683, -4.01259709004, -4.88089688446, 0.0
-0.499694933106, -4.0125972185, -4.88089493321, -9.65415066713e-10
-0.499695070957, -4.01259710078, -4.88089687442, 0.0
-0.499695061736, -4.01259709341, -4.88089688453, 0.0
-0.499695061615, -4.01259710878, -4.88089688461, -1.68454568512e-13
-0.499695061615, -4.01259710129, -4.88089688462, 0.0
-0.49969507549, -4.0125971027, -4.88089688044, -1.68454673166e-13
-0.499695374335, -4.01259760103, -4.88089671852, -9.80409704297e-11
-0.499695061615, -4.01259710129, -4.88089688461, 0.0
-0.499695090008, -4.01259707981, -4.88090127449, -4.88877969404e-09
