-0.499695069462, -4.0125970687, -4.88089682047, -8.42264667803e-13
-0.49969502074, -4.01259720116, -4.88089676381, -7.24351909684e-12
-0.499695083202, -4.0125966719, -4.88089678867, -4.51450121858e-11
-0.499695079548, -4.01259777269, -4.88089623128, -2.25394607642e-10
-0.499694590947, -4.01259517668, -4.88089709332, -9.89306138292e-10
-0.49968735048, -4.01259040338, -4.88089484005, -2.73887835461e-08
-0.499658584207, -4.01259766504, -4.88090125264, -3.41432158299e-07
-0.499691812835, -4.01264435897, -4.88089464585, -5.69219890579e-07
-0.499666916433, -4.01265310322, -4.88089632267, -9.94125374235e-07
-0.499696753041, -4.01255450736, -4.88081267499, -2.25156580689e-06
-0.499692395349, -4.01260876768, -4.88215454138, -0.000399548763851
-1.09845360971, 0.638295245978, -4.8813555766, -730.388909326
-0.73302767077, -2.35796857341, -4.86644802269, -369.895331751
-1.48854149707, 4.01167498764, -4.73354230645, -93.1939423693
-1.00152100317, -4.95202345691, -4.84516877916, -118.684892452
-1.52042600658, 3.68139329709, -4.77817741736, -79.4372969
-1.48166230627, 3.67397130976, -4.85874568199, -0.00128511086274
-1.48148866156, 3.67424984258, -4.8588595395, -0.00233681467424
-1.56986454439, 3.5980814329, -4.7871654332, -2.69306767295
-1.56982130665, 3.59828000582, -4.78864924142, -2.70847780712
-1.45830660658, 3.58067677816, -4.89173932675, -55.0426119807
-1.12694605177, 3.62414655397, -4.99996904259, -64.2206034794
-1.57053289997, 3.59907701546, -4.78804328688, -2.75174151272
-1.57071544727, 3.59737393255, -4.78389593091, -3.18125903635
-1.47630947204, 3.61575722415, -4.99996216314, -3.69751446594
-1.60341294219, 3.60319019056, -4.95655875661, -66.5724801197
-1.4763090831, 3.61575390258, -4.99996338208, -3.6993629108
-1.47130897972, 3.41754288122, -4.95232275169, -96.7113449764
-1.47619283965, 3.61579555184, -4.99998414754, -3.72294595694
-1.47632219626, 3.61576168494, -4.99998545842, -3.69904215201
-1.47633703248, 3.61576158287, -4.99998532537, -3.70790687821
-1.47633449624, 3.61576064529, -4.99997011272, -3.71136553656
-1.47632316448, 3.61576158203, -4.99998509284, -3.69799346962
-1.47628710111, 3.61576266384, -4.99998351534, -3.70201593125
-1.47626819091, 3.6157625368, -4.99998141438, -3.69958376358
-1.47626751008, 3.61576144106, -4.99998318049, -3.69953620313
-1.47626990807, 3.6157580006, -4.9999726966, -3.70679874824
-1.47626793223, 3.61576253799, -4.99997969223, -3.70099335134
-1.47627021, 3.61576252821, -4.99998546486, -3.69869194384
-1.3711717396, 3.61574364594, -4.99917287791, -85.3423065977
-1.47633109534, 3.6157636438, -4.99999795831, -3.69969815464
-1.4763307437, 3.61576399664, -4.99999752589, -3.6997176627
-1.4763319405, 3.61576396412, -4.99999762554, -3.70005435858
-1.50015950948, 3.45842746857, -4.9094623086, -52.9384921486
-1.582858348, 3.69877068773, -4.91536849769, -43.3323589853
-1.74005594281, 3.706075331, -4.99931968408, -63.0089174351
-1.35357955971, 3.55748675272, -4.97553948683, -71.5914671795
-2.27985197215, 3.26529618031, -4.67596009062, -190.127230501
-1.39533587191, 3.74811107599, -4.92030575189, -6.05159187144
-1.45031699914, 3.97737321015, -4.9284823623, -68.3104596355
-1.3946285866, 3.74641471516, -4.93437009038, -4.13968126513
-1.3945745471, 3.74803957556, -4.93081991927, -3.55490997166
-1.39434713546, 3.74799898831, -4.93075526591, -3.59962447801
-1.39434705686, 3.74684442116, -4.93060125116, -3.57541768739
-1.39411637347, 3.74701362879, -4.9306316926, -3.61572087863
-1.05698643833, 3.74603309771, -4.93152342118, -95.8684036876
-1.61251279614, 3.77025914297, -4.89438219684, -68.8593036351
-1.3942643715, 3.74678297368, -4.93060017207, -3.55836175502
-1.70470833046, 3.78195098828, -4.92119173246, -87.8736680441
-1.39428436556, 3.74677027709, -4.93058894024, -3.56021124793
-1.40690769744, 3.75940743606, -4.93324284412, -15.4118737726
-1.63647389367, 3.752307751, -4.73579910187, -81.9876251974
-1.39430345513, 3.74675087012, -4.93058107474, -3.56227364586
-1.39408875176, 3.73888355949, -4.93198415241, -6.17534212896
-0.185546793503, -4.90097842429, -4.92957825023, -97.352191043
-1.2395816852, -0.282594251691, -4.88431278668, -712.725394365
3.7356879503, 2.68022138043, -4.88605040418, -1541.53024193
-1.88873367698, -4.9009431709, -4.95321822295, -186.047581023
-1.08029538085, 0.0426289834306, -4.92487482217, -729.400124103
-0.499695076788, -4.01259715597, -4.88089690173, -1.5160934801e-12
-0.499695096871, -4.012597116, -4.880896384, -6.2159336401e-11
-2.07400085881, -1.39325037799, -4.94337020296, -620.294668984
-0.508207315262, -4.03991579365, -4.84161859658, -0.588681931669
-0.49969506024, -4.01259709075, -4.880896872, 0.0
-0.499702070963, -4.01157822181, -4.88090825237, -0.000262843611084
-0.499695128136, -4.01259707988, -4.88089685387, -1.17918304458e-12
-0.499695059078, -4.01259732976, -4.88089689263, -1.51609837973e-11
-1.01438465054, -2.39990166838, -4.99900629032, -350.183842024
-0.499695069316, -4.01260041967, -4.88087685594, -1.04181260877e-07
-0.49969498538, -4.01259673247, -4.88092438185, -1.91319710665e-07
-0.499695030715, -4.01259668749, -4.88089698495, -4.31234040948e-11
-0.499695067836, -4.01259707188, -4.88089690102, -1.68454849341e-13
-0.499695018088, -4.01255114857, -4.88090722919, -5.60608421265e-07
-0.499694990462, -4.01259709309, -4.88089686869, -1.51608571888e-12
-0.499695038904, -4.01259697917, -4.88089688481, -3.03215868003e-12
-0.499695054381, -4.01259708262, -4.8808968662, 0.0
-0.499695058905, -4.01259709433, -4.88089685234, -1.68454271501e-13
-0.499695070953, -4.012597082, -4.88089689184, 0.0
-0.499695024268, -4.01259717804, -4.88089661753, -1.97089896904e-11
-0.500622932891, -4.01674824576, -4.91376238656, -0.275898438684
-0.499694972897, -4.01259708162, -4.88089697383, -4.54825770615e-12
-0.499695078205, -4.01259709747, -4.88089687923, 0.0
-0.499697975522, -4.01259707556, -4.88089691701, -2.14210832636e-09
-0.499695067503, -4.01259710012, -4.88089686848, 0.0
-0.499695059032, -4.01259707542, -4.88089688373, 0.0
-0.499694961973, -4.01259705056, -4.8808968777, -3.03214424841e-12
-0.4996956014, -4.01261654775, -4.88089679227, -9.58829592819e-08
-0.499695078225, -4.01259707543, -4.88089687596, 0.0
-0.499695041712, -4.01259601144, -4.8808968784, -2.91419366267e-10
-0.499695072454, -4.01259792407, -4.88089687706, -1.78058964699e-10
-0.499695065454, -4.01259710382, -4.88089687685, -1.68454482383e-13
-0.499695051939, -4.0125971038, -4.88089687854, -1.68454482964e-13
-0.499695076837, -4.0125970779, -4.88089687388, 0.0
-0.499695099504, -4.01259709571, -4.88089688774, -3.36909983513e-13
-0.49969507756, -4.01259709691, -4.88089687953, 0.0
-0.499695149416, -4.01259709726, -4.88089613189, -1.42511355732e-10
-0.499695079555, -4.01259707839, -4.88089687369, 0.0
-0.499695317008, -4.01259713418, -4.88089662912, -3.23433254493e-11
-0.499695029135, -4.01259707777, -4.88089686628, -3.36908395947e-13
-0.499695074163, -4.01259708753, -4.88089686455, 0.0
-0.499695081969, -4.01259709913, -4.88089688883, -1.68454990477e-13
-0.499695012847, -4.01259708608, -4.88089688817, -6.73816938934e-13
-0.499695046369, -4.0125970861, -4.88089687704, -1.68454301026e-13
-0.49969499083, -4.01259707934, -4.88089688359, -1.34763015756e-12
-0.499695059685, -4.01259708395, -4.88089687603, 0.0
-0.499695045506, -4.01259715482, -4.88089639785, -5.96324738734e-11
-0.499695067703, -4.01259708765, -4.88089688106, 0.0
-0.499695067264, -4.01259707297, -4.88089687054, 0.0
-0.499695058215, -4.01259711392, -4.88089801316, -3.26130945288e-10
-0.499695156297, -4.0125971836, -4.8808968311, -5.05364852034e-12
-0.499695052055, -4.01259714213, -4.88089691974, -1.34763827559e-12
-0.499695099947, -4.00349710412, -4.88089685189, -0.0211312823045
-0.499695070891, -4.01259706425, -4.88089688308, -1.68454233626e-13
-0.49969502584, -4.01259753064, -4.88089687915, -5.07051730206e-11
-0.499695069513, -4.01259710401, -4.88089688566, -1.684547659e-13
-0.499695014195, -4.01259704631, -4.880896862, -1.17917404922e-12
-0.499695055743, -4.01259708303, -4.88089688481, 0.0
-0.499695065014, -4.01259707335, -4.88089687182, 0.0
-0.49969505217, -4.01259708266, -4.88089688111, 0.0
-0.499695060243, -4.01259706643, -4.8808968797, -1.68454176835e-13
-0.499695231297, -4.01259654221, -4.88089665623, -9.38276286725e-11
-0.499695069284, -4.01259839642, -4.88089712164, -4.50125632829e-10
-0.499695064465, -4.01259707255, -4.88089686949, 0.0
-0.499694969563, -4.01259707501, -4.8808968605, -2.35833915111e-12
-0.499695053776, -4.01259712832, -4.880896864, -5.05363365372e-13
-0.499697206283, -4.01259712933, -4.88089686234, -1.15968186348e-09
-0.499695959652, -4.01259767563, -4.88089737195, -3.52248249927e-10
-0.499682582866, -4.01252434849, -4.88089723666, -1.37702567137e-06
-0.499694778162, -4.01259694113, -4.88089686284, -2.61099827666e-11
-0.499696078045, -4.01259696168, -4.88089736388, -3.22932043522e-10
-0.500248581624, -4.01260133757, -4.86395827484, -0.0725291311629
-0.499695581726, -4.0125968778, -4.88090891816, -3.67406882624e-08
-0.499695492439, -4.01259686094, -4.88089684123, -5.9126851042e-11
-0.499695107145, -4.01259707176, -4.88089689922, -6.7381920436e-13
-0.499695058879, -4.01259707779, -4.8808968362, -5.05361746953e-13
-0.499694942054, -4.01259722899, -4.8808967634, -1.24656309661e-11
-0.49980646033, -4.01265335256, -4.88090307391, -3.94687442225e-06
-0.499694715413, -4.0126539095, -4.88089711806, -8.16782722571e-07
-0.499695056542, -4.01259708409, -4.88089689467, -1.68454930581e-13
-0.499695047648, -4.01259707697, -4.88089599434, -1.97594739311e-10
-0.499694909397, -4.01259710473, -4.88089735421, -6.36753809033e-11
-0.499719720667, -4.01286747608, -4.88091535664, -1.87104449973e-05
-0.499695086245, -4.0125971065, -4.88089694183, -1.17918301515e-12
-0.49969506176, -4.01259708468, -4.88089689381, 0.0
-0.500673178242, -4.01255813894, -4.88100410816, -0.000244698386206
-0.499704633488, -4.01258553185, -4.88089685208, -5.68987000457e-08
-0.827394024534, 0.470258176684, -4.87654794598, -963.442325437
-0.499727171576, -4.01315577, -4.8674690093, -0.0455238072268
-0.49969506519, -4.01259709199, -4.8808968754, 0.0
-0.499693432449, -4.01259659921, -4.88089670465, -7.4152495749e-10
-0.499695060503, -4.01259709985, -4.88089688503, 0.0
-0.499746426947, -4.01259723929, -4.88117876837, -2.07534242382e-05
-0.499695055747, -4.01259708095, -4.88089686841, 0.0
-0.499695041907, -4.01259708638, -4.88089688459, -1.68454480235e-13
-0.499695104206, -4.01261370656, -4.88089688881, -6.98779006454e-08
-0.499690246154, -4.01259747714, -4.88089677873, -5.91493247713e-09
-0.499695074542, -4.01259688447, -4.88089681946, -1.1117825525e-11
-0.499695055761, -4.01259707919, -4.88089687662, 0.0
-0.499695103855, -4.01259711042, -4.88089689223, -6.73819968654e-13
-0.499695350957, -4.01259645267, -4.88089686559, -1.21789496586e-10
-0.499695073771, -4.01259708712, -4.8808968764, 0.0
-0.499629107393, -4.01259842476, -4.88087914029, -1.17979383444e-06
-0.499694749038, -4.01259708754, -4.88089685737, -2.54362162855e-11
-0.499695089592, -4.0125970938, -4.88089688299, -1.68455085868e-13
-0.499695065332, -4.01259706349, -4.88089688563, -1.68454316932e-13
-0.499694872703, -4.01259706343, -4.8808968742, -9.43332557853e-12
-0.499694212253, -4.01259643606, -4.88089697009, -2.92597364827e-10
-0.499695049647, -4.01259708706, -4.88089687615, 0.0
-0.499695434435, -4.01259703769, -4.88089693481, -3.58804953842e-11
-0.49969506389, -4.0125970708, -4.88089688824, 0.0
-0.499695064654, -4.01259708712, -4.88089688837, 0.0
-0.499695059937, -4.0125971005, -4.88089688292, 0.0
-0.499695049643, -4.01259708708, -4.88089687615, 0.0
-0.49969506321, -4.01259706914, -4.88089686063, -1.68453923866e-13
-0.499695063952, -4.01259710683, -4.88089688951, -1.68454862805e-13
-0.499695064653, -4.01259710143, -4.88089690326, -1.68455073897e-13
-0.499698659348, -4.01259878277, -4.88089861113, -4.75562682303e-09
-0.499695074021, -4.01259706978, -4.8808968778, 0.0
-0.499695037272, -4.01259707156, -4.88089687809, -1.68454247536e-13
-0.499698339287, -4.01260063316, -4.88089514722, -6.65226927416e-09
-0.499695061615, -4.01259710151, -4.88089688461, -1.68454763889e-13
-0.49969507325, -4.01259726165, -4.88089699165, -1.11180741343e-11
-0.499695062853, -4.01259709095, -4.88089691574, -3.36910331004e-13
-0.499695054857, -4.0125971034, -4.88089686913, -1.68454549495e-13
-0.499695053851, -4.01259708889, -4.88089686936, 0.0
-0.499695065713, -4.01259715181, -4.88089685939, -1.17918260033e-12
-0.499695074634, -4.01259709309, -4.88089689272, -1.6845506841e-13
-0.499693501559, -4.01259715652, -4.8808968315, -6.20249997815e-10
-0.499695055475, -4.01259709673, -4.88089687082, 0.0
-0.499695052803, -4.01259708018, -4.88089692341, -5.05365060383e-13
