-0.499695069462, -4.0125970687, -4.88089682047, -8.42264667803e-13
-0.49969502074, -4.01259720116, -4.88089676381, -7.24351909681e-12
-0.499695083202, -4.0125966719, -4.88089678867, -4.51450121858e-11
-0.49969507955, -4.01259777269, -4.88089623128, -2.25394607505e-10
-0.499694590947, -4.01259517668, -4.88089709332, -9.89306138292e-10
-0.49968735048, -4.01259040338, -4.88089484005, -2.73887835461e-08
-0.499658584207, -4.01259766504, -4.88090125264, -3.41432158299e-07
-0.499691812835, -4.01264435897, -4.88089464585, -5.69219890579e-07
-0.499666916433, -4.01265310322, -4.88089632267, -9.94125374235e-07
-0.499696753041, -4.01255450736, -4.88081267499, -2.25156580689e-06
-0.499692395349, -4.01260876768, -4.88215454138, -0.000399548763851
0.713598732331, -2.52355994861, -4.86063812958, -443.359570886
-0.347176719037, 4.944402219, -4.86567822058, -350.903607633
-1.6532978314, 2.67542525705, -4.76973037162, -245.062509125
-0.520483985664, 1.16380352849, -4.87168173628, -770.473699488
-1.49928481471, 3.6774193968, -4.99851006706, -68.1562349922
-1.48166230627, 3.67397130976, -4.85874568199, -0.00128511086274
-1.48148866156, 3.67424984258, -4.8588595395, -0.00233681467425
-1.5698645464, 3.59808150872, -4.7871784285, -2.69010745728
-1.56982130665, 3.59828000582, -4.78864924142, -2.70847780698
-1.31407658291, 3.62269915409, -4.95035413275, -70.4815202508
-0.92623084531, 3.5964103121, -4.99802194378, -168.258776357
-1.57053289997, 3.59907701546, -4.78804328688, -2.75174151269
-1.57071544727, 3.59737393255, -4.78389593091, -3.18125903635
-1.47630947204, 3.61575722415, -4.99996216314, -3.69751446594
-1.31730709436, 3.75933050561, -4.98304956125, -94.9753623931
-1.47630913181, 3.61575445396, -4.999963027, -3.69896655391
-1.49989753819, 3.77936473349, -4.95786439698, -69.1671960207
-1.47640020782, 3.61573150404, -4.99999462577, -3.74122499436
-1.47621676182, 3.61576151502, -4.9999999787, -3.71041276536
-1.47641407841, 3.61576180034, -4.99998216683, -3.73900932373
-1.47626981357, 3.61575874818, -4.9999834155, -3.70136048334
-1.47623556804, 3.61576165257, -4.9999801711, -3.71233688401
-1.47631150911, 3.61576228764, -4.99999960204, -3.70609213597
-1.47626787713, 3.61576217361, -4.99998228016, -3.69816441806
-1.47626807689, 3.61576186044, -4.99998254488, -3.69796309881
-1.47626845291, 3.6157591134, -4.9999741835, -3.70416704691
-1.47626827837, 3.61576253963, -4.99998222709, -3.69795019669
-1.47627021, 3.61576252821, -4.99998546486, -3.69869194384
-1.45737785315, 3.61575930686, -4.92543943892, -73.6576868683
-1.47633109534, 3.6157636438, -4.99999795831, -3.69969815464
-1.4763307437, 3.61576399664, -4.99999752589, -3.69971766023
-1.4763319405, 3.61576396412, -4.99999762554, -3.70005435858
-1.28196981386, 3.8077652266, -4.95006745641, -56.7413065038
-1.35235476604, 3.54839728514, -4.93931223458, -74.6747815359
-1.3624315237, 4.52765151364, -4.99896045478, -147.928670518
-1.51744705455, 3.65336150487, -4.99887332579, -86.7867591995
-0.927645874159, 3.61435481805, -4.90843914064, -110.060625888
-1.39458653095, 3.74825211105, -4.96679216679, -30.5523166546
-1.28092310742, 2.92699326436, -4.88056830193, -196.159495035
-1.39453553694, 3.74859113198, -4.98002145358, -46.2978949146
-1.39457454714, 3.74803957467, -4.93081996163, -3.55491561547
-1.39400469266, 3.7465147038, -4.93033097749, -3.60654594464
-1.3943001103, 3.74670890952, -4.93063303234, -3.57197612624
-1.39422289073, 3.74675447125, -4.9305997672, -3.57097432484
-1.3788258325, 3.74675095898, -4.93059888008, -13.2463908542
-1.3525241881, 3.80970144477, -4.93179476132, -78.3147532149
-1.3942643715, 3.74678297368, -4.93060017207, -3.5583617585
-1.49258033557, 3.3625645291, -4.88739362755, -77.9906697722
-1.39428436556, 3.74677027709, -4.93058894024, -3.5602112479
-1.40589146712, 3.74981522287, -4.95478238179, -17.6017242572
-1.53692126171, 3.73392538988, -4.99089048053, -26.7987933504
-1.39430345584, 3.74675087015, -4.93058107474, -3.56227762068
-1.39359786521, 3.73362415756, -4.93087546428, -9.66943423384
-1.57263999164, -2.99974464138, -4.89130324201, -261.555852061
-1.69542944993, -4.90026133873, -4.87122771597, -155.46269808
-0.0815483051609, 0.49718622569, -4.87075658274, -1282.54629044
-1.40093893512, 4.95877779005, -4.86168169339, -207.714618421
0.352546964549, -1.13574696801, -4.88585379648, -972.856367678
-0.499695013282, -4.01259704143, -4.88089686757, -1.17917388972e-12
-0.499695044338, -4.01259710711, -4.88089391368, -2.22224658942e-09
-0.814530314992, 4.90099269209, -4.86794393326, -285.579548876
-0.51748180214, -3.98705558176, -4.91664270219, -0.595339360405
-0.499695062432, -4.01259709723, -4.88089687211, 0.0
-0.499770625692, -4.01256198462, -4.88091641091, -1.85121174168e-06
-0.499695060719, -4.01259708104, -4.88089692676, -6.73819486299e-13
-0.499694979904, -4.01259693418, -4.88089729211, -5.10408596831e-11
0.494723068065, -4.98858033799, -4.93148966235, -112.98845702
-0.499695274, -4.01259709184, -4.88092166113, -1.55326489336e-07
-0.499695506863, -4.01259726389, -4.88085526292, -4.37899467794e-07
-0.499695053231, -4.01259706432, -4.8808968631, -1.68453772779e-13
-0.49969508707, -4.01259709122, -4.88089675064, -4.21134103607e-12
-0.499694764306, -4.01284455802, -4.88089630577, -1.54735379878e-05
-0.499695057196, -4.01259708643, -4.8808968555, -1.68453888009e-13
-0.499695069899, -4.01259707008, -4.8808968776, 0.0
-0.499695054441, -4.01259708246, -4.8808968662, 0.0
-0.499695078095, -4.01259709477, -4.88089688085, 0.0
-0.49969507092, -4.01259708077, -4.88089689225, 0.0
-0.499695066657, -4.01259707124, -4.88089713682, -1.7013740828e-11
-0.500197057506, -4.01412142342, -4.91518101656, -0.297628395702
-0.499695003464, -4.01259709826, -4.88089697301, -3.36907952156e-12
-0.499695097581, -4.0125971817, -4.8808968841, -2.6952763804e-12
-0.499696949782, -4.0125970876, -4.88089693502, -8.98893076167e-10
-0.499695067555, -4.01259710012, -4.88089687113, 0.0
-0.499695059032, -4.01259707639, -4.88089688373, 0.0
-0.499695069071, -4.01259706871, -4.88089689306, -1.68454705762e-13
-0.499695625854, -4.01260761679, -4.88089684768, -2.81329107002e-08
-0.499695109479, -4.01259708008, -4.88089687373, -5.05363900228e-13
-0.499695078121, -4.01259732161, -4.88089688015, -1.41502199391e-11
-0.499695038709, -4.01259716769, -4.88089688296, -1.85300062199e-12
-0.499695084302, -4.01259707896, -4.88089688364, -1.68454848555e-13
-0.499695089453, -4.01259707814, -4.88089687227, -1.68454663663e-13
-0.499695070333, -4.01259707834, -4.88089687378, 0.0
-0.499695078777, -4.01259707926, -4.88089688577, 0.0
-0.499695075412, -4.01259708612, -4.88089686487, 0.0
-0.499695068154, -4.01259706878, -4.88089706051, -8.4226545654e-12
-0.499695079557, -4.01259707845, -4.88089687369, 0.0
-0.499694951563, -4.01259711795, -4.88089701762, -8.42267451469e-12
-0.499695032609, -4.01259707853, -4.88089688565, -3.36908407047e-13
-0.499695081873, -4.01259713814, -4.88089685564, -8.42272464548e-13
-0.499695075651, -4.01259705336, -4.8808968716, -3.36907957232e-13
-0.499695004284, -4.01259709662, -4.8808968576, -1.01072488924e-12
-0.49969506952, -4.01259709279, -4.88089689743, -1.68455098149e-13
-0.499695089018, -4.01259708508, -4.88089687871, -1.68454902645e-13
-0.499695059592, -4.01259708386, -4.88089688076, 0.0
-0.499695048663, -4.01259707279, -4.88089653107, -3.04898578744e-11
-0.499695061055, -4.01259708866, -4.88089686373, 0.0
-0.49969505051, -4.01259708947, -4.88089692852, -6.73820286966e-13
-0.499695035435, -4.0125972105, -4.88089694238, -5.2221124735e-12
-0.499695072301, -4.01259713601, -4.88089731208, -4.83463256655e-11
-0.49969501389, -4.01259700318, -4.88089686873, -2.3583420024e-12
-0.499695075815, -4.0139020239, -4.88089681458, -0.00043014697565
-0.499695111099, -4.01259709653, -4.88089678882, -2.52681200426e-12
-0.499695030741, -4.01259706573, -4.88089704156, -7.24349497447e-12
-0.499694903423, -4.01259708549, -4.88089684585, -6.9065401907e-12
-0.499695004651, -4.0125974566, -4.88089686306, -3.5881036638e-11
-0.499695059229, -4.01259707976, -4.88089685349, -1.68453811377e-13
-0.49969508371, -4.01259707924, -4.88089686672, -1.68454545616e-13
-0.499695082018, -4.01259707778, -4.88089687788, 0.0
-0.499695081308, -4.01259707805, -4.88089687188, -1.68454584697e-13
-0.49969430947, -4.01259709475, -4.88089685231, -1.44700026462e-10
-0.49969505204, -4.01259679017, -4.88089674926, -2.61100230742e-11
-0.499695059049, -4.01259707736, -4.8808968945, -1.68454656443e-13
-0.499695077735, -4.01259707733, -4.88089689249, -1.68454862486e-13
-0.499695067474, -4.01259706669, -4.880896864, -1.68453982868e-13
-0.499695895865, -4.01259710758, -4.88089686613, -1.74521490504e-10
-0.499694856899, -4.01259667756, -4.88089784069, -2.87377437295e-10
-0.499674801791, -4.01259378342, -4.88087963172, -1.81796847845e-07
-0.4996950002, -4.01259714943, -4.88089688296, -2.18990995228e-12
-0.499695066139, -4.01259709561, -4.88089707301, -9.60185076512e-12
-0.49969882281, -4.01269983835, -4.8531391425, -0.194944681185
-0.499694493527, -4.01259749612, -4.88088078311, -6.56274647703e-08
-0.499694857099, -4.01259715134, -4.88089685652, -1.21285796075e-11
-0.499695118014, -4.01259701229, -4.88089685155, -2.1898910339e-12
-0.499695064703, -4.0125971348, -4.88089687219, -6.738184903e-13
-0.499695065856, -4.01259727369, -4.88089693938, -9.93890561494e-12
-0.499586373869, -4.01255155683, -4.88084901291, -4.08786991617e-06
-0.499695951699, -4.0126020265, -4.8808967669, -6.37777293046e-09
-0.499695031879, -4.01259721241, -4.88089691232, -4.71674592124e-12
-0.4996950713, -4.01259713956, -4.88089338283, -3.08994767871e-09
-0.499695054305, -4.01259707772, -4.88089837104, -5.63827195327e-10
-0.499684023083, -4.01257287468, -4.88090540079, -1.97390398337e-07
-0.499695077765, -4.012597215, -4.88089687759, -4.37983545948e-12
-0.499695059126, -4.01259708983, -4.88089687781, 0.0
-0.499581372671, -4.01259670464, -4.88089383977, -3.27024819593e-06
-0.499674394948, -4.01260985292, -4.88089700697, -1.49285207536e-07
-1.55739619006, 2.67040893214, -4.78204926338, -200.827211452
-0.499722995011, -4.01311399588, -4.87956274291, -0.000517804741662
-0.49969505647, -4.01259708684, -4.88089691341, -3.36910512181e-13
-0.499694707443, -4.01259705599, -4.88089738742, -9.82072862017e-11
-0.499695060656, -4.01259709983, -4.88089688498, 0.0
-0.499658330484, -4.01259790597, -4.88122882229, -2.81996392974e-05
-0.499695061682, -4.01259707845, -4.88089684756, -1.684538602e-13
-0.499695059611, -4.01259708868, -4.88089688316, 0.0
-0.4996950697, -4.01259582252, -4.88089688237, -4.02932783561e-10
-0.49969664432, -4.01259714341, -4.88089809905, -1.00841494122e-09
-0.499695079257, -4.01259707718, -4.88089687906, 0.0
-0.499695052244, -4.01259707508, -4.88089689024, -1.6845463228e-13
-0.499695073408, -4.01259709498, -4.88089589323, -2.45267584414e-10
-0.499694772006, -4.01204524794, -4.88089688805, -7.69344770076e-05
-0.499695063948, -4.01259707669, -4.88089686712, 0.0
-0.499684172494, -4.01259222501, -4.88094949808, -7.35967026366e-07
-0.499695051671, -4.01259707503, -4.88089687961, 0.0
-0.499695046888, -4.01259709067, -4.88089688441, -1.68454648385e-13
-0.499695066901, -4.01259709526, -4.88089688912, 0.0
-0.499695050593, -4.01259708497, -4.88089689433, -1.68454841408e-13
-0.499694900679, -4.01259678968, -4.88089767395, -1.89171090689e-10
-0.499695057595, -4.01259708947, -4.88089687315, 0.0
-0.499694648289, -4.01259707218, -4.88089693254, -4.48082910586e-11
-0.499695064157, -4.01259711549, -4.88089688994, -3.36909040895e-13
-0.499695060391, -4.01259711213, -4.88089688103, -1.68454581806e-13
-0.499695064343, -4.012597085, -4.88089682187, -8.42267754605e-13
-0.499695068645, -4.01259706663, -4.88089687515, -1.68454042773e-13
-0.499695063714, -4.01259703115, -4.88089680871, -2.02142870847e-12
-0.499695063844, -4.01259708004, -4.88089688942, 0.0
-0.499695061585, -4.01259710314, -4.88089688582, -1.684547492e-13
-0.499682362623, -4.0125966227, -4.88089401253, -4.29345691755e-08
-0.499695110807, -4.01259699911, -4.88089683161, -2.86369885561e-12
-0.499695049026, -4.01259709658, -4.88089629968, -8.47322621802e-11
-0.499692280765, -4.01259689021, -4.88091364044, -7.3025029416e-08
-0.499695049158, -4.01259710658, -4.88089688796, -1.6845456673e-13
-0.499700347627, -4.01259706636, -4.88089732806, -7.10726576809e-09
-0.499695059213, -4.01259709941, -4.88089711304, -1.39815952965e-11
-0.499695078343, -4.01259709451, -4.88089683997, -5.05362294573e-13
-0.49969504719, -4.01259706952, -4.8808968973, -1.68454485234e-13
-0.499695063464, -4.01259706094, -4.88089690279, -3.36908985284e-13
-0.499695050276, -4.012597079, -4.88089688835, -1.68454488869e-13
-0.499694408916, -4.01259707067, -4.88089688115, -1.08988401898e-10
-0.499695071463, -4.01259706777, -4.88089688954, -1.68454614752e-13
-0.499695052802, -4.01259708018, -4.88089691988, -5.05365625656e-13
