-0.499695069462, -4.0125970687, -4.88089682047, -8.42264667803e-13
-0.49969502074, -4.01259720116, -4.88089676381, -7.24351909681e-12
-0.499695083202, -4.0125966719, -4.88089678867, -4.51450121858e-11
-0.49969507955, -4.01259777269, -4.88089623128, -2.25394607506e-10
-0.499694590947, -4.01259517668, -4.88089709332, -9.89306138292e-10
-0.49968735048, -4.01259040338, -4.88089484005, -2.73887835461e-08
-0.499658584207, -4.01259766504, -4.88090125264, -3.41432158299e-07
-0.499691812835, -4.01264435897, -4.88089464585, -5.69219890579e-07
-0.499666916433, -4.01265310322, -4.88089632267, -9.94125374235e-07
-0.499696753041, -4.01255450736, -4.88081267499, -2.25156580689e-06
-0.499692395349, -4.01260876768, -4.88215454138, -0.000399548763851
-1.22609257835, 3.98548690748, -4.85551564117, -90.7635045598
-1.66650944851, 0.788198624194, -4.86637205119, -693.892466707
-1.64340687008, 4.11369686826, -4.87414654999, -96.5294637753
-0.739947314607, 4.96871312871, -4.85534632414, -288.054687434
-1.42394192467, 3.83495888664, -4.80034411896, -46.6425338695
-1.48166230627, 3.67397130976, -4.85874568199, -0.00128511086274
-1.48148866156, 3.67424984258, -4.8588595395, -0.00233681467424
-1.56986454642, 3.59808150736, -4.78717824984, -2.68990139388
-1.56982130665, 3.59828000582, -4.78864924142, -2.7084778068
-1.71590524959, 3.60328387581, -4.86463793459, -28.356674843
-2.00346208051, 3.72304127315, -4.90322759929, -68.7959810815
-1.57053289997, 3.59907701546, -4.78804328688, -2.75174151264
-1.57071544727, 3.59737393255, -4.78389593091, -3.18125903635
-1.47630947204, 3.61575722415, -4.99996216314, -3.69751446594
-1.34593671196, 3.68169722675, -4.95205143575, -86.406806897
-1.47630911743, 3.61575396341, -4.99996297588, -3.69835846532
-1.4762357892, 3.61286450593, -4.99998684593, -3.89006973488
-1.47649337883, 3.61554530183, -4.99998446583, -3.7967699133
-1.47650611442, 3.61576177554, -4.99997608147, -3.75137690528
-1.47641151852, 3.61576128697, -4.99998460141, -3.73668863517
-1.47628346145, 3.6157596331, -4.99998285989, -3.70558804435
-1.47629885803, 3.61576165708, -4.99998486397, -3.70522032746
-1.47644369967, 3.61575934074, -4.99998673606, -3.73658311928
-1.47626790128, 3.61576202901, -4.99998247939, -3.69766358346
-1.47626804623, 3.61576240447, -4.9999826099, -3.69839469526
-1.47626731977, 3.61576209677, -4.99998228761, -3.69902470793
-1.47626830201, 3.61576253984, -4.99998222123, -3.69791025414
-1.47627021, 3.61576252821, -4.99998546486, -3.69869194384
-1.44324876997, 3.61575440443, -4.90307604694, -93.7337482315
-1.47633109534, 3.6157636438, -4.99999795831, -3.69969815461
-1.4763307437, 3.61576399664, -4.99999752589, -3.69971766023
-1.4763319405, 3.61576396412, -4.99999762554, -3.70005435858
-1.76249374283, 3.61361374793, -4.98963188631, -81.0625804606
-1.44457381911, 3.82693871235, -4.97784664068, -60.580307416
-1.51282071819, 4.33367796627, -4.97194819773, -119.224736281
-1.42748759076, 3.41436134391, -4.93607041547, -113.523300811
-1.30963556449, 4.21640744455, -4.87946781142, -108.776372764
-1.3944764723, 3.74805905001, -4.92257460377, -4.95084049429
-1.42242966578, 4.47900013473, -4.83370953918, -116.774963972
-1.3946891997, 3.75050707784, -4.94384155697, -7.91547983285
-1.39457454712, 3.74803957045, -4.93082105508, -3.55515356628
-1.39423796698, 3.74685039854, -4.93049494297, -3.5801639174
-1.39434057523, 3.74664237582, -4.93039933721, -3.6014750406
-1.39427003159, 3.74698741487, -4.93059105942, -3.59153612801
-1.32731884157, 3.74704381601, -4.93069193256, -103.242644075
-1.29749479646, 2.52792029961, -4.93611853202, -264.552231746
-1.3942643715, 3.74678297368, -4.93060017207, -3.55836174517
-1.42939834444, 3.69042773605, -4.94908335914, -64.1524900583
-1.39428436556, 3.74677027709, -4.93058894024, -3.56021124789
-1.39329474433, 3.78573416403, -4.98296528541, -67.4356783119
-1.41877435147, 3.69947890184, -4.74018245849, -129.998039599
-1.39430345496, 3.7467508702, -4.93058107474, -3.56227205581
-1.39442162847, 3.74704292075, -4.93911681129, -5.58694505176
3.76122007833, -4.9991533879, -4.88848441152, -727.991819572
-0.52625070861, -3.6754554998, -4.86803661618, -42.7392949245
0.659438809487, -3.69185587105, -4.94779698732, -196.242160512
-1.10427722867, 2.74258882388, -4.92702133825, -292.873243564
-1.16373937482, 4.99914215217, -4.9386264706, -228.076905044
-0.499695375373, -4.01259715479, -4.88089686871, -2.56050598491e-11
-0.499695070221, -4.01259707245, -4.88089845274, -6.27170973147e-10
-0.287156562894, 4.95618089365, -4.87349646494, -372.090411765
-0.510277061698, -4.00674239481, -4.97004810614, -2.20802872491
-0.499695062349, -4.01259709693, -4.88089687211, 0.0
-0.499755134067, -4.01259764772, -4.88092632835, -1.13168689827e-06
-0.499695106106, -4.01259708665, -4.88089700423, -4.37980570752e-12
-0.499695079469, -4.01259781664, -4.88089686322, -1.35607360271e-10
-0.747984661982, 4.17837787525, -4.90169739755, -188.041366098
-0.499695120017, -4.0125989318, -4.88089181347, -7.34958591087e-09
-0.499693886864, -4.01259676565, -4.88087578495, -1.12873893157e-07
-0.499695054341, -4.0125970832, -4.88089686298, -1.68453983698e-13
-0.499695064215, -4.01259705793, -4.88089700918, -4.54824684896e-12
-0.499694893406, -4.01263200708, -4.88089811477, -3.08846042112e-07
-0.499695074621, -4.01259709676, -4.88089687972, 0.0
-0.499695070745, -4.01259703223, -4.8808968798, -6.73815671057e-13
-0.499695054441, -4.01259708246, -4.8808968662, 0.0
-0.499695071339, -4.01259709397, -4.88089688635, 0.0
-0.49969507099, -4.01259708073, -4.88089689224, 0.0
-0.499695075659, -4.01259710679, -4.88089688811, -1.68454779558e-13
-0.498613434833, -4.00924509843, -4.88444161013, -0.00633912996268
-0.499694986198, -4.01259708086, -4.88089687773, -1.51608156643e-12
-0.499695078867, -4.01259723282, -4.88089687553, -5.55901946804e-12
-0.499694922769, -4.01259708766, -4.88089693388, -5.8958616498e-12
-0.499695067555, -4.01259710012, -4.88089687147, 0.0
-0.499695059032, -4.01259707735, -4.88089688373, 0.0
-0.499695205887, -4.01259707945, -4.88089689819, -5.05363464183e-12
-0.499711615381, -4.01260162342, -4.8808960463, -7.46488022441e-08
-0.4996950815, -4.01259707807, -4.88089687412, 0.0
-0.499695079647, -4.01259751002, -4.88089687134, -4.58198318948e-11
-0.499695064181, -4.01259695821, -4.88089674319, -8.5910575336e-12
-0.499695075078, -4.01259708364, -4.88089688335, 0.0
-0.499695077743, -4.01259707844, -4.88089687221, 0.0
-0.499695079915, -4.01259707845, -4.88089687367, 0.0
-0.499695067849, -4.01259708525, -4.88089689153, 0.0
-0.499695051148, -4.01259712207, -4.88089693662, -1.34763972894e-12
-0.499695131477, -4.01259708026, -4.8808969284, -1.68454649905e-12
-0.499695079557, -4.01259707845, -4.88089687369, 0.0
-0.49969408496, -4.01259708362, -4.8808968471, -2.43244911645e-10
-0.49969519203, -4.0125970893, -4.88089686705, -4.04292327268e-12
-0.499695056015, -4.01259707128, -4.88089688429, 0.0
-0.499695052493, -4.01259711118, -4.8808968854, -1.68454553272e-13
-0.499695123694, -4.01259738959, -4.88089685846, -2.44260553584e-11
-0.499695050572, -4.01259708864, -4.88089688126, 0.0
-0.499694893163, -4.01259708582, -4.88089703422, -1.36447547789e-11
-0.499695074306, -4.01259708043, -4.88089688567, 0.0
-0.499695060527, -4.01259708439, -4.88089686672, 0.0
-0.499695055666, -4.01259708151, -4.88089686939, 0.0
-0.499695061671, -4.0125970853, -4.88089687261, 0.0
-0.499695094443, -4.01259707, -4.88089687613, -3.36909072277e-13
-0.499695071712, -4.01259711349, -4.88089701466, -4.8851706615e-12
-0.499695101087, -4.01259706577, -4.88089687812, -3.36908944958e-13
-0.499695061307, -4.01361517574, -4.88089669773, -0.000261756719358
-0.49969506023, -4.01259712729, -4.8808968058, -1.85299093563e-12
-0.499695051341, -4.0125970526, -4.8808967305, -5.72738980283e-12
-0.499695636124, -4.01259724728, -4.88089688362, -8.91132521834e-11
-0.499694975316, -4.01259721609, -4.88089685513, -6.5697113367e-12
-0.499695066849, -4.01259708051, -4.88089685595, -1.68454071933e-13
-0.499695076049, -4.01259708282, -4.88089685827, -1.68454314489e-13
-0.499695066541, -4.01259708055, -4.880896877, 0.0
-0.499695038458, -4.01259708752, -4.8808968631, -1.68454153879e-13
-0.499695707114, -4.01259719465, -4.88089705034, -1.1471880649e-10
-0.499695060336, -4.01259801315, -4.8808968395, -2.18320433959e-10
-0.499694948258, -4.01259708977, -4.88089686726, -3.53750480383e-12
-0.499695073333, -4.01259711184, -4.88089687763, -1.68454541426e-13
-0.499695062106, -4.01259708891, -4.880896864, 0.0
-0.499695427937, -4.0125971022, -4.88089687125, -3.33539935376e-11
-0.499695717475, -4.01259725797, -4.8808967976, -1.16740175427e-10
-0.499706737053, -4.01259704897, -4.88090546304, -5.30900633954e-08
-0.499695017927, -4.01259719572, -4.88089686984, -3.70599259386e-12
-0.499694873353, -4.01259711505, -4.88089679444, -1.12862975306e-11
-0.499604632584, -4.01246067386, -4.89532383857, -0.0527189439431
-0.499695111796, -4.0125997639, -4.88092104061, -1.49459680445e-07
-0.499694792664, -4.01259700249, -4.88089686814, -2.0551015068e-11
-0.499695075504, -4.01259706808, -4.88089681087, -1.17917063453e-12
-0.499695033489, -4.01259713353, -4.88089687461, -8.42273700607e-13
-0.499695068167, -4.01259705633, -4.88089682904, -8.42266485816e-13
-0.499726047592, -4.01261108021, -4.88096142196, -1.34561942402e-06
-0.49969412928, -4.01260000562, -4.88089653419, -2.40901499248e-09
-0.499695071919, -4.01259690172, -4.88089692177, -8.92800079906e-12
-0.499695102479, -4.0125970664, -4.88089985317, -2.23909785131e-09
-0.499695127117, -4.01259712509, -4.88089680675, -2.69527794193e-12
-0.499663378932, -4.01246606821, -4.88087898565, -4.67283460039e-06
-0.499695068207, -4.01259728297, -4.88089686725, -9.93886480156e-12
-0.499695059327, -4.01259709223, -4.88089687732, 0.0
-0.499684402004, -4.0125924225, -4.88089513019, -3.50222727035e-08
-0.49969495585, -4.01259599244, -4.88089688106, -3.04725879086e-10
-1.66363168486, -4.99900007033, -4.93080857455, -162.469818639
-0.499683882484, -4.01263727705, -4.88086577824, -6.84729381786e-07
-0.499695060096, -4.01259708053, -4.88089691715, -3.36910405074e-13
-0.499694787329, -4.01259743165, -4.88089696524, -5.18839819256e-11
-0.499695061015, -4.0125971, -4.88089688496, 0.0
-0.499727400547, -4.01259677785, -4.88093047481, -5.49799127888e-07
-0.499695063263, -4.01259707893, -4.88089687453, 0.0
-0.499695060097, -4.01259708872, -4.88089688414, 0.0
-0.499695054131, -4.01259698732, -4.88089688919, -2.5268015098e-12
-0.499695001945, -4.01259710136, -4.88089746753, -8.89442200165e-11
-0.499695070001, -4.01259710978, -4.88089687179, -1.68454489399e-13
-0.499695063733, -4.01259706888, -4.88089674887, -4.2113212836e-12
-0.499695055386, -4.01259708961, -4.88089533239, -6.04075958503e-10
-0.499694651833, -4.0128754723, -4.88089694206, -1.95782091766e-05
-0.499695071736, -4.0125970665, -4.88089695069, -1.51609153667e-12
-0.499609903899, -4.01259647437, -4.8807566051, -6.80509471591e-06
-0.49969506552, -4.0125970698, -4.88089688883, -1.68454538376e-13
-0.49969506506, -4.01259708023, -4.88089687728, 0.0
-0.499695064426, -4.01259709645, -4.88089688921, 0.0
-0.499695081025, -4.01259707242, -4.88089687807, -1.68454662413e-13
-0.499695100422, -4.01259698456, -4.8808919487, -6.14713485269e-09
-0.499695106383, -4.01259706869, -4.88089686689, -5.05362664392e-13
-0.499695027532, -4.01259711592, -4.88089683126, -1.17917657862e-12
-0.499695063123, -4.01259707404, -4.8808968893, 0.0
-0.499695065407, -4.01259706669, -4.880896883, -1.68454363604e-13
-0.499695058581, -4.0125970832, -4.8808968874, 0.0
-0.499695074101, -4.0125970699, -4.88089687811, 0.0
-0.499695063885, -4.01259709721, -4.88089685296, -1.6845445756e-13
-0.499695063501, -4.01259709351, -4.88089688942, 0.0
-0.499695067621, -4.01259710552, -4.88089687506, -1.68454338519e-13
-0.49969011768, -4.01259815354, -4.88089704458, -6.48668826684e-09
-0.499695115874, -4.01259705178, -4.88089687612, -8.42272352595e-13
-0.499695074566, -4.01259710678, -4.88089667767, -1.02756327057e-11
-0.499710956202, -4.0126000383, -4.88087512703, -1.8569680902e-07
-0.499695076854, -4.01259710329, -4.88089688091, -1.68454685504e-13
-0.499701809035, -4.01259708624, -4.88089673853, -1.15053129937e-08
-0.499695028083, -4.01259707662, -4.88089588688, -2.4880537437e-10
-0.499695055318, -4.01259705688, -4.88089687972, -1.6845386131e-13
-0.499695034816, -4.01259712039, -4.88089687861, -5.05363940538e-13
-0.499695073756, -4.01259708022, -4.88089685786, -1.68454269077e-13
-0.499695052962, -4.01259709006, -4.88089689927, -1.68454988165e-13
-0.499694941482, -4.01259686172, -4.88089665436, -2.91421677947e-11
-0.499695062457, -4.01259708964, -4.88089685897, -1.68454192107e-13
-0.499695052806, -4.01259708018, -4.88089687782, 0.0
