-0.499695069462, -4.0125970687, -4.88089682047, -8.42264667803e-13
-0.49969502074, -4.01259720116, -4.88089676381, -7.24351909681e-12
-0.499695083202, -4.0125966719, -4.88089678867, -4.51450121858e-11
-0.49969507955, -4.01259777269, -4.88089623128, -2.25394607505e-10
-0.499694590947, -4.01259517668, -4.88089709332, -9.89306138292e-10
-0.49968735048, -4.01259040338, -4.88089484005, -2.73887835461e-08
-0.499658584207, -4.01259766504, -4.88090125264, -3.41432158299e-07
-0.499691812835, -4.01264435897, -4.88089464585, -5.69219890579e-07
-0.499666916433, -4.01265310322, -4.88089632267, -9.94125374235e-07
-0.499696753041, -4.01255450736, -4.88081267499, -2.25156580689e-06
-0.499692395349, -4.01260876768, -4.88215454138, -0.000399548763851
-2.6478759379, -3.91085813505, -4.83822892279, -301.005859962
2.17095657071, 4.90595679048, -4.868435229, -815.504986758
-1.63720210266, 3.78019238762, -4.83132528738, -70.5115951902
-1.70116645985, -2.38358670004, -4.88519188894, -389.419697175
-1.4801167823, 3.67371605069, -4.85852545962, -0.0854267143998
-1.48166230627, 3.67397130976, -4.85874568199, -0.00128511086274
-1.48148866156, 3.67424984258, -4.8588595395, -0.00233681467424
-1.56986454645, 3.59808150737, -4.78717806736, -2.6896154139
-1.56982130665, 3.59828000582, -4.78864924142, -2.70847780671
-1.19119677355, 3.61788172321, -4.78226234463, -64.3948520932
-1.52799267976, 3.65259108771, -4.8094033441, -72.7827191469
-1.57053289997, 3.59907701546, -4.78804328688, -2.75174151264
-1.57071544727, 3.59737393255, -4.78389593091, -3.18125903635
-1.47630947204, 3.61575722415, -4.99996216314, -3.69751446594
-1.57908615473, 3.71580628187, -4.98786751724, -75.7305597714
-1.47630911742, 3.61575393223, -4.99996294621, -3.69810140907
-1.47632537531, 3.61576099819, -4.99998554525, -3.70120195443
-1.47622378027, 3.61571576189, -4.99998572212, -3.72358528593
-1.4762897717, 3.61576203972, -4.99997803515, -3.70596164245
-1.4760069717, 3.6157617868, -4.99998891613, -3.71584128736
-1.47632995981, 3.61576837121, -4.99999448117, -3.70290651387
-1.47625670078, 3.61576216157, -4.99998769159, -3.70344218068
-1.476204725, 3.61576195352, -4.99999051929, -3.71539957863
-1.47626830194, 3.61576197465, -4.99998230036, -3.69713742385
-1.4762682967, 3.61576197477, -4.99998231789, -3.69711451059
-1.4762683335, 3.61576199097, -4.99998228775, -3.69709203598
-1.47626831479, 3.61576253978, -4.9999822195, -3.69785031653
-1.47627021, 3.61576252821, -4.99998546486, -3.69869194384
-1.43990964678, 3.6157311003, -4.87074027852, -84.1323705039
-1.47633109534, 3.6157636438, -4.99999795831, -3.69969815461
-1.4763307437, 3.61576399664, -4.99999752589, -3.69971766023
-1.4763319405, 3.61576396412, -4.99999762554, -3.70005435858
-1.34968411904, 3.61796548453, -4.9284217087, -6.67834073752
-1.26504897639, 3.69740393798, -4.92303735741, -66.9379786505
-1.48722118449, 3.61622463225, -4.99943378551, -9.92810587767
-1.37234877039, 3.66965905161, -4.99912582435, -68.5395397522
-1.1663039941, 3.80056397242, -4.99051629837, -86.0646389009
-1.39457285056, 3.74805058846, -4.93082030993, -3.55283569632
-1.53805381991, 3.55566129599, -4.99181238991, -71.3466385402
-1.39456491709, 3.73544601644, -4.93017361532, -8.09256069774
-1.39457454716, 3.7480395706, -4.93081987775, -3.55478442027
-1.39435074734, 3.74678262801, -4.93094725217, -3.61048270612
-1.39413490831, 3.74528423238, -4.93052907404, -3.76745528495
-1.3942718603, 3.74678246768, -4.93059825805, -3.55686989359
-1.39427574194, 3.74677048975, -4.93073155935, -3.58242062863
-1.39440325766, 3.74661464844, -4.93054642807, -3.60206774351
-0.952656090026, -4.99900005461, -4.83700855388, -118.381268701
-1.04204720321, -1.69282465196, -4.81703792843, -560.422333944
-3.87006801297, -1.82077031327, -4.92909989838, -859.855901067
-0.958339244756, -4.93771629698, -4.97059780286, -104.798337897
1.31126787814, -3.51371332656, -4.88249950989, -284.277604104
-0.366564013699, -4.94713529858, -4.88416991047, -101.209415878
-1.83521005783, 4.99900991095, -4.89577273444, -198.996984955
-1.16282308555, -1.01475384424, -4.97358348782, -815.594276645
-0.499692221022, -4.01122764533, -4.88089064831, -0.000475163995674
0.320904327808, -4.90238875679, -4.90964404596, -104.010671847
-2.12700230947, -2.60050272319, -4.98547759054, -371.699465528
-0.733167878956, -4.00809939733, -4.87728238715, -15.0774757981
-0.499695062602, -4.0125970849, -4.88089687845, 0.0
-0.49969506341, -4.01259707314, -4.88089686745, 0.0
-0.627887743473, 4.91705361165, -4.93355695775, -307.912304852
-0.499694223382, -4.01259703213, -4.88089690808, -1.80242566709e-10
-0.499695018123, -4.01259704328, -4.88089688665, -1.01072101393e-12
-0.49969505723, -4.01264366246, -4.8806405974, -1.71395370788e-05
-0.499695062406, -4.01259708424, -4.88089688379, 0.0
-0.499695065836, -4.01259710086, -4.88089690486, -1.68455158622e-13
-0.501163582939, -4.01274405138, -4.8809646591, -0.000551139033403
-0.499702204396, -4.01259708568, -4.88089685108, -1.28885422339e-08
-0.499722474948, -4.01259713448, -4.8808969412, -1.89972564501e-07
-0.49969505234, -4.01259707771, -4.88089690602, -3.36909644646e-13
-0.499695036176, -4.01259710239, -4.88089687561, -3.36908932905e-13
-0.499695064656, -4.01259708751, -4.88089673168, -5.39050016989e-12
-0.499695052098, -4.01259708465, -4.88089688194, 0.0
-0.499695140017, -4.01259708465, -4.88089688206, -1.3476378947e-12
-0.499695051079, -4.01259708904, -4.88089690012, -1.68454997547e-13
-0.499695055837, -4.01259707676, -4.88089688372, 0.0
-0.499695060727, -4.01259708856, -4.88089688949, 0.0
-0.49969516195, -4.01259706551, -4.88089688049, -2.52681847545e-12
-0.514732865996, -4.01257568833, -4.88090076428, -0.0574188993407
-0.499695059897, -4.01259708912, -4.88089678409, -2.18988935927e-12
-0.499695059317, -4.0125970913, -4.8808968851, 0.0
-0.499695062981, -4.0125969559, -4.88089689128, -4.21133340243e-12
-0.499695058069, -4.01259708404, -4.88089688668, 0.0
-0.499695076994, -4.01259702266, -4.88089686576, -1.01072095152e-12
-0.499695059898, -4.01259708914, -4.88089688962, 0.0
-0.499695055285, -4.01259709207, -4.88089688145, 0.0
-0.499695073324, -4.01259709352, -4.88089633865, -7.36142474053e-11
-0.49969507375, -4.01259708503, -4.88089686085, -1.68454318757e-13
-0.499694969553, -4.01259686247, -4.88089683388, -1.53291242966e-11
-0.4996950542, -4.01259697969, -4.88089678309, -5.0535654816e-12
-0.499695494209, -4.01259710591, -4.88089727197, -8.59131103661e-11
-0.49969506424, -4.01259695285, -4.88089679659, -6.06428384871e-12
-0.499695075269, -4.01259708503, -4.88089687099, 0.0
-0.499695057486, -4.01259708929, -4.88089687892, 0.0
-0.499695069792, -4.01259707075, -4.88089683125, -6.73813539642e-13
-0.499695061388, -4.01259707761, -4.88089688999, 0.0
-0.499695071281, -4.01259712683, -4.88089688062, -5.05363211272e-13
-0.499695164266, -4.01259708516, -4.88089672803, -8.0857692538e-12
-0.499695055461, -4.01259697224, -4.8808968884, -3.20061400518e-12
-0.499695068812, -4.0125970883, -4.88089686268, 0.0
-0.499695060923, -4.01259707365, -4.880896879, 0.0
-0.499695058853, -4.01259708757, -4.88089687932, 0.0
-0.499695066996, -4.01259707451, -4.88089667793, -1.01071770024e-11
-0.499695004553, -4.01259711864, -4.88089689458, -1.34763338218e-12
-0.499694947658, -4.01259706645, -4.88089687847, -3.53750064339e-12
-0.49969503069, -4.01259694726, -4.88089687533, -5.05359120817e-12
-0.49969504617, -4.01259708189, -4.88089687831, -1.68454159878e-13
-0.499695087277, -4.01259707432, -4.88089690376, -3.36909994858e-13
-0.499695092758, -4.01259703964, -4.8808967863, -2.8636963463e-12
-0.499695078906, -4.01259708052, -4.88089599902, -1.95405874732e-10
-0.499694374254, -4.01259715287, -4.88090669889, -2.4516429385e-08
-0.499695025447, -4.01259708066, -4.88089687662, -3.36908020864e-13
-0.499695041037, -4.01259717893, -4.88089687775, -2.35836710392e-12
-0.499695064186, -4.0125970828, -4.88089688728, 0.0
-0.499695059408, -4.01259709713, -4.88089687818, 0.0
-0.49969497666, -4.01259703202, -4.88089687794, -2.69523928211e-12
-0.499695051205, -4.01259708539, -4.88089681497, -1.01072002398e-12
-0.499695091291, -4.01259706702, -4.88089687579, -1.68454453012e-13
-0.499695064192, -4.0125970823, -4.88089688727, 0.0
-0.499695077803, -4.01259708042, -4.88089689912, -1.68455106963e-13
-0.499695075959, -4.01259708145, -4.88089703853, -6.56968768063e-12
-0.499695074079, -4.01259708381, -4.88089687839, 0.0
-0.499695061747, -4.01259708194, -4.88089687828, 0.0
-0.499695075133, -4.01259710163, -4.88089653775, -2.93108115201e-11
-0.499695056323, -4.01259709098, -4.88089686853, 0.0
-0.499695065233, -4.01259704638, -4.88089681055, -1.51607274976e-12
-0.49969505986, -4.01259712989, -4.8808968773, -5.05363762768e-13
-0.499695066166, -4.01259667232, -4.88089688687, -4.31235893661e-11
-0.499695053496, -4.01259704678, -4.88089707641, -1.0444099996e-11
-0.502756713981, -4.01259453576, -4.88088578346, -0.00237790228529
-0.499695071845, -4.01259706248, -4.88089688586, -1.68454173811e-13
-0.499695066337, -4.01259709407, -4.88089687964, 0.0
-0.499695059732, -4.01259713537, -4.88089689849, -8.42274020631e-13
-0.499695072506, -4.01259708723, -4.88089689392, 0.0
-0.499695073037, -4.01259708566, -4.88089687872, 0.0
-0.499695076011, -4.0125970836, -4.88089679615, -1.68453051531e-12
-0.49969506959, -4.01259709381, -4.88089687252, 0.0
-0.499695060174, -4.012597071, -4.88089688493, 0.0
-0.499695045191, -4.01259710124, -4.88089700739, -4.37980454923e-12
-0.499695010836, -4.0125970791, -4.88089705266, -8.42265029486e-12
-0.499695184051, -4.01261298203, -4.88066846261, -1.32410857107e-05
-0.499695002649, -4.0125970742, -4.88089688346, -1.01072228717e-12
-0.49973260287, -4.01259712903, -4.88089688426, -3.56308212647e-07
-0.499694772453, -4.01259710794, -4.88089687783, -2.18988132783e-11
-0.499695049253, -4.01259707696, -4.88089687703, 0.0
-1.29715144722, 4.90000999911, -4.87420913435, -190.773218219
-0.49969505435, -4.0125971026, -4.88089687907, -1.68454463082e-13
-0.499695052029, -4.01259711553, -4.88089688078, -3.36909119578e-13
-0.499694800759, -4.01259708181, -4.88089688301, -1.76874758846e-11
-0.499695051681, -4.01259707697, -4.88089687677, 0.0
-0.499695433215, -4.01259703485, -4.88089674761, -3.90812433544e-11
-0.499695065303, -4.01259709849, -4.8808968675, 0.0
-0.49969505379, -4.01259707707, -4.88089688055, 0.0
-0.499695116753, -4.01259709767, -4.88089688471, -6.73819226082e-13
-0.499695025634, -4.01259708206, -4.88089693649, -1.34763836087e-12
-0.499695425548, -4.01259682218, -4.88089685548, -5.03670609895e-11
-0.499695058354, -4.01259711437, -4.88089687395, -1.68454643291e-13
-0.499696891497, -4.01259706986, -4.88089686749, -8.4346503706e-10
-0.49969487558, -4.01259702998, -4.88089686795, -9.93866320971e-12
-0.499695068441, -4.01259700018, -4.88089689879, -1.85298530934e-12
-0.499694064163, -4.01259829971, -4.88089762457, -7.67664672246e-10
-0.499694992381, -4.01259718862, -4.88089689682, -4.21135292741e-12
-0.499695079503, -4.01259708619, -4.88089686924, 0.0
-0.499695086891, -4.01259707681, -4.88089688727, -1.68454897585e-13
-0.49969506246, -4.0125970813, -4.88089687419, 0.0
-0.499695075799, -4.01259709323, -4.8808968833, 0.0
-0.499695063987, -4.012597073, -4.88089688859, 0.0
-0.499695080003, -4.01259708617, -4.88089692947, -6.73819506805e-13
-0.499695068956, -4.01259699636, -4.88089691967, -2.35834529161e-12
-0.499695069235, -4.01259708952, -4.88089688349, 0.0
-0.499695070683, -4.01259709216, -4.8808968833, 0.0
-0.499695063989, -4.012597073, -4.88089688777, 0.0
-0.499695079728, -4.01259708832, -4.88089686598, -1.68454497742e-13
-0.499695231222, -4.01259710418, -4.88089688357, -7.07512188132e-12
-0.49969507413, -4.01259810731, -4.88089688693, -2.64478474851e-10
-0.499692595613, -4.01258027933, -4.88088221264, -1.27346710047e-07
-0.499710599918, -4.0125970819, -4.88089688207, -6.10266115521e-08
-0.49969503285, -4.01259712747, -4.88089700717, -4.88517135214e-12
-0.499695052849, -4.01259708196, -4.88089688392, 0.0
-0.499695608016, -4.01259713857, -4.88089688416, -7.51305799758e-11
-0.499695052806, -4.01259708018, -4.88089688387, 0.0
-0.49969508124, -4.01259707909, -4.88089688387, 0.0
-0.499695052806, -4.01259708018, -4.88089688387, 0.0
-0.499695052806, -4.01259708018, -4.88089688387, 0.0
-0.499695052812, -4.01259708018, -4.88089688388, 0.0
-0.499695052806, -4.01259708018, -4.88089688387, 0.0
-0.499695052806, -4.01259708018, -4.88089688387, 0.0
-0.499695052806, -4.01259708018, -4.88089688387, 0.0
-0.499695052806, -4.01259708018, -4.88089688387, 0.0
