-0.499667933477, -4.01260493304, -4.88092613225, -4.18160519857e-07
-0.449732402552, -4.01873774335, -4.88012158476, -0.623379125061
-0.499694380778, -4.01253502681, -4.8808958435, -9.74129680688e-07
-0.499143599635, -4.01215169173, -4.88845379964, -0.0145642580435
-0.499748259749, -4.01208822992, -4.87635584355, -0.00529425172486
-0.499445657922, -4.01258297197, -4.88090152597, -1.57788129246e-05
-0.49944048073, -4.01257282057, -4.88093248066, -1.68538790261e-05
-0.492554211135, -4.01375129416, -4.88541811014, -0.018350111017
-0.500557600138, -4.01265791928, -4.88070768183, -0.000197768190723
-0.503776233954, -4.01215886137, -4.88137882972, -0.00432837371264
-0.499985391716, -4.01259036034, -4.88215454103, -0.000421169690749
-0.496629137003, -4.01113298697, -4.87075314524, -0.0290400461094
-0.499998521654, -4.02043057217, -4.8680045275, -0.0569482419023
-1.51724705605, 3.74339763255, -4.99904132739, -8.42957789444
-0.850080047906, -4.93182330121, -4.9456267596, -107.075681987
-1.49737236173, 3.84221708961, -4.85911618202, -50.2999834908
-1.37072108436, 3.69107408652, -4.76895392522, -27.6729405938
-1.51887981368, 3.48630383351, -4.97083230059, -112.140594837
-1.61440282801, 3.64985622061, -4.78181531716, -90.8226078132
-1.57166152933, 3.59799919171, -4.78745552682, -2.84200041791
-1.53961089516, 3.64750034033, -4.74191995543, -64.5477484998
1.20405417198, 3.48319324767, -4.99422275733, -981.678659228
-1.56786256916, 3.59968386246, -4.78080707499, -3.7841902745
-1.56797996911, 3.59973226348, -4.78080518356, -3.80037327562
-1.52729342464, 3.62171040811, -4.92172203728, -83.0517644074
-1.59942088033, 3.67677052269, -4.94794903799, -12.3636573709
-1.3518500467, 3.63967446083, -4.96485964252, -44.2578409925
-1.46939042469, 4.97710342134, -4.97182075283, -177.597976228
-1.47494287169, 3.53155312865, -4.92440854013, -96.7190160475
-1.70525643146, 3.7559293167, -4.99999999993, -76.00877129
-1.60398144597, 3.52440404581, -4.99939970716, -87.2182603961
-1.47626659932, 3.61578348548, -4.99999865168, -3.70908464387
-1.47602870019, 3.61575956416, -4.99999662715, -3.73022887843
-1.47587946825, 3.61578595383, -4.99999650338, -3.72553404934
-1.47633991699, 3.61576171002, -4.99998720841, -3.70645591145
-1.47585298866, 3.61586762702, -4.99999342076, -3.74748945077
-1.47632322155, 3.6157620451, -4.99999166816, -3.70306483398
-1.47632554834, 3.61576229788, -4.99998938062, -3.69947814204
-1.47636404051, 3.61740975031, -4.99999039008, -3.97487778109
-0.839247112315, 3.63217608081, -4.9610517449, -127.491030232
-1.47233538166, 3.61576299629, -4.99999298093, -4.47949502212
-1.43305621894, 3.49713298439, -4.99999771702, -12.9139440447
-1.47634469514, 3.61576131457, -4.99999336616, -3.70766273319
-1.47726171489, 3.6158271077, -4.99999963246, -3.84425911707
-1.47722453122, 3.61615027368, -4.99998614282, -3.89802560836
-1.47618686809, 3.61580546116, -4.99997281131, -3.72509476954
-0.797668442964, 3.66971350308, -4.94936691307, -179.121354295
-1.29987576715, 3.54567249908, -4.87288165959, -68.1204273914
-1.4006873153, 3.75051635842, -4.91356261418, -13.9745461542
-0.276520218147, 4.05401075746, -4.92105279098, -375.096094295
-1.39089491099, 3.74851479249, -4.92270750155, -4.59442071039
-0.995713543321, 3.5948969017, -4.95205082661, -106.477668063
-1.66029515848, 3.79334165031, -4.95850956505, -9.154534004
-1.8137463724, 3.79475411845, -4.81118138534, -88.947471227
-1.50236058834, 3.98016769355, -4.81208462351, -96.4110871622
-1.75264502794, 3.816057069, -4.90581383114, -103.325729363
-1.43255347619, 3.82229988926, -4.8761785566, -81.9453732522
-1.55940389895, 3.86160615543, -4.89496965241, -71.8619644741
-1.42214422614, 3.58496836172, -4.92960002609, -69.318047999
-1.43698245933, 2.94707805701, -4.90699062781, -165.109061789
-1.8861454122, 4.46436655441, -4.90743698855, -123.550952031
-1.39261910529, 3.46265592203, -4.75641886256, -69.3663023211
-1.39657920267, 3.72189959482, -4.95422211889, -30.8957966911
-1.39206692064, 3.80436958165, -4.92577313963, -61.1882068198
-1.46883496249, 3.74671188504, -4.93058224965, -98.2530755734
-1.1735673684, 3.10873011075, -4.93054166677, -129.038160318
-1.3963701062, 3.74707175546, -4.93190823446, -3.83043278448
-1.48825550407, 3.83386618505, -4.93895663803, -64.8608433615
-4.69875587728, -2.20712650816, -4.91740154942, -1118.34853835
-3.11688893741, 4.4320372148, -4.8590795469, -230.674077246
-0.48381090509, 0.150696095761, -4.90156126269, -786.750291178
0.358234025059, -4.2614988979, -4.83904518291, -101.250283103
-1.16092805315, -3.66280477278, -4.99888417687, -129.878248265
-0.708198170868, -4.0357865822, -4.95411438932, -15.8645503547
-1.74830838241, -3.59706363066, -4.87777675168, -204.694462636
-0.502888350876, -4.00975838352, -4.87711682508, -0.00827737672331
-0.505277087023, -4.01300630233, -4.87065581715, -0.0343944931864
-0.602847705112, -3.49572205006, -4.99816874133, -88.709862445
-1.41165859029, 0.838813787361, -4.99891942687, -713.653776359
-0.388092652461, -4.91972410644, -4.94546757371, -91.0218294114
-0.499549027837, -4.01297922784, -4.88104042126, -4.74728922044e-05
-0.499640146446, -4.01262714427, -4.88146413247, -8.23230454126e-05
-1.52356159156, -2.1352050533, -4.87769405463, -442.209375387
-0.499706883933, -4.01259436541, -4.88090593612, -5.79387482176e-08
-0.499590530021, -4.01275358161, -4.88143799214, -8.29407994788e-05
-0.499769623057, -4.01299888734, -4.88082843223, -4.33494103292e-05
-0.456306223216, -4.03751367447, -4.88631423926, -0.611615749501
-0.491018685604, -3.99546454377, -4.87785253801, -0.0969017600542
-0.499699263259, -4.0125949999, -4.88088394175, -4.7870364425e-08
-1.0065156635, -4.90099058202, -4.84802845615, -107.905911966
-0.499702973428, -4.01259609573, -4.88089633666, -1.61357348295e-08
-0.499584048442, -3.98929320356, -4.88060155318, -0.141102985562
-0.500040675397, -4.01272576987, -4.88101545182, -3.79009203478e-05
-0.499704330812, -4.00087684745, -4.89433161536, -0.0817446116768
-0.499471536886, -4.01252305713, -4.88136450537, -6.93314015961e-05
-0.499854997511, -4.01255664706, -4.88073080148, -1.38493260482e-05
-0.499732036433, -4.01488459869, -4.87587875727, -0.00769843504094
-0.499694425764, -4.01259576631, -4.88088430453, -4.05179910501e-08
-0.499046346524, -4.01192482784, -4.88198823467, -0.00052165919459
-0.499715062779, -4.01259314262, -4.88076515655, -4.49008174623e-06
-0.499846907487, -4.01259983174, -4.88092475539, -6.02471836658e-06
-0.398540943798, -4.01274273998, -4.88044216665, -2.50751582983
-0.495470103457, -4.01263013972, -4.87855415005, -0.00588655334486
-0.499693500047, -4.01260808216, -4.8808968804, -3.12070248115e-08
-0.499902292348, -4.01267640823, -4.88090345329, -1.24525486702e-05
-0.499694782871, -4.01259821381, -4.88089712018, -3.5729861891e-10
-0.499695981838, -4.01257052569, -4.88090175707, -1.84607594191e-07
-0.506402234954, -4.14581846948, -4.88130465866, -5.08682745532
-0.49948054461, -4.01254933063, -4.88143876639, -8.65074277656e-05
-0.499676522406, -4.01259588116, -4.88090056248, -9.07447410201e-08
-0.499169618616, -4.01478061066, -4.87877218041, -0.00241210015741
-0.499724293134, -4.01252881294, -4.88089315771, -1.39780463235e-06
-0.499714880422, -4.01253085123, -4.8809797537, -2.9439509592e-06
-0.499687414448, -4.0123473223, -4.88087520425, -1.58959702488e-05
-0.499706515165, -4.01261284813, -4.88089064917, -1.05807721737e-07
-0.499793900881, -4.01217655831, -4.88083153948, -4.82215211783e-05
-0.498776014074, -4.01302814812, -4.87256391223, -0.0178017155164
-0.499754038404, -4.01262090357, -4.88090363397, -1.03435927113e-06
-0.499759545026, -4.01259583389, -4.88093514095, -1.42186474886e-06
-0.499744410593, -4.01281609084, -4.88046950934, -5.8887695173e-05
-0.499154139138, -4.01192320125, -4.88450523832, -0.00347929502326
-0.499692506086, -4.0125989345, -4.87851987011, -0.00143118470468
-0.510214880556, -4.01220589082, -4.87184383322, -0.0488157840545
-0.500079181469, -4.01382549192, -4.87897468981, -0.00135357384855
-0.499641550404, -4.01271657152, -4.88092668703, -4.55794634467e-06
-0.521642370682, -4.00677078164, -4.88034904565, -0.131643353782
-0.499687232357, -4.01259952868, -4.88132402009, -4.61460444978e-05
-0.499680469226, -4.01282140204, -4.88089557579, -1.27673275722e-05
-0.499670115727, -4.01258911997, -4.86551870366, -0.059704913428
-0.500052504849, -4.01236519101, -4.87763842604, -0.00274046946108
-0.499678311665, -4.01259057704, -4.88088253555, -1.33707553968e-07
-0.499325338243, -4.01349664793, -4.88278541849, -0.00113910541906
-0.499698420299, -4.01348591947, -4.88078451209, -0.000202593047575
-0.499770334346, -4.01260389553, -4.88089529582, -1.44471438053e-06
-0.499309628053, -4.01200238519, -4.88147338809, -0.000211059491262
-0.499703245844, -4.0124750754, -4.88090115159, -3.78401416747e-06
-0.499657483528, -4.01309977341, -4.88088725144, -6.4180711076e-05
-0.497588387804, -4.01518033673, -4.88041181308, -0.00286349690468
0.490361361442, -4.00454236106, -4.87481532032, -135.9951866
-0.499472566995, -4.01240214417, -4.88242154729, -0.000609718897464
-0.490662942974, -4.01278787693, -4.88118748941, -0.0205731475846
-0.536206422843, -3.99925279665, -4.87132731378, -0.409954924969
-0.499458410716, -4.01288278587, -4.88125987642, -6.80638833908e-05
-0.915392715878, -4.39510410644, -4.88659754231, -55.509409086
-0.471696718542, -4.00812424427, -4.87958131098, -0.199475142016
-0.507427424912, -4.01637175518, -4.89873457197, -0.0992390067929
-0.820930873532, 0.888575689731, -4.94701970293, -986.196385627
-1.426080387, -0.832972991888, -4.99727862204, -770.889716626
-0.607384506555, -3.50697801177, -4.78175228886, -77.1473191143
-0.777143848772, 1.45357264797, -4.99854360971, -907.072966268
-0.461189808295, -4.01923721662, -4.87397434261, -0.389548020664
-0.96439266365, -4.50305357335, -4.87617314175, -94.6100358863
-0.498194504509, -4.01031498204, -4.87490187082, -0.0110096540104
-0.496460446322, -4.0169848893, -4.79727600405, -1.89557872515
-1.87767101609, -4.9182641566, -4.86204377513, -171.017216674
0.488567997546, 2.35040233621, -4.82346178764, -1115.25603466
-1.17320618291, -2.9239367061, -4.99760555667, -262.585891873
-1.13810137274, 4.90097696134, -4.79817128043, -217.872032388
-0.499491965568, -4.01303564325, -4.88691300748, -0.00917868099984
-1.68634230042, 4.79067538012, -4.89231884806, -236.79377022
-0.501400301784, -4.01249898493, -4.88031136631, -0.000824541968473
-0.815437813741, -4.99900335543, -4.91943734613, -114.692351911
-0.499609461399, -4.01276373833, -4.88076686232, -1.31431282596e-05
-0.50077849978, -4.01234894475, -4.8824066819, -0.000889638948701
-0.526173259846, -4.00446897642, -4.88464263113, -0.200095265446
-1.37411721363, -4.04667628254, -4.88279605534, -125.534180118
-0.500666791175, -4.01523991556, -4.87459123021, -0.0120505899606
-0.500293940232, -4.01201344544, -4.87764331609, -0.00286679148792
-0.497330482601, -4.01243337165, -4.90758948817, -0.181609840539
-0.498668461127, -4.01154457883, -4.88054701888, -0.000578922245616
-0.498658197218, -4.01281545833, -4.86076650351, -0.102207382747
-0.498205091422, -4.01109303642, -4.87766934783, -0.00377911383096
-0.50232134353, -4.01035724785, -4.88044259229, -0.00308819447941
-0.499797729069, -4.01253531316, -4.88085182863, -4.14119672962e-06
-0.498261411589, -4.01295679094, -4.88088887983, -0.000552860768543
-0.499070490395, -4.01407474016, -4.8813356729, -0.000697983032003
-0.499940090071, -4.01247502732, -4.88089163843, -1.8936542569e-05
-0.499737058048, -4.01314972398, -4.88092075864, -7.7666230656e-05
-0.500273095415, -4.01261901461, -4.87318023613, -0.015151168849
-0.499694802631, -4.01262152281, -4.88089512608, -1.51838761386e-07
-0.499663088061, -4.0125930584, -4.88083640457, -1.18712663599e-06
-0.499712370972, -4.0453539691, -4.88086635187, -0.2653101498
-0.499683510175, -4.01224079664, -4.88066127416, -4.61297369557e-05
-0.49969824508, -4.01176195147, -4.88087897944, -0.00017651942431
-0.499694513594, -4.01259665497, -4.88089098187, -8.91481016349e-09
-0.499694513055, -4.01259786494, -4.88089907159, -1.44814133449e-09
-0.500372473511, -4.0128711358, -4.878818951, -0.00122979672662
-0.499171870501, -4.01906886545, -4.88016772263, -0.0107457940469
-0.499647322529, -4.01257553317, -4.88091642493, -7.9038084532e-07
-0.500896925505, -4.01192045174, -4.88273207058, -0.00133291689561
-0.499694365605, -4.01265522382, -4.88090084273, -8.59093879234e-07
-0.49948072741, -4.01258502056, -4.88101918272, -1.54414866817e-05
-0.506014133255, -4.012519211, -4.88089653964, -0.0101083977763
-0.499693155674, -4.0125962099, -4.88089737952, -1.17951461046e-09
-0.499711587449, -4.01171302359, -4.87973589753, -0.000539575831509
-0.499713270553, -4.0128106225, -4.88089165736, -1.1612994196e-05
-0.499686332534, -4.01258921215, -4.88089632891, -3.50338336167e-08
-0.499923236548, -4.03183916855, -4.88038042958, -0.0922300530333
-0.499652037668, -4.01260383567, -4.88089057032, -4.89707233147e-07
-0.502246849564, -3.83512197417, -4.88142276421, -11.1528531596
