-0.499695069462, -4.0125970687, -4.88089682047, -8.42264667803e-13
-0.49969502074, -4.01259720116, -4.88089676381, -7.24351909681e-12
-0.499695083202, -4.0125966719, -4.88089678867, -4.51450121858e-11
-0.49969507955, -4.01259777269, -4.88089623128, -2.25394607505e-10
-0.499694590947, -4.01259517668, -4.88089709332, -9.89306138292e-10
-0.49968735048, -4.01259040338, -4.88089484005, -2.73887835461e-08
-0.499658584207, -4.01259766504, -4.88090125264, -3.41432158299e-07
-0.499691812835, -4.01264435897, -4.88089464585, -5.69219890579e-07
-0.499666916433, -4.01265310322, -4.88089632267, -9.94125374235e-07
-0.499696753041, -4.01255450736, -4.88081267499, -2.25156580689e-06
-2.26243236297, -4.90022237956, -4.90185058159, -203.572205914
-0.642409013193, 1.00312107076, -4.87269376052, -1084.96252603
-0.988889322735, -4.11700221629, -4.8879907857, -54.7979763638
-1.48084194682, 3.95206391903, -4.84894982285, -66.8388581343
-1.00227702766, -4.41611526126, -4.86791149933, -79.7973089644
-1.48148076539, 3.67395087253, -4.85863414833, -0.000145162667923
-1.48166230627, 3.67397130976, -4.85874568199, -0.00128511086274
-1.48148866156, 3.67424984258, -4.8588595395, -0.00233681467424
-1.56986454645, 3.59808150737, -4.7871780673, -2.68961377184
-1.56982130665, 3.59828000582, -4.78864924142, -2.70847780671
-1.58652593261, 3.60875174736, -4.94620921728, -69.5639826025
-1.48664602477, 3.58327916868, -4.99775160966, -29.4193969827
-1.57053289997, 3.59907701546, -4.78804328688, -2.75174151264
-1.57071544727, 3.59737393255, -4.78389593091, -3.18125903635
-1.47630744842, 3.61575668339, -4.99995927082, -3.69531080437
-1.47630934061, 3.61575428932, -4.99995454481, -3.70211416344
-1.47630746099, 3.61575669308, -4.99995933679, -3.69528940474
-1.47630760159, 3.61575685197, -4.99995950965, -3.69560437897
-1.47620289667, 3.61576474948, -4.99999114841, -3.71222297814
-1.47631173272, 3.61575550168, -4.99992005664, -3.72379417255
-1.47630769058, 3.61575506748, -4.9999245958, -3.71992470302
-1.47630736717, 3.61575518191, -4.99995974791, -3.69616883426
-1.4890502864, 3.61575814917, -4.99997909666, -11.322786609
-1.47630936787, 3.61576211814, -4.99998013602, -3.70439923286
-1.47626828935, 3.61576197465, -4.9999823003, -3.69700736385
-1.4762682967, 3.61576197477, -4.99998231302, -3.6970459721
-1.4762683335, 3.61576199096, -4.99998228775, -3.69709099035
-1.47626831479, 3.61576253978, -4.9999822195, -3.69785031651
-1.47627021, 3.61576252821, -4.99998546486, -3.69869194384
-1.47633100104, 3.6157641562, -4.99999791636, -3.69923166277
-1.47633109534, 3.6157636438, -4.99999795831, -3.69969815461
-1.47924582801, 3.46967025343, -4.99998656479, -68.0811978582
-1.46722998025, 3.66770097553, -4.99997309272, -58.8527968544
-1.46343695069, 3.61837367383, -4.99896487047, -10.1306468651
-1.18716097546, 3.72224608433, -4.99846729802, -95.3627298362
-1.47273336649, 3.49047207288, -4.96384639831, -93.4797548289
-1.48116552095, 3.67804042501, -4.85954986234, -0.453867974055
-1.51455928404, 4.09449933921, -4.88927137097, -89.3675482597
-1.64465196958, 3.63451491103, -4.99878035476, -72.5689688339
-1.48003482945, 3.6814387912, -4.85869780325, -1.45638591532
-1.38105319014, 3.74576112931, -4.93031313636, -10.9878133934
-1.39478398046, 3.75430165572, -4.92936724894, -4.77985170532
-3.0391469672, -1.53835477902, -4.89621516035, -738.524973559
-0.948319905528, 0.076454022308, -4.91231728076, -921.540360198
-0.510874559463, -0.343566368008, -4.79198168386, -1149.74099851
-1.71861211458, -0.63302077611, -4.89115318597, -778.047168174
-0.351731364266, -2.69366598286, -4.90875455024, -264.955654593
-0.49967418088, -4.01260069614, -4.88090790295, -1.44314068079e-07
-1.90932454002, 4.90185880962, -4.86535442665, -183.195181985
-0.499459057871, -4.01351373777, -4.8809479999, -0.000226834050603
-0.50417370675, -3.83625522214, -4.84514055358, -10.9589296612
-0.62870216122, -3.04572471463, -4.87909406174, -199.515712897
-0.499695067777, -4.01259707686, -4.88089686691, 0.0
-0.499702855368, -4.01259873345, -4.88089747567, -1.61247446269e-08
0.159810306003, 0.828381732869, -4.87489569248, -1252.04013583
-0.499695068186, -4.01259706958, -4.8808968677, -1.68453992343e-13
-1.85067750828, -2.28537702397, -4.96939224199, -411.553910607
-4.48798412065, -3.4273433583, -4.99942146581, -1087.21133196
-0.499797085351, -3.94704494234, -4.88156698905, -1.17676776204
-0.49969504294, -4.01259705106, -4.88089689704, -5.05362518094e-13
-0.49969507083, -4.01259699745, -4.88089689155, -2.02143984468e-12
-0.502905830278, -4.00976118296, -4.87889409105, -0.0056924536977
-0.499695063666, -4.01259709136, -4.8808970219, -5.22205873271e-12
-0.499694685806, -4.01259709456, -4.88089688129, -3.63856060237e-11
-0.499695067171, -4.01259708786, -4.88089695636, -1.51609259512e-12
-0.499695057959, -4.01259711001, -4.88089685831, -3.3690897302e-13
-0.499695057514, -4.01259708677, -4.88089687242, 0.0
-0.499695070409, -4.01259709125, -4.880896893, 0.0
-0.499695174641, -4.01259706564, -4.88089687074, -3.20063380434e-12
-0.499695071208, -4.01259709291, -4.88089687312, 0.0
-0.499695065881, -4.01259709152, -4.88089687212, 0.0
-0.499695027601, -4.01259708165, -4.88089699256, -3.70599311399e-12
-0.499695070187, -4.01259709134, -4.88089689317, 0.0
-0.499695056527, -4.01259722077, -4.88089688846, -4.71675069393e-12
-0.499695047399, -4.01259718293, -4.88089688284, -2.52681986894e-12
-0.499695066339, -4.0125970865, -4.88089686757, 0.0
-0.499695072255, -4.01259797692, -4.88089693583, -2.02148241266e-10
-0.499695070187, -4.01259709134, -4.88089689317, 0.0
-0.499695051802, -4.01259710413, -4.88089688572, -1.68454514628e-13
-0.499695089805, -4.0125970667, -4.88089740839, -7.14247027407e-11
-0.499695298701, -4.01259704961, -4.88089686469, -1.41500782139e-11
-0.499695062795, -4.01259709066, -4.88089685274, -1.68454140061e-13
-0.499695067923, -4.01259708388, -4.88089670169, -7.91729223526e-12
-0.499695064773, -4.01259328087, -4.88089688787, -3.65899544609e-09
-0.499695112621, -4.01259708036, -4.88089688382, -5.05364618972e-13
-0.499695101563, -4.01259708629, -4.88089688611, -3.36909878335e-13
-0.499695066618, -4.01259709135, -4.88089688692, 0.0
-0.499695034749, -4.01259696636, -4.88089688672, -3.87442730076e-12
-0.499695069039, -4.01259708903, -4.88089686712, 0.0
-0.49969506346, -4.01259708058, -4.88089674144, -4.71668602956e-12
-0.499695066253, -4.01259708632, -4.88089688811, 0.0
-0.499695069481, -4.01259708625, -4.88089700618, -4.21134599938e-12
-0.499695054799, -4.01259709302, -4.88089688673, 0.0
-0.499695047323, -4.01259709682, -4.8808968691, -1.68454506752e-13
-0.499695904768, -4.0125970816, -4.88089686981, -1.78226796623e-10
-0.499695083224, -4.01259708431, -4.88089686238, -1.68454401396e-13
-0.499695061859, -4.01259714181, -4.88089694018, -1.85300332051e-12
-0.499695014581, -4.01259707991, -4.88089676262, -4.0428651685e-12
-0.49969507058, -4.01259709793, -4.88089687225, 0.0
-0.499695060106, -4.01259708976, -4.88089688494, 0.0
-0.499695057784, -4.01259709966, -4.8808968811, 0.0
-0.499695076045, -4.01259709356, -4.88089686834, 0.0
-0.499695067186, -4.01259709118, -4.88089704602, -7.07504158392e-12
-0.499695072108, -4.01259709776, -4.88089687233, 0.0
-0.499695055318, -4.01259733953, -4.88089687872, -1.65086002766e-11
-0.4996950672, -4.01259708502, -4.88089687495, 0.0
-0.499695072494, -4.01259709311, -4.88089676151, -3.53752236405e-12
-0.499695058224, -4.01259708418, -4.88089689381, 0.0
-0.499695072163, -4.01259709776, -4.88089687233, 0.0
-0.499695056391, -4.01259706409, -4.88089687632, -1.68453960112e-13
-0.499695061852, -4.01259708143, -4.88089686138, 0.0
-0.49969506432, -4.01259709325, -4.88089688128, 0.0
-0.499695052448, -4.0125971097, -4.88089687233, -1.6845472757e-13
-0.49969499831, -4.01259747644, -4.88089688216, -3.99240057544e-11
-0.49969505683, -4.0125970762, -4.88089687433, 0.0
-0.499695061859, -4.01259708171, -4.88089686135, 0.0
-0.499695064325, -4.01259709333, -4.88089688126, 0.0
-0.499695064871, -4.01259707874, -4.88089694017, -1.01072993658e-12
-0.499695066849, -4.01259710081, -4.88089689066, -1.68454848613e-13
-0.499695060507, -4.0125970968, -4.88089673834, -5.05359401374e-12
-0.499695024452, -4.01259730213, -4.88089698135, -1.49925129023e-11
-0.499682716143, -4.01259709593, -4.88089687521, -3.85655307721e-08
-0.499695089573, -4.01259708577, -4.8808968715, -1.68454767353e-13
-0.49969506059, -4.01259709678, -4.88089688304, 0.0
-0.499695068159, -4.01259708382, -4.88089688562, 0.0
-0.499695070436, -4.01259707344, -4.8808968793, 0.0
-0.499695065895, -4.01259708181, -4.88089687478, 0.0
-0.499695060989, -4.01259706441, -4.88089685383, -3.36907230849e-13
-0.499695065607, -4.0125970497, -4.88089688979, -3.36908396773e-13
-0.499694959988, -4.01259644882, -4.88089686763, -1.05112542064e-10
-0.4996950579, -4.01259712042, -4.88089688438, -3.36908976729e-13
-0.499695053148, -4.01259710788, -4.88089732526, -5.07045469209e-11
-0.499695065919, -4.01259708586, -4.8808968977, -1.68455149839e-13
-0.499695032695, -4.01259735941, -4.8808968616, -1.9372358262e-11
-0.499695067625, -4.01259708214, -4.88089687187, 0.0
-0.499695057978, -4.0125970731, -4.88089687794, 0.0
-0.49969507748, -4.01259708959, -4.88089688153, 0.0
-0.499695062012, -4.01259709326, -4.88089690785, -1.68455091074e-13
-0.499695056401, -4.01259707333, -4.88089687856, 0.0
-0.499694936458, -4.01259711743, -4.88089686871, -4.54822641941e-12
-0.499695052417, -4.01259706313, -4.88089667509, -1.06125087357e-11
-0.49969508118, -4.01259709026, -4.88089524753, -6.72297750917e-10
-0.499695054151, -4.01259709028, -4.88089685345, -1.68454185849e-13
-0.499695056272, -4.01259707283, -4.88089687881, 0.0
-0.499695038921, -4.01259710398, -4.88089689811, -3.36909137049e-13
-0.499695042927, -4.01259682857, -4.88089680552, -1.80243683063e-11
-0.499697173485, -4.01259655526, -4.88089614716, -1.32974733659e-09
-0.499695070957, -4.0125970953, -4.8808969121, -3.3691042809e-13
-0.499695059146, -4.01259709602, -4.88089890392, -1.03806183697e-09
-0.499695043531, -4.01259710502, -4.88089687597, -1.68454462532e-13
-0.499695067891, -4.01259707009, -4.88089688454, 0.0
-0.499695019387, -4.01259712562, -4.880896887, -1.01072706473e-12
-0.49969507023, -4.01259709277, -4.88089687854, 0.0
-0.499695061184, -4.01259708842, -4.88089687754, 0.0
-0.499695058177, -4.01259711504, -4.88089687717, -1.68454624335e-13
-0.499695119248, -4.01259708454, -4.88089688389, -6.73818844606e-13
-0.499695292906, -4.01259708139, -4.88089687456, -1.31393899118e-11
-0.499695119338, -4.01259324357, -4.88089689432, -3.73192709381e-09
-0.499695061408, -4.01259708752, -4.88089687752, 0.0
-0.499695050286, -4.01259709563, -4.88089688265, -1.68454472427e-13
-0.499695052589, -4.01259708032, -4.88089688387, 0.0
-0.499695067808, -4.0125970878, -4.88089686824, 0.0
-0.499695052806, -4.01259708018, -4.88089688387, 0.0
-0.499702840304, -4.01259708088, -4.88089688791, -1.52867350306e-08
-0.499695056346, -4.01259697182, -4.88089688396, -3.20060996693e-12
-0.499695052815, -4.01259708053, -4.88089688387, 0.0
-0.499695052453, -4.01259707301, -4.88089688381, -1.68454212675e-13
-0.499695052806, -4.01259708018, -4.88089688387, 0.0
-0.49969505254, -4.01259708017, -4.8808968839, 0.0
-0.499695052806, -4.01259708018, -4.88089688387, 0.0
-0.499695052806, -4.01259708025, -4.88089688387, 0.0
-0.499695052718, -4.01259708018, -4.88089688384, 0.0
-0.499695052806, -4.01259708018, -4.88089688387, 0.0
-0.499695052806, -4.01259708018, -4.88089688387, 0.0
-0.499695052806, -4.01259708018, -4.88089688387, 0.0
-0.499695052806, -4.01259708018, -4.88089688387, 0.0
-0.499695052805, -4.01259708018, -4.88089688387, 0.0
-0.499695052806, -4.01259708018, -4.88089688387, 0.0
-0.499695052806, -4.01259708018, -4.88089688387, 0.0
-0.499695052806, -4.01259708018, -4.88089688387, 0.0
-0.499695052806, -4.01259708018, -4.88089688387, 0.0
-0.499695052806, -4.01259708018, -4.88089688387, 0.0
-0.499695052806, -4.01259708018, -4.88089688387, 0.0
-0.499695052806, -4.01259708018, -4.88089688387, 0.0
-0.499695052806, -4.01259708018, -4.88089688387, 0.0
-0.499695052806, -4.01259708018, -4.88089688387, 0.0
-0.499695052806, -4.01259708018, -4.88089688387, 0.0
-0.499695052806, -4.01259708018, -4.88089688387, 0.0
-0.499695052806, -4.01259708018, -4.88089688387, 0.0
-0.499695052806, -4.01259708018, -4.88089688387, 0.0
