-0.499695069462, -4.01259706867, -4.88089682047, -8.42264712453e-13
-0.499703520006, -4.01259687006, -4.88089664558, -1.8101589424e-08
-0.499695083201, -4.0125966719, -4.88089678867, -4.51450121929e-11
-0.499695772086, -4.01259777267, -4.88089623367, -3.50892359956e-10
-0.499694590947, -4.01259517668, -4.88089709332, -9.89306138292e-10
-0.49968735048, -4.01259040338, -4.88089484005, -2.73887835461e-08
-0.499658584207, -4.01259766504, -4.88090125264, -3.41432158299e-07
-0.499691812835, -4.01264435897, -4.88089464585, -5.69219890579e-07
-0.499666916433, -4.01265310322, -4.88089632267, -9.94125374446e-07
-0.499696753032, -4.01255450736, -4.88081267499, -2.25156581517e-06
-0.499692395349, -4.01260876768, -4.88215454138, -0.000399548763851
-0.646057130565, -4.91642608703, -4.86793637532, -105.108345473
-1.82275332676, 2.57806321088, -4.86356392675, -219.767660329
-1.54557708169, 3.67460226696, -4.91402362973, -67.9329721436
-0.232091639133, -0.718084894031, -4.87561174383, -1061.02449129
-1.43917351899, 3.76383035782, -4.94570066597, -66.3568708741
-1.48158934461, 3.67318201561, -4.85912985263, -0.0240633811244
-0.759055726108, 3.67439232098, -4.8588595246, -184.068292875
-1.57497240199, 3.60537913613, -4.78746511333, -5.56791866057
-1.56730286321, 3.59834782915, -4.78937043696, -3.20779171681
-1.50506597638, 3.59037716045, -4.7138830778, -77.216129895
-1.3314351631, 3.60441453908, -4.73355224264, -88.9948398358
-1.57053294374, 3.59907706063, -4.71299544175, -67.7760778926
-1.57071505109, 3.59767665352, -4.78389673456, -3.21232930519
-1.47630947146, 3.6157576838, -4.99996216313, -3.69825548522
-1.36923060817, 3.49889762512, -4.90184204969, -112.79000593
-1.47637538953, 3.61565873017, -4.9999706068, -3.74203916422
-1.50388428047, 3.38397456414, -4.9999924319, -86.1057080148
-1.47574453984, 3.61364875556, -4.99999037142, -3.88271960463
-1.47631376908, 3.61576157081, -4.99998329863, -3.70449523224
-1.47610243983, 3.61576130227, -4.99998548594, -3.73497000967
-1.47624586711, 3.61576380831, -4.99999975486, -3.70748143642
-1.47632241787, 3.61576312018, -4.99998390044, -3.70080659404
-1.47632264503, 3.61560762611, -4.99998533131, -3.72354369028
-1.4763075763, 3.61576609422, -4.99998555434, -3.70593490611
-1.47626492731, 3.61576795011, -4.99998529159, -3.70138794581
-1.47635287448, 3.61576166066, -4.99997946388, -3.71372026115
-1.4762949002, 3.61576160408, -4.99998643574, -3.70396281756
-1.47627020921, 3.61576252821, -4.99998506116, -3.6990357897
-1.30703423015, 3.61599692418, -4.86569199512, -63.0064289039
-1.47633109534, 3.61576364381, -4.99999792791, -3.69990574597
-1.47633036263, 3.61562542863, -4.99999756241, -3.722623893
-1.4763319405, 3.61576396409, -4.99999762554, -3.70005560057
-1.44670681054, 3.65455686935, -4.99912049288, -49.4696016107
-1.39794450463, 3.07093273454, -4.99917570409, -124.57247876
-1.35075519447, 3.52388303981, -4.94591609985, -74.0238206635
-1.39057326319, 3.67478473449, -4.99975316945, -66.5050225387
-1.54052348356, 4.47964305297, -4.95308712392, -117.410922584
-1.39439422707, 3.74721797679, -4.93070965208, -3.58960668071
-1.86845621977, 3.66977426178, -4.89274538058, -86.0090591058
-1.39456100495, 3.74684390006, -4.93155012142, -3.61159569094
-1.39468513543, 3.74610981205, -4.92601430342, -4.18082397456
-1.39462155959, 3.74714569153, -4.93065624457, -3.60984719521
-1.93653021148, 3.76214452292, -4.89763468606, -114.059747688
-1.41266917034, 3.75871652559, -4.9301606457, -23.6488829466
-1.39192565662, 3.76874165434, -4.84542848408, -68.219814482
-1.4171090997, 4.01748519911, -4.99733835233, -102.216222759
-1.39425894713, 3.74561383993, -4.93054495833, -3.69207716122
-1.44607163889, 4.74409631602, -4.93007590003, -185.96585386
-1.39428977219, 3.74677047409, -4.93060439, -3.56347270751
-1.35817771956, 4.99466674134, -4.91119532497, -231.261043813
-1.35016570075, 3.27054073197, -4.77423954069, -84.4399452867
-1.39429793815, 3.74657020259, -4.93559659009, -4.35922589396
-1.38959290512, 3.74785228837, -4.93057098278, -4.46680758242
0.273294960555, 4.90000253771, -4.90636029427, -473.290708743
-1.75685813022, 4.92421917481, -4.95047443475, -224.034170994
-1.65007973514, -0.671654801105, -4.98295707558, -753.985615618
-0.64136825194, 1.95684891022, -4.99960811575, -732.10959674
-1.32089098249, -1.81505387807, -4.8794614561, -522.941159383
-0.499696205913, -4.01261655002, -4.88091947598, -2.25329153729e-07
-0.485914797728, -4.01214255039, -4.94756644888, -1.17980555598
-1.18658693662, 4.9990033882, -4.91578984021, -230.677718421
-1.00254514539, -4.93719872939, -4.90685717111, -113.97210137
-0.499696849563, -4.01259448582, -4.88093715878, -4.12752753572e-07
-0.557536069286, -4.01279497594, -4.90257858394, -0.988913137309
-0.499522813294, -4.01092359558, -4.88071331707, -0.000725844841071
-0.499693892377, -4.01259054629, -4.88089773444, -1.13441171949e-08
-1.77074362327, 0.0608408312949, -4.92897402037, -656.690138458
-0.499683274288, -4.01171835837, -4.87813599507, -0.00212983983897
-0.501904549468, -4.01251587795, -4.88120214093, -0.00126111427495
-0.499688946593, -4.01259681339, -4.88089718249, -9.51010144093e-09
-0.499695917234, -4.01259700715, -4.88089697647, -1.87490815933e-10
-0.429031571195, -3.98615157183, -4.88181267928, -1.44328418143
-0.499695657931, -4.01241054894, -4.88089857388, -8.79315348543e-06
-0.499751333152, -4.01258919374, -4.88091337868, -8.84974316519e-07
-0.499695106657, -4.01259707037, -4.88089697547, -2.86372201256e-12
-0.499693796608, -4.01259701171, -4.88089528363, -1.05115919634e-09
-0.499712858421, -4.01260161964, -4.88089762467, -8.54024505393e-08
-0.499695048813, -4.01259707375, -4.88089685857, -1.68453761599e-13
-0.503315063478, -4.90099512063, -4.83025692698, -99.7255803973
-0.499695094499, -4.01259720492, -4.88089688259, -3.87446183984e-12
-0.499696008752, -4.01257698637, -4.88057953775, -2.55420928235e-05
-0.499694857917, -4.01259475107, -4.88090137162, -6.49497856504e-09
-0.499695440154, -4.01259721529, -4.88089686491, -3.99239609854e-11
-0.499695081987, -4.01259707534, -4.88089687565, -1.68454636531e-13
-0.499781242239, -4.01292530335, -4.87988277216, -0.000289373623556
-0.50079640924, -4.0126068326, -4.88088598438, -0.000306150308394
-0.499695081815, -4.01259707704, -4.88089687629, 0.0
-0.499694007458, -4.01259686535, -4.8808957913, -5.93795834832e-10
-0.499695070548, -4.01259705968, -4.8808971729, -2.22357022242e-11
-0.49969512252, -4.01259710704, -4.88089695052, -2.35836802649e-12
-0.499694958283, -4.0125971123, -4.88089676114, -6.56967881619e-12
-0.499695078408, -4.0125970909, -4.88089689989, -1.68455235291e-13
-0.499695071559, -4.01259707785, -4.88089669889, -8.08574181398e-12
-0.499694293848, -4.01259700852, -4.88089746842, -2.40211991603e-10
-0.499695073883, -4.012597078, -4.88089688925, 0.0
-0.499695070397, -4.01259707801, -4.8808968893, 0.0
-0.512189356484, -4.0126135503, -4.8809227181, -0.0395299907552
-0.499695353808, -4.01259725923, -4.88089692706, -2.93113019734e-11
-0.49969507052, -4.01259707801, -4.88089688936, 0.0
-0.499695078778, -4.01259662673, -4.88089625283, -1.51944776126e-10
-0.499695084463, -4.01259706825, -4.88089686311, -1.68454032105e-13
-0.499695083992, -4.01259708677, -4.88089685275, -1.68454115054e-13
-0.499689165299, -4.0125851952, -4.88089895086, -4.56329179072e-08
-0.499695008464, -4.01259703335, -4.88089689643, -1.51607785631e-12
-0.50080803743, -4.01264870947, -4.88086463069, -0.000313518385357
-0.499696065941, -4.01259725903, -4.88089624642, -3.61674297995e-10
-0.499695037836, -4.01259707721, -4.88089675503, -4.04287335357e-12
-0.499693425211, -4.01260857285, -4.88089582757, -3.43377260234e-08
-0.499705582348, -4.01259709943, -4.88089677996, -2.79724589882e-08
-0.499695080897, -4.01259691283, -4.88089676978, -1.04440230928e-11
-0.499695045831, -4.01259578961, -4.88089683386, -4.24832632514e-10
-0.499694728501, -4.01259709559, -4.88089804353, -3.72287319469e-10
-0.500176930399, -4.01265455676, -4.88089815554, -5.95132463083e-05
-0.499705443588, -4.012599746, -4.88089704086, -2.90360000852e-08
-0.499705119963, -4.01259809406, -4.880898305, -2.63387983478e-08
-0.499695404187, -4.01259699718, -4.8808973946, -9.85467086079e-11
-0.49969573497, -4.01259720647, -4.88089700037, -1.20951875006e-10
-0.499695438501, -4.01259805006, -4.88089669677, -2.79132908228e-10
-0.499694887557, -4.01259693667, -4.88089595863, -2.27242958555e-10
-0.499576907794, -4.01259687183, -4.88085569909, -3.95672720183e-06
-0.499708481352, -4.01261058319, -4.88094404439, -6.54113736708e-07
-0.499690491786, -4.01259613884, -4.88089656287, -5.54136996133e-09
-0.499694548824, -4.01259621666, -4.88089442551, -1.77907632203e-09
-0.499693220823, -4.01260040268, -4.88089720151, -3.67102006962e-09
-0.499689165464, -4.01000324223, -4.88090136381, -0.00170950494839
-0.49972712278, -4.01259727012, -4.88090708779, -2.86237930299e-07
-0.50324294119, -4.01262845576, -4.88117762008, -0.00321375458358
-0.499671264576, -4.01239708312, -4.88091456668, -1.03302400972e-05
-0.499692728393, -4.0125966989, -4.88089598134, -1.62207510524e-09
4.90014502772, -4.012575284, -4.88056778173, -1872.00653206
-0.494468315614, -4.01217410265, -4.88130231815, -0.00699707454877
-0.499626734928, -4.01259477604, -4.88089540297, -1.18227339571e-06
-0.499705322293, -4.01258667717, -4.88091256424, -1.16216333793e-07
-0.499704024462, -4.01259298212, -4.88090146968, -2.98852480248e-08
-0.499568058784, -4.01259756191, -4.88088068291, -4.14342711442e-06
-0.559890040511, -4.40603570698, -4.88114553508, -42.2337652375
-0.503883200269, -4.0122664963, -4.88076133709, -0.00447336438885
-0.481786344596, -4.01486844361, -4.87607450108, -0.0875527473097
-0.499569810309, -4.01307945822, -4.88074484384, -6.85623403522e-05
-0.499697021293, -4.01259648891, -4.8808148419, -1.70243726657e-06
-0.49477528811, -4.00934556602, -4.88134150305, -0.00885714729936
-0.49970885875, -4.01288878374, -4.88089049648, -2.15532746771e-05
-0.499539909246, -4.01245613279, -4.88037174258, -8.08287830884e-05
-0.439397475513, -4.57739663661, -4.9336678225, -62.1138072399
-0.557090414703, -4.00609133606, -4.85209528536, -1.05404182103
-1.31586310456, 4.99953546558, -4.86752288895, -201.057192887
-1.75505766021, 4.15266501794, -4.87329636098, -103.890082175
-0.499695063464, -4.01259640759, -4.88090568912, -1.97516625935e-08
-0.499871907619, -4.01899637709, -4.88083745759, -0.0103240093794
-0.499695050206, -4.01259691572, -4.88089711842, -2.18986266984e-11
-0.453376097453, -3.9627693665, -4.85144297257, -1.46948657797
-0.499694663088, -4.01259904609, -4.88086064261, -3.32990403983e-07
-0.499695964011, -4.01259704838, -4.88089665557, -2.16968063386e-10
-0.499695032991, -4.01260816124, -4.88089605553, -3.12003816796e-08
-0.49967962658, -4.0125935788, -4.88088905742, -7.88466768143e-08
-0.499694472969, -4.01259604761, -4.88089705335, -3.6856756779e-10
-0.499735815925, -4.01259721737, -4.88089657141, -4.19920597864e-07
-0.49978735767, -4.01259476634, -4.88088303987, -2.2029408858e-06
-0.499703289874, -4.0126515498, -4.88080451462, -2.92361318221e-06
-0.499695061786, -4.01259705621, -4.88089690988, -5.05363518558e-13
-0.499513580485, -4.01020425332, -4.83938112486, -0.437973601286
-0.499667581728, -4.01259357192, -4.88088973789, -2.06998778551e-07
-0.499695056579, -4.01259705122, -4.88089687457, -3.36907773506e-13
-0.499710399589, -4.0125968107, -4.8808968182, -5.9482335757e-08
-0.499695088505, -4.0125970557, -4.8808968756, -3.3690847348e-13
-0.499583365767, -4.01259626507, -4.88089142476, -3.16203998072e-06
-0.499684247421, -4.0125970882, -4.88089639522, -2.96538959877e-08
-0.498669055569, -4.01259427633, -4.88089949099, -0.000266438186304
-0.499695071569, -4.01259707441, -4.88089688012, 0.0
-0.499695081203, -4.01259710338, -4.88089686676, -1.68454552818e-13
-0.499694828409, -4.01259360539, -4.88082742745, -1.22246011869e-06
-0.499695055208, -4.01259714621, -4.88089695356, -2.35836757739e-12
-0.499694381078, -4.01259705151, -4.88089717883, -1.41666334448e-10
-0.49969505689, -4.01259707054, -4.88089684754, -3.36907317692e-13
-0.499695108914, -4.0125977607, -4.88089685423, -1.16066397235e-10
-0.49971015915, -4.01255650785, -4.88096463422, -1.63438980193e-06
-0.499695151754, -4.01259628719, -4.88089620982, -2.75590413184e-10
-0.499694590715, -4.01250144202, -4.88090142027, -2.31754459167e-06
-0.499718623888, -4.01268971405, -4.8811820555, -2.2857996758e-05
-0.499695062634, -4.01259734129, -4.880896871, -1.66770378137e-11
-0.499697683407, -4.01254386356, -4.88089233553, -7.23109491325e-07
-0.499695351683, -4.0125969518, -4.88089694191, -2.62785973414e-11
-0.499695225217, -4.01258894414, -4.88092909245, -2.79141125304e-07
-0.499695054919, -4.01259743586, -4.88089689017, -3.11642988253e-11
-0.499695065623, -4.01259709476, -4.88089688523, 0.0
-0.499696536499, -4.01260225314, -4.88089648978, -7.34083002018e-09
-0.499674921148, -4.01259682838, -4.88088361956, -1.47084354713e-07
-0.499695061616, -4.01259710175, -4.88089705018, -7.58041847138e-12
-0.499693789985, -4.01253505396, -4.88089755828, -9.73403258944e-07
