-0.499695069462, -4.0125970687, -4.88089682047, -8.42264667804e-13
-0.49969502074, -4.01259720116, -4.88089676381, -7.24351909682e-12
-0.499695083202, -4.0125966719, -4.88089678867, -4.51450121858e-11
-0.49969507935, -4.01259777269, -4.88089623128, -2.25394661828e-10
-0.499694590947, -4.01259517668, -4.88089709332, -9.89306138292e-10
-0.49968735048, -4.01259040338, -4.88089484005, -2.73887835461e-08
-0.499658584207, -4.01259766504, -4.88090125264, -3.41432158299e-07
-0.499691812835, -4.01264435897, -4.88089464585, -5.69219890579e-07
-0.499666916433, -4.01265310322, -4.88089632267, -9.94125374235e-07
-0.499696753041, -4.01255450736, -4.88081267499, -2.2515658069e-06
-0.499692395349, -4.01260876768, -4.88215454138, -0.000399548763851
-0.599089405934, -3.10017906933, -4.86118973121, -192.47991186
-4.91143990435, -2.3748681635, -4.85879538917, -1199.23093953
-1.65625941832, 3.71837817697, -4.8920819181, -103.542990223
-0.453883511463, -4.98487296124, -4.88031590013, -105.668934081
-1.52261863288, 3.84913043219, -4.94137041072, -81.1432152233
-1.48166230627, 3.67397130976, -4.85874568199, -0.00128511086274
-1.48148866156, 3.67424984258, -4.8588595395, -0.00233681467424
-1.56986201091, 3.59879088783, -4.78693959627, -2.7377063193
-1.56982130665, 3.59828000582, -4.78864924358, -2.70848738796
-1.54940763502, 3.58594623299, -4.71841214402, -66.8672816238
-1.17247212663, 3.59158154487, -4.85749555997, -115.317729812
-1.57053289997, 3.59907701546, -4.78804328687, -2.75174179979
-1.57071544727, 3.59737393255, -4.78389593091, -3.18125904747
-1.47630947204, 3.61575722415, -4.99996216314, -3.69751446597
-1.63915488708, 3.64167414909, -4.96539362658, -34.3544680591
-1.47630756302, 3.61576219386, -4.99998166922, -3.70370458566
-1.4478695093, 3.63714300979, -4.91177074079, -95.8720569793
-1.47493818429, 3.61576182546, -4.99998766085, -3.74834132396
-1.47632278296, 3.61576152982, -4.99998849187, -3.70257537172
-1.47649141093, 3.61576148318, -4.99998082581, -3.7442060166
-1.47629597358, 3.61576736062, -4.9999853261, -3.70770593875
-1.47632316448, 3.61576158098, -4.99998508941, -3.69803276638
-1.47626959398, 3.6157672672, -4.99998550969, -3.70219983685
-1.47626979574, 3.6157625696, -4.99998530651, -3.69922729846
-1.47626761989, 3.61575662638, -4.99998620595, -3.70366228269
-1.47626383435, 3.61576206814, -4.99998970938, -3.70489771201
-1.4761887474, 3.61576249751, -4.99999406667, -3.71385311328
-1.47627021, 3.61576252821, -4.99998546486, -3.69869194409
-1.37470744788, 3.61585582577, -4.9988843496, -87.8637612694
-1.47633109534, 3.6157636438, -4.99999795833, -3.69969899996
-1.47633075364, 3.61576399671, -4.99999752584, -3.69975794691
-1.4763319405, 3.61576396412, -4.99999762554, -3.70005435858
-1.51768911295, 3.76644451782, -4.92039481374, -67.7168906259
-1.4585094583, 3.57329189749, -4.83925659977, -51.3926160183
-1.38598359612, 3.70998222369, -4.96226870258, -56.231070252
-1.38068008374, 4.34207942227, -4.89064395767, -127.845456212
-1.46051958688, 4.52956120141, -4.87079322806, -119.833447236
-1.3926277659, 3.73836226628, -4.93018330276, -6.59321178721
-1.51863842472, 4.31325712069, -4.85997597044, -169.494743357
-1.39456292459, 3.74684397424, -4.9310604013, -3.55724765612
-1.39457749231, 3.74803948214, -4.93081930028, -3.55699526587
-1.39418455141, 3.74952467426, -4.93024571486, -3.67787012288
-1.40115362041, 3.7461505256, -4.92969444704, -5.86496958121
-1.39032785625, 3.77384366295, -4.93023949061, -19.5666401166
-1.32971369996, 3.74658015352, -4.92813869891, -98.5751936593
-1.47997796132, 3.79210904754, -4.90716144628, -107.631901727
-1.39426436609, 3.74678293589, -4.93060017215, -3.55847781201
-1.41238346889, 4.1199404091, -4.9217239364, -68.8281330665
-1.39428436555, 3.74677027709, -4.93058894024, -3.56021138908
-1.242587994, 3.74807486538, -4.9324136014, -73.5832768247
-1.36782287222, 3.87041314811, -4.81197840857, -95.5032283743
-1.39430341069, 3.7467506181, -4.930581074, -3.56259974733
-1.39424849781, 3.74440707867, -4.93203607236, -3.98990482366
-0.853081148467, -4.90000523453, -4.91021170748, -106.33662144
-0.860755388745, -4.91516667476, -4.86918940622, -103.257180054
-1.36367784317, -1.06466834804, -4.85273751346, -674.176112661
-0.498779810525, -2.60419833512, -4.93146890286, -289.280726286
-1.41040404134, -1.65919835402, -4.92742337723, -565.20040149
-0.499695043167, -4.01259687146, -4.88089678117, -1.3981499021e-11
-0.499695013734, -4.01259823597, -4.88089968306, -2.3259024633e-09
-1.10177909763, -4.99923690891, -4.89289515713, -118.057426627
-1.07945811984, 3.18485882739, -4.97892322187, -104.26859399
-0.49969504285, -4.01259705798, -4.88089685974, -3.36906847104e-13
-0.493607023724, -4.01233649191, -4.88090332288, -0.0093815129412
-0.499693414887, -4.01260402934, -4.88089607528, -1.30486773702e-08
-0.499695061759, -4.01260144452, -4.88089692764, -4.80737457836e-09
-0.720324022316, -4.94968222496, -4.83468774957, -110.539626476
-0.499695511871, -4.0125766343, -4.88324782824, -0.00139645070886
-0.499695099064, -4.01259364914, -4.88089706886, -2.99433640174e-09
-0.499695064912, -4.01259711126, -4.88089688075, -1.68454474417e-13
-0.499695068638, -4.01259709175, -4.88089689303, 0.0
-0.500031457371, -4.01282826885, -4.88096609346, -4.3267191242e-05
-0.499694961593, -4.01259709031, -4.88089690773, -3.03216438293e-12
-0.499701989758, -4.01259712059, -4.88089718769, -1.21496662893e-08
-0.499694611026, -4.01259708219, -4.88089687204, -5.2220030786e-11
-0.499695063353, -4.01259709622, -4.88089696868, -2.18991406086e-12
-0.499695065674, -4.01259708792, -4.88089692418, -5.05365123911e-13
-0.499695060579, -4.01259708285, -4.88089686825, 0.0
-0.475742555768, -4.01957135906, -4.88933356822, -0.170294484454
-0.499695074159, -4.01259709269, -4.88089687116, 0.0
-0.499694767433, -4.01259661368, -4.88089679987, -8.0182509781e-11
-0.499696194742, -4.01259709276, -4.88089687891, -3.22592819438e-10
-0.499694344531, -4.01259705924, -4.8808968352, -1.32066163622e-10
-0.499695015166, -4.01259873739, -4.88089687403, -6.91373229256e-10
-0.499695044302, -4.01259714167, -4.88089642753, -5.22204644896e-11
-0.499599916288, -4.01259205114, -4.88089919624, -2.2962917412e-06
-0.499695069555, -4.01259707481, -4.88089687239, 0.0
-0.499695074376, -4.01259694954, -4.88089758233, -1.30046848896e-10
-0.499695066891, -4.01259703199, -4.88089688273, -6.73815690374e-13
-0.499695071574, -4.01259709141, -4.88089687936, 0.0
-0.499695061809, -4.01259708616, -4.88089689753, -1.68455087618e-13
-0.499695056244, -4.01259708495, -4.88089690825, -3.36910308425e-13
-0.499695065356, -4.01259709219, -4.88089689856, -1.68455114166e-13
-0.49969499512, -4.01259708024, -4.88089685944, -1.34762749105e-12
-0.499695074335, -4.01259716348, -4.88089679306, -3.36908127312e-12
-0.499695075138, -4.0125971153, -4.88089687463, -3.36909010642e-13
-0.500321171003, -4.01259657437, -4.88088162014, -9.90847377227e-05
-0.499695078897, -4.01259710151, -4.88089676512, -3.36907283195e-12
-0.499695068968, -4.01259716935, -4.88089687179, -1.85300031049e-12
-0.499695073299, -4.01259708315, -4.88089688873, 0.0
-0.499695080013, -4.01259708415, -4.88089687372, 0.0
-0.499695447844, -4.01259708873, -4.88089688813, -3.70599192282e-11
-0.499695237343, -4.01259680877, -4.8808970147, -3.1500356211e-11
-0.499695079035, -4.01259708119, -4.88089687387, 0.0
-0.4996294436, -4.01260411668, -4.88089294541, -1.1051887856e-06
-0.499695079571, -4.01259696409, -4.88089687368, -3.70597122886e-12
-0.499695052116, -4.01259708829, -4.88089695566, -1.51609164828e-12
-0.499688704119, -4.01259751325, -4.88089696179, -1.02814791388e-08
-0.499695572166, -4.01259713193, -4.8808964912, -1.03262647279e-10
-0.499695299346, -4.01259718165, -4.88089676487, -1.9372378742e-11
-0.499695060385, -4.01241142406, -4.88089692619, -8.71022031572e-06
-0.499695059669, -4.01259706525, -4.88089687537, -1.68454017772e-13
-0.499695103976, -4.01259694615, -4.88089690404, -5.39048470693e-12
-0.499695056262, -4.01259707191, -4.88089686925, 0.0
-0.499694716076, -4.0125997167, -4.8808967945, -1.78436812005e-09
-0.499695056803, -4.01259707293, -4.88089686922, 0.0
-0.499695056817, -4.01259707163, -4.88089686887, 0.0
-0.499695056803, -4.01259707191, -4.8808968693, 0.0
-0.499695029714, -4.01259706526, -4.88089687498, -3.36907721738e-13
-0.499689391282, -4.01259700416, -4.88089654641, -8.1714365151e-09
-0.499696079123, -4.01259879754, -4.88088131963, -6.22125508678e-08
-0.499695259339, -4.01259761379, -4.88089692351, -8.08591929443e-11
-0.499695257594, -4.01259695652, -4.88089684982, -1.36446931557e-11
-0.499695220751, -4.01259642293, -4.88089678557, -1.19094108235e-10
-0.499693370988, -4.01259666389, -4.88089880905, -1.71390593771e-09
-0.499716713915, -4.01257018096, -4.88089720935, -3.01525776396e-07
-0.499667653371, -4.01127819351, -4.88108373841, -0.000450082232284
-0.499695314833, -4.01259703477, -4.88089758803, -1.43861164425e-10
-0.499673528333, -4.01259887756, -4.88089807829, -1.18466946952e-07
-0.498689356105, -4.01254850565, -4.89016380791, -0.0219386054588
-0.499695422458, -4.01493280782, -4.88110373695, -0.00138505867813
-0.499693515434, -4.01259611319, -4.8808905129, -1.1091498417e-08
-0.499695029318, -4.01259706208, -4.8808967665, -3.53750641087e-12
-0.499695162233, -4.01259689239, -4.88089689379, -1.17916623493e-11
-0.499694587334, -4.01259629564, -4.88089706483, -2.2403892375e-10
-0.507697941275, -4.0126081514, -4.88003465438, -0.0163375772351
-0.499693337722, -4.012593485, -4.88090527815, -2.18761498743e-08
-0.499695355453, -4.01259659339, -4.88089712405, -9.77010486025e-11
-0.499688775879, -4.01258031783, -4.88089594231, -8.13130359316e-08
-0.499697570905, -4.01259724207, -4.88089696801, -1.59583726186e-09
-0.499691042263, -4.01411091098, -4.88089603359, -0.000578391826324
-0.499697025621, -4.01259635443, -4.88089475051, -2.25116725692e-09
-0.499704828733, -4.01259818128, -4.88089871529, -2.5264447302e-08
-0.496877981554, -4.01231572825, -4.8804211358, -0.00208451963328
-0.505848595935, -4.011693028, -4.88089596824, -0.00979871303306
-0.579029271841, 1.36424003212, -4.86342921855, -861.23315616
-0.499713555202, -3.99973841229, -4.88759529312, -0.0542875621156
-0.499695161776, -4.01259709067, -4.88089698089, -5.05362478509e-12
-0.499748985165, -4.01276744357, -4.88085972404, -8.41809119189e-06
-0.499694800603, -4.01259713015, -4.88091054621, -4.72656460307e-08
-0.49989285346, -4.01307295833, -4.88091968201, -6.71450744957e-05
-0.499695082064, -4.01259709131, -4.88089683094, -6.73814930458e-13
-0.499695057423, -4.01259705334, -4.88089688513, -3.36908005697e-13
-0.499695072482, -4.01259710634, -4.88089686097, -1.6845463626e-13
-0.499689731371, -4.01259664737, -4.8809033849, -1.79517426286e-08
-0.49969512809, -4.01259709186, -4.88089709518, -1.29709837043e-11
-0.499695063353, -4.01259708955, -4.88089687515, 0.0
-0.499695153203, -4.01259706557, -4.88089687739, -2.0214569645e-12
-0.499694501936, -4.01259705688, -4.88089540754, -6.27160954388e-10
-0.499695019979, -4.01259710206, -4.88089687986, -6.73817185574e-13
-0.499405135061, -4.01258366567, -4.88103807513, -2.63581454062e-05
-0.499695045148, -4.01259829461, -4.88089688937, -3.70271766568e-10
-0.499695145548, -4.01259709659, -4.88089688101, -1.684549034e-12
-0.499695092028, -4.01259702249, -4.88089705935, -9.43335505097e-12
-0.4996950613, -4.01259707807, -4.88089687396, 0.0
-0.499706111085, -4.01259706628, -4.88089697335, -3.08554010287e-08
-0.499694720651, -4.01259708419, -4.88089698038, -3.26797640604e-11
-0.499694984399, -4.01259309986, -4.88089698038, -4.01974489672e-09
-0.499694845325, -4.01259708209, -4.8808968726, -1.22970154385e-11
-0.499695065619, -4.01259710222, -4.88089691845, -5.05364906866e-13
-0.499695049857, -4.01259710174, -4.88089686835, -1.68454525923e-13
-0.499695126067, -4.01259708906, -4.88089695697, -2.52681867491e-12
-0.499695144676, -4.01259710773, -4.88089687046, -1.68455196121e-12
-0.499695053736, -4.01259708919, -4.88089688225, 0.0
-0.499695893964, -4.0125970493, -4.88089666437, -1.85467263313e-10
-0.499616937574, -4.01259593863, -4.88089567869, -1.54375559128e-06
-0.499695075637, -4.01259709531, -4.88089694695, -1.17918288085e-12
-0.499695068579, -4.0125971378, -4.88089686082, -8.42273002394e-13
-0.499966969738, -4.01258931262, -4.88089021227, -1.87000546107e-05
-0.499695068333, -4.01259709097, -4.88089677804, -2.52679745673e-12
-0.499702307073, -4.01259678937, -4.88089687122, -1.32836185835e-08
-0.499695061036, -4.01259711905, -4.88089688979, -3.3690900582e-13
-0.499695060951, -4.01259709939, -4.88089700385, -4.04289185124e-12
-0.499695061622, -4.0125970821, -4.88089688248, 0.0
-0.499695061614, -4.01259710129, -4.88089688936, -1.68454699554e-13
-0.49969503453, -4.01259709925, -4.88089700432, -4.37980571865e-12
-0.499694798829, -4.01259708825, -4.88089865173, -8.13667539272e-10
-0.499695061615, -4.01259710129, -4.88089688461, 0.0
-0.499695321778, -4.01259705818, -4.88090185299, -6.27646267037e-09
