-0.499695069462, -4.0125970687, -4.88089682047, -8.42264667803e-13
-0.49969502074, -4.01259720116, -4.88089676381, -7.24351909681e-12
-0.499695083202, -4.0125966719, -4.88089678867, -4.51450121858e-11
-0.49969507955, -4.01259777269, -4.88089623128, -2.25394607505e-10
-0.499694590947, -4.01259517668, -4.88089709332, -9.89306138292e-10
-0.49968735048, -4.01259040338, -4.88089484005, -2.73887835461e-08
-0.499658584207, -4.01259766504, -4.88090125264, -3.41432158299e-07
-0.499691812835, -4.01264435897, -4.88089464585, -5.69219890579e-07
-0.499666916433, -4.01265310322, -4.88089632267, -9.94125374235e-07
-0.499696753041, -4.01255450736, -4.88081267499, -2.25156580689e-06
-0.499692395349, -4.01260876768, -4.88215454138, -0.000399548763851
-0.4235269324, 0.227360537257, -4.91617548875, -975.565989968
-0.921768160457, -4.93366097517, -4.86565621652, -112.89169514
-1.23512010692, 3.62173577057, -4.61281550696, -110.497882697
-0.566566199074, -4.91164077815, -4.86004365002, -95.6745255619
-1.47935654067, 3.66349180088, -4.85422032348, -3.74473052339
-1.48166230627, 3.67397130976, -4.85874568199, -0.00128511086274
-1.48148866156, 3.67424984258, -4.8588595395, -0.00233681467424
-1.56986454645, 3.59808150737, -4.78717810152, -2.68971976612
-1.56982130665, 3.59828000582, -4.78864924142, -2.70847780671
-1.62940947338, 3.60766014507, -4.99855750117, -70.8309176999
-1.71365906056, 3.57659016316, -4.61722889688, -78.1312930151
-1.57053289997, 3.59907701546, -4.78804328688, -2.75174151264
-1.57071544727, 3.59737393255, -4.78389593091, -3.18125903635
-1.47630947204, 3.61575722415, -4.99996216314, -3.69751446594
-1.64077267431, 3.70865173652, -4.93732249277, -71.4813969343
-1.47630911742, 3.61575393224, -4.99996294415, -3.69813939913
-1.47633711177, 3.61576011475, -4.99997866232, -3.70546714474
-1.4763339714, 3.61573188693, -4.99998543138, -3.71106095098
-1.47640684966, 3.61576205646, -4.99998717881, -3.73793555722
-1.47644205937, 3.6157286694, -4.99998332385, -3.74666759497
-1.47626656516, 3.61576018486, -4.99999982716, -3.7049657553
-1.47636494204, 3.61576258174, -4.9999857983, -3.71676111337
-1.47566670388, 3.61578587362, -4.99999554396, -3.75038943927
-1.47626830728, 3.61576197378, -4.99998225121, -3.69723979329
-1.47626829669, 3.61576197477, -4.99998232841, -3.69720281295
-1.4762683335, 3.61576199128, -4.99998228774, -3.6970968772
-1.47626831479, 3.61576253978, -4.9999822195, -3.69785041216
-1.47627021, 3.61576252821, -4.99998546486, -3.69869194384
-1.53000477927, 3.61573963003, -4.93304090158, -90.1570648477
-1.47633109534, 3.6157636438, -4.99999795831, -3.69969815461
-1.4763307437, 3.61576399664, -4.99999752589, -3.69971766023
-1.4763319405, 3.61576396412, -4.99999762554, -3.70005435858
-1.3772953775, 4.10495218378, -4.99999156845, -57.5074730125
-1.2399247868, 3.72543122219, -4.99998727525, -41.0913178323
-1.41728192452, 3.65626078321, -4.99932391885, -68.0851060499
-1.69708600876, 3.63977840246, -4.90041735538, -70.4463928957
-1.56243547283, 2.4896317653, -4.72967581283, -288.921073545
-1.39457507822, 3.74805958762, -4.93082090585, -3.55852226964
-1.31262114944, 3.77889699028, -4.90773953604, -72.9410073796
-1.39455752465, 3.74772638562, -4.93052983757, -3.61640672035
-1.39457454716, 3.7480395706, -4.93081987775, -3.55478442111
-1.38278912082, 3.74678158142, -4.93060662991, -9.07273813917
-1.39395393677, 3.7469901764, -4.93078201036, -3.62955521036
-1.39427186136, 3.74678246769, -4.93059825805, -3.55686133583
-1.39430649191, 3.74679984642, -4.93092709197, -3.60255126805
-1.45672248693, 3.75911523702, -4.90144298658, -121.461569799
-1.3942643715, 3.74678297368, -4.93060017207, -3.55836174448
-1.39812478314, 3.7686511975, -4.92899779595, -16.6834677898
-1.39428436556, 3.74677027709, -4.93058894024, -3.56021124788
-1.32226124783, 4.90058874953, -4.88810349995, -174.443202653
-0.413396234898, 4.79857706125, -4.8836805684, -289.903576294
0.88814304572, -2.42747274003, -4.93340801298, -514.159310307
0.178150091927, 0.0876875520632, -4.88758757833, -1354.87034972
1.73405098009, 1.31294016888, -4.90134293407, -1612.62488426
-0.499694423719, -4.58837339324, -4.88320091632, -69.8282926415
-0.875595925665, 4.32945394131, -4.96610166557, -182.512995381
-0.00960282847288, 0.448505330153, -4.94826670452, -1219.18226891
-0.536058230964, -3.17933354433, -4.9142371288, -166.577822492
-0.49969503559, -4.0125970805, -4.88089687767, -1.68454280832e-13
-0.499695053813, -4.01259702496, -4.88089710202, -1.36446512375e-11
-1.39510850709, 2.14244648096, -4.90708683919, -414.696185887
-0.499687855684, -4.01260167281, -4.88089735876, -1.85276159459e-08
-0.499695052599, -4.01259709299, -4.88089687713, 0.0
-0.499694432144, -4.05375002308, -4.88094206907, -0.422762426949
-0.499695059368, -4.01259709671, -4.88089687774, 0.0
-0.499695049768, -4.01259709132, -4.88089687787, 0.0
-1.33656341435, -2.80532704079, -4.94112565258, -268.597665424
-0.499695164622, -4.01259708011, -4.8808972011, -2.89738399068e-11
-0.499700988699, -4.01259725831, -4.88089684009, -8.88079508542e-09
-0.49969506644, -4.01259712915, -4.88089685908, -5.05363653642e-13
-0.499693802916, -4.01259708213, -4.88089695869, -4.04623621899e-10
-0.499695066451, -4.01259690054, -4.88089068786, -9.69826716374e-09
-0.499694898459, -4.01259708488, -4.88089688297, -7.07499797243e-12
-0.49969505428, -4.0125970846, -4.88089688177, 0.0
-0.499695518545, -4.01259723402, -4.88089692967, -5.82855707318e-11
-0.499695056326, -4.01259709259, -4.88089685658, -1.68454152403e-13
-0.499695063893, -4.01259709038, -4.88089688922, 0.0
-0.499695117038, -4.01259708367, -4.88089688407, -6.73819070234e-13
-0.49960156021, -4.01259777193, -4.88089725775, -2.21049390902e-06
-0.49969505497, -4.01259709842, -4.88089687958, 0.0
-0.499695107591, -4.01259708579, -4.88089681811, -1.34763129714e-12
-0.499695062853, -4.01259713799, -4.88089688634, -6.73818572948e-13
-0.499695053792, -4.01259708431, -4.88089688256, 0.0
-0.49969506237, -4.01259707052, -4.88089687498, 0.0
-0.499695062195, -4.01259731707, -4.88089686746, -1.36448441879e-11
-0.499695100463, -4.01259706083, -4.88089688178, -5.05363435288e-13
-0.499695061422, -4.01259708887, -4.88089688243, 0.0
-0.499695252445, -4.01259708535, -4.88089687724, -8.92808195322e-12
-0.499695057327, -4.01259707033, -4.88089687451, 0.0
-0.49969506077, -4.01259694615, -4.88089686495, -4.88513886467e-12
-0.499695057748, -4.01259707551, -4.88089689282, -1.68454667632e-13
-0.499695064924, -4.01259710367, -4.88089685102, -3.36909036247e-13
-0.499695075269, -4.01259708503, -4.88089687099, 0.0
-0.499694769931, -4.01259709487, -4.88089685969, -2.2235656547e-11
-0.499695060917, -4.01259711134, -4.88089686499, -1.68454561462e-13
-0.499695064439, -4.0125970928, -4.88089687737, 0.0
-0.499694195315, -4.01259708691, -4.88089688426, -1.91529335653e-10
-0.499695080449, -4.01259975313, -4.88089685762, -1.80069940104e-09
-0.499694996355, -4.01259709915, -4.88089689163, -1.34763233624e-12
-0.499695060917, -4.01259710039, -4.88089686499, -1.68454391699e-13
-0.499695084287, -4.01259711063, -4.88089676757, -3.36907898445e-12
-0.499695062978, -4.01259709704, -4.88089687295, 0.0
-0.499695066084, -4.01259709146, -4.88089688423, 0.0
-0.499695053885, -4.01259706467, -4.88089695384, -1.51609221895e-12
-0.499695074135, -4.01259703277, -4.88089928174, -1.46209001538e-09
-0.499695067924, -4.01259708158, -4.88089686729, 0.0
-0.499695068616, -4.01259710349, -4.88089685959, -1.68454645868e-13
-0.499695066276, -4.01259709514, -4.88089689098, 0.0
-0.499695058815, -4.01259710417, -4.88089704829, -7.41196144063e-12
-0.499695086852, -4.01259709066, -4.88089687606, -1.68455028689e-13
-0.499695070638, -4.01259706586, -4.88089442125, -1.52636787436e-09
-0.499695061361, -4.01259708216, -4.88089684656, -3.36907953018e-13
-0.499695036915, -4.01259711689, -4.88089687634, -5.05364200529e-13
-0.499695065389, -4.01259707998, -4.8808968761, 0.0
-0.499695066027, -4.01259708661, -4.88089680878, -1.17917341802e-12
-0.499695057057, -4.01259716325, -4.88089847103, -6.43344491768e-10
-0.499695063646, -4.01259709452, -4.88089687273, 0.0
-0.499695035378, -4.01259711805, -4.88089688439, -5.05364176091e-13
-0.499695068502, -4.01259707926, -4.88089688438, 0.0
-0.499695124313, -4.01259709151, -4.88089693885, -1.85300084179e-12
-0.499695041708, -4.0125971134, -4.88089687222, -3.36909229002e-13
-0.499695063532, -4.01259709446, -4.88089687096, 0.0
-0.499695068409, -4.01259709223, -4.88089688666, 0.0
-0.499695077908, -4.01259704049, -4.88089688222, -5.05362174538e-13
-0.499695030921, -4.01259708162, -4.88089689388, -3.36908394855e-13
-0.499695068875, -4.012597085, -4.88089674023, -4.71669081675e-12
-0.499693724081, -4.01259723438, -4.88089710193, -4.73361110407e-10
-0.499695126393, -4.01259730035, -4.88089691007, -1.29711197615e-11
-0.499695069255, -4.0125969989, -4.88089687464, -1.85298446141e-12
-0.49986334159, -4.01269136773, -4.88480090185, -0.00385386493984
-0.499695096228, -4.01259708707, -4.88089686731, -3.36909399999e-13
-0.499695066539, -4.01259698547, -4.88089694028, -3.53750733679e-12
-0.499695081263, -4.01259708439, -4.88089686885, -1.68454517072e-13
-0.499695081992, -4.01259704614, -4.88089684367, -6.73813198521e-13
-0.499695054632, -4.01259707286, -4.8808968721, 0.0
-0.499694990646, -4.01259700121, -4.88089677745, -5.72737121449e-12
-0.499694876834, -4.01259708689, -4.88089686382, -9.09641971885e-12
-0.499695072101, -4.01259709085, -4.88089686267, 0.0
-0.499695072003, -4.01259709131, -4.88089684749, -3.3690829563e-13
-0.499695049818, -4.01259708239, -4.88089686245, -1.68453945543e-13
-0.499694773692, -4.01258622921, -4.87957874768, -0.000439632934916
-0.499695070289, -4.01259709103, -4.88089687921, 0.0
-0.499695021074, -4.01259706668, -4.88089680701, -1.85298252748e-12
-0.499695062325, -4.01259709482, -4.88089685909, -1.68454461328e-13
-0.499694807967, -4.01259691183, -4.88089689519, -2.44254601219e-11
-0.401207065339, 2.38840398261, -4.92916251245, -766.239398499
-0.499695000883, -4.01259658798, -4.88089672068, -6.9738659285e-11
-0.499695059536, -4.01259708508, -4.88089698182, -2.69526989098e-12
-0.499695063343, -4.01259709133, -4.88089686805, 0.0
-0.499695053187, -4.01259707674, -4.88089687597, 0.0
-0.4997036303, -4.01259732948, -4.88089573241, -1.88978936126e-08
-0.499695058654, -4.01259707827, -4.88089689019, 0.0
-0.499695102709, -4.01259703796, -4.88089690733, -1.17917890616e-12
-0.499695067484, -4.01259744585, -4.88089687844, -3.3017261961e-11
-0.499695050388, -4.01259794568, -4.88089690238, -1.87660412673e-10
-0.49969508247, -4.01259709065, -4.88089686267, -1.68454567016e-13
-0.499695032382, -4.01259708631, -4.88089679366, -2.02143808758e-12
-0.499695067729, -4.01259708247, -4.88089687976, 0.0
-0.499695172905, -4.01259701125, -4.88089718361, -2.79631492513e-11
-0.499695065317, -4.01259711072, -4.88089687147, -1.68454431906e-13
-0.499695700597, -4.01258913156, -4.88115774837, -1.72157641697e-05
-0.499695069559, -4.01259709169, -4.88089686171, 0.0
-0.499695067695, -4.0125971178, -4.88089687905, -3.36908643267e-13
-0.499694984599, -4.01259710488, -4.88089686996, -1.68453604513e-12
-0.499695068728, -4.01259709064, -4.88089688934, 0.0
-0.499695058912, -4.01259707289, -4.88089687944, 0.0
-0.499695064722, -4.01259706074, -4.88089683964, -5.05360903802e-13
-0.499695137888, -4.01259713675, -4.8808961788, -1.25665678003e-10
-0.49969507642, -4.01259708543, -4.88089686712, 0.0
-0.499694802078, -4.01259709444, -4.88089690395, -1.76874708872e-11
-0.499695006171, -4.01259708032, -4.88089687938, -8.42269624248e-13
-0.499695062874, -4.01259707373, -4.88089688763, 0.0
-0.499695095226, -4.01259708753, -4.88089688558, -1.68454979645e-13
-0.499695051258, -4.01259708743, -4.88089686948, 0.0
-0.499694986293, -4.01259725977, -4.88089689338, -9.43345100011e-12
-0.499705011872, -4.01255714797, -4.88090636498, -4.51042423448e-07
-0.49969547173, -4.01259704638, -4.88089688522, -4.21132643723e-11
-0.499695015446, -4.01259707709, -4.88089680675, -1.85298227626e-12
-0.499695728443, -4.01259640839, -4.8808968843, -2.26902386034e-10
-0.499695050973, -4.01259707752, -4.88089687083, 0.0
-0.499695052908, -4.01259708016, -4.88089688387, 0.0
-0.499695070816, -4.01259705813, -4.88089688431, -1.68454104133e-13
-0.499695052792, -4.01259708017, -4.88089688387, 0.0
-0.499695052805, -4.01259708018, -4.88089688387, 0.0
-0.499695056354, -4.01259708018, -4.88089685123, -1.68453839263e-13
-0.499695052806, -4.01259708018, -4.88089688387, 0.0
-0.499695052804, -4.01259708018, -4.88089688387, 0.0
-0.499695052806, -4.01259708018, -4.88089688387, 0.0
-0.499695052806, -4.01259708018, -4.88089688387, 0.0
