-0.519185608181, -4.01383507556, -4.89256971303, -0.132079552125
-0.517857449976, -4.05341004972, -4.90166279266, -0.610850453922
-0.513439438342, -4.003019465, -4.90090480157, -0.174837732244
-0.500445142884, -3.99558845219, -4.95485907274, -1.53344024065
-0.502802855291, -2.76075790643, -4.92390079933, -272.63965333
-2.57817728334, 2.37172126793, -4.97709520067, -310.926944277
-0.509007791064, -3.92533306276, -4.93812170013, -3.06298206553
-0.488550537052, -4.0257852756, -4.99727751637, -3.89842083525
-0.486857533134, -4.01256806603, -4.99784261853, -3.91286045306
-0.492499138479, -4.01444918134, -4.99822163962, -3.94501895932
-0.570510966924, -4.00659857218, -4.99926487589, -5.50094542837
-0.487695604031, -4.01958668025, -4.99814816317, -3.9412996822
-0.493083172793, -4.00976686777, -4.99879669523, -4.02021889193
-0.486519330945, -4.01378699537, -4.99874994778, -3.98375892832
-0.496147961674, -4.00936386855, -4.99989087527, -4.10553467106
-0.488763769483, -4.03019966133, -4.99985998765, -4.12219004641
-0.486754568338, -4.00954371134, -4.99983499955, -4.10306539494
-0.489865848758, -4.01560248938, -4.99988168415, -4.0613833221
-0.489841950241, -4.0157220852, -4.99999994962, -4.06808381032
-0.489995053224, -4.01567024836, -4.99999996397, -4.07042357635
-0.489567857272, -4.01557886102, -4.99999999942, -4.07032603733
-0.48979575235, -4.01567803524, -4.9999999628, -4.06839335982
-0.490147293166, -4.01575104364, -4.9999779272, -4.07267727218
-0.500058488296, -3.99941621713, -4.999999337, -4.17618223206
-0.459442955922, -4.11777197058, -4.99813798848, -6.53070665353
-1.42190832018, 3.48645139552, -4.99461054033, -12.4216027433
-1.46147497642, 2.42951828421, -4.74711583693, -374.798030784
-1.38932519008, 3.48336501903, -4.99727597831, -71.3699978888
-1.28371700046, 4.70077433515, -4.99503869549, -174.37366739
-1.43025635063, 3.50141041122, -4.99483580846, -14.3245732419
-1.4347397546, 3.50041592263, -4.99445038009, -14.9636934592
-1.43158127134, 3.71385117518, -4.992374892, -84.4138829038
-1.18954577534, 3.61103562101, -4.98053144988, -57.9101391124
-1.42578609892, 3.49471092297, -4.99314939871, -10.9375208481
-1.46468184988, 3.44423859298, -4.99791912899, -61.8254342261
-1.41430234372, 3.38374686888, -4.99993354114, -63.3238361511
-1.33505255454, 3.61372957627, -4.99995898699, -70.1843920766
-1.43683065216, 3.49034943705, -4.99995700707, -11.8438108403
-0.0263433888053, -3.98385921228, -4.99996626429, -60.8474720821
-4.99958192643, 0.557764351293, 3.5775293184, -1868.7697484
-3.19089149828, 1.0171684161, -4.99930068416, -510.733706933
-2.24614143062, 4.99915809508, 1.58624273418, -1661.06994731
0.947893172563, -3.50455351223, -4.99188754934, -239.458939501
-3.4383162522, -4.94640295438, -3.70701697344, -552.557923268
-3.40655203745, -3.33124048482, 2.36755679549, -1.23039938232
-4.74749885789, -3.11469176779, 2.85401881209, -1844.83272266
-4.49004129899, -3.32300679277, 2.30692826717, -1292.75310974
-3.39978932583, -3.37627484362, 2.52869500316, -59.0824677524
-3.19280590897, -3.28135358668, -1.46048217708, -1890.69275075
-2.92967483178, -3.31743725078, 2.38740995382, -320.628956492
-3.39884166779, -3.32383801481, 2.34913792645, -0.102367409777
-1.48423856671, 3.75214199743, -4.99999264096, -44.7471396723
-1.5513000803, 3.66298381417, -4.99885188344, -108.431699494
-1.52027429203, 3.75052456128, -4.9999999926, -10.0455484864
-1.52027722947, 3.74118095392, -4.99999996607, -7.775371464
-1.61836718538, 3.71580955567, -4.99857517797, -80.3340926909
-1.39538344693, 3.84685968372, -4.99999951301, -112.243488326
-1.60347283749, 3.77878164066, -4.82627017666, -77.2386290861
-1.53055479702, -4.54819143959, -4.97111459638, -134.639900078
-3.7237524658, -2.5196506312, -4.99918523854, -723.943968248
-0.403886334069, 2.22636613972, -4.9658284138, -805.218983605
-0.9453870683, -4.90049584406, -4.94920647015, -99.9787274659
-0.691290543549, -1.12353551274, -4.96892353687, -780.237649236
-0.658600306486, -4.24901523139, -4.88435092149, -31.315175847
-0.716408954914, -4.90717985222, -4.88168161702, -113.265386074
-0.563938547456, -2.10765590094, -4.87787799166, -430.985677064
-1.36261846335, 4.90028943572, -4.95787677493, -188.699147321
-0.466863607148, -3.67249210632, -4.78423675106, -51.0034224946
-0.433530701786, -3.83706461763, -4.86540879723, -12.9526641724
-1.52941269898, 2.80331033299, -4.87715272684, -145.531057346
-0.497449617302, -4.01801222714, -4.86796394364, -0.0506124996767
-0.489759175853, -4.02815623791, -4.87943419654, -0.0846634220854
-0.340794885084, -3.93632666602, -4.86407441879, -9.4482614821
-1.74148853216, 4.9910454957, -4.96326296116, -190.939764064
-0.488791294521, -4.04438078109, -4.87504812437, -0.287429614117
-0.673428064788, -4.99975077019, -4.8358007551, -109.498834101
-1.07457304889, -4.99912291692, -4.83088071026, -122.495224523
2.19321583499, 4.99919858661, -4.95936705219, -720.372714799
-0.504760262999, -3.96548264633, -4.8792542052, -0.601354136972
-0.503363403554, -4.11211266509, -4.879165219, -2.6892780733
-0.52271816224, -4.99836667618, -4.92633195948, -94.3497935425
-0.505350083668, -2.79050345481, -4.91111053716, -256.401564554
-0.499684626539, -4.01224272225, -4.87866151938, -0.0012975704899
-0.513300931958, -4.08914719723, -4.87664117502, -1.5854871573
-0.499909119135, -4.02281665016, -4.88121405532, -0.0262435661365
0.262776359181, -3.98803273969, -4.91473299154, -98.5054493002
-0.437104454976, -4.02615318714, -4.86315035181, -1.09234110997
-0.768142534207, -3.91033733416, -4.8739409736, -21.5299218565
-0.522628441808, -4.0058570179, -4.86317386171, -0.224999785906
-0.503864647361, -3.9218887982, -4.99554606383, -6.66166972892
0.108641396264, -4.12325167973, -4.80531050811, -76.0581135231
-0.465940669869, -4.03322422702, -4.90316904239, -0.500859990353
-0.495348481441, -4.01800975684, -4.99426885339, -3.63554991257
-0.404213703698, -3.89793650481, -4.88192612146, -6.73173193968
-0.501419930188, -4.01127613322, -4.88121848879, -0.00122206242058
-0.50287120896, -3.77106633299, -4.87558732959, -23.6022383842
-0.501635382727, -4.01354548051, -4.87008317193, -0.0305950016292
-0.49949366729, -4.01303768763, -4.88117949891, -7.94523516406e-05
-0.500834462328, -4.01399383246, -4.87808600042, -0.00282681459558
-0.49922836243, -4.06618236297, -4.76903159085, -4.57876338274
-0.426325295897, -3.98714629208, -4.88009490069, -1.53145132406
-0.478504571049, -3.97935759548, -4.99991539086, -4.57718591094
-0.505502294424, -4.00870345162, -4.88485312308, -0.0164274345857
-0.499665360756, -4.01217916611, -4.88080757253, -4.63602208965e-05
-0.49749437703, -4.01263572702, -4.88113115629, -0.00124054257461
-0.501334980152, -4.01545191526, -4.87777368974, -0.00521129812147
-0.78998263521, -3.4466018046, -4.86124808636, -106.62122543
-0.524051450923, -4.01950617336, -4.90460925132, -0.307598819838
-0.502115932295, -4.01256206189, -4.88370995877, -0.00347559879726
-0.501004160571, -4.01639741976, -4.88147536188, -0.00415113987728
-0.514962006537, -3.98655845722, -4.84426249653, -0.570899127943
-0.499862442611, -4.01250104774, -4.88180896689, -0.000219588524048
-0.500022329308, -4.01128486198, -4.88165396235, -0.000609243222979
-0.542066645204, -4.0044177464, -4.8777987029, -0.475920145978
-0.9807293033, -4.04716418879, -4.82849976819, -62.2756427353
-0.42713919432, -3.96679287819, -4.88865108679, -1.9113644182
-0.499264016876, -4.01141120541, -4.89643324711, -0.0616812739688
-0.538981522322, -4.1704567212, -4.93282728352, -8.81959536036
-0.505590051089, -4.00021626497, -4.87994346018, -0.048803627216
-0.425219572469, -4.02237448225, -4.88459626257, -1.36989914542
-1.62413759585, -4.08258162487, -4.86930644612, -152.841962132
-0.480715362247, -4.01116018965, -4.88438046617, -0.0933920647143
-0.500164772594, -3.98488758251, -4.85242376938, -0.400582267874
-0.846664064967, -4.01932201224, -4.91434060728, -37.496400619
-0.505753831983, -4.02314620548, -4.87980773989, -0.0375236925601
-0.501350131792, -4.02733573376, -4.8822261199, -0.0553048701848
-0.48989610586, -4.02815465429, -4.90916187135, -0.278009541123
-0.502101842006, -4.01218815628, -4.8821450682, -0.00189880508299
-0.497829033316, -4.0094528115, -4.88847872133, -0.0179410324201
-0.507725423477, -3.98913900339, -4.86216046438, -0.246395819973
-0.504583842278, -4.02858547465, -4.88559967262, -0.0753279494709
-0.503214869067, -4.01245268803, -4.8765035007, -0.00804595938868
-0.501271053901, -4.00796990007, -4.88000136902, -0.00628263515212
-0.499866963619, -4.01296665815, -4.88055590059, -7.1303322056e-05
-0.499554148218, -4.03401802299, -4.84692137181, -0.401855430839
0.340873311026, -4.686803152, -4.88828515837, -109.134802343
-0.490018462518, -3.69685895178, -4.87642130783, -40.548020339
-0.495064962377, -4.01498747819, -4.88141381299, -0.00691550720291
-0.492525330229, -3.98615039737, -4.89848606432, -0.277612290193
-0.497604039518, -4.06129299013, -4.86674105047, -0.645795498492
-0.499978064771, -4.01500926823, -4.88552246861, -0.00686244831014
-0.167942527157, -3.54039576913, -4.82822107932, -88.5840365533
-0.498305797139, -4.01866575955, -4.87277215268, -0.0262789390891
-0.491934257232, -3.8962064738, -4.90069569065, -4.22480277572
-0.510502924791, -4.03670080922, -4.87491657142, -0.181451987277
-0.542873194455, -4.01209737228, -4.86295105289, -0.54888879218
-0.475807093842, -4.01747833444, -4.88032879546, -0.148267031477
-0.432595893915, -4.07490456474, -4.87586657143, -2.06942582654
-0.504898887199, -4.01672883259, -4.87820281227, -0.0129420413172
-0.34144239801, -4.00923029948, -4.81613851771, -8.29576189318
-0.489104456153, -4.01700378403, -4.90010213128, -0.125221898933
-0.506525123199, -4.01570801807, -4.83061123362, -0.655833498444
-0.61287699833, -4.26093703033, -4.86785349173, -27.9420181534
-0.252703095556, -4.39070215459, -4.88255922276, -48.8316113736
-0.497380137684, -3.9898476532, -4.9157222211, -0.451917002571
-0.499102268279, -4.04158037065, -4.88442499826, -0.210748499185
1.2953311468, -4.00111292093, -4.83738422513, -226.836447429
-0.497094738744, -4.01297645308, -4.88717765537, -0.0116646884455
-0.498982246263, -4.01144891436, -4.88240578944, -0.00103739360894
-0.50048862462, -4.00643450141, -4.99754873174, -3.9299281219
-0.494907016337, -4.01484975517, -4.87921786821, -0.00775051822543
-0.495667289333, -4.013602872, -4.93214591887, -0.67085049678
-0.499178993405, -3.98641162121, -4.84261740662, -0.546080571929
-0.533747249185, -4.10845806456, -4.87648465999, -2.76647512481
-0.527274915287, -4.04080709478, -4.86172200145, -0.469361962818
-0.499010853172, -4.01017964579, -4.88132413911, -0.0016489274703
-0.501358197726, -4.06857726815, -4.88045156299, -0.790476447914
-0.500705739114, -4.14518243429, -4.8043024994, -6.99837665383
-0.492400007869, -4.01234544568, -4.90666780511, -0.180103891885
-0.51227404123, -4.01119577548, -4.88079459492, -0.040651330183
-0.507339008559, -4.01253815156, -4.87490081936, -0.0238174801499
-0.500583897286, -4.00861875079, -4.87914841984, -0.00498713860983
-0.499460428853, -4.00275803857, -4.92015298271, -0.418834898173
-0.499655535666, -4.01233208102, -4.88100786758, -2.12546739412e-05
-0.498519364454, -4.01267741948, -4.90060891065, -0.098442440413
-0.499654689713, -4.00201426588, -4.88509083789, -0.033233844946
-0.499750683079, -4.01261535585, -4.88076588823, -5.20094710382e-06
-0.497926031431, -4.01032641828, -4.87838101701, -0.00370903682946
-0.500094521179, -4.01241390798, -4.88064917709, -6.43159272928e-05
-0.504678954066, -4.67103436125, -4.8970672065, -76.431565583
-0.490738967083, -4.01168845837, -4.8797171623, -0.0207801306706
-0.500809053146, -4.01230093791, -4.88121986067, -0.000361845859784
-0.532469212246, -3.96088550914, -4.90225256257, -1.11654807618
-0.500873311705, -4.04591663386, -4.79669554725, -2.24731259377
-0.498976139412, -4.01378047466, -4.88209072427, -0.000843791737438
-0.500628385093, -4.00517177168, -4.82734477895, -0.750657700133
-0.50151407847, -3.77946787882, -4.88103553616, -21.7538276625
-0.602190088771, -4.01344894204, -4.87831960408, -2.6795449352
-0.500939517856, -4.00871580079, -4.8780996077, -0.00621093833634
-0.512440460639, -3.95131023111, -4.88332995217, -1.05418427975
-0.495523277523, -3.99851930641, -4.88096389608, -0.0552930336962
-0.503024142822, -4.02031525778, -4.87393476174, -0.0298018085048
-0.502810528823, -4.01915934217, -4.88086952155, -0.013339977294
-0.499977064422, -4.01225948943, -4.88129557483, -8.91130403341e-05
-0.375925865843, -3.93651915209, -4.89356725856, -5.76632848658
-0.499066630107, -4.01414156243, -4.87845964905, -0.00220491848436
-0.503004908208, -4.00715391021, -4.88771624688, -0.0222212258527
-0.499558289085, -4.0127579565, -4.88050330351, -5.04310139034e-05
-0.511463591488, -4.01799253848, -4.87958777209, -0.0426972274721
-0.597602719081, -4.03482004724, -4.92048017884, -3.18109624021
-209.850654699, -183.260776445, 221.655345577, -2.23208243903e+15
-286.682980774, 410.427689028, 112.290755815, -6.25841065326e+16
378.121952628, -87.7722000604, -277.803809892, -1.45881663055e+17
139.832127234, -427.061664536, -78.1415972015, -5.24634433222e+16
45.9198173691, 7.07804853532, 77.0977261035, -130946.204883
-272.970808705, -139.071241142, -170.054455085, -1.31510885641e+16
-46.0321213365, -16.2407742421, 497.461678317, -1.23797690745e+17
-59.9953208913, 479.059637854, 16.765490639, -1.69124894555e+17
479.870530351, 177.473206049, -67.9868955562, -1.10576650226e+17
186.916345759, -304.237926091, 258.612441039, -3.43730487127e+16
-25.5263414809, -116.15222253, 242.65016338, -2.59054928633e+14
80.0153046305, -170.898411535, 363.368336947, -5.2279795136e+15
167.417994689, -63.4947360594, 316.265261191, -7.06547782316e+15
386.936158929, 116.910475342, 27.6269243079, -2.68546760786e+16
-307.720898572, -313.006277117, 81.5797420112, -2.20597739652e+16
188.043188888, -258.783746183, 369.227447938, -3.89633245187e+16
484.900540501, -73.5645995655, 211.138036067, -2.76127251233e+17
63.4812091271, 248.472919598, 249.003385719, -1.67910229764e+15
-586.599544855, 155.487518897, -166.409743235, -5.69680645894e+17
309.000775504, -167.204576178, 13.9035578927, -1.3273448524e+15
-260.483924152, -150.095358869, 51.5409954591, -1.29812852947e+15
9.32798943246, 108.61916541, -197.660130677, -4.30462971971e+13
-223.59858171, -60.4185271411, 192.08609374, -2.05590418675e+15
-333.892617702, 246.443978249, 307.507369744, -2.28289349319e+17
268.048533467, -269.362634233, 478.772240133, -2.44760113255e+17
210.119707417, -351.700626428, 485.21424266, -3.17641353363e+17
370.996623472, -23.5230205518, -244.488634672, -6.79238667412e+16
231.073342156, -13.290825542, -313.764172078, -3.61247587327e+16
155.560855356, -87.6535497092, 36.2053772199, -9.94387094027e+12
-415.724473458, -125.759555291, -7.3443448229, -4.21702096157e+16
120.195295204, -7.5601553951, -50.5290548115, -439092.344003
-96.3880545608, 148.564016768, 275.321045429, -6.83986972309e+15
-253.318105119, -18.3157583891, -34.9687798269, -6.92112345192e+14
47.6658349366, -179.532507897, -55.2503328189, -3.69768944036e+13
-1.84855634665, -212.440773399, 38.090534237, -3.36974841214e+14
-109.987771619, -214.355873778, -138.98783871, -3.04618739345e+14
-19.8618736921, 490.386881863, 27.7164512482, -1.88015948849e+17
-86.4004545158, -89.125003622, 206.934117627, -2.1424455916e+14
-24.2706278474, -211.751291579, -378.493863719, -2.03316181277e+16
-227.879046638, 460.520424969, 144.755898488, -1.02657774733e+17
236.457059669, 8.60069810736, -189.713225212, -3.45534815161e+15
-236.650615738, 317.073334368, 242.881039826, -4.40595147258e+16
256.196076821, -62.3258557971, -198.212978919, -8.09241570007e+15
47.2939943939, -395.250945806, 442.300492193, -2.82432197464e+17
49.3180302446, -177.486350916, 22.8248207917, -8.07610776179e+13
-193.893897491, -540.33594669, -75.010047142, -3.43834162731e+17
-132.836992867, 103.156926908, -19.994461161, -6.87751929456e+12
28.9207463245, -28.2594648502, 214.997752, -8.8844658268e+13
-425.944593653, 269.321681324, -254.103855755, -1.75423797125e+17
30.1594852551, 292.485727407, 490.731965543, -2.10844803953e+17
177.759636051, -88.0644210783, -197.281984649, -2.61490088116e+15
-194.153077552, 567.59573215, 343.99558848, -5.25077705889e+17
272.474483057, 202.937291545, -532.625110277, -5.55483415594e+17
-12.2811739203, -487.23406658, 265.295849969, -5.15716372175e+17
165.313711116, -168.6948276, 480.569539427, -6.6875501669e+16
-3.11118002226, -13.4328911438, 369.742474747, -9.18639212637e+15
395.114485655, -136.363594935, -57.5335258329, -1.00083118895e+16
-224.248666407, 136.13530241, 29.2201045352, -1.47655612103e+14
406.063741233, 501.390529505, -92.3929360735, -5.47409155124e+17
258.863544207, 99.2912832255, 162.816650403, -7.30178369823e+15
-128.690396846, -10.0378464101, 173.914590208, -2.95086921551e+14
7.12232952888, 193.335189191, -258.278319239, -1.3815250309e+15
402.495221615, 571.052205385, 443.476592144, -3.09925448332e+18
234.230328054, -151.658506206, 93.974620514, -6.4774767326e+14
-251.900770735, 290.828075488, 150.853307642, -1.10499915518e+16
300.652036547, -151.200179476, 162.59985682, -7.39426069496e+15
-204.248487177, -74.8804820743, -39.8675537735, -2.74084114299e+14
281.131529172, -94.2170191429, 11.7447691125, -5.59098243358e+14
468.1568686, -35.1637147261, 234.662664034, -3.00657381708e+17
264.100058978, 27.6312532656, 518.541782906, -4.08240812468e+17
150.718166032, 21.2651300686, 105.94835185, -9.4834213876e+13
-145.294058727, 206.391980991, -176.114228289, -2.0700227614e+15
-513.800674121, 343.596916546, -540.766350805, -4.20356985484e+18
-518.201059508, 205.71897555, -72.6334005336, -9.85474423394e+16
120.418749111, 61.3879716248, 58.2126947209, -1.16065815655e+13
-93.2672014886, -273.629682815, 356.77453455, -2.02747227982e+16
-28.6537884105, 486.725075418, 198.82462844, -8.90048114266e+16
-66.4801124263, 203.989329065, -202.393332782, -1.51556458608e+15
164.247706599, 161.448822382, -415.447571425, -4.55872541944e+16
-90.4089017197, -106.60750034, -105.201812599, -1.82557756006e+13
302.995132156, 415.599389825, 119.190480323, -9.72596476479e+16
121.267579387, 246.724073601, -469.418411013, -6.65125608223e+16
-306.437332123, -378.82692203, -425.369825039, -5.73567571047e+17
-204.23873172, -449.472413931, 351.228435224, -3.78621129052e+17
109.994278175, 242.8258069, 451.885158969, -8.76130729859e+16
-391.032635949, 130.870753262, -473.700512376, -8.31057885798e+17
-53.8561147125, 236.11299247, -187.112234614, -3.1153326084e+15
236.062361422, 20.3702784938, -37.4698380777, -2.09790939352e+14
379.675012441, -124.01443853, 198.071176376, -4.72990025104e+16
429.055337677, 266.209165236, 215.675794173, -3.88545722317e+17
379.937565284, -244.894517042, -207.478700168, -1.00125608229e+17
-328.204629927, 460.177476404, 40.26271275, -1.97599653335e+17
192.334895632, -204.380984084, -286.405463532, -3.27949866586e+16
551.428228052, -356.235720692, 1.61121563606, -1.90739542429e+17
-294.365298814, 114.280045015, 275.733810376, -6.01543555809e+16
474.752533302, 176.979647774, -388.847870235, -6.4085810038e+17
-548.966152756, 109.942198143, 436.113824585, -3.57483400259e+18
239.799405612, -10.7748515546, 497.55936559, -2.3565112393e+17
-61.1032935908, 240.682478416, -342.33455039, -1.13194476291e+16
163.575642272, 137.199666798, 390.369775717, -3.64941289224e+16
-373.878242447, -14.808010641, -148.201516626, -3.85671706376e+16
-403.836266546, -293.235025739, -148.188897646, -2.02425284846e+17
465.688064177, 231.445799968, 367.989372346, -1.55133456825e+18
-195.198843836, 181.950670383, 389.69068284, -1.61479737173e+17
-40.3574864039, -191.794258479, 9.33675151699, -1.14034700632e+14
-73.6249264146, -176.682680935, -151.780269077, -7.46711349619e+13
-255.323477223, 310.943137566, 447.868530038, -8.33240710453e+17
320.868805089, 407.668920882, -581.231787692, -1.23178815016e+18
-434.709523375, -109.154877408, 9.81529431816, -4.81517492245e+16
542.177564409, 49.4185076968, -11.8274605082, -1.9337191534e+17
-174.278146842, -201.117177444, 97.5336984635, -5.15603489706e+14
-302.108014539, 129.417934965, 70.0392536183, -1.72470522829e+15
-201.049419512, 225.048355958, 72.565010873, -8.98168871921e+14
22.3914272886, 522.854606876, -305.508650465, -1.01370138211e+18
491.5992132, -151.959489709, -246.320770499, -3.78415668195e+17
24.7024602885, -4.68895523009, 15.7622524193, -14734.7490738
120.060968171, -175.11246721, 342.97678988, -5.7795918633e+15
-25.402077327, -52.3339988854, 130.864684948, -2.99925807758e+12
15.0216267204, 72.9539102437, -375.804747983, -6.40776987915e+15
315.798938567, 155.230903082, -436.611407715, -2.8015332533e+17
-94.541445106, -454.932012102, 17.8317029392, -1.14264433736e+17
224.987096584, -21.7755575353, 66.2754168978, -3.49879503577e+14
368.258338885, -427.365252015, 49.2421487909, -1.77240089803e+17
-171.477809314, -63.947706047, -113.749531543, -3.08249707626e+14
253.884297842, 93.1951521604, 49.8748474381, -1.50526739101e+15
-38.3349704428, 3.99321490304, -191.324183158, -2.65971123642e+13
-462.095255714, -261.039485741, -405.126977639, -2.0706081904e+18
-189.446657549, 215.884767701, 535.822437387, -1.12430187452e+18
-521.978442406, 91.5168516452, -193.43086244, -3.69690221279e+17
66.0428482502, 151.407886846, -154.575745321, -1.02310468263e+14
197.033902344, -415.426457992, 118.617887486, -1.22694129657e+17
4.48810878229, -33.9283840695, -110.67769705, -326333.657941
-383.21140947, 173.35153134, 27.2216884876, -6.32811319639e+15
-125.83522491, -96.3096196012, 204.390414292, -3.87799211704e+14
518.417882501, -192.198779002, -340.420961433, -1.45420870596e+18
-316.141756158, 418.474592327, 165.130413434, -9.38996094001e+16
458.092379742, -555.545380384, 149.333224444, -1.87119430174e+18
465.400979737, 196.026930906, -277.924107218, -1.77913568037e+17
15.4938707297, 329.245610876, 504.580040963, -3.08664413421e+17
442.29101186, 242.721954862, -23.8638050291, -1.05293696893e+17
3.75968926733, 108.142598242, 220.783776788, -3.70205808125e+14
-242.46557684, 119.215752574, 339.863011753, -9.53129418686e+16
137.726529751, -117.964404667, 34.5511696139, -1.30744419094e+13
-455.255236484, 148.774130761, -290.329855777, -3.34952476242e+17
554.907385024, 345.375210449, -436.321231874, -1.56462071834e+18
181.972071961, 110.535922854, -84.5127252172, -7.67352211953e+13
-125.105204458, 33.3718171784, 401.46604911, -5.98106472705e+16
-41.4395517519, 32.6225319664, 59.5644384823, -18730.2203536
49.6200926551, -86.5123850863, -85.430755907, -444713.735778
-10.9563935628, 408.94949486, 137.970595073, -2.49759373582e+16
-61.4544889504, 70.1522525973, 139.87012707, -4.13247457177e+13
-305.972135594, 175.867275084, 413.524817406, -5.47908630805e+17
346.763550377, 178.786979416, -378.246348044, -1.64474510115e+17
-431.197174094, -88.9983630774, 23.1326741629, -3.76939590763e+16
-217.146777923, 201.273529862, -528.367014291, -1.98777810329e+17
225.100164744, 315.071360791, -70.2177000379, -1.12130013348e+16
234.571849918, 3.69048732721, 70.735022063, -6.01376762693e+14
-17.8749818848, -188.088025906, -156.434417682, -5.67085958127e+13
225.172545995, 143.279795408, -425.647358982, -1.05621830718e+17
305.530868717, -213.575242891, 24.5225732639, -2.33011965814e+15
146.207448252, -28.1350806886, 99.2200362495, -4.92451024068e+13
199.472634552, 43.8624713674, 347.422206406, -2.53412346585e+16
320.759977939, 8.14113635372, -331.21650352, -1.18069264678e+17
57.252959066, 319.704591311, -214.164384716, -2.21531937508e+16
53.7853101526, -392.440693154, -76.8849884953, -2.32441108556e+16
101.256104137, 371.876244746, -139.220835384, -4.32302252593e+16
-195.040846582, -210.85652182, -18.0827670005, -8.94472169562e+14
35.4439890699, 172.291310114, 12.3955338118, -4.19294424099e+13
-322.652063097, -34.3739759086, 151.632438891, -5.97070162398e+15
-124.742481836, -79.1876072598, -152.532671119, -1.74423762147e+14
-5.11692843445, -148.433698542, 207.727389347, -1.80296459491e+14
-129.305842974, 244.968487987, 193.785509375, -2.98331727249e+15
-90.3404869763, -338.674016047, -209.310990157, -4.25729968044e+15
76.6781068375, 98.6795523056, 244.870798293, -6.56707306952e+14
-11.3258952025, -584.297163818, -273.284314946, -3.26179101152e+17
464.039041872, -295.185652296, 210.44203888, -1.89919341374e+17
-40.1260354417, -448.037966457, 4.19752203259, -9.60747979298e+16
-10.0521454168, -359.105002248, 154.134075471, -3.61771016136e+16
391.498741152, 490.042453901, -539.326798942, -1.9323806747e+18
-215.239105838, 69.8021301467, -166.951676509, -1.46720588932e+15
285.428084608, -417.635192416, 195.513581295, -2.30463033118e+17
311.19540889, 400.008710282, 227.028129792, -1.50679549593e+17
48.032468117, -88.2963784183, -94.1900068548, -3.49999717572e+12
-196.205029846, -412.651523739, -42.9837015329, -4.66626303771e+16
9.94755731394, 388.809584114, -46.8193850174, -4.08873370002e+16
-13.8534130229, 285.430165064, -492.91773211, -7.55467394728e+16
-160.725019578, 42.0805077635, -12.8590009963, -7.72005601288e+12
-98.1292483167, 200.217737513, -571.58494944, -1.27320891164e+17
271.152339207, 158.209562687, -257.026790726, -1.114406908e+16
77.9068476915, -303.654027471, 182.101651503, -1.48588307827e+16
50.7704434724, 362.32626552, 362.753639493, -3.38485288881e+16
514.887375108, 103.108009819, -317.305746828, -5.27981238045e+17
-41.0922468636, -75.3049879406, -57.8060610979, -273816.952857
458.723147058, 164.808872433, -177.427330233, -7.67777086812e+16
-3.23510646534, 380.090090884, 7.12719808668, -2.63132463709e+16
316.028220051, 116.431958581, 159.817084575, -2.34188668308e+16
-3.90239967568, 34.6040628239, 168.992310977, -3.27876056286e+13
-202.546054694, -20.9292919829, 80.7150741933, -9.92504883712e+13
72.6298668207, 537.275044796, -153.172926694, -7.11180786028e+17
-225.12397208, 603.056815842, 130.408842288, -8.7145892267e+17
