-0.499695023615, -4.01259711151, -4.88089683701, -1.01072299803e-12
-0.499696810227, -4.0125975142, -4.88089691974, -8.17024389893e-10
-0.499695272478, -4.01259745321, -4.8808971706, -6.68772129059e-11
-0.499695118527, -4.01259709751, -4.88089701086, -5.22207476886e-12
-0.499694769517, -4.01259706133, -4.88089718956, -4.68301700004e-11
-0.499702137627, -4.01259688155, -4.88089547077, -1.31594125276e-08
-0.499695856621, -4.01254990434, -4.88089683237, -5.63033894155e-07
-0.499678106397, -4.01258382216, -4.88089859979, -1.17955446871e-07
-0.499688460829, -4.01259773564, -4.88089865272, -1.19351359814e-08
-0.499692558549, -4.01259732309, -4.88089684688, -1.60390295035e-09
-0.499644426752, -4.01259281107, -4.88090619503, -6.7496705864e-07
-0.499712464316, -4.01259147668, -4.88089653341, -8.45266374989e-08
-0.499695140874, -4.01259728744, -4.8808968472, -1.21288133748e-11
-0.499663564864, -4.01246305267, -4.88087064303, -4.96506431485e-06
-0.499699728121, -4.0125779417, -4.88087630322, -2.05227286013e-07
-0.499691762108, -4.01259455289, -4.88089761634, -4.51857742322e-09
-0.499809874161, -4.01281858401, -4.8808867952, -1.57498538612e-05
-0.499694728603, -4.01259645302, -4.88090950474, -4.04517593412e-08
-0.499647145118, -4.01260288499, -4.8812667067, -3.51745604319e-05
-0.49967273352, -4.01242435817, -4.88088739153, -7.68990657413e-06
-0.500370068033, -4.01059076936, -4.881172639, -0.00115630886894
-0.499442946108, -4.00874963923, -4.88086282617, -0.00377848803401
-0.499665579238, -4.00360014894, -4.88337301768, -0.0221364901305
-0.510343947065, -4.01125372268, -4.92614120397, -0.554457070551
-2.14230373862, 4.71427397959, -4.85864106526, -207.161304617
0.901798617378, -4.44222336386, -4.86164053375, -144.055081675
-1.75146091127, 3.38478289686, -4.91625370712, -79.2456800167
0.312158931902, 4.42586534214, -4.88001299096, -500.882770267
-1.50199339521, -4.99900045131, -4.90317460878, -151.541743276
-1.9530144753, -0.75550595881, -4.82334827813, -717.316840738
-0.4997654172, -4.01315305334, -4.88112461085, -9.237672642e-05
-0.262515718299, 1.50623275197, -4.85218817721, -1050.75192007
-1.15485142166, -4.94741760779, -4.76013860964, -124.086217266
-0.501031712406, -4.0125938659, -4.8802500829, -0.000556719071722
-1.87406823162, -2.17416590513, -4.87861205027, -467.978555846
-0.502591715291, -4.01049202266, -4.88127244417, -0.0032947490509
-0.525684684034, -4.01293969592, -4.87988912037, -0.17227303048
-1.15493268974, 4.90000587323, -3.80395085436, -362.372361963
-2.68156769951, -3.34873742675, -4.92526035965, -354.191176942
-3.57150961751, -0.108284027958, 3.08186483833, -1833.8492595
-1.04183128393, -3.84082527009, -4.90099990001, -79.879955055
-2.78185990851, 4.97247031709, 0.852455533401, -1398.17847439
-3.39507506742, -3.31727576006, 2.34683608107, -4.05776420408e-06
-3.3939133496, -2.66811040586, 2.34768525007, -643.414157116
-3.39503288744, -3.31737361494, 2.34683434352, -1.81122293589e-05
-3.39485216357, -3.31730624422, 2.34669577949, -0.000146563634833
1.45872435938, -3.38085408227, 4.49812262895, -1676.16387818
-2.55777746816, -3.4917168415, 0.603705029814, -2914.58543916
1.13187943146, -4.28930490948, -1.3383552253, -1297.26825055
-0.545826691473, -3.03131540664, -1.10353570411, -1942.87063581
-3.05715511041, -3.94179828691, 4.99904324009, -3458.51567536
-0.499695061297, -4.01259707987, -4.88089688093, 0.0
-0.499695055697, -4.01259708924, -4.88089686675, 0.0
-0.499694994279, -4.01259708938, -4.8809018765, -6.32032082586e-09
-1.74491195392, 4.91649154178, -4.93389093678, -226.883901024
-0.499695058554, -4.01259713183, -4.88089689674, -6.73819270737e-13
-0.499695061526, -4.01259707196, -4.88089688845, 0.0
-0.499694699983, -4.01259720598, -4.88089691727, -3.79019877968e-11
-0.499695025697, -4.01260726851, -4.88089592627, -2.64579952407e-08
-0.499695056683, -4.01259707384, -4.88089688624, 0.0
-0.499695067844, -4.0125970721, -4.88089678493, -2.18988432893e-12
-0.499696671976, -4.01259698419, -4.88089687235, -6.55294360913e-10
-0.499695075012, -4.01259707763, -4.88089689014, 0.0
-0.499695059082, -4.01259707473, -4.88089688632, 0.0
-0.499695059536, -4.01259707494, -4.88089688632, 0.0
-0.499695066371, -4.01259708287, -4.8808968656, 0.0
-0.499695045168, -4.01259709605, -4.88089686444, -1.68454317895e-13
-0.499695075012, -4.01259707763, -4.88089689013, 0.0
-0.499695006942, -4.01259709351, -4.88089718008, -2.39203887524e-11
-0.52299734432, -3.9978340448, -4.92304850509, -0.662459315916
-0.499695080393, -4.01259659378, -4.88089692878, -6.16528444504e-11
-0.499695078002, -4.01259701521, -4.88089687181, -1.34762788997e-12
-0.499695065862, -4.01259708035, -4.88089696081, -1.68454962629e-12
-0.499695068682, -4.01259708348, -4.88089686404, 0.0
-0.499695060449, -4.0125970732, -4.88089697709, -2.52681689805e-12
-0.499695073479, -4.01259710107, -4.88089686875, -1.68454692338e-13
-0.49969505739, -4.01259740503, -4.88089688434, -2.59421457004e-11
-0.499695061966, -4.01259708271, -4.8808968602, 0.0
-0.499695047522, -4.01259708732, -4.88089730547, -4.63245774814e-11
-0.49969505762, -4.01259710385, -4.88089688621, -1.684545696e-13
-0.499695085761, -4.01259709299, -4.8808968198, -1.0107212633e-12
-0.499695056787, -4.01259706851, -4.88089693284, -8.4227426994e-13
-0.499695061921, -4.01259708261, -4.88089686176, 0.0
-0.499695072822, -4.01259707053, -4.88089688053, 0.0
-0.499695041374, -4.01259714212, -4.88089689555, -1.01072776883e-12
-0.499695115501, -4.01259708812, -4.88089685354, -8.42272469596e-13
-0.499695071726, -4.01259709043, -4.8808968682, 0.0
-0.499694736309, -4.01259705198, -4.88089823599, -4.94086898679e-10
-0.49969506892, -4.01259709757, -4.88089687111, 0.0
-0.499695070784, -4.01259707409, -4.88089688202, 0.0
-0.499695073658, -4.01259708866, -4.8808968766, 0.0
-0.499695081442, -4.0125970876, -4.88089686908, -1.68454669558e-13
-0.499694996591, -4.01259710331, -4.8808975176, -1.04778967818e-10
-0.499695068406, -4.01259709627, -4.88089679713, -1.68453301898e-12
-0.49969507169, -4.0125970554, -4.88089688196, -1.68454072303e-13
-0.499695451266, -4.01259710779, -4.88089689965, -3.7902183306e-11
-0.499695048711, -4.01259708909, -4.8808965424, -2.84684837328e-11
-0.499695092304, -4.01259709164, -4.88089688119, -1.68454981879e-13
-0.499695067829, -4.01259703071, -4.88089658773, -2.20671690417e-11
-0.499695064786, -4.01259708323, -4.88089687756, 0.0
-0.499695075335, -4.01259704827, -4.88089688044, -3.36908147199e-13
-0.499695073262, -4.01259710432, -4.88089688124, -1.68454573553e-13
-0.499695069704, -4.01259707459, -4.88089684432, -3.36907647239e-13
-0.499695063196, -4.01259709938, -4.88089687148, 0.0
-0.49969505363, -4.01259707824, -4.88089680961, -1.17917125944e-12
-0.499695063657, -4.01259708297, -4.88089688584, 0.0
-0.499695045924, -4.01259708686, -4.88089689392, -1.68454719508e-13
-0.499695070163, -4.01259707988, -4.8808968959, -1.68454911749e-13
-0.4996950334, -4.01259715351, -4.88089682485, -2.18990387315e-12
-0.499695046753, -4.01259708367, -4.88089687622, -1.68454105842e-13
-0.499695050745, -4.0125970493, -4.88089688882, -3.36908378913e-13
-0.499695068178, -4.01259708292, -4.88089688295, 0.0
-0.499695070635, -4.01259711601, -4.88089688681, -3.36908996948e-13
-0.499695072436, -4.01259705185, -4.88089685963, -3.36907783366e-13
-0.499695054118, -4.01259709414, -4.88089683376, -5.05362284622e-13
-0.49969507674, -4.01259708364, -4.88089688583, 0.0
-0.49969506255, -4.01259707529, -4.88089687739, 0.0
-0.499694809578, -4.01259712527, -4.880896875, -1.70136917722e-11
-0.499695074773, -4.01259707819, -4.88089688213, 0.0
-0.499695054024, -4.01259709474, -4.88089687657, 0.0
-0.499695081726, -4.01259707852, -4.88089692335, -6.73820642387e-13
-0.499695054747, -4.0125971104, -4.88089687611, -1.68454706543e-13
-0.499695077971, -4.01259708446, -4.88089688025, 0.0
-0.499695074749, -4.01259708504, -4.88089688868, 0.0
-0.499695050514, -4.01259692843, -4.88089687941, -6.23276188238e-12
-0.49969510225, -4.01259703913, -4.88089687763, -8.42270909197e-13
-0.499695044494, -4.01259709901, -4.88089686493, -1.68454371019e-13
-0.499695160364, -4.01259699266, -4.88089688137, -4.37977277164e-12
-0.499695082584, -4.01259707869, -4.88089776435, -1.98778489648e-10
-0.499695052982, -4.01259708896, -4.8808968795, 0.0
-0.499695085012, -4.01259709425, -4.88089689821, -1.68455130121e-13
-0.499695063665, -4.01259708464, -4.88089689466, 0.0
-0.49969505496, -4.01259702727, -4.88089688128, -8.42268643092e-13
-0.49969507034, -4.01259708213, -4.88089686675, 0.0
-0.499695052982, -4.01259708896, -4.8808968795, 0.0
-0.499695073204, -4.01259708052, -4.88089686709, 0.0
-0.499695042383, -4.01259708756, -4.88089685169, -3.36908121795e-13
-0.499695066928, -4.01259709393, -4.88089688141, 0.0
-0.499695063841, -4.0125970889, -4.88089687137, 0.0
-0.499695052982, -4.01259708896, -4.8808968795, 0.0
-0.499695060971, -4.01259708403, -4.88089689144, 0.0
-0.499695085164, -4.01259708569, -4.88089686275, -1.68454383493e-13
-0.49969506007, -4.01259709112, -4.88089686643, 0.0
-0.499695117555, -4.01259707325, -4.88089686629, -6.73816897455e-13
-0.499695066133, -4.0125970897, -4.88089755628, -1.16402966574e-10
-0.499695121636, -4.0125970542, -4.88089689142, -1.01072616278e-12
-0.499695089623, -4.01259708583, -4.88089687246, -1.68454845732e-13
-0.49969505203, -4.01259709135, -4.88089687789, 0.0
-0.499695062165, -4.01259708338, -4.88089685151, -1.68453938163e-13
-0.499695075644, -4.01259708716, -4.88089686846, 0.0
-0.499695075894, -4.01259708434, -4.88089689142, 0.0
-0.499695081146, -4.012597086, -4.88089687206, 0.0
-0.499695118725, -4.01259708755, -4.88089696436, -2.52681837624e-12
-0.499695058709, -4.01259706981, -4.88089688565, 0.0
-0.499694927384, -4.01259705463, -4.88089684829, -5.22201860873e-12
-0.499695075895, -4.01259708434, -4.88089689142, 0.0
-0.499695069761, -4.01259708598, -4.88089687205, 0.0
-0.499695072017, -4.01259713491, -4.88089686805, -6.73819243559e-13
-0.499695078016, -4.01259705782, -4.88089688515, -1.68454034015e-13
-0.499695079666, -4.01259709678, -4.88089688074, -1.6845499539e-13
-0.499695077357, -4.01259708729, -4.88089672893, -5.72741703322e-12
-0.499695072443, -4.01259701596, -4.8808969061, -1.34763004284e-12
-0.499695071912, -4.01259676552, -4.88089686878, -2.57731753338e-11
-0.499695093646, -4.01259706336, -4.88089689292, -3.36909744249e-13
-0.499695039906, -4.01259709169, -4.88089689357, -1.6845457754e-13
-0.499694889009, -4.012596972, -4.88089684964, -1.12862220393e-11
-0.499695070399, -4.01259681979, -4.88089734421, -7.277142471e-11
-0.499695071718, -4.01259707748, -4.88089686919, 0.0
-0.499695072197, -4.01259709116, -4.88089689288, 0.0
-0.499695507958, -4.01259709582, -4.88089689198, -4.96938691552e-11
-0.499695075168, -4.01259707689, -4.88089688848, 0.0
-0.499695072709, -4.01259710426, -4.88089687872, -1.68454566201e-13
-0.499695071869, -4.01259709962, -4.88089684758, -3.36909014328e-13
-0.499695072134, -4.01259707688, -4.88089689269, 0.0
-0.499695308709, -4.01259707693, -4.88089689291, -1.49923780677e-11
-0.499695071938, -4.01259707996, -4.88089687739, 0.0
-0.499695072322, -4.01259707825, -4.8808968559, -1.68454263866e-13
-0.499695072207, -4.01259707682, -4.88089689269, 0.0
-0.499695072147, -4.01259707688, -4.88089689269, 0.0
-0.499695072147, -4.01259707688, -4.88089689269, 0.0
-0.499695072534, -4.01259707725, -4.88089689777, -1.68455057381e-13
-0.499695072151, -4.01259707589, -4.88089689016, 0.0
-0.499695072147, -4.01259707689, -4.88089689269, 0.0
-0.499695072147, -4.01259707688, -4.88089689269, 0.0
-0.499695072147, -4.01259707688, -4.88089689269, 0.0
-0.499695072147, -4.01259707688, -4.88089689269, 0.0
-0.499695072147, -4.01259707687, -4.88089689463, -1.68454785473e-13
-0.499695072147, -4.01259707689, -4.88089689269, 0.0
-0.499695072147, -4.01259707688, -4.88089689269, 0.0
-0.499695072147, -4.01259707688, -4.88089689269, 0.0
-0.499695072147, -4.01259707688, -4.88089689269, 0.0
-0.499695072147, -4.01259707688, -4.88089689268, 0.0
-0.499695072147, -4.01259707688, -4.88089689269, 0.0
-0.499695072147, -4.01259707688, -4.88089689269, 0.0
-0.499695072147, -4.01259707688, -4.88089689269, 0.0
-0.499695072147, -4.01259707688, -4.88089689269, 0.0
-0.499695072147, -4.01259707688, -4.88089689269, 0.0
-0.499695072147, -4.01259707688, -4.88089689269, 0.0
-0.499695072147, -4.01259707688, -4.88089689269, 0.0
-0.499695072147, -4.01259707688, -4.88089689269, 0.0
-2734.28400132, -2380.31440891, 2921.28101508, -1.94028294221e+24
-3777.77795701, 5418.06642702, 1482.5726858, -5.54852324806e+25
4998.56815807, -1119.30398172, -3690.69814115, -1.33489240008e+26
1867.03310446, -5630.6182019, -1071.55676934, -4.92086469996e+25
582.380638451, 138.127723442, 978.102782783, -1.12640805718e+20
-3586.06476006, -1840.60971194, -2260.25519053, -1.18595180575e+25
-555.763324358, -222.516182342, 6578.45380151, -1.02621993995e+26
-778.266724423, 6348.8305292, 164.23153655, -1.59059312642e+26
6340.21591059, 2363.59621841, -901.864357732, -1.03489481854e+26
2442.69650383, -4026.90870668, 3453.69276937, -3.44207057926e+25
-329.307174504, -1582.91046339, 3236.53999307, -2.20108290309e+23
1014.59983344, -2245.69862311, 4825.61337562, -4.65076763767e+24
2256.80785072, -877.216356468, 4204.77147625, -7.02870111162e+24
5105.49971072, 1496.2108401, 324.436225943, -2.39006450466e+25
-4090.62264056, -4116.6409001, 1121.48684496, -2.04143040508e+25
2491.74694663, -3447.63486592, 4888.55572894, -3.90631883989e+25
6419.34246005, -929.03672445, 2808.97554097, -2.66425562554e+26
794.914835216, 3284.16599931, 3312.77893011, -1.43967860392e+24
-7753.48502509, 2026.94068293, -2167.08189407, -5.20785013833e+26
4086.18241225, -2186.08547407, 238.12535712, -1.2654215783e+24
-3429.59630162, -1981.83342139, 654.970632284, -1.18476523386e+24
83.2934671469, 1461.91093629, -2580.16158056, -4.08253542661e+22
-2995.50110133, -840.04742334, 2549.79518376, -2.06844152398e+24
-4417.85223438, 3294.61373452, 4039.14775634, -2.12746120498e+26
3579.14440003, -3530.52928042, 6321.67494872, -2.34213543903e+26
2780.49062275, -4673.02386315, 6422.01635993, -3.13968307056e+26
4912.39645925, -338.95967583, -3198.14735563, -5.99196019601e+25
3027.3448716, -218.392361151, -4146.85495228, -3.33136638709e+25
2056.44413233, -1128.16736818, 500.489551706, -1.01182701773e+22
-5478.98512487, -1615.69444176, -59.5451119635, -3.67821437054e+25
1598.539181, -61.4465579231, -696.116516306, -2.2260560653e+21
-1314.98110515, 2007.72888836, 3614.37730661, -6.06792383378e+24
-3371.91430964, -220.146961135, -469.145176407, -6.67007787607e+23
680.110169465, -2367.35162225, -692.952008484, -3.7986284756e+22
-44.4938945483, -2845.78359094, 488.434672745, -3.59665338273e+23
-1425.07658381, -2796.88499025, -1872.02034195, -2.60110862815e+23
-243.774112137, 6474.55756006, 341.925593017, -1.70506119005e+26
-1139.93045427, -1192.07989307, 2774.73496239, -1.93160042118e+23
-377.10466318, -2792.58306746, -4986.18466869, -1.99000424662e+25
-3028.57970558, 6088.52307251, 1925.83034096, -9.26593777047e+25
3127.59710191, 111.668537178, -2466.03696587, -2.90211212982e+24
-3132.35412762, 4188.27115884, 3188.97230186, -4.03902488076e+25
3361.26167885, -841.511161761, -2599.18178043, -6.88935435854e+24
576.542916777, -5247.6937445, 5838.49233844, -2.75965175471e+26
690.384714139, -2338.13219168, 257.302478909, -7.77538284321e+22
-2556.41899399, -7143.28469877, -959.973748539, -3.249242242e+26
-1761.98859363, 1398.2310315, -210.999318255, -5.69666056735e+21
401.448074929, -386.929656841, 2828.2311468, -6.10030097071e+22
-5647.51573251, 3550.33317572, -3365.44290231, -1.627171735e+26
370.652889865, 3874.67529446, 6489.34822213, -1.8394218647e+26
2308.09791937, -1185.97881886, -2601.70227884, -2.26362396418e+24
-2542.94626712, 7507.10929625, 4550.00229802, -4.77340432406e+26
3575.94179436, 2659.27711521, -7037.65181093, -5.22214035587e+26
-105.731823025, -6435.21441128, 3474.18013141, -4.86033349822e+26
2216.9219353, -2242.94874551, 6357.75716321, -6.24949541274e+25
2.17966170616, -159.331992154, 4912.63821995, -7.6097405995e+24
5226.21098425, -1832.57769512, -801.722858976, -9.25015842035e+24
-2937.21682832, 1773.83948097, 365.993416151, -1.28775370789e+23
5385.80350258, 6634.98994697, -1257.81972898, -5.19082844683e+26
3389.7077001, 1308.03412973, 2163.80695667, -6.60503730282e+24
-1682.22049124, -165.277502437, 2297.25537824, -2.52545485833e+23
59.686852484, 2535.62756632, -3411.49665874, -1.18718602832e+24
5343.81141987, 7549.48136136, 5876.72940913, -2.97448299702e+27
3111.58915269, -1998.65277138, 1256.29758475, -6.62032140718e+23
-3312.77554743, 3849.81739027, 2019.65790951, -1.05882568659e+25
3979.75667279, -1982.39465336, 2177.78930029, -7.27505636271e+24
-2665.26468224, -971.046240289, -573.36236059, -2.38605332464e+23
3718.13338203, -1282.64582534, 98.8037365988, -4.97493489635e+23
6187.64119806, -440.92239191, 3131.44143475, -2.88165889294e+26
3473.01387696, 332.823470205, 6855.63699043, -3.68429665257e+26
1995.04677679, 239.248155844, 1391.66705189, -8.67991349097e+22
-1944.78157196, 2701.98866731, -2330.64516992, -1.70891192232e+24
-6801.37935094, 4564.14560863, -7147.04889389, -3.91458424831e+27
-6852.17606671, 2737.26780182, -1003.47589735, -9.37759135715e+25
1546.79588009, 780.883544628, 730.474343836, -8.55318634115e+21
-1242.04342094, -3590.70429218, 4693.88266609, -1.79129860909e+25
-431.505577886, 6440.44848537, 2621.43284501, -8.20502956336e+25
-858.515221673, 2707.17527051, -2636.61292485, -1.29176729698e+24
2154.16101828, 2091.81326951, -5476.66989636, -4.34947022896e+25
-1179.15460748, -1364.83133543, -1422.66703347, -1.63228611185e+22
4027.04111965, 5491.8826619, 1528.14794683, -9.24682520222e+25
1557.59863714, 3239.10500832, -6204.85389449, -6.33368079762e+25
-4024.48925002, -5010.73638439, -5609.31083144, -5.17720525882e+26
-2695.44983824, -5937.77986761, 4625.26655081, -3.53334873551e+26
1415.66039146, 3247.88767519, 5965.33244144, -7.50689453628e+25
-5163.62185862, 1684.03111092, -6271.634263, -7.80172699801e+26
-679.827076992, 3131.21013939, -2454.82398359, -2.72092820554e+24
3151.68068372, 243.883116336, -545.331785609, -2.0370237983e+23
5002.85407797, -1662.33285036, 2594.47563432, -4.24757755554e+25
5657.02606253, 3492.39841417, 2828.29410188, -3.53953913999e+26
5032.22064345, -3218.00690522, -2757.35669213, -9.1620294468e+25
-4337.79308818, 6079.03586231, 485.893500997, -1.77247088079e+26
2505.71848255, -2741.22915636, -3775.27463684, -2.96413717712e+25
7293.79073335, -4725.21839251, -32.5914943406, -1.82215388269e+26
-3917.7296509, 1550.17289041, 3638.39688752, -5.83396984708e+25
6276.35248127, 2323.68318705, -5153.68196211, -5.95315211601e+26
-7261.67458487, 1421.89344586, 5758.22892767, -3.35237322485e+27
3137.21339994, -147.261433511, 6589.21508971, -2.11872757333e+26
-784.051638237, 3157.57216966, -4531.70363986, -9.68506403791e+24
2168.06798907, 1819.41805992, 5174.45046701, -3.34793066998e+25
-4929.5195367, -230.657802642, -1920.19053034, -3.44000290628e+25
-5358.30435073, -3906.07771652, -1951.32171136, -1.91826946138e+26
6171.15619305, 3055.38669948, 4868.73058442, -1.47384464996e+27
-2617.95375662, 2418.35073404, 5135.3353612, -1.48329492646e+26
-550.488494316, -2513.20713974, 98.3589291414, -1.00368095775e+23
-986.187715178, -2379.85148955, -2015.6497798, -7.83496153233e+22
-3397.94301339, 4105.3971601, 5937.70649621, -7.86767972725e+26
4247.46422227, 5380.87228782, -7684.49895609, -1.15997123295e+27
-5740.1558973, -1427.6904394, 113.281589048, -4.43404644721e+25
7164.67141158, 705.047217285, -150.745285003, -1.83420249217e+26
-2269.83400651, -2623.57458797, 1257.07608419, -4.31097775571e+23
-3982.36006418, 1729.20092412, 913.78460493, -1.67593215945e+24
-2665.48962918, 2979.70721365, 951.721119627, -8.24325702279e+23
284.571049296, 6905.79614347, -4028.54543734, -9.17413273567e+26
6495.69390921, -1982.49205815, -3281.79883725, -3.4641194855e+26
305.316383198, -49.3880233275, 171.224257898, -1.13921711874e+16
1549.76099679, -2332.81824899, 4516.03618951, -5.19400280232e+24
-331.735364946, -658.762836989, 1687.84029865, -1.6410864386e+21
244.181336236, 932.752500903, -4973.58306131, -7.16645264873e+24
4195.22096723, 2028.61606337, -5755.27748834, -2.63180816429e+26
-1279.48020713, -5999.28906395, 180.477801161, -1.04220085104e+26
2980.22598687, -279.197327205, 927.148803777, -3.61935207514e+23
4878.96528935, -5639.40901308, 674.972042771, -1.73904613875e+26
-2279.48260133, -850.66454017, -1494.46876179, -2.88804432268e+23
3389.30851431, 1217.04592964, 669.175001087, -1.52683909747e+24
-529.41110524, 59.6175805128, -2489.90702516, -2.72836024474e+22
-6095.3958145, -3473.52939881, -5362.62015968, -1.91694438675e+27
-2500.86235702, 2884.58035187, 7077.68681404, -1.01431718983e+27
-6907.01204988, 1241.85107699, -2554.78924169, -3.42841288767e+26
847.715878193, 1998.34034506, -2027.89547506, -8.92652569607e+22
2563.98557857, -5496.57349773, 1561.2193806, -1.19301551576e+26
32.4288956274, -457.759764954, -1454.7501681, -8.63055289646e+20
-5044.67584629, 2270.24766689, 388.935591413, -5.94732006334e+24
-1648.2211961, -1224.43636752, 2671.74205525, -3.17362216678e+23
6851.51649915, -2502.97139251, -4514.77646035, -1.32941881749e+27
-4181.85048997, 5525.86929711, 2181.35969514, -8.61810347547e+25
6048.92099321, -7350.60035642, 1969.45825678, -1.82007754786e+27
6156.28629674, 2588.58443234, -3654.51730853, -1.5996347163e+26
188.810449429, 4367.56562192, 6672.56271019, -2.70579728225e+26
5833.91641294, 3226.30657408, -264.743889843, -1.00024559512e+26
16.5770875849, 1406.053121, 2908.62625945, -2.8381977418e+23
-3214.90980599, 1623.07918384, 4491.85331548, -8.97542258547e+25
1846.38873663, -1585.3021594, 438.114917185, -1.56010525447e+22
-6021.40006245, 1970.08782871, -3838.30250157, -3.12114728422e+26
7335.73594535, 4559.69089757, -5769.49568666, -1.43929036173e+27
2408.48828064, 1482.48583132, -1115.58225554, -7.08448010004e+22
-1694.72985515, 385.834292181, 5307.50689933, -5.31160903117e+25
-574.186519154, 393.518300011, 803.431639489, -1.10429795728e+20
648.752204032, -1193.17149464, -1142.11942249, -2.29504325444e+21
-86.5028519451, 5406.80017564, 1788.13769419, -2.29114776274e+25
-830.232654642, 901.681247463, 1844.01902539, -3.42995612455e+22
-4067.73343143, 2323.08953263, 5455.99421598, -5.10419516574e+26
4585.34492765, 2346.67401058, -4991.67826816, -1.51475684743e+26
-5688.38305066, -1195.92715331, 338.964348386, -3.43663495663e+25
-2848.79284901, 2655.70541489, -6995.64338579, -1.85219230646e+26
2939.11205893, 4177.34599843, -978.69817797, -1.06089826303e+25
3132.28607867, 17.2290234882, 950.737158806, -6.1140693306e+23
-281.88792892, -2472.63572692, -2040.8660647, -5.42879275117e+22
2991.7669239, 1876.17014497, -5627.30318201, -1.02460612275e+26
4064.4765821, -2844.06636763, 324.394115081, -2.41893646575e+24
1910.47637382, -411.069529454, 1277.1797327, -3.97392273692e+22
2623.38360579, 564.468845614, 4594.1320858, -2.28978672918e+25
4254.67685182, 58.6654486626, -4361.46961745, -1.09367077918e+26
747.303295753, 4233.5281183, -2802.72047612, -2.00594735313e+25
717.559217551, -5176.68895195, -1061.0298281, -2.1599385414e+25
1321.69744484, 4899.22284441, -1845.82760446, -3.86101888247e+25
-2578.31059051, -2824.07552243, -220.737244268, -8.55404296055e+23
429.761899974, 2266.58948535, 127.310717317, -3.69494063115e+22
-4294.27915209, -505.174021102, 1988.00625943, -5.88822359177e+24
-1663.29212489, -1063.11871104, -2031.04441882, -1.73359759605e+23
-55.9176257579, -1953.20487861, 2771.15090522, -1.70664817212e+23
-1714.948133, 3272.16615695, 2591.38971376, -2.93173012576e+24
-1175.09815376, -4464.39120629, -2747.8484168, -3.90771017909e+24
997.697907138, 1288.15359741, 3213.35454471, -5.08874456588e+23
-178.743398795, -7727.12189386, -3630.74322132, -3.09035744066e+26
6131.56431235, -3918.64884664, 2816.19125928, -1.86347829393e+26
-554.423575393, -5925.29640262, 102.459804958, -9.29588006732e+25
-171.002325379, -4758.95781346, 2036.08558969, -3.52338909174e+25
5185.38649115, 6492.88684476, -7139.15525754, -1.82516991795e+27
-2818.70359543, 938.250703332, -2204.11917042, -1.28781144952e+24
3750.16604925, -5511.88949646, 2553.05693293, -2.19585027808e+26
4115.50166838, 5272.61085527, 2981.03385784, -1.40403907574e+26
609.523966657, -1185.28523663, -1210.41831595, -2.72395744925e+21
-2623.24900754, -5457.46272776, -616.46259129, -4.35924259881e+25
160.263949271, 5158.49457783, -655.557980821, -3.85649665645e+25
-157.385782869, 3772.34253125, -6530.67157507, -7.17350232156e+25
-2147.01634442, 507.748006538, -200.859234502, -8.54625931394e+21
-1260.58771683, 2682.64047253, -7557.2536102, -1.25658172795e+26
3580.86696929, 2134.0384671, -3388.38763609, -9.9058124573e+24
1005.04510347, -4044.65545145, 2394.71973841, -1.51684739954e+25
702.00452015, 4778.31258917, 4788.18839623, -2.83334075282e+25
6802.97905083, 1357.35159966, -4221.4226002, -4.89142315289e+26
-491.054208199, -972.94036558, -743.8172954, -7.1671526392e+19
6057.60035249, 2211.82548511, -2376.74041649, -7.06322201292e+25
-17.6388819155, 5039.75984393, 86.1438211048, -2.44272335583e+25
4170.52044527, 1554.25223365, 2117.11263441, -2.20586568746e+25
-9.20358873617, 432.197727213, 2267.18937138, -2.40881829053e+22
-2701.44247859, -256.339521918, 1105.84754458, -1.13019720379e+23
997.936431592, 7112.14201132, -2046.02315233, -6.61312516484e+26
-2969.50748343, 7974.99186907, 1755.98727994, -7.84491625626e+26
