-0.49969506281, -4.01259706496, -4.88089687981, -1.68454201576e-13
-0.499695085926, -4.01259710656, -4.88089689713, -3.36909989967e-13
-0.499695072343, -4.012597094, -4.88089689431, -1.684550276e-13
-0.499695017772, -4.01259716563, -4.88089689564, -2.35836520565e-12
-0.49969487565, -4.0125970951, -4.88089684783, -9.43331557985e-12
-0.499695072743, -4.0125970941, -4.88089691173, -3.36910527696e-13
-0.499693962479, -4.01259595472, -4.88089677835, -6.33044741005e-10
-0.499704626217, -4.01259717543, -4.88089644126, -2.31665843151e-08
-0.499695072761, -4.01259709397, -4.88089687435, 0.0
-0.499695072593, -4.01259709238, -4.88089692203, -5.0536421208e-13
-0.499694892047, -4.01259699181, -4.88089692531, -1.02755490777e-11
-0.499695141182, -4.01259702334, -4.88089693241, -3.20061883231e-12
-0.499695140765, -4.01259728885, -4.88089687057, -1.19603538381e-11
-0.499695938962, -4.01258685163, -4.88092158541, -1.81029513309e-07
-0.49968961369, -4.01259799759, -4.88089569818, -8.0789927897e-09
-0.49969176211, -4.01259455288, -4.8808968637, -4.38057941977e-09
-0.499695526086, -4.0125971045, -4.88090853102, -3.43972760666e-08
-0.499694728603, -4.01259645305, -4.88090950444, -4.0449739656e-08
-0.499647026507, -4.01260314474, -4.88089622421, -5.92929697046e-07
-0.499672734333, -4.01242436137, -4.88089745622, -7.66578493951e-06
-0.500370068033, -4.01059076936, -4.88117263901, -0.00115630886877
-0.499442946117, -4.00874963923, -4.8808565047, -0.00377831825747
-0.499644611144, -4.00360014894, -4.88337301758, -0.0221331160359
-0.510343947065, -4.01125372248, -4.92614120393, -0.554457051211
-0.949421202654, 1.71537239424, -4.74183498789, -584.74552037
0.179456718113, -4.90202695188, -4.81641746406, -100.802450849
-2.09401550826, 3.55296174582, -4.84964926821, -86.5350495726
-0.891866549859, -4.99964412862, -4.85428746521, -130.381840056
-1.04649167942, 4.90076486539, -4.96543285234, -179.907415566
-1.06519186596, -1.62406178779, -4.9169599301, -593.146883024
-0.4997654172, -4.01315305334, -4.88112461085, -9.237672642e-05
-1.26365272527, 4.99289775935, -4.91530234865, -223.4707405
0.535823977969, -4.90028886411, -4.71175600279, -129.650587568
-0.501031712406, -4.0125938659, -4.8802500829, -0.000556719071717
-0.415851031034, -0.33393827098, -4.93024056418, -956.804896303
-0.502591715291, -4.01049202266, -4.88127244417, -0.0032947490509
-0.525684684034, -4.01293969592, -4.87988912037, -0.17227303048
-3.05093229126, -3.13026492362, -4.9993223844, -475.451438622
-1.164638047, -3.91988425941, 2.73562516424, -2042.41227183
-4.99938734254, -0.873666802149, -0.32012361309, -1858.29749453
-4.99902038763, -3.2923301775, 1.42389960813, -2595.53878898
-1.06495344845, 2.18492837642, 4.99907388768, -812.323738644
-3.39507506742, -3.31727576006, 2.34683608107, -4.05776420408e-06
-3.39516284008, -3.31729992389, 2.34678583719, -8.45188189518e-06
-3.39503288744, -3.31737361494, 2.34683434352, -1.81122293589e-05
-3.39485216357, -3.31730624422, 2.34669577949, -0.000146563634833
3.72846759079, -3.47022711104, -4.98896605354, -1134.3293312
1.26472239896, -2.66457527815, -2.27074272871, -1014.84195878
-1.97990774591, -3.58391111445, -3.60579383041, -321.744774196
-1.11161524479, -3.53603233387, -4.99900008831, -125.168461181
-0.409918290979, -3.85913816582, -4.96184605796, -13.6458044682
-0.499695072495, -4.01259707273, -4.88089686979, 0.0
-0.499695062589, -4.01259710867, -4.88089688732, -1.68454715954e-13
-0.49969505949, -4.01259705062, -4.88089696813, -2.35835795602e-12
-1.52894957117, 1.57861168035, -4.94654646662, -411.410020633
-0.499695071022, -4.01259709412, -4.88089688596, 0.0
-0.499695177635, -4.01259708836, -4.88089685711, -3.36910246166e-12
-0.499695102659, -4.01259710953, -4.88089684699, -6.73816416731e-13
-0.499695086015, -4.01259708387, -4.88089692838, -6.73820068382e-13
-0.499695065971, -4.01259708696, -4.88089686984, 0.0
-0.499695072593, -4.01259708106, -4.88089688227, 0.0
-0.49969490974, -4.01259706478, -4.88089680099, -7.74879700478e-12
-0.499695055437, -4.01259707703, -4.88089688305, 0.0
-0.499695049702, -4.01259710195, -4.88089686546, -1.6845457477e-13
-0.499695080026, -4.01259708099, -4.8808968668, -1.68454495916e-13
-0.499695067975, -4.01259707733, -4.88089681383, -1.01071818173e-12
-0.49969505609, -4.01259709217, -4.88089686035, -1.6845416056e-13
-0.499695056584, -4.01259707643, -4.88089687564, 0.0
-0.499695057563, -4.01259687512, -4.88089723089, -4.2618128517e-11
-0.499772999985, -4.01268673566, -4.88096794825, -4.84477774154e-06
-0.49969506864, -4.01259709687, -4.88089685967, -1.68454534008e-13
-0.499695074266, -4.01259706875, -4.88089792939, -2.79635815478e-10
-0.49969505473, -4.01259707711, -4.88089687605, 0.0
-0.49969505483, -4.0125970822, -4.88089681876, -8.42267852726e-13
-0.49969506453, -4.01259705773, -4.88089685793, -3.36907833509e-13
-0.499695068123, -4.01259709066, -4.880896866, 0.0
-0.49969519668, -4.01259706985, -4.88089688316, -4.37981670009e-12
-0.499696426949, -4.01259708498, -4.88089684202, -4.69149105165e-10
-0.499695000728, -4.01259848977, -4.88089668894, -5.09257815032e-10
-0.499695071561, -4.01259707856, -4.8808968675, 0.0
-0.499695126977, -4.01259818757, -4.88089688702, -3.08445438479e-10
-0.499695080794, -4.0125970584, -4.88089686529, -3.36908154617e-13
-0.499695047445, -4.01259703354, -4.88089689495, -8.42269759567e-13
-0.499695079216, -4.01259708801, -4.88089686367, -1.68454531998e-13
-0.499695071465, -4.01259735315, -4.88089702112, -2.34152993218e-11
-0.499695072655, -4.01259707875, -4.88089687223, 0.0
-0.499695069764, -4.01259706998, -4.88089687992, 0.0
-0.499695036204, -4.01259707324, -4.88089686667, -3.36907825702e-13
-0.499695063129, -4.01259708548, -4.88089688616, 0.0
-0.499695076841, -4.01259708827, -4.88089642706, -5.13780054509e-11
-0.499695067538, -4.01259707869, -4.8808968729, 0.0
-0.499694994801, -4.01259709288, -4.88089683931, -1.68453710234e-12
-0.499695065139, -4.01259707111, -4.88089690049, -1.68454758988e-13
-0.499695097623, -4.01259707752, -4.88089684336, -5.05361492066e-13
-0.499695079772, -4.0125970859, -4.88089686753, 0.0
-0.49969510645, -4.01259708246, -4.88089694783, -1.6845498495e-12
-0.4996950696, -4.01259708868, -4.88089721176, -2.81316181526e-11
-0.49969506861, -4.01259707213, -4.88089686496, -1.68454083626e-13
-0.499695051943, -4.01259716252, -4.88089685482, -1.68454703587e-12
-0.499695062724, -4.01259707891, -4.88089686984, 0.0
-0.499695065071, -4.01259706987, -4.88089685116, -1.68453779565e-13
-0.499695066706, -4.01259707325, -4.88089686834, 0.0
-0.499695070353, -4.01259707236, -4.88089687711, 0.0
-0.499695056582, -4.01259709432, -4.88089692027, -5.05365166013e-13
-0.499695062849, -4.01259674484, -4.88089687033, -2.93106309361e-11
-0.49969506102, -4.01259708432, -4.88089684697, -1.68454069723e-13
-0.49969512306, -4.01259705931, -4.88089491818, -9.72313249506e-10
-0.499695019703, -4.01259703698, -4.88089686338, -1.17917372521e-12
-0.499695051832, -4.01259708255, -4.88089687583, 0.0
-0.499696203958, -4.01259784654, -4.88089688611, -4.74549336948e-10
-0.49969506108, -4.01259708023, -4.88089686254, 0.0
-0.499695070969, -4.01259709491, -4.88089686564, 0.0
-0.499695060931, -4.01259707827, -4.88089686458, 0.0
-0.499695069115, -4.01259708575, -4.8808971416, -1.75191224819e-11
-0.499695079272, -4.01259708419, -4.88089690499, -1.68455186785e-13
-0.499695091476, -4.0125970838, -4.88089696679, -2.18991005627e-12
-0.499695076109, -4.01259708318, -4.88089690958, -3.36910309313e-13
-0.499695057742, -4.01259708331, -4.88089688705, 0.0
-0.499695059479, -4.01259707447, -4.88089684877, -1.68453783276e-13
-0.499695069618, -4.01259707537, -4.88089684869, -1.68454045444e-13
-0.499695049409, -4.01259708112, -4.88089682243, -8.42268496592e-13
-0.49969506599, -4.01259710115, -4.8808968785, 0.0
-0.499695202472, -4.01259707525, -4.88089753672, -1.14550320671e-10
-0.499695146769, -4.012597084, -4.88089688874, -1.68454913129e-12
-0.499695074476, -4.01259710723, -4.88089686295, -1.68454578213e-13
-0.499695141823, -4.01259708504, -4.88089687159, -1.51609328984e-12
-0.499695003915, -4.0125971052, -4.88089686795, -1.01072440584e-12
-0.499695055559, -4.01259707261, -4.88089684955, -3.36907462569e-13
-0.499695026745, -4.01259708384, -4.88089688626, -3.36908387183e-13
-0.499695073773, -4.0125970889, -4.88089689161, 0.0
-0.499695084933, -4.01259712314, -4.88089687096, -5.05362820817e-13
-0.499695084625, -4.01259696314, -4.88089683209, -4.37976831654e-12
-0.49969506684, -4.01259708162, -4.88089688154, 0.0
-0.499695052417, -4.01259708371, -4.88089688628, 0.0
-0.499695073726, -4.01259709694, -4.88089694904, -1.34763787677e-12
-0.499695060388, -4.01259763905, -4.88089691916, -7.81637681327e-11
-0.499695079442, -4.01259707913, -4.88089687808, 0.0
-0.499695077255, -4.01259710464, -4.8808968835, -1.6845478479e-13
-0.499695052417, -4.01259708371, -4.88089688628, 0.0
-0.499695050179, -4.01259708319, -4.88089695796, -1.68454598806e-12
-0.499695062476, -4.01259699064, -4.88089688683, -2.18989216202e-12
-0.499695044233, -4.01259706795, -4.88089686845, -1.6845376476e-13
-0.499695160476, -4.01259708582, -4.88089686786, -2.35837080427e-12
-0.49969516438, -4.01259719428, -4.88089670007, -1.3476362155e-11
-0.499695062899, -4.01259709024, -4.8808968826, 0.0
-0.499695063047, -4.01259709124, -4.8808968688, 0.0
-0.499695065657, -4.01259707972, -4.88089689291, 0.0
-0.499694958206, -4.01259708268, -4.88089691939, -3.36907020415e-12
-0.499695072266, -4.01259707985, -4.88089688353, 0.0
-0.499694990004, -4.0125970732, -4.88089690889, -1.68453247985e-12
-0.499695060339, -4.01259709694, -4.88089687081, 0.0
-0.499695064563, -4.01259707904, -4.88089687291, 0.0
-0.499695057765, -4.01259707899, -4.88089687952, 0.0
-0.499695255349, -4.01259712758, -4.88089684574, -9.77038374712e-12
-0.499695065248, -4.01259708774, -4.88089687334, 0.0
-0.49969505906, -4.01259708663, -4.88089688048, 0.0
-0.499695064561, -4.01259707913, -4.88089686238, 0.0
-0.499694228143, -4.01259707063, -4.88089688911, -1.77378984582e-10
-0.499695072951, -4.01259706594, -4.8808968855, -1.68454368863e-13
-0.499695056514, -4.01259707982, -4.88089695568, -1.51609401658e-12
-0.49969504068, -4.01259708836, -4.88089687963, -1.68454369478e-13
-0.499695062825, -4.01259440157, -4.88089687753, -1.82060106254e-09
-0.499695050705, -4.0125970767, -4.88089688241, 0.0
-0.499695070255, -4.01259707515, -4.88089686607, 0.0
-0.499695046231, -4.01259709675, -4.88089686037, -1.68454436564e-13
-0.499695088272, -4.01259707948, -4.88089688201, -1.68454890871e-13
-0.499695076518, -4.01259708286, -4.8808968776, 0.0
-0.499695056622, -4.01259707735, -4.88089688294, 0.0
-0.49969505909, -4.0125969503, -4.88089687659, -4.54823427088e-12
-0.499695162099, -4.01259707883, -4.88089685807, -2.52682627674e-12
-0.499694962885, -4.01259708256, -4.88089688077, -2.69524718727e-12
-0.499695087538, -4.01259707763, -4.8808970149, -4.88515628482e-12
-0.499695055692, -4.01259707742, -4.88089688293, 0.0
-0.499695074037, -4.01259706979, -4.88089687334, 0.0
-0.499695006873, -4.01259708372, -4.88089683318, -1.34762694182e-12
-0.499695465435, -4.01259708643, -4.88089687708, -4.04289025783e-11
-0.499694940219, -4.01259708925, -4.88089688605, -4.04286924694e-12
-0.499695125052, -4.01259707323, -4.88089679537, -2.69526168897e-12
-0.499695102065, -4.01259697762, -4.88089689299, -3.36905920592e-12
-0.499695053218, -4.01259708244, -4.88089687763, 0.0
-0.499694993839, -4.0125970676, -4.880896838, -1.85298329508e-12
-0.499695020405, -4.01259708962, -4.88089688851, -5.05363113221e-13
-0.499695073706, -4.01259708718, -4.88089687459, 0.0
-0.499695048727, -4.01259708659, -4.8808968703, -1.68454158725e-13
-0.4996949277, -4.01259708705, -4.88089685438, -4.88512810587e-12
-0.499695056883, -4.01259708303, -4.88089686532, 0.0
-0.499695054817, -4.01259708877, -4.88089688529, 0.0
-0.499695073706, -4.01259708717, -4.88089687459, 0.0
-0.499694432628, -4.01259708659, -4.88089687052, -1.01239773663e-10
-0.49969510537, -4.01259708208, -4.88089688743, -5.05364938994e-13
-0.499695055926, -4.01259689678, -4.88089687132, -8.9279979458e-12
-0.499695054238, -4.01259709023, -4.88089688538, 0.0
-0.499695087585, -4.01259717176, -4.880896877, -2.02145305699e-12
-0.499695065257, -4.01259857501, -4.88089686789, -5.6165050453e-10
-0.499695096679, -4.01259705824, -4.88089651378, -3.40273249875e-11
-0.499695055181, -4.01259709526, -4.88089683844, -5.05362736503e-13
-0.49969506868, -4.01259769603, -4.88089686985, -9.45040210331e-11
-0.499695070224, -4.01259714621, -4.88089689445, -1.01072943898e-12
-0.499695079049, -4.01259708827, -4.880899655, -1.95051191147e-09
-0.49969506932, -4.0125971155, -4.88089689928, -3.36909627964e-13
-3041.57758933, -2647.75680134, 3249.90037013, -4.55092209561e+24
-4202.74108894, 6027.63501685, 1649.37402021, -1.30156028138e+26
5561.00467261, -1244.87002321, -4106.14208462, -3.13218023922e+26
2077.28139096, -6264.03542438, -1192.48296176, -1.15486006516e+26
647.682806462, 154.080105336, 1087.78009989, -2.63582507074e+20
-3989.36022796, -2047.7341593, -2514.69062037, -2.78231370696e+25
-617.811756139, -247.62562338, 7318.67928248, -2.40593799516e+26
-865.700285324, 7063.34452513, 182.182246327, -3.73297131013e+26
7053.58256028, 2629.70805106, -1003.37038389, -2.4286728532e+26
2717.28754401, -4480.06103992, 3842.62270462, -8.08239200889e+25
-366.285731403, -1761.45564192, 3600.97946187, -5.16271094476e+23
1128.36470409, -2498.25938185, 5368.79241829, -1.09102943472e+25
2511.14457404, -976.268857382, 4678.11058358, -1.65035624783e+25
5679.87982893, 1664.10996828, 360.566154022, -5.60659722702e+25
-4551.10675313, -4579.64877959, 1248.07239545, -4.7903627124e+25
2772.17161871, -3835.80653364, 5438.68338618, -9.1726831991e+25
7141.72871466, -1033.17142028, 3125.20445191, -6.25400979421e+26
883.950603836, 3653.69408362, 3685.72542962, -3.37630429298e+24
-8625.89385972, 2254.74846337, -2410.61921086, -1.22193378175e+27
4545.97022929, -2431.83930064, 265.419371947, -2.970342896e+24
-3815.36521668, -2204.80677194, 728.424763469, -2.77977676538e+24
92.2971182299, 1626.64409688, -2870.17811831, -9.58393512527e+22
-3332.91855463, -934.949893689, 2836.79380335, -4.85742132394e+24
-4914.98344426, 3665.66057657, 4493.39193952, -4.992635104e+26
3982.19664556, -3927.50375437, 7032.91834126, -5.49753809621e+26
3093.37608757, -5199.04881213, 7144.68991609, -7.37157612607e+26
5465.21083716, -377.357069732, -3557.68958214, -1.40551429124e+26
3367.7287096, -243.358909334, -4613.44846348, -7.81740742034e+25
2287.83437416, -1254.82677278, 557.005819019, -2.37623369398e+22
-6095.32444501, -1797.06086118, -65.8993938275, -8.62693160738e+25
1778.49465401, -68.0060283879, -774.702424577, -5.22211302763e+21
-1463.31769376, 2234.04084262, 4020.83310804, -1.42351453247e+25
-3751.53400469, -244.715419061, -521.996491697, -1.56569148879e+24
757.096194479, -2633.66991759, -770.577997799, -8.92247566085e+22
-49.6850155598, -3166.33448365, 543.254050862, -8.44999282991e+23
-1585.15938425, -3111.25044553, -2082.97848698, -6.09981964693e+23
-271.030444827, 7202.9971845, 380.173564462, -4.00041014596e+26
-1268.17428932, -1326.34010867, 3087.30757831, -4.53247205703e+23
-420.054355962, -3106.74190929, -5547.06849704, -4.67207595049e+25
-3369.50269155, 6773.60716442, 2142.6365231, -2.17390499623e+26
3479.52907041, 124.214753191, -2743.12873011, -6.80475031446e+24
-3484.841597, 4659.50335475, 3547.59335862, -9.47744759677e+25
3739.23432413, -936.359634869, -2891.44630732, -1.61556776995e+25
640.967196596, -5838.37068204, 6495.35862339, -6.4786868349e+26
768.42031833, -2601.14274559, 285.84491635, -1.82528670663e+23
-2844.00385521, -7947.04678508, -1067.69838758, -7.62593208846e+26
-1960.30155026, 1555.87748664, -234.249909498, -1.3356956516e+22
446.794987966, -430.589771835, 3146.33416476, -1.42812013151e+23
-6283.12583187, 3949.72331836, -3744.17919986, -3.81837149407e+26
412.100385452, 4310.72716585, 7219.5462743, -4.31431242944e+26
2567.41920255, -1319.62546676, -2894.38694816, -5.30920437235e+24
-2828.85957423, 8351.84065942, 5061.99002576, -1.11996515563e+27
3978.06543304, 2958.28183196, -7829.49406638, -1.22560617118e+27
-117.107360154, -7159.2486679, 3864.7903908, -1.14069392718e+27
2466.65958563, -2495.44300515, 7073.17398129, -1.46665893914e+26
2.82370395844, -177.091961256, 5465.63469156, -1.78410769313e+25
5814.28948473, -2039.05401884, -892.311351099, -2.17060155698e+25
-3267.46033494, 1973.19352365, 406.988073193, -3.02049857232e+23
5991.9760128, 7381.61919543, -1399.68450875, -1.21830958473e+27
3770.81831069, 1455.17167518, 2407.3830018, -1.54961896243e+25
-1871.32821215, -184.174476272, 2555.72487207, -5.9231176033e+23
66.0854135244, 2820.74954416, -3795.33082833, -2.78429957533e+24
5945.30671626, 8398.94983191, 6538.10704261, -6.98193287644e+27
3461.84356459, -2223.48322513, 1397.78454244, -1.55478843846e+24
-3685.36894302, 4283.04514717, 2247.14328644, -2.48542282156e+25
4427.60579736, -2205.30183408, 2423.09377443, -1.70800511954e+25
-2964.83864316, -1080.13448049, -638.303482362, -5.59613945451e+23
4136.51187982, -1427.31058839, 109.401228714, -1.16703352076e+24
6883.86114916, -490.314482196, 3484.05979297, -6.76396307094e+26
3863.62773176, 369.973831691, 7627.03732328, -8.64369428892e+26
2219.55274642, 265.782738825, 1548.17469469, -2.0366001927e+23
-2163.82913574, 3005.77203358, -2592.91137093, -4.00637265219e+24
-7566.75214799, 5077.90349916, -7951.21679508, -9.18632523856e+27
-7623.1965846, 3045.42754114, -1116.78525888, -2.20102304224e+26
1720.42555703, 868.466120923, 812.307240915, -2.00318706732e+22
-1381.88136388, -3994.48431662, 5221.82907477, -4.20196346233e+25
-480.543819275, 7165.1818324, 2916.33148917, -1.92532516912e+26
-954.927872406, 3011.88245972, -2932.92499562, -3.02925630873e+24
2396.38868581, 2326.79218781, -6092.7610956, -1.02094647081e+26
-1311.68517114, -1517.99209022, -1583.03910879, -3.8293628011e+22
4480.36085373, 6109.80719633, 1699.65716723, -2.17031337718e+26
1732.43998318, 3603.36080273, -6903.01554366, -1.48668198928e+26
-4477.07933951, -5574.56829538, -6240.3402995, -1.21461881609e+27
-2998.69935775, -6605.85917807, 5145.53558844, -8.2918887685e+26
1574.59618798, 3613.68709109, 6636.47196666, -1.76044454128e+26
-5744.57840012, 1873.09382462, -6977.40368552, -1.83094880838e+27
-756.025112977, 3483.62379733, -2730.86742948, -6.38198957167e+24
3506.59233813, 271.09083089, -607.152677127, -4.78185710717e+23
5565.62325741, -1849.5888874, 2886.18455393, -9.96475827325e+25
6293.41516909, 3885.11516829, 3146.32224667, -8.30467310922e+26
5598.53258883, -3579.91718284, -3067.74759953, -2.14976215277e+26
-4825.87126438, 6763.00684384, 540.139133597, -4.158177657e+26
2787.32145844, -3050.03397314, -4199.96682679, -6.95451376944e+25
8114.52334198, -5257.04481722, -36.7549132252, -4.27696595089e+26
-4358.79363617, 1724.96089384, 4047.72629351, -1.36955566511e+26
6982.56818174, 2584.99657599, -5733.694489, -1.39701004528e+27
-8078.79746993, 1581.59431763, 6406.07801744, -7.86750802767e+27
3489.9090825, -163.875637859, 7330.73862681, -4.97056742702e+26
-872.054512651, 3512.63858496, -5041.66610755, -2.27130022747e+25
2412.07032972, 2024.19071772, 5756.80583912, -7.85573718743e+25
-5484.06749529, -256.932711878, -2135.89076368, -8.06971420925e+25
-5961.40059658, -4345.86092364, -2170.81300936, -4.50222316129e+26
6865.66998361, 3399.13866762, 5416.59567961, -3.45922708111e+27
-2912.87025778, 2690.58267896, 5713.01200398, -3.48057742201e+26
-612.585593446, -2795.78750355, 109.195398407, -2.35431438814e+23
-1097.27192899, -2648.0382686, -2242.53441919, -1.84053433982e+23
-3780.48701453, 4567.28750578, 6605.97211251, -1.84655148148e+27
4725.43984242, 5986.24913746, -8549.16367685, -2.72239698607e+27
-6385.9759402, -1588.19280494, 125.876308171, -1.04043242011e+26
7970.81267831, 784.85542408, -167.655439032, -4.30496254961e+26
-2524.92130356, -2918.45487485, 1398.22456832, -1.01075504539e+24
-4430.3488608, 1923.93890578, 1016.49182701, -3.93433965055e+24
-2965.48038769, 3315.02563481, 1058.73881349, -1.93432614532e+24
316.485584435, 7682.77724674, -4481.7423237, -2.15238774836e+27
7226.55883948, -2205.31866662, -3651.30074851, -8.12813790669e+26
339.474884285, -54.8291402556, 190.148297831, -2.65598135758e+16
1723.79516258, -2595.47091615, 5024.01331538, -1.21859650692e+25
-369.024626397, -732.582054193, 1877.36743488, -3.83567346827e+21
272.076431767, 1037.41384767, -5533.26026438, -1.68435615e+25
4667.454277, 2256.65902137, -6402.70673637, -6.17662390612e+26
-1423.72013497, -6674.19116581, 200.276344531, -2.44531706257e+26
3315.61501409, -310.532699691, 1031.94098307, -8.50079621902e+23
5428.04349143, -6273.8593662, 751.140734054, -4.08279408055e+26
-2536.08527889, -946.429809245, -1662.54060526, -6.77763647553e+23
3770.97664538, 1353.84975464, 744.561014555, -3.58550697669e+24
-589.188697565, 66.3886093109, -2769.70833969, -6.40857545909e+22
-6781.12480922, -3864.57856362, -5966.08464389, -4.49825443202e+27
-2782.22578641, 3209.43465727, 7874.01323686, -2.37971134657e+27
-7684.24781623, 1381.87867249, -2842.23208105, -8.04513867226e+26
942.867176341, 2223.16327518, -2255.93046834, -2.09382621783e+23
2852.10927738, -6115.09008765, 1736.82401261, -2.80065693968e+26
35.8300647067, -509.351804774, -1618.36108408, -2.02988898565e+21
-5612.10541778, 2525.49811271, 432.966210487, -1.39580634537e+25
-1833.53781301, -1361.76069679, 2972.08721573, -7.44071068714e+23
7622.43033599, -2784.25654049, -5022.91135747, -3.11928436659e+27
-4652.41451124, 6147.5809562, 2426.79074645, -2.02220716754e+26
6729.47997364, -8177.74710089, 2191.01797931, -4.27270842779e+27
6849.02495444, 2879.8250706, -4065.54239717, -3.75278715855e+26
209.907886365, 4859.14122536, 7423.37735448, -6.3466162351e+26
6490.2268348, 3589.49161281, -294.065680272, -2.34765211386e+26
18.1373206262, 1564.04484693, 3235.8112737, -6.65033623738e+23
-3576.73875012, 1806.14109367, 4997.26574774, -2.10652261076e+26
2054.38034034, -1763.91788086, 487.23982363, -3.66873332631e+22
-6698.95434101, 2191.79224482, -4270.18922416, -7.32440258817e+26
8161.15094026, 5072.69005844, -6418.69100642, -3.37725314586e+27
2679.51708615, 1649.490205, -1241.0920282, -1.66243055221e+23
-1885.79673017, 428.738755762, 5904.70820701, -1.24604423622e+26
-639.036608118, 437.449329367, 893.980919192, -2.59379202772e+20
721.683207118, -1327.88261662, -1270.74775494, -5.39185141748e+21
-95.6989522455, 6015.17728731, 1989.00882014, -5.37605957008e+25
-923.814289995, 1002.90139998, 2051.46123422, -8.04360801392e+22
-4525.64416508, 2584.46606398, 6069.80266372, -1.19782871271e+27
5101.29789635, 2610.5660183, -5553.26094953, -3.55442215047e+26
-6328.32845186, -1330.67110291, 377.409827054, -8.06330442962e+25
-3169.1372006, 2954.47788257, -7782.89037866, -4.34662220516e+26
3269.48261674, 4647.4919949, -1089.28546128, -2.48994861903e+25
3485.01830808, 18.8770390156, 1057.85783776, -1.43580796078e+24
-314.025630587, -2750.72857535, -2270.25368665, -1.27446663117e+23
3328.53822907, 2087.11098596, -6260.48903482, -2.40533041514e+26
4522.04458125, -3164.2701302, 360.896802763, -5.6817251988e+24
2125.23685821, -457.683277798, 1420.5701146, -9.314412219e+22
2918.44083135, 627.841087506, 5111.07451876, -5.37211493285e+25
4733.54369641, 64.8156594542, -4852.06325567, -2.56644889604e+26
831.301569722, 4709.94904501, -3117.81958149, -4.7063188813e+25
798.358920938, -5759.06472167, -1180.82756381, -5.06869466705e+25
1470.25902166, 5450.32655353, -2053.56900436, -9.05757280625e+25
-2868.42065097, -3142.17678821, -245.405917548, -2.00781978358e+24
477.761331537, 2521.52368731, 141.299083895, -8.66733631126e+22
-4777.73637627, -562.483450687, 2211.54391036, -1.38246872838e+25
-1850.57630919, -1182.89042917, -2259.71142475, -4.07041946733e+23
-62.101480275, -2172.89561126, 3083.19067874, -4.00607164019e+23
-1907.9647992, 3640.66011403, 2883.24467581, -6.8834100294e+24
-1307.14326241, -4966.60547159, -3056.85886271, -9.16933471776e+24
1109.81157393, 1432.94559504, 3574.70138818, -1.19241029994e+24
-199.122754599, -8596.60186754, -4039.43913532, -7.25320587286e+26
6821.45940418, -4359.72486375, 3133.38324554, -4.37491584905e+26
-617.027857089, -6592.03074105, 114.421051439, -2.18216421165e+26
-190.594428438, -5294.54199074, 2265.17131066, -8.27145288558e+25
5768.93565444, 7223.59957821, -7942.53751756, -4.28365399598e+27
-3135.61746655, 1043.964993, -2452.09898316, -3.02060935971e+24
4171.92080149, -6132.00160415, 2840.03537757, -5.15398855486e+26
4578.59130468, 5865.74174465, 3316.272775, -3.29485816127e+26
677.873062683, -1318.81922068, -1346.29427504, -6.38549529704e+21
-2918.68760692, -6071.55623819, -686.270885462, -1.02301112794e+26
178.561625255, 5739.09759408, -729.65835963, -9.05109457711e+25
-174.857655114, 4196.79652347, -7265.63375752, -1.68376923673e+26
-2388.80311564, 564.432662803, -223.744079681, -2.00836438473e+22
-1402.09116915, 2984.82020336, -8407.60332938, -2.95034276289e+26
3983.75108002, 2374.55167144, -3769.56114214, -2.32378708776e+25
1117.90355607, -4500.03913264, 2664.05675685, -3.56231314082e+25
781.277778175, 5315.8606626, 5326.88660615, -6.64330818921e+25
7568.41429408, 1510.02784816, -4696.66195538, -1.14782769294e+27
-545.827064749, -1082.20749925, -827.323898528, -1.67587861151e+20
6739.1390699, 2461.00420891, -2644.45784715, -1.6573555791e+26
-19.3922210737, 5606.97095261, 95.762336734, -5.73226377568e+25
4639.7191062, 1729.27485876, 2355.36981521, -5.17695889888e+25
-9.84889054589, 480.595908873, 2522.59817585, -5.64239484591e+22
-3005.62751448, -284.995479227, 1230.63461231, -2.6567533217e+23
1110.57191657, 7912.4857651, -2276.4355489, -1.55188871775e+27
-3303.57510981, 8872.36092659, 1953.86528347, -1.84045639796e+27
