-0.499695347167, -4.01259599708, -4.88089728137, -3.60487254309e-10
-0.499695210207, -4.01259959909, -4.88089766159, -1.75924899083e-09
-0.499696158656, -4.01260048043, -4.88089549063, -3.70505067287e-09
-0.499694745669, -4.01259687287, -4.88088775843, -2.10674731272e-08
-0.499687074088, -4.01263248645, -4.8808964765, -3.33201941089e-07
-0.500220962273, -4.01307096636, -4.88089495572, -0.000126542072907
-0.499685322584, -4.01259646777, -4.88228120845, -0.000484284893262
-0.505085850248, -4.02080535517, -4.88365760623, -0.0262605979828
-0.514290626088, -4.01929407365, -4.87830937915, -0.0666925478969
-0.520639276279, -4.03635532925, -4.87505823162, -0.256514721009
-0.522667438548, -4.05201453544, -4.91188245037, -0.768189924459
-0.497954909399, -4.01393695307, -4.9508360679, -1.26319812046
-0.498195342287, -4.01649784665, -4.9529694129, -1.34846117904
-0.485484010727, -4.01101779304, -4.99427788683, -3.66227507336
-0.514926923177, -4.01443429597, -4.99521211839, -3.83676110048
-0.488110219774, -4.01480127425, -4.99810538124, -3.9167919595
-0.489023474701, -4.01463597513, -4.99900416138, -3.98811833375
-0.488205687847, -4.01827068657, -4.99898302183, -3.99605942049
-0.487602604325, -4.01593654155, -4.99900989794, -3.99676045394
-0.488808632035, -4.01638118628, -4.99937831503, -4.02857384776
-0.0125729483804, -0.621823386847, -4.99770158571, -1071.12856254
-1.62282485225, 4.93240886277, -4.90141319658, -224.921609264
-2.13210376737, 1.5662278589, -4.8944610095, -473.747604739
-1.85075296639, -1.33357306622, -4.84085841067, -645.731685693
-1.38318666995, -3.23991007799, -4.96206363109, -208.280629443
-1.43723410676, 3.54777900477, -4.84569420083, -3.8408150377
-1.42165236047, 3.54780589616, -4.84588246977, -9.1938611415
-1.46227043446, 3.16794294917, -4.55859742555, -191.644469409
-1.42801291014, 3.50994133686, -4.99757640834, -21.1206698095
-1.43209752549, 3.54780282374, -4.84411661101, -3.31676036517
-1.43793393509, 3.54779558193, -4.84479104793, -4.29661782849
-1.43199145142, 3.54777716007, -4.84563488617, -3.15431078137
-1.82249178413, 3.45598205974, -4.78174430372, -104.899121242
-0.661127850493, -0.031312166336, -4.84793635764, -969.014536089
0.42480304135, -4.44151752914, -4.84993547651, -115.560758327
0.0354888908795, -1.14992413206, -4.9151622256, -944.470512518
-1.16719998056, -2.77264430665, -4.9818809367, -270.904026049
-3.59920288212, 2.37283959475, -4.92493669108, -341.601459637
-1.49415969669, -3.53415227088, -4.93973936394, -182.27844113
0.959944590706, 2.01099133131, -4.91084009917, -1099.09669769
1.63826931033, -3.44586414568, -2.85895897353, -657.405673157
-2.56091001718, 4.99412629056, -2.02827263755, -968.096642071
-3.3950803257, -3.31727546435, 2.34693010436, -1.82449102123e-05
-3.42660604856, -2.96711007374, 4.99280127294, -2150.38986971
-3.39503288744, -3.31737361494, 2.34683434352, -1.81122293589e-05
-3.39485216357, -3.31730624422, 2.34669577949, -0.000146563635003
-4.93687846379, -3.07428468128, -0.566660248843, -3421.56870513
-3.78698902944, -3.02972609657, -3.67027883228, -876.292624587
-2.98329621533, -4.01954905687, -4.99953649974, -369.794200821
-1.58704836123, -3.89815475365, -4.85885473719, -153.140058478
-0.940308145255, -2.95532573392, -4.90044601839, -222.293824582
-0.4996971688, -4.01259668668, -4.88089752865, -1.26595679489e-09
-2.45593245601, 4.99987989892, -4.89120036573, -217.206670416
-0.499862733403, -4.01274523138, -4.88094828942, -1.33173292145e-05
-1.41337003092, 1.91172135973, -4.97303434514, -589.686137135
-0.499697129706, -4.01259953037, -4.88089529262, -3.22569201617e-09
-0.499700374173, -4.01259135386, -4.88089981568, -1.76140291337e-08
-0.496751617032, -4.01239842946, -4.88054406247, -0.00223404523096
0.141137312216, 2.72990581137, -4.77141192379, -777.245041996
-0.498535957903, -4.01257062908, -4.88093283842, -0.000340529960592
-0.499684204174, -4.01261035242, -4.88089233296, -7.9581600139e-08
-0.500215010111, -4.02144099038, -4.99997691205, -4.09782027334
-0.499697548861, -4.01237863831, -4.88089652152, -1.20594140359e-05
-0.499706047128, -4.01217393767, -4.88090029935, -4.52736505296e-05
-0.499694508192, -4.01253886675, -4.8808977797, -8.57204169337e-07
-0.499695433628, -4.01259690213, -4.88089721842, -7.20980740769e-11
-0.499681717337, -4.01260771775, -4.88093124529, -3.72332995501e-07
-0.499700888044, -4.01259501871, -4.88089692047, -9.65329981196e-09
-0.499694705139, -4.01259670568, -4.88089708105, -7.96779525721e-11
-1.27799871816, -2.28492724512, -4.88769360336, -396.718442445
-0.499679683884, -4.01260297862, -4.88079320394, -2.78540194835e-06
-0.49969496562, -4.01259733255, -4.88089689787, -1.81930977887e-11
-0.499694868817, -4.01259751914, -4.8808968589, -5.76112400998e-11
-1.29998543794, 2.23021939283, -4.85987639339, -417.271470995
-0.499695045343, -4.01259706878, -4.88089685932, -3.36907259906e-13
-0.499695094798, -4.01259711402, -4.88089816744, -4.20975029002e-10
-0.499695528928, -4.01259677332, -4.88089682417, -7.96777544505e-11
-0.498989949859, -4.01258542975, -4.88089806852, -0.000125770914132
-0.499694808735, -4.01270246004, -4.88089382472, -2.81016737215e-06
-0.499694981367, -4.01259709372, -4.88089679537, -3.53751927832e-12
-0.499695078943, -4.01259709973, -4.88089685105, -3.36908657028e-13
-0.499695076377, -4.01259708501, -4.88089688775, 0.0
-0.499694891937, -4.01259862911, -4.88090273005, -9.2725881258e-09
-0.499695658191, -4.01259718332, -4.88089617719, -2.15451521595e-10
-0.499695076822, -4.01259711522, -4.88089687334, -3.36909177006e-13
-0.499718538634, -4.01336235506, -4.88091582689, -0.000148048402841
-0.499896357086, -4.00680587223, -4.88089618275, -0.00853784602171
-0.499694513462, -4.01257145337, -4.88089670126, -1.66209534782e-07
-0.499694821311, -4.0125970967, -4.88089780779, -2.33816244919e-10
-0.499694963671, -4.01259786664, -4.88089264542, -4.6874136261e-09
-0.499695030969, -4.01259720338, -4.88089685387, -4.04290422288e-12
-0.499698020832, -4.01257904209, -4.88087795978, -1.75035298362e-07
-0.499695045436, -4.01259707743, -4.88089688631, -1.68454142219e-13
-0.4996951033, -4.01259646898, -4.88089689063, -9.63536137812e-11
-0.499695077193, -4.01259751663, -4.88089689399, -4.73360562117e-11
-0.499695062228, -4.01259733895, -4.88089687504, -1.6340125536e-11
-0.499695058918, -4.01259707927, -4.88089688184, 0.0
-0.499697119056, -4.01259705284, -4.88089687142, -1.06685156429e-09
-0.499695058734, -4.01259706131, -4.88089687245, -1.68453781109e-13
-0.499979222207, -4.0131509564, -4.88089723666, -9.78016740942e-05
-0.499695058218, -4.01259707172, -4.88089687885, 0.0
-0.499695057504, -4.01259709009, -4.88089688004, 0.0
-0.499695058202, -4.01259588553, -4.88089685958, -3.63851913113e-10
-0.499695057897, -4.01259708088, -4.88089687893, 0.0
-0.499695041668, -4.01259700892, -4.88089687545, -1.5160808304e-12
-0.500138541586, -4.01259608217, -4.88089784097, -4.96753977936e-05
-0.499689901657, -4.0116340786, -4.88089358253, -0.000234731933901
-0.499695042146, -4.01259709812, -4.88089687326, -1.68454492301e-13
-0.499695043954, -4.01259701712, -4.88089688123, -1.3476284417e-12
-0.499695050321, -4.01259707479, -4.88089687684, 0.0
-0.499695066964, -4.01259710982, -4.88089685798, -3.36909398995e-13
-0.499695059038, -4.01259706628, -4.88089685879, -1.68453736785e-13
-0.499695364668, -4.01259693585, -4.88089675038, -3.23430264976e-11
-0.499689085688, -4.01277657641, -4.88089314385, -8.15535337962e-06
-0.499696860285, -4.01259675121, -4.88089807181, -1.20329272964e-09
-0.499024236855, -4.01259707769, -4.88090244604, -0.000113809327068
-0.499695110896, -4.01259707256, -4.88089690395, -6.73819432315e-13
-0.499695815231, -4.01259701345, -4.88089670677, -1.50934550346e-10
-0.499785898332, -4.01290297698, -4.88089768119, -2.57089680226e-05
-0.499695048337, -4.01259706812, -4.88089685744, -1.68453680417e-13
-0.499694522298, -4.01259731595, -4.88089707983, -9.83766407762e-11
-0.499695059579, -4.01259705725, -4.88089684854, -3.36906807696e-13
-0.505639034344, -4.01279275108, -4.88070263478, -0.00895689371833
-0.499693988466, -4.0126053462, -4.88089902771, -1.87228003973e-08
-0.499695209109, -4.01259763965, -4.8808971152, -9.73674814651e-11
-0.499694526656, -4.0125977811, -4.88091248813, -6.1821033787e-08
-0.499697840339, -4.01259654389, -4.88089692729, -2.02194407068e-09
-0.499695060572, -4.0125971363, -4.88089727184, -3.99235325244e-11
-0.499697786445, -4.01259579715, -4.8808954509, -2.80652349542e-09
-0.499692723845, -4.01259580951, -4.88089580249, -2.09036368363e-09
-0.499695066185, -4.01259717054, -4.88089688415, -1.85300094307e-12
-0.49969519976, -4.01259742245, -4.88088955294, -1.3601456971e-08
-0.499695061925, -4.01259707311, -4.8808968867, 0.0
-0.499695064837, -4.01259705466, -4.88089688951, -3.36908390217e-13
-0.499696005307, -4.01259719917, -4.88089577958, -5.31807664843e-10
-0.499695214858, -4.01259472879, -4.88089486817, -2.43075454067e-09
-0.499695062179, -4.01259707083, -4.88089688659, 0.0
-0.499695436298, -4.01259711312, -4.88089688009, -3.50384857025e-11
-0.49969516651, -4.01259709416, -4.88089666473, -1.41500863501e-11
-0.499693075724, -4.0125971677, -4.88088947477, -1.48630275312e-08
-0.499872963866, -4.01257660719, -4.87924952148, -0.000695451964914
-0.499695078008, -4.01259707701, -4.88089680543, -1.34762372279e-12
-0.499695303823, -4.01259698591, -4.88089656563, -4.14395565189e-11
-0.49969488127, -4.01259707908, -4.88089686726, -8.59105677881e-12
-0.499695067654, -4.012597084, -4.88089687113, 0.0
-0.499695067725, -4.0125970877, -4.8808968697, 0.0
-0.49979888295, -4.01259309121, -4.88090822844, -2.76100572279e-06
-0.499382275166, -4.01239886005, -4.88012988606, -0.000183603604919
-0.499695072427, -4.01259708533, -4.88089685873, -1.68454358426e-13
-0.499767886611, -4.01251057461, -4.88088485412, -3.26834341681e-06
-0.499695048846, -4.0125970921, -4.88089682882, -6.73815304005e-13
-0.499690321048, -4.01259935648, -4.88095118738, -7.52706255278e-07
-0.499695071201, -4.01259709282, -4.88089700381, -4.04288821089e-12
-0.499695069487, -4.01259700333, -4.88089687654, -1.6845323091e-12
-0.499695554834, -4.01259309132, -4.88087245477, -1.54927840768e-07
-0.499695072878, -4.01259709551, -4.88089690449, -1.68455188565e-13
-0.499695069467, -4.01259710181, -4.88089687678, 0.0
-0.499694556654, -4.01259710296, -4.88089682895, -6.62019229458e-11
-0.499689117158, -4.01259746938, -4.88089686677, -8.98511737275e-09
-0.499691221654, -4.01286429543, -4.8823349595, -0.000540549168616
-0.499695164998, -4.01259705434, -4.88089672408, -8.75954464596e-12
-0.499695116781, -4.01259711553, -4.88089663717, -1.54976820913e-11
-0.499695048424, -4.01259708509, -4.88089687566, 0.0
-0.499695114619, -4.01259708968, -4.88089684536, -8.42272051538e-13
-0.49969507088, -4.01259707808, -4.88089687946, 0.0
-0.499695069079, -4.01259708333, -4.88089687512, 0.0
-0.499695103303, -4.01259709622, -4.88089704957, -7.91732870752e-12
-0.499695073978, -4.01259708697, -4.88089683317, -5.05361952639e-13
-0.499696349198, -4.01320626788, -4.8808907375, -9.36552662932e-05
-0.49969507813, -4.01259704949, -4.88089687192, -3.36908045697e-13
-0.499695069224, -4.01259708334, -4.88089687631, 0.0
-0.499695017076, -4.01259707663, -4.88089686257, -6.73815461954e-13
-0.499694775987, -4.01259708501, -4.88089687465, -2.12249501858e-11
-0.499630914424, -4.01259759434, -4.88102689019, -5.31399357872e-06
-0.499695072985, -4.01259708387, -4.88089684512, -3.36907699162e-13
-0.499694848691, -4.01259708951, -4.88089696655, -1.38131362596e-11
-0.499695063385, -4.01259708608, -4.88089687151, 0.0
-0.499694967246, -4.01259666271, -4.88089679998, -4.90194619717e-11
-0.499694955163, -4.01259669869, -4.88090271222, -8.64955720411e-09
-0.499695064796, -4.01259707282, -4.88089688602, 0.0
-0.499694078871, -4.01256585754, -4.88090274216, -2.55529589366e-07
-0.499695061808, -4.01259718862, -4.88089688896, -2.69527368679e-12
-0.499695013434, -4.01259703817, -4.88089683632, -1.68452972449e-12
-0.499695093758, -4.01259709452, -4.88089690248, -3.3691001104e-13
-0.499695057027, -4.01259700436, -4.88089693731, -2.52679944139e-12
-0.499695069521, -4.01259703252, -4.88089690172, -8.4227172622e-13
-0.499694943022, -4.01259704802, -4.88090170478, -5.89644622325e-09
-0.499694928539, -4.01259710546, -4.88089705829, -1.31393767658e-11
-0.499695066437, -4.01259708461, -4.88089689266, 0.0
-0.499695065895, -4.01259703672, -4.8808968814, -5.05361969214e-13
-0.499695000338, -4.01259717175, -4.88089695086, -4.37980219386e-12
-0.499695064159, -4.01259710119, -4.88089687592, 0.0
-0.499694382145, -4.01259738814, -4.88089651725, -1.7418212958e-10
-0.499694867416, -4.01259698062, -4.8808968648, -1.26338368667e-11
-0.499695079147, -4.01259716278, -4.88089688118, -1.51609157987e-12
-0.499694900955, -4.01259707541, -4.88089687808, -6.90653832214e-12
-0.499694888888, -4.01259699805, -4.88089691008, -1.01070896333e-11
-0.499680093553, -4.0125969888, -4.88089768872, -5.68519162765e-08
-0.499694912615, -4.01259727246, -4.8808980744, -3.76833059594e-10
-0.49965256489, -4.01258803724, -4.88089704602, -4.77425654359e-07
-1177.99066852, -1025.84809884, 1256.98299108, -2.28969829308e+21
-1625.54532114, 2330.89647205, 637.804637341, -6.53695174591e+22
2150.09935864, -483.372739363, -1586.67558877, -1.56731475735e+23
802.227266406, -2422.66646224, -459.124117406, -5.7623976236e+22
251.656755297, 57.3366280481, 422.640241296, -1.37063103992e+17
-1543.56835811, -791.624607561, -971.662852319, -1.39497895854e+22
-241.51804082, -95.3490132122, 2829.56991405, -1.21791921687e+23
-335.458045021, 2730.16287236, 73.3198773561, -1.86216424608e+23
2727.35900733, 1015.86854979, -387.785451077, -1.21239790121e+23
1052.02575193, -1731.91140608, 1483.95083921, -4.0025363676e+22
-142.028676658, -678.665526942, 1390.83042529, -2.59778731495e+20
438.435811098, -966.600586916, 2074.67435309, -5.47539625578e+21
968.715413299, -375.56336797, 1807.53793267, -8.17764753972e+21
2196.54233782, 645.88299743, 141.455622448, -2.81548415223e+22
-1758.49342528, -1771.73002651, 480.392282801, -2.39440013138e+22
1071.5316719, -1481.73319394, 2102.42533581, -4.54126906947e+22
2760.80562221, -401.644877826, 1207.42912106, -3.11090197746e+23
343.991748975, 1412.68505619, 1423.98536806, -1.7018904168e+21
-3335.15641096, 873.204504581, -933.683225164, -6.11651406193e+23
1757.57959693, -941.461255603, 99.8943788006, -1.4782227813e+21
-1475.86340923, -852.581291225, 282.961000158, -1.39194069465e+21
37.6943310167, 627.617187487, -1111.36814745, -4.76395549071e+19
-1286.64496685, -359.412331573, 1096.2860458, -2.40236444388e+21
-1900.12320368, 1415.44101828, 1738.62076408, -2.49279832819e+23
1537.87980166, -1520.0456543, 2719.57131555, -2.73699111218e+23
1195.87713961, -2008.96202481, 2762.02447873, -3.65595006429e+23
2112.65912594, -144.495455102, -1377.23995043, -7.06369675227e+22
1303.46543394, -91.9488751933, -1783.78458909, -3.90686747852e+22
884.564520476, -486.698770667, 214.262004346, -1.17437177268e+19
-2357.5246971, -697.16128531, -27.363748975, -4.34216360089e+22
687.151785438, -28.2260139562, -298.116916353, -2.62120253514e+18
-563.728059563, 861.568345793, 1555.87534455, -7.14217657308e+21
-1449.32424114, -95.719609704, -201.478837677, -7.78992687154e+20
290.213204069, -1018.57832008, -299.813933565, -4.39946142068e+19
-18.203378458, -1222.34842463, 210.801048089, -4.15254463269e+20
-614.334659018, -1204.77607159, -803.619413907, -3.07645938471e+20
-105.733975609, 2785.36333306, 148.218124728, -2.00407776151e+23
-490.437483218, -512.116865673, 1191.70590757, -2.26729522226e+20
-159.585251345, -1201.52054594, -2145.57947348, -2.31865752861e+22
-1301.96974437, 2618.90363927, 827.811934673, -1.0895439343e+23
1345.23197116, 48.1280238244, -1062.70125664, -3.43871383202e+21
-1347.17565367, 1801.70810213, 1372.73017566, -4.7403345861e+22
1447.01312053, -361.149539891, -1119.00337007, -8.15122684401e+21
250.265112533, -2256.20086729, 2511.7824437, -3.2174825568e+23
295.172138073, -1006.11099927, 112.748844127, -9.07267622064e+19
-1099.94082586, -3072.61864873, -414.400576604, -3.80222550761e+23
-757.629426142, 599.828016759, -93.2463238947, -6.75327647501e+18
171.787902452, -165.81230026, 1217.19328168, -7.38025815884e+19
-2428.45813251, 1527.61535653, -1447.32681471, -1.90790004739e+23
160.741379955, 1666.28355875, 2791.24840949, -2.17081768173e+23
994.76109811, -509.123214993, -1119.39605035, -2.67208324061e+21
-1094.93371177, 3228.95368278, 1957.03219306, -5.60858862727e+23
1539.3801404, 1144.96290455, -3027.35393658, -6.11266330415e+23
-48.1202317575, -2768.33124066, 1495.92817256, -5.68887945231e+23
952.121577199, -964.187495072, 2734.51714907, -7.31930272173e+22
-1.0821006683, -69.3863421856, 2111.97867023, -9.02961224711e+21
2247.87793341, -786.87502341, -342.935979512, -1.08505520896e+22
-1264.69326253, 764.20771644, 158.375314356, -1.51912642016e+20
2315.83304761, 2853.67407573, -539.34326372, -6.07234086201e+23
1459.56686577, 562.853657603, 930.212147439, -7.76669556e+21
-724.481388543, -69.5734736559, 988.23245787, -2.98270359886e+20
27.2812368926, 1091.62271078, -1467.56231593, -1.40258313605e+21
2297.52878979, 3247.33459112, 2527.17171698, -3.4750818986e+24
1337.72003436, -859.995312091, 539.734605491, -7.68153972231e+20
-1425.77028588, 1655.72842788, 867.554548936, -1.23666230969e+22
1711.61755804, -853.47764132, 935.440834486, -8.47672390729e+21
-1148.06752534, -418.567088301, -244.467001937, -2.81764735717e+20
1599.2487319, -549.988799529, 45.1325668526, -5.85950767239e+20
2661.62402637, -190.775354013, 1345.60007217, -3.36718858905e+23
1494.74370907, 144.674865259, 2948.86756275, -4.33295613541e+23
858.032672513, 104.863332362, 599.031570582, -1.01938985663e+20
-835.411652152, 1163.47290912, -1002.3937648, -2.02891005112e+21
-2925.13647557, 1962.21048563, -3074.32758788, -4.58832794471e+24
-2947.33021803, 1176.5878317, -429.618808345, -1.09660257233e+23
667.445580756, 337.32017436, 316.030316698, -1.028872954e+19
-533.83190345, -1545.75384583, 2020.08956405, -2.11064155043e+22
-183.150613432, 2770.02476013, 1127.91390521, -9.62670184088e+22
-370.231796994, 1163.98079614, -1135.93566325, -1.52813855412e+21
927.395089222, 901.758747784, -2356.46608086, -5.0815214025e+22
-507.951430237, -589.146222436, -610.46007139, -1.92065778423e+19
1731.19601479, 2362.39389076, 659.536733839, -1.08142332372e+23
672.111820123, 1394.32566244, -2669.00296161, -7.40079742226e+22
-1732.339442, -2155.2005771, -2413.45191257, -6.08872689595e+23
-1159.63775555, -2554.28142431, 1990.35561829, -4.14017635041e+23
610.727486544, 1395.29063335, 2566.33549112, -8.87749703291e+22
-2221.35808391, 726.519948019, -2697.25363925, -9.13643129796e+23
-293.920894749, 1346.40548468, -1056.7974996, -3.21034152572e+21
1354.22488555, 106.089207143, -232.2388834, -2.37720467239e+20
2152.70049176, -713.9716305, 1117.11110593, -4.99829983956e+22
2434.02316802, 1503.47807877, 1217.63543312, -4.15878221455e+23
2164.12466202, -1385.10646696, -1185.37693531, -1.0757760832e+23
-1865.91329258, 2615.05379456, 211.165619761, -2.08585399979e+23
1079.53566915, -1177.28218104, -1624.41419099, -3.48374704187e+22
3137.17719932, -2031.77488672, -11.5057922477, -2.12970528389e+23
-1683.95398358, 664.956227869, 1565.34150881, -6.80558285224e+22
2699.71167565, 1000.25731402, -2216.19916463, -6.97865346944e+23
-3123.34255408, 613.085804923, 2477.18676333, -3.92600704547e+24
1350.980427, -63.1185276192, 2833.75717602, -2.492797418e+23
-338.359661368, 1359.33258252, -1948.99049701, -1.14505517258e+22
932.314199357, 782.343631699, 2225.10229214, -3.92966815143e+22
-2121.00245608, -97.5881010288, -827.773219528, -4.05115705913e+22
-2303.91368627, -1678.78857076, -839.704492433, -2.24426486993e+23
2653.77989894, 1314.44931248, 2094.05897331, -1.72380059211e+24
-1124.34437976, 1039.62765815, 2209.68268645, -1.74038785681e+23
-235.996734203, -1082.07432943, 43.477455763, -1.18316154983e+20
-423.599922629, -1021.61522141, -866.588864157, -9.06012989792e+19
-1460.5427496, 1766.14605459, 2553.26450397, -9.20579847927e+23
1826.74898471, 2314.93146867, -3305.39053159, -1.35768386985e+24
-2469.38987359, -614.823620425, 49.4954309095, -5.2038281548e+22
3081.95596391, 300.85726674, -65.1035371797, -2.14561706298e+23
-977.940276269, -1130.14861892, 542.227309743, -5.11215185102e+20
-1713.51357808, 742.947275045, 393.622222119, -1.95500623689e+21
-1146.18159416, 1281.48166133, 409.728282948, -9.67029792318e+20
122.939371331, 2970.76281397, -1733.32249674, -1.07858841387e+24
2794.2166817, -853.983105618, -1410.45044793, -4.06749321339e+23
132.320103499, -21.8313988852, 75.383152426, -1.45369896327e+13
668.362157158, -1002.60957986, 1943.37784236, -6.10667914579e+21
-142.883298888, -284.904220828, 727.977060361, -2.02903440547e+18
102.906175003, 402.693422107, -2139.08883935, -8.23134927511e+21
1803.58775322, 873.688824503, -2476.36161926, -3.08108465334e+23
-548.974766145, -2581.23648356, 80.2077589325, -1.2242564277e+23
1281.64284901, -120.498827841, 396.427121552, -4.19479871539e+20
2098.14987879, -2426.22496666, 289.214477241, -2.02671242344e+23
-979.914202064, -365.659790338, -643.266199687, -3.38320555866e+20
1456.34410861, 524.200751376, 287.381319976, -1.77340782839e+21
-226.666524757, 25.325595955, -1072.84875476, -3.1598132136e+19
-2622.51026059, -1493.05459638, -2306.36454615, -2.24833698399e+24
-1075.89273078, 1239.35048257, 3044.67880173, -1.19272302925e+24
-2970.68897511, 532.679061104, -1099.03034558, -4.02038080185e+23
365.820594027, 859.720989276, -873.008573612, -1.05269238806e+20
1104.7784588, -2364.08625203, 671.866889425, -1.39172522182e+23
15.2036199677, -196.471047158, -626.140045241, -9.83081724082e+17
-2170.91962935, 977.527667095, 165.941810945, -6.96125234434e+21
-709.682200771, -528.955087064, 1150.6391457, -3.76553529548e+20
2947.21093836, -1078.39822371, -1941.31907816, -1.56121111141e+24
-1798.67141455, 2377.20057204, 938.370177231, -1.01146046393e+23
2602.21906004, -3161.502328, 847.365468522, -2.12324808141e+24
2647.90019162, 1113.59152242, -1572.87411767, -1.88194385948e+23
81.9621397857, 1877.97304967, 2870.04983427, -3.19166332087e+23
2510.02169578, 1386.95008763, -116.243209284, -1.16989144742e+23
8.67526218232, 605.901476733, 1251.5924776, -3.39366527832e+20
-1382.42128252, 695.959188911, 1932.18390049, -1.05032802784e+23
793.011904901, -680.699957204, 189.321036156, -1.77940178901e+19
-2589.91549042, 847.262237434, -1651.0052291, -3.65813090994e+23
3155.40839049, 1961.59837318, -2481.63551885, -1.68911361986e+24
1035.85852372, 636.689487228, -479.935987499, -8.30928004605e+19
-727.068584893, 168.543944372, 2282.97124429, -6.25428868719e+22
-245.752197627, 171.028893271, 344.843351957, -1.28115990656e+17
279.391962594, -510.924844641, -490.679158144, -2.6524707419e+18
-39.9290536492, 2325.66448108, 770.822637014, -2.68922502296e+22
-356.286953018, 389.050152461, 793.424612945, -4.05781125348e+19
-1748.63713517, 999.343873854, 2347.35143231, -5.98085580678e+23
1972.29279585, 1010.18868116, -2147.53372055, -1.77713843618e+23
-2447.36924456, -513.51424729, 144.256601581, -4.03742152403e+22
-1226.40371356, 1142.56743341, -3008.61829289, -2.17040304301e+23
1265.9450404, 1796.28401633, -418.627097988, -1.24123967771e+22
1345.86801356, 8.88262226853, 408.222752516, -7.09957508586e+20
-119.126020473, -1064.23001072, -879.128753515, -6.33223524221e+19
1286.1832171, 807.856853553, -2420.52321781, -1.19517410281e+23
1747.11607032, -1222.38924754, 139.525664563, -2.80138174463e+21
822.818436721, -174.993449129, 550.976830831, -4.731444518e+19
1129.06152797, 243.519104423, 1976.06879628, -2.69249426437e+22
1829.44799371, 27.517606912, -1876.85022392, -1.28233823815e+23
321.892682429, 1820.68665074, -1206.89597475, -2.35794702895e+22
308.347816524, -2227.23747303, -454.312263369, -2.53185470762e+22
569.304942915, 2108.14922079, -793.717933994, -4.54561463587e+22
-1109.04351016, -1213.04653122, -95.80235056, -9.99703067927e+20
186.668004639, 975.471107687, 56.4664091613, -4.35449567051e+19
-1845.80224251, -214.929490623, 855.896220851, -6.85726096549e+21
-714.788352799, -456.532912768, -872.956679071, -2.01764414877e+20
-24.5993948163, -840.577619695, 1190.82043928, -1.99364711501e+20
-737.412113888, 1405.92256784, 1113.28555111, -3.41357775532e+21
-506.353571226, -1920.91895942, -1182.86002943, -4.58608410685e+21
429.896433392, 554.852190021, 1383.30762774, -6.08146910731e+20
-75.5318226273, -3323.62654327, -1560.89617302, -3.61517578771e+23
2637.57949246, -1684.81224384, 1209.7673289, -2.17178626544e+23
-237.363180999, -2548.60959184, 41.8818792276, -1.0849773957e+23
-71.7778034391, -2046.48310917, 875.877260898, -4.1093565976e+22
2229.99234161, 2792.18042055, -3070.41284393, -2.13579263654e+24
-1213.68818365, 402.85897824, -948.221409121, -1.51922174999e+21
1614.18230403, -2371.32172525, 1099.64997139, -2.5672460123e+23
1770.17673616, 2268.68989939, 1283.21095482, -1.64561793679e+23
263.368867426, -509.000220637, -522.272329584, -3.23983121796e+18
-1126.99545585, -2347.37623942, -262.917359516, -5.10752378684e+22
67.5950741246, 2218.02123746, -280.275417178, -4.5132580476e+22
-68.8992040763, 1622.68844163, -2808.4437478, -8.38479305671e+22
-922.483341803, 220.667650618, -84.9585669875, -9.83403617605e+18
-543.941200246, 1152.24635186, -3250.64374211, -1.46295188294e+23
1540.45389237, 915.955464512, -1457.92826676, -1.16640879907e+22
433.471649972, -1738.35745316, 1030.65806441, -1.76011490788e+22
300.523826282, 2055.89170116, 2059.94262343, -3.35847404293e+22
2926.41991567, 584.120276605, -1814.5652207, -5.73591815774e+23
-213.656192768, -419.555204758, -320.896756975, -8.80877225508e+16
2605.93652558, 949.855819443, -1020.88117091, -8.28972817075e+22
-8.75906746915, 2167.11003544, 37.4306935635, -2.86358316441e+22
1794.25625931, 667.847325852, 910.455299367, -2.5824297585e+22
-5.93544731275, 187.08435558, 973.667361628, -2.89272872602e+19
-1160.8924581, -111.210963935, 473.861427365, -1.29551538778e+20
427.492201216, 3058.78816154, -879.09585354, -7.75194413067e+23
-1277.61660143, 3430.25180353, 753.830939448, -9.22825859443e+23
