-0.504905681961, -4.01227629757, -4.88291448771, -0.00794145922754
-0.500990323768, -4.01119299087, -4.8822352517, -0.00137887542776
-0.495976805932, -4.05724409129, -4.87758875971, -0.506215565954
-0.600607893147, -4.01822538724, -4.87902613246, -2.61205524199
-0.55390499256, -4.00314532069, -4.88723451213, -0.77712515604
-0.471113508566, -4.48167436852, -4.88786217436, -41.7962378641
-0.495714742847, -4.13905792639, -4.88256105167, -4.45707015856
-0.50508628094, -4.02080608997, -4.88365883533, -0.0262656960872
-0.514290613464, -4.019294306, -4.87830903524, -0.0666944491675
-0.52063947776, -4.03635557484, -4.87505841873, -0.256521815128
-0.52266743695, -4.0520145662, -4.91188246963, -0.768195311676
-0.498002558741, -4.01393520778, -4.9508542292, -1.26424971523
-0.498195290483, -4.01649784668, -4.95297122807, -1.34855060515
-0.485455706279, -4.01101779257, -4.99427776341, -3.66326933571
-0.51492580596, -4.01443429739, -4.99521211837, -3.83683610859
-0.488299786672, -4.00783881107, -4.99820488446, -3.96871811473
-0.48932771224, -4.01463252871, -4.99900438604, -3.99349136903
-0.488206920086, -4.01826397684, -4.99898398052, -3.99637194949
-0.487602609208, -4.01593653052, -4.99900924389, -3.99683412398
-0.488808610463, -4.01638118635, -4.99937832286, -4.02858173315
-0.489460209794, -4.01534858896, -4.9998269481, -4.05665468851
-0.489910880887, -4.01571965983, -4.9999558907, -4.06399392605
-0.489843183274, -4.0157084229, -4.99997792705, -4.06621468831
-0.499963598632, -3.99941618966, -4.99999950786, -4.17423850539
-0.459439774226, -4.02440236843, -4.99813805814, -4.24840781687
-1.44011606289, 3.51815223938, -4.90270247558, -61.5714211704
-1.43682116113, 3.48566248372, -4.91103883373, -71.5980617504
-1.49731870165, 3.58596704027, -4.85447130752, -98.9490014622
-1.43536895624, 3.63191749882, -4.99999085027, -51.8250470413
-1.44318946082, 3.52606518061, -4.8173713733, -36.1396821224
-1.434307302, 3.4799816223, -4.82871647237, -89.4945659666
-1.43595839969, 3.5954231664, -4.80317868712, -62.215470955
-1.51128909259, 3.96652853978, -4.61377729553, -91.9817517213
-1.4306719262, 3.55985625461, -4.8560797312, -9.07808331716
-1.43251146682, 3.54844071545, -4.85177086317, -3.97460623386
-1.54292244023, 3.61908686392, -4.99996675922, -105.589042371
1.32778277695, 3.73516984029, -4.99994980888, -1058.20784169
-1.43591829684, 3.48666830544, -4.99995700641, -10.7022160998
-1.64720506149, -4.67163710243, -4.98725938794, -153.081864615
-1.90352503061, -4.93524180703, -4.38776643256, -182.856758447
-2.67526280674, -4.99900006987, 2.35096715696, -2912.96153455
-1.41754207456, 2.03508197596, 0.72722984684, -672.013236588
-1.59316315825, -3.55079041526, -4.90000999929, -187.248946663
-3.23125752675, 4.93749970028, -0.788276052097, -1164.72570343
-3.39895517198, -3.31376592963, 2.34763535158, -0.0466812344711
-3.20215030647, -3.26573829703, 2.40495845053, -66.4844669053
-2.79186850442, -3.20812909753, 2.34321990376, -528.435964294
-3.39850250743, -3.2955150659, 2.33874555634, -0.934717519615
1.70081519927, -3.09113710236, 1.67260596303, -1914.82062714
-3.41647325234, -3.32390178771, 2.3222489807, -1.86633669839
-3.39884169131, -3.32379937996, 2.34904929061, -0.100993797816
-0.62123310166, 3.69070468116, -4.89600444941, -215.43169041
-1.19851175801, -4.27288719844, -4.97226652048, -108.77536855
-0.948205084816, 4.99900783649, -4.92945187131, -269.211075275
-0.992880971665, 3.64568217453, -4.99500946866, -69.6726281933
-0.545353441834, -4.15522121366, -4.99624416074, -10.631813476
-0.502180448361, -2.00661981118, -4.86432266332, -520.76591642
1.2446643016, 4.94183942467, -4.8867596302, -642.269671871
-0.219843904263, 1.81245656276, -4.98451769565, -758.370303702
-1.91494682719, 0.720951986788, -4.97530293535, -608.235470787
-0.48383783679, -4.00423545574, -4.99997323772, -4.16755596283
-1.22379012493, 1.55606465492, -4.99846658748, -582.380075089
-0.235828605347, -4.01050378819, -4.88026041639, -19.40128005
-0.499540209597, -3.98121250973, -4.86006039332, -0.361651470822
-0.49747838732, -4.03395974757, -4.86910572023, -0.149054524411
-0.49962918951, -4.02328331101, -4.88019745367, -0.0287387750854
1.44086567245, -4.55939863174, -4.96378421096, -179.453863437
-0.958161835575, -4.18361883853, -4.87999768209, -57.5374739204
-0.490904990266, -4.01171900104, -4.88078437708, -0.0196589522996
-0.446628456417, 0.030187309473, -4.88647622035, -971.876903332
-0.555180445078, -4.16161652314, -4.88204346596, -7.72989917344
-0.49663731039, -4.01294829909, -4.88112878962, -0.00240822867155
-0.512455499873, -4.01346761411, -4.87867857085, -0.0425514764562
-1.36129307374, 0.447862674997, -4.99846293931, -659.466969854
-0.499741052295, -4.01246306278, -4.88103082377, -9.60697866262e-06
-0.490439449005, -4.01257473249, -4.88327703072, -0.0230589350482
0.00338254507287, -4.01342794969, -4.87933625519, -63.5184058476
-0.516661717622, -4.01894477748, -4.68987117793, -12.8929565245
-0.451341028027, -4.01338056986, -4.87736243304, -0.581033804394
-0.499108819566, -4.00962846563, -4.88423680505, -0.00515732081039
-0.385201339572, -4.51911894927, -4.88115972726, -43.8981669366
-0.503483515201, -4.01180904217, -4.88084204558, -0.0038001929691
-0.500713898347, -4.0138372534, -4.95761217716, -1.55450843576
-0.502220032042, -4.09194024992, -4.88165964231, -1.65868453183
-0.499747639902, -4.01265858971, -4.88090222929, -1.66299747724e-06
-1.27752987329, -3.99973029594, -4.89492879332, -107.848376301
-0.50003132304, -3.81106609273, -4.87820587518, -15.2772734156
-0.497571707578, -4.01553852415, -4.87998905092, -0.00352690405184
-0.497288100301, -4.01537860296, -4.90283185088, -0.124657201307
-0.500543030472, -4.00993986655, -4.88175038334, -0.0021635205138
-0.671877852417, -4.04583813153, -4.86300476217, -8.19457259723
-0.504403402015, -4.13353550476, -4.94478540435, -4.9606986022
-0.499437418024, -4.0126622528, -4.88113318372, -3.19881336589e-05
-0.507865189169, -4.01169248419, -4.88331406984, -0.0186282362238
-0.499575714711, -4.01266657509, -4.88099528404, -7.27031166754e-06
-0.49787230055, -4.00304529086, -4.88101477293, -0.0241097389124
-0.457658712258, -4.01305095295, -4.88143409878, -0.433822813324
-0.499696038531, -4.01268126053, -4.88106539808, -8.96764694487e-06
-0.501169160722, -4.0880343785, -4.87972685377, -1.49749431033
-0.493713575335, -4.00609213967, -4.89662303316, -0.0825393627431
-0.500160316968, -4.0237601803, -4.88062625635, -0.0313068413991
-0.494721783325, -4.01259682988, -4.88370350973, -0.00823296416999
-0.500663961492, -4.01231941235, -4.88091925897, -0.000256595003106
-0.49970959739, -4.01244767703, -4.88091591233, -5.78395512757e-06
-0.499763887019, -4.01255970363, -4.88089438953, -1.55213305308e-06
-0.499673618443, -4.01276293911, -4.88123519305, -3.59856703797e-05
-0.519320505432, -4.01300730871, -4.87751954943, -0.100224028577
-0.499705083319, -4.01285783299, -4.88153869342, -0.00012121651568
-0.499709776612, -4.01479742327, -4.88144077823, -0.00129548787187
-0.505456478304, -4.01436057862, -4.87780038318, -0.0115725546021
-0.50355374358, -4.10411889713, -4.88315881275, -2.23571458532
-0.495355735054, -4.00753012395, -4.88114505403, -0.011327871175
-0.499831331982, -4.01246384853, -4.88058619821, -3.35597981853e-05
-0.478684354886, -4.01271404961, -4.8811108974, -0.110335217671
-0.601553482611, -4.0846952812, -4.89694852265, -4.36224937683
-0.478087417821, -4.26605192227, -4.87908011225, -21.2436314458
-0.498791980131, -4.00971874909, -4.88144051644, -0.00238495236339
-0.499156681068, -4.01453327913, -4.88306508813, -0.00220032237894
-0.497021210281, -4.01126400224, -4.85713481296, -0.143954375159
-0.50030467637, -4.00857999883, -4.88572997165, -0.0101334970677
-0.502301403165, -4.00875919492, -4.87641664205, -0.0105787317202
-0.498485773639, -3.99729729516, -4.87893212038, -0.0613893286031
-0.497064375433, -3.98619359813, -4.89932770514, -0.274150974582
-0.513529721623, -4.01136539774, -4.88065876979, -0.048904649054
-0.499532243103, -4.01269741906, -4.88104668927, -1.49206517603e-05
-0.500074954081, -3.98805730145, -4.88122578755, -0.157323775528
-0.500137836341, -4.01132731041, -4.88013499097, -0.000604251159085
-0.49818622673, -4.01233259332, -4.88071238056, -0.00060281484237
-0.500309478145, -4.01228576217, -4.87290893187, -0.0162449279644
-0.49974453234, -4.01009257397, -4.88066552434, -0.00160541663758
-0.499288263802, -4.01256740275, -4.88016964092, -0.00017599804306
-0.499657270231, -4.01255020821, -4.88107370993, -8.81893166993e-06
-0.499704083047, -4.0125541327, -4.88074757434, -6.11948708424e-06
-0.49983307215, -4.0127949775, -4.880814713, -1.64075112153e-05
-0.499683974721, -4.01299908305, -4.88237827632, -0.000594999132867
-0.499603741149, -4.02365047239, -4.8744244396, -0.0410278621162
-0.499180333753, -4.01281455412, -4.88036350034, -0.00015100809637
-0.500517874137, -4.01271809346, -4.8811681429, -0.000193223640295
-0.499903589013, -4.02344770191, -4.88950913673, -0.0480722818723
-0.499669519012, -4.01273347292, -4.88109936342, -1.5225261336e-05
-0.501191613495, -4.0136905412, -4.87968198257, -0.00124230221752
-0.499887900182, -4.01295665135, -4.88099207688, -4.43204006757e-05
-0.501914572587, -4.80183026832, -4.84298604488, -99.3077755782
-0.494585877915, -4.01237279057, -4.8798411047, -0.00689347227438
-0.500067440999, -3.98552482737, -4.88084315459, -0.191914724134
-0.507494211948, -4.00782966093, -4.88376076407, -0.0233493488495
-0.499809243382, -4.01260503386, -4.88091974005, -3.44338597605e-06
-0.531313049463, -4.00858102449, -4.87718725063, -0.262838809751
-0.499700674374, -4.01261262559, -4.88084572163, -7.30612298259e-07
-0.499413240968, -4.01201064457, -4.88107250881, -0.000114842791894
-0.493352781422, -4.01437077517, -4.86561145012, -0.0700651986202
-0.500009970011, -4.01396286541, -4.82664551735, -0.75334328725
-0.49984585154, -4.01226040318, -4.89925234548, -0.0853048597862
-0.516025807116, -4.01369219021, -4.88108892664, -0.0681005255002
-0.496921920317, -4.01804394978, -4.87701927132, -0.0131272907096
-0.499679356454, -4.01218959981, -4.88090825836, -4.20554254407e-05
-0.499934029951, -4.0432176859, -4.86785469284, -0.274085529138
-0.49973249793, -4.01256906872, -4.88099590657, -3.03182515605e-06
-0.501755184917, -4.00997992631, -4.8808580519, -0.00282032038503
-0.500876636041, -3.71227122023, -4.88689951991, -36.8334027687
-0.499665870862, -4.01259074262, -4.88044304941, -5.22921530631e-05
-0.505260156642, -4.01154182783, -4.86666555222, -0.059089406988
-0.499642402947, -4.01259396396, -4.88098973414, -2.88396709528e-06
-0.433460119956, -4.00639806191, -4.88015081862, -1.08083383021
-0.497989232245, -4.01341225327, -4.88114881666, -0.000919047170765
-0.499677557285, -4.01272286338, -4.88087433295, -4.20513111169e-06
-0.499336121761, -4.01978964786, -4.8825036218, -0.0137126676205
-0.498594662862, -4.01030483583, -4.92993718972, -0.61446876159
-0.499917786522, -4.01263744276, -4.8804237547, -6.95267843742e-05
-0.499436037241, -4.01263996343, -4.88079302089, -2.01394541726e-05
-0.499498166061, -4.01221384708, -4.88107175908, -5.46753548403e-05
-0.498267163128, -4.01277733111, -4.88100658649, -0.000527072075922
-0.499619614308, -4.0927861287, -4.88091173129, -1.69552114022
-0.499276124966, -4.01212951275, -4.88069094499, -0.000110417411424
-0.499831409641, -4.01327789335, -4.88058001714, -0.000147032447841
-0.499701437122, -4.01259696587, -4.88090728418, -3.76583712533e-08
-0.499725632591, -4.01274439789, -4.88077956846, -9.19471968224e-06
-0.51988618559, -4.01263471038, -4.87400318837, -0.115224379326
-0.499703262663, -4.01260108197, -4.88092780592, -2.62909101405e-07
-0.501317875422, -4.02692992908, -4.92948796756, -0.643411733211
-0.498599680759, -4.01274744158, -4.88049021353, -0.000351824622441
-0.499441958247, -4.01265783747, -4.88118942579, -3.87885598467e-05
-0.496662033784, -4.00116016006, -4.8707858566, -0.0617839214515
-0.500012559705, -4.01082261353, -4.88018429531, -0.000952062004047
-0.499668715349, -4.01270914755, -4.88077267462, -7.24877315166e-06
-0.500372498928, -4.01456041764, -4.88567401732, -0.00684162238404
-0.498086097361, -3.99920790394, -4.88316943957, -0.0481450271405
-0.497731095914, -4.98215395976, -4.88198251804, -100.236299787
-0.499976588881, -4.01240601311, -4.88087524878, -2.93607047272e-05
-0.441821910459, -4.01281968091, -4.88310426511, -0.81962907838
-0.501488941624, -3.97942052837, -4.88171444927, -0.290932099665
-0.499450722853, -4.01338835579, -4.88026075981, -0.000275591356019
-0.499450790362, -4.01171095926, -4.88068804413, -0.000224772878516
-0.499591501305, -4.01243714614, -4.8809252974, -9.37950033944e-06
-0.587511995981, -4.02469631839, -4.92153578989, -2.56906294793
-0.499343220234, -4.01239461586, -4.88088171764, -4.17301701209e-05
-0.499555507263, -4.0087285061, -4.88071598454, -0.00381486755289
-0.499706886022, -4.01234358019, -4.88071637091, -2.45008389482e-05
-0.499409734984, -4.01914903405, -4.92253264936, -0.443503872071
-0.50766443127, -4.025835305, -4.8785808136, -0.0611428597211
-381.670725412, -332.798458236, 405.399501093, -2.72729680829e+17
-524.296774968, 751.261739258, 205.556018065, -7.73116983519e+18
692.602584412, -157.981169493, -510.095047098, -1.83034218755e+19
257.39030893, -781.230434094, -145.756242425, -6.6634858096e+18
82.4328575475, 15.9976599164, 138.422677605, -1.83128789301e+13
-498.469349897, -254.882760097, -312.319426608, -1.63923793142e+18
-80.725868139, -30.2804617044, 911.351194555, -1.47980072893e+19
-108.882903331, 878.572839883, 26.8024466434, -2.15122300351e+19
878.742205446, 326.266918932, -124.742953191, -1.40364411626e+19
340.451120915, -557.613424246, 476.078641397, -4.509304625e+18
-46.2025238332, -215.983935258, 446.42276959, -3.11183657056e+16
143.625769942, -312.115179862, 667.081350051, -6.46347960598e+17
309.627775466, -118.878930119, 580.92798787, -9.23475565974e+17
708.094934705, 210.78955776, 47.8286045239, -3.32622365362e+18
-565.195886247, -571.892403288, 152.358759489, -2.78447122481e+18
344.839779729, -475.825968992, 676.825707902, -5.11285991168e+18
888.815435549, -131.790450997, 387.954201322, -3.5579018175e+19
113.264649646, 455.090773191, 457.532611253, -2.03922501844e+17
-1074.39803304, 282.863912261, -302.581146171, -7.14802597792e+19
566.086436644, -304.615317919, 29.1647274737, -1.69639565567e+17
-476.182672356, -274.76863014, 92.6121225729, -1.62813938864e+17
14.3622889628, 200.728029396, -359.819915224, -5.46404110777e+15
-412.262103988, -113.482274003, 352.558440181, -2.69832038362e+17
-611.858455486, 453.911029723, 561.493364643, -2.88962275671e+19
493.411079359, -491.326856225, 876.456717681, -3.14019645246e+19
385.066418932, -645.822103273, 889.289779438, -4.14013476047e+19
680.097135855, -44.9925311205, -445.522997879, -8.37181933075e+18
421.395488139, -27.2506159238, -574.65516759, -4.54610129858e+18
284.940345411, -158.473861961, 67.8058707713, -1.31424621826e+15
-760.344308371, -227.168736045, -10.8972766178, -5.17099993212e+18
220.815559682, -11.2278163001, -94.4695626619, -3.10111204691e+14
-179.328942821, 275.104034206, 502.586654828, -8.43326328991e+17
-465.578579772, -32.0529606703, -64.5200528925, -8.91466876472e+16
90.7117844071, -328.441662277, -98.6541117909, -4.89637039265e+15
-4.75111863263, -391.673530614, 68.7422295282, -4.55875062417e+16
-199.496434229, -390.130106837, -256.942930554, -3.69285520801e+16
-35.101973691, 897.686456819, 49.102413777, -2.3491667559e+19
-158.106684866, -164.195231699, 381.705902872, -2.6557080521e+16
-48.2855098333, -387.409998838, -692.106326884, -2.6341362063e+18
-418.502651697, 843.578196791, 265.980860542, -1.27938258972e+19
433.236224848, 15.6157866305, -344.64625468, -4.1551318207e+17
-433.740383563, 580.558003049, 443.400340383, -5.52985779122e+18
467.535620415, -115.359410653, -361.629703629, -9.79619028397e+17
83.3161723571, -725.521921633, 809.580565497, -3.66052269796e+19
92.9508411903, -324.546015471, 38.7840331243, -1.03702436233e+16
-354.694034949, -989.751306779, -135.243178651, -4.38438792932e+19
-243.721656793, 191.303331933, -32.9947917486, -8.19431374962e+14
54.276009528, -52.6715721585, 392.86180505, -9.65349582121e+15
-781.33948792, 492.63659979, -465.870387719, -2.21639450173e+19
53.3344290244, 536.299676997, 899.014747404, -2.58389623308e+19
322.756482559, -162.791579043, -360.93362771, -3.18755835007e+17
-354.018582602, 1039.91864489, 630.268296459, -6.56711172402e+19
497.31780791, 370.12272457, -975.375618699, -7.06020751797e+19
-18.6416893044, -892.07042512, 483.701586403, -6.56648254407e+19
304.951967213, -309.874413636, 880.587545235, -8.47282590554e+18
-2.75107037582, -23.3631964482, 678.944802954, -1.09700469453e+18
723.932571947, -251.812722173, -108.185155837, -1.26237790538e+18
-408.900949678, 247.602078961, 52.1418482577, -1.80705287215e+16
744.998908236, 918.860646924, -171.715178523, -6.99309200002e+19
471.957649058, 181.561738746, 299.009707897, -9.11553431847e+17
-234.42804725, -20.6038962967, 318.435167404, -3.57002490156e+16
10.7000195729, 352.758230566, -472.895274283, -1.67819704337e+17
738.815172281, 1046.02382333, 813.279139897, -3.98277874242e+20
430.0715046, -277.370157763, 173.085607609, -8.58411069256e+16
-460.232561819, 533.062950316, 278.049432377, -1.41717021511e+18
551.062299747, -275.836452568, 299.759347736, -9.61928366258e+17
-371.75220726, -135.876057241, -76.1787186353, -3.35865454991e+16
515.063592455, -175.104843648, 17.6702485749, -6.92112731192e+16
857.441142333, -62.7807974664, 431.825617014, -3.86131536912e+19
482.507805751, 48.4034983976, 949.862399124, -5.08943029064e+19
276.248385612, 36.10167109, 193.458001591, -1.19088028627e+16
-267.772266434, 376.249347076, -322.75769552, -2.4689760654e+17
-941.751055266, 630.859392971, -990.408618136, -5.32242732317e+20
-949.309306071, 378.023345924, -135.989172568, -1.26112806289e+19
217.502009335, 110.358874499, 103.968723195, -1.31185320398e+15
-171.456158833, -499.399158845, 651.970375964, -2.49863176125e+18
-56.0730201549, 891.952323216, 363.714192919, -1.12103062873e+19
-120.388261223, 374.36324131, -368.073200305, -1.83556238825e+17
299.686832525, 292.834884228, -759.928672075, -5.83183695712e+18
-164.512012583, -192.245771838, -194.872220302, -2.26282468479e+15
556.464230781, 761.105581118, 215.088108934, -1.24412651981e+19
219.028332009, 450.393980152, -859.788365386, -8.49932992198e+18
-559.498457425, -694.087775488, -778.203506103, -7.15152233337e+19
-373.797602844, -823.022135909, 642.131553039, -4.79787326309e+19
198.861605258, 447.358813642, 827.145968771, -1.0644806153e+19
-715.868551628, 236.583238338, -868.324275507, -1.05639615667e+20
-96.4614681661, 433.16148938, -341.459107581, -3.81871734234e+17
434.507587547, 35.5831941584, -72.0363580667, -2.71253177782e+16
694.34165041, -228.716738812, 361.177238959, -5.88298356478e+18
784.88580586, 485.792726682, 393.497982656, -4.86711846489e+19
696.585104636, -447.25295184, -381.03060538, -1.25640338688e+19
-601.108556405, 842.612863926, 70.5936040966, -2.4558976968e+19
349.790323014, -377.04604293, -523.867763286, -4.08643538216e+18
1010.33248234, -653.601033434, -0.716717503711, -2.44504660045e+19
-540.981720683, 212.010971665, 504.606166412, -7.76258846076e+18
869.62582819, 323.090359872, -713.155949786, -8.10149746611e+19
-1005.85206698, 199.237309244, 798.352025318, -4.5407359375e+20
437.005593708, -20.0645142009, 912.174676656, -2.93247265977e+19
-110.309201865, 439.214237506, -627.474854909, -1.3729748094e+18
300.007058547, 251.696206644, 715.987833239, -4.58421779788e+18
-683.948068757, -29.4993577405, -268.808098711, -4.78151097284e+18
-741.051371752, -539.135313593, -270.915214809, -2.58537189033e+19
854.018355671, 423.651201506, 674.322543849, -1.98371513618e+20
-360.098392873, 334.166381522, 712.692676655, -2.02849738198e+19
-75.0784450575, -349.796182334, 15.3958526118, -1.40295082642e+16
-135.736529838, -326.636578903, -278.640497556, -1.001049038e+16
-469.219047748, 569.204406116, 821.522423023, -1.06156613396e+20
588.123990551, 746.159202401, -1064.70023371, -1.56736282926e+20
-795.813203276, -198.898135554, 16.85750286, -6.06416825516e+18
992.923218928, 94.0424512813, -21.2826003953, -2.47065810073e+19
-316.907603259, -365.996477637, 176.455431523, -6.19124308051e+16
-552.596373939, 238.303688154, 127.466947687, -2.22885579715e+17
-368.78618771, 412.538225854, 132.402861207, -1.12701031749e+17
40.2361136032, 957.295653869, -558.909060043, -1.26544374428e+20
900.254873138, -276.550711645, -452.923989701, -4.75005173663e+19
43.8018372404, -7.73130017913, 26.3434360382, -45198.6051485
217.370394203, -321.972023038, 627.007010797, -7.17644591627e+17
-46.2519869555, -93.6092601176, 236.836847138, -2.89642542919e+14
30.6188844361, 131.474233168, -688.742538943, -8.86695980963e+17
579.843369837, 282.738793573, -798.614858228, -3.56017449998e+19
-175.191727338, -832.296628196, 28.9018562213, -1.43185974934e+19
412.516445137, -39.2964109683, 124.868893492, -4.6664554461e+16
675.269806718, -782.111686014, 91.8310944544, -2.3020763865e+19
-314.954575263, -117.493878003, -207.725185958, -3.91557399566e+16
467.290134565, 169.687613455, 92.0261667964, -1.9884637775e+17
-71.75900056, 7.77916648904, -347.772229995, -3.51721582894e+15
-845.513618354, -479.690631657, -742.547979558, -2.6142646743e+20
-346.768144947, 397.523734162, 981.080222185, -1.40074266415e+20
-956.561881658, 169.811851276, -354.151589824, -4.671560887e+19
119.245724634, 277.115331646, -282.079182424, -1.25152723498e+16
358.135325333, -761.263691063, 216.805423666, -1.58655485221e+19
6.38983772986, -62.7755461193, -202.159069425, -1.04232454078e+14
-700.483858049, 316.072210723, 51.8409593673, -8.04032329936e+17
-229.453118237, -173.093115533, 372.325342734, -4.58689102178e+16
949.466479445, -349.476496152, -624.539398532, -1.82419530299e+20
-579.25282181, 766.098315689, 302.360678681, -1.17963795655e+19
838.619981705, -1018.0360332, 273.216080048, -2.42032629693e+20
852.738723826, 358.871158752, -507.744586888, -2.2136716454e+19
27.2902870809, 604.105088067, 924.390379707, -3.79176133121e+19
809.260279996, 445.793159311, -40.2587846238, -1.34633393175e+19
4.6320776345, 196.482057906, 403.725935294, -4.2483696962e+16
-444.778534845, 221.572949467, 622.459210436, -1.21216957198e+19
254.022910323, -217.835560749, 62.0188592392, -1.86775335704e+15
-834.102790084, 272.737890307, -531.814904967, -4.24244752676e+19
1016.42974777, 632.213450934, -799.312163352, -1.9687553525e+20
333.515059986, 203.914712436, -154.690232516, -9.66792999004e+15
-231.938295866, 57.3614097179, 735.385059858, -7.38744073197e+18
-77.6998165489, 57.186118273, 110.194143263, -1.47003364386e+13
90.3987180368, -161.834732857, -157.351974051, -2.95537111541e+14
-16.0982991072, 749.117342243, 250.285633233, -3.13713020453e+18
-113.779704416, 126.748466908, 255.859319102, -4.90465478082e+15
-562.008244734, 322.013292613, 756.729540869, -6.93379945825e+19
635.253382337, 326.339499862, -692.249567737, -2.06981725667e+19
-789.016108101, -164.339066078, 44.6290708378, -4.72336619364e+18
-396.264049777, 368.329103188, -968.548128581, -2.51628684552e+19
409.823487385, 577.948692149, -132.051449845, -1.43050689359e+18
431.798472817, 4.61195837481, 130.630455454, -7.95302357946e+16
-35.8444494841, -343.580801367, -284.694163291, -7.24205919591e+15
413.47478114, 261.22521187, -779.68676055, -1.36305609878e+19
561.375341356, -392.613905832, 44.9326782043, -3.11003618271e+17
266.288579311, -54.1986819135, 179.395303547, -5.81372238881e+15
364.450868197, 79.2964130701, 636.465287202, -3.16087072658e+18
588.513482444, 11.5799638931, -605.526924887, -1.49013063819e+19
104.219735909, 586.090485818, -390.348830728, -2.76533406494e+18
98.9636389284, -718.070155794, -143.868668678, -2.93870040879e+18
184.322792248, 680.020254147, -255.377317049, -5.36095221112e+18
-357.252923394, -388.71959516, -31.8760036732, -1.14731620374e+17
62.2823809115, 314.835164974, 20.2169860923, -5.15950526427e+15
-592.972231458, -66.4179580422, 276.621232959, -7.77073197829e+17
-229.460520369, -146.156739978, -280.389491643, -2.28020861072e+16
-8.57456751929, -271.271527552, 382.201241212, -2.29161246818e+16
-237.229140201, 451.008119906, 356.973230092, -3.87030915284e+17
-164.172160632, -619.481992346, -382.091024431, -5.34825153964e+17
139.365318376, 179.638518726, 446.914194646, -7.5871826642e+16
-22.7208038239, -1070.45800932, -501.802460406, -4.16418919801e+19
849.786835151, -541.808801649, 387.79669786, -2.4669656474e+19
-75.1305800457, -820.835661065, 10.8855308181, -1.23926887379e+19
-21.0068697075, -658.571423953, 282.225016229, -4.68129092808e+18
717.784294817, 898.613014536, -988.529783035, -2.46309333021e+20
-392.43825958, 128.911195337, -305.607055675, -1.80463582364e+17
521.247946075, -764.364542953, 355.974647113, -2.95054532649e+19
570.127248542, 731.651788213, 414.473545837, -1.90851185145e+19
86.2491669704, -162.960541542, -170.163661401, -4.00956648385e+14
-361.396504767, -756.015637101, -82.0162961237, -5.91675479884e+18
20.1785159288, 713.44782976, -88.2518548888, -5.20731987161e+18
-23.6226319129, 522.759278993, -903.864328751, -9.64066879516e+18
-295.917622839, 73.775154277, -25.6548284077, -1.06489000516e+15
-177.249458215, 369.178447226, -1047.04930855, -1.65681740669e+19
496.420874239, 292.690064035, -470.156062924, -1.37751597461e+18
141.010498608, -558.27716104, 332.698694068, -1.96767419361e+18
95.0952759165, 662.890779695, 663.961240737, -4.06362871433e+18
942.872672408, 188.475374573, -583.030977686, -6.66638375071e+19
-71.7179300959, -136.40058956, -104.497925213, -1.22266209934e+13
839.798558946, 304.134610469, -327.118796837, -9.66294374068e+18
-4.2154681452, 697.240388211, 12.5052928471, -3.32492565576e+18
578.375858417, 214.294071544, 293.036153412, -2.98215499546e+18
-4.26321359079, 61.665411709, 311.801534983, -3.68227334503e+15
-372.628010247, -36.95197779, 150.488488408, -1.3853523594e+16
135.608847669, 984.779079167, -282.005664564, -8.99637237617e+19
-411.914472852, 1104.81155768, 241.05030663, -1.08496961712e+20
