-0.499695290064, -4.01259706578, -4.8808968699, -1.28024377084e-11
-0.499695016925, -4.01259708988, -4.8808976616, -1.5582204845e-10
-0.499696171588, -4.01260047671, -4.88089687765, -3.21899818504e-09
-0.499694931508, -4.0125968729, -4.88088777082, -2.09888724578e-08
-0.499687074088, -4.01263248645, -4.8808964765, -3.33201940915e-07
-0.500220962273, -4.01307096636, -4.88089495572, -0.000126542072873
-0.499685322, -4.01259646777, -4.88228120845, -0.000484284791098
-0.505085850248, -4.02080535517, -4.88365760623, -0.0262605979828
-0.514290626088, -4.01929407365, -4.87830937915, -0.0666925478969
-0.520639276279, -4.03635532925, -4.87505823162, -0.256514721009
-0.522667438548, -4.05201453544, -4.91188245037, -0.768189924459
-0.497954909399, -4.01393695307, -4.9508360679, -1.26319812046
-0.498195342287, -4.01649784665, -4.95296941291, -1.34846117032
-0.485484010727, -4.01101779304, -4.99427788683, -3.66227507336
-0.514926923177, -4.01443429597, -4.99521211839, -3.83676110048
-0.488110216153, -4.01480127425, -4.99810538262, -3.91678969079
-0.489023474701, -4.01463597513, -4.99900416138, -3.98811833375
-0.488205687847, -4.01827068657, -4.99898302183, -3.99605942049
-0.487602604325, -4.01593654155, -4.99900989794, -3.99676045394
-0.488808632035, -4.01638118628, -4.99937831503, -4.02857384776
0.0286396464149, 0.733305252039, -4.97522907724, -1456.37708603
-0.275960180836, -1.39524156965, -4.99840097558, -810.700212776
-0.392575245826, -4.94690920326, -4.87912216002, -104.164529523
1.21988966997, -0.792884928475, -4.97685038311, -1172.14083314
0.530260084352, -4.99445407012, -4.80322284756, -126.298472222
-1.43189898001, 3.54777792275, -4.84589391196, -3.21622503317
-1.43167127746, 3.54777636643, -4.84563614811, -3.20001206576
-1.39737852074, 3.23208304991, -4.86033363258, -115.38977387
-2.22448706107, -3.155457678, -4.86716237226, -305.539852935
-0.877475489195, 0.820638213767, -4.85481313589, -796.217754808
3.0725414914, -3.80445834894, -4.82423402978, -643.952732311
-0.953658293972, -4.30243047276, -4.84852972841, -64.0590729757
0.173787745327, -1.66043277802, -4.84809949704, -791.932523972
-0.49910177033, -4.01218613089, -4.85518024534, -0.166308811072
-0.792391918557, 4.92512006741, -4.85332008441, -242.172195783
-1.48174233853, -1.80270062512, -4.84758833381, -488.887298067
-1.089745597, 3.73513501038, -4.86162077984, -81.6611347657
-0.499479908352, -2.47525726577, 0.286995513605, -2264.9106243
-1.40505988525, -3.13245662367, 1.7030241945, -2592.44301968
-0.37054260628, -4.9996480697, -2.19995365712, -534.977446347
-3.58746744212, -4.11727449838, -1.01165481461, -1542.03501525
-0.990781860221, -4.96102211917, -1.18606294217, -1733.96940606
-3.39507506742, -3.31727576006, 2.34683608107, -4.05776420408e-06
-3.42996839856, -0.326658936141, -1.63379416446, -1002.77651302
-3.39503288744, -3.31737361494, 2.34683434352, -1.81122293589e-05
-3.39485216357, -3.31730624422, 2.34669577949, -0.000146563634833
-0.369043108394, -4.99893652134, 1.53421637085, -1920.3632512
-2.43549001447, -3.89026466506, -4.99903304792, -265.071882024
-4.93325136408, -3.36343386227, 2.27483558049, -1951.07844118
-3.56703555063, -4.8840497888, -0.897075665671, -999.428372311
-3.10977040031, -2.6728894553, -4.95867401246, -547.459076399
-0.499695088375, -4.01259709912, -4.88089685869, -3.36909220516e-13
-0.859968724889, -3.3341189125, -4.87026485202, -129.20842426
-0.499694908237, -4.01260125726, -4.88089692248, -4.4094904619e-09
-0.681354730216, 4.87131959523, -4.90023116099, -231.285259448
-0.499695097222, -4.01259706894, -4.88089687268, -3.36908675084e-13
-0.499695071481, -4.01259709795, -4.88089687433, 0.0
-0.499674319608, -4.01259477418, -4.8809333022, -4.45650076622e-07
-0.843418686095, 1.2748629003, -4.96451185701, -771.554204791
-0.499741494471, -4.01259704735, -4.88079810129, -3.0110473863e-06
-0.499694975049, -4.01259716371, -4.88089648919, -4.17765315713e-11
-0.499718950369, -4.01259060508, -4.88134675328, -5.1340079695e-05
-0.4996950708, -4.01259711305, -4.8808968746, -1.68454531292e-13
-0.499695170709, -4.01259708524, -4.880896751, -6.9065974432e-12
-0.499695075928, -4.01259707551, -4.88089688745, 0.0
-0.49969508564, -4.01259707082, -4.88089688159, -1.68454733339e-13
-0.499695066536, -4.01259748017, -4.88089704513, -4.66622973396e-11
-0.499694737175, -4.01259707567, -4.88089689436, -2.72892222187e-11
-0.499695215819, -4.01259695847, -4.88089724804, -4.44716158521e-11
-1.76900688397, 0.342315595329, -4.89050546237, -594.765701088
-0.499695076244, -4.01259706288, -4.88089687076, -1.68454003029e-13
-0.499695068933, -4.01259707495, -4.88089688178, 0.0
-0.499695060141, -4.0125977709, -4.88089688463, -1.19098603796e-10
-0.499795693969, -4.02416247753, -4.87716791393, -0.036952822895
-0.499695062972, -4.01259672262, -4.88089679536, -3.4869621047e-11
-0.499695072705, -4.01259708785, -4.8808968873, 0.0
-0.499695068843, -4.01259707781, -4.88089688104, 0.0
-0.499695055928, -4.01259696169, -4.88089988837, -2.29585734871e-09
-0.499695230314, -4.01259647226, -4.88089704105, -1.08481223025e-10
-0.499695068872, -4.01259707781, -4.88089688104, 0.0
-0.499694960495, -4.01259708166, -4.88089688155, -2.86369670808e-12
-0.499695068872, -4.01259707781, -4.88089688104, 0.0
-0.499695068933, -4.01259707741, -4.88089687318, 0.0
-0.499695071092, -4.01259709394, -4.88089687334, 0.0
-0.499695172636, -4.01259628209, -4.88089687695, -1.65922657942e-10
-0.499730843436, -4.01259994665, -4.88090281711, -3.34704143402e-07
-0.499702411176, -4.01255991955, -4.88089912703, -3.64182091513e-07
-0.499696514375, -4.01259709773, -4.88089686028, -5.31146017918e-10
-0.49969578326, -4.01259706236, -4.88089689467, -1.30552295903e-10
-0.499695199874, -4.01259707411, -4.88089687113, -4.54827743227e-12
-0.499695075704, -4.01259712639, -4.88089688683, -5.05363792041e-13
-0.499695001576, -4.01259680302, -4.88089686714, -2.10564546257e-11
-0.499695068676, -4.01259711245, -4.88089691996, -6.73819609308e-13
-0.499695079645, -4.01259711748, -4.88089687939, -3.36909034259e-13
-0.499695067487, -4.01259707458, -4.88089684941, -1.68454015855e-13
-0.499695048713, -4.01261846886, -4.88089688719, -1.15651472748e-07
-0.499695079564, -4.01259708636, -4.88089687857, 0.0
-0.499695054273, -4.01259693042, -4.88089689694, -6.23276362083e-12
-0.499695017997, -4.01259708837, -4.88089688107, -5.05362777897e-13
-0.499695068886, -4.01259814788, -4.88089665595, -2.9833745529e-10
-0.499695065304, -4.01259698723, -4.88089686847, -2.35834512429e-12
-0.499695078165, -4.01259710717, -4.88089690082, -3.3691019807e-13
-0.499695063974, -4.01259714691, -4.88089687568, -1.0107278059e-12
-0.50043904773, -4.01259725142, -4.88089689571, -0.00013980934125
-0.499695097298, -4.01259709635, -4.88089685607, -3.3690898787e-13
-0.499695064606, -4.01259706158, -4.88089689646, -1.68454259395e-13
-0.499695064613, -4.01259712177, -4.88089690647, -5.05364265833e-13
-0.49969506443, -4.01259708193, -4.88089685621, -1.68454065883e-13
-0.4996950614, -4.01259705712, -4.88089690039, -3.36908710527e-13
-0.499695064384, -4.01259715853, -4.88089688045, -1.34763826057e-12
-0.49969506482, -4.01259708247, -4.88089689839, -1.68454961949e-13
-0.499695387447, -4.01259708327, -4.88089693866, -2.71210764118e-11
-0.499695083823, -4.01259724181, -4.88089689695, -6.40131301927e-12
-0.499687709861, -4.01259701395, -4.88089690298, -1.36835703442e-08
-0.499695064843, -4.01259710524, -4.88089688688, -1.68454771659e-13
-0.49969504774, -4.01259713502, -4.88089571317, -3.43815671824e-10
-0.499695064789, -4.01259709327, -4.8808968848, 0.0
-0.499695064789, -4.01259709327, -4.8808968848, 0.0
-0.499695063872, -4.01259709441, -4.88089688411, 0.0
-0.499695064794, -4.01259709629, -4.8808968848, 0.0
-0.499695064789, -4.01259709327, -4.8808968848, 0.0
-0.49969507015, -4.01259705641, -4.88089686706, -1.68453748873e-13
-0.49969425597, -4.01259706125, -4.88089692315, -1.66261068536e-10
-0.499695097596, -4.01143076308, -4.88089725194, -0.000344615606029
-0.4996949973, -4.01235321638, -4.88089693172, -1.5026672582e-05
-0.499695954628, -4.0125971031, -4.88094209524, -5.17136949678e-07
-0.49973279712, -4.01259707012, -4.88089686422, -3.60004376831e-07
-0.499695046761, -4.01259708016, -4.88089686979, -1.68454098419e-13
-0.499695028312, -4.01259711037, -4.88089687393, -5.05363815148e-13
-0.499694911402, -4.01259708563, -4.88089578584, -3.07596195995e-10
-0.499695073693, -4.01259706082, -4.88089687884, -1.6845408682e-13
-0.499695061434, -4.01259709813, -4.88089686672, 0.0
-0.499695067982, -4.01259708557, -4.88089687702, 0.0
-0.499695064083, -4.01259685433, -4.88089688247, -1.34761688163e-11
-0.499695381819, -4.01265004392, -4.88089687538, -7.09430237553e-07
-0.499695076706, -4.01259704428, -4.88089688302, -5.05362287777e-13
-0.49969506492, -4.01259709757, -4.8808968814, 0.0
-0.499695061608, -4.01259709506, -4.88089687315, 0.0
-0.499695140619, -4.01259708846, -4.88089688086, -1.51609421416e-12
-0.499695069732, -4.01259698528, -4.88089690105, -2.69525060763e-12
-0.499684817959, -4.01260470415, -4.8809244656, -2.33698615855e-07
-0.499695080456, -4.01259704843, -4.88089687606, -3.36908263625e-13
-0.499695090928, -4.01259684321, -4.88089697545, -1.73504855062e-11
-0.499695040077, -4.01259713245, -4.88089683019, -1.34763189827e-12
-0.499695059979, -4.01259709183, -4.88089689553, -1.68455084105e-13
-0.499694985513, -4.0125970862, -4.88089687324, -1.68453554207e-12
-0.49969507634, -4.01259707844, -4.88089688381, 0.0
-0.499695060596, -4.01259708769, -4.88089682054, -8.42268038242e-13
-0.499695061152, -4.01259709267, -4.88089688071, 0.0
-0.499695053327, -4.01259706806, -4.88089688377, -1.68454216337e-13
-0.49969503254, -4.0125970878, -4.88089687328, -3.36908768252e-13
-0.499695047107, -4.01259711178, -4.88089686841, -3.36909137699e-13
-0.499695061747, -4.01259709155, -4.88089686614, 0.0
-0.49969506185, -4.01259708637, -4.88089688818, 0.0
-0.499695060992, -4.0125970984, -4.88089686673, 0.0
-0.499695137315, -4.01259694765, -4.8808969364, -6.90655776178e-12
-0.49969501047, -4.01259710362, -4.88089691118, -1.17917965468e-12
-0.499695054295, -4.01259745463, -4.88089686384, -3.47018157809e-11
-0.499695061782, -4.01259708637, -4.8808968882, 0.0
-0.499695060268, -4.01259709709, -4.88089687056, 0.0
-0.499695066573, -4.01259707338, -4.88089688343, 0.0
-0.499695069708, -4.01259709051, -4.88089686307, 0.0
-0.499695013098, -4.01259704481, -4.88089682281, -1.85297929445e-12
-0.499694995077, -4.01259709913, -4.88089686711, -1.34763186377e-12
-0.499695060485, -4.01259709709, -4.88089687056, 0.0
-0.499695064867, -4.0125970734, -4.88089688423, 0.0
-0.499695178175, -4.0125971114, -4.88089745611, -8.79339966705e-11
-0.499695055961, -4.01259705232, -4.88089690426, -5.0536322622e-13
-0.499695110901, -4.01260433751, -4.88091038483, -5.9443957966e-08
-0.499695060485, -4.01259709709, -4.88089687056, 0.0
-0.499695065252, -4.01259707341, -4.88089688414, 0.0
-0.499695072552, -4.01259709477, -4.88089686756, 0.0
-0.499695068609, -4.0125970539, -4.88089689353, -3.36908531983e-13
-0.499695051408, -4.0125970927, -4.88089687343, 0.0
-0.499695057078, -4.0125969672, -4.88089688005, -3.5375159791e-12
-0.499695065251, -4.0125970734, -4.88089688415, 0.0
-0.49969507197, -4.01259709062, -4.88089684986, -1.68454208363e-13
-0.499695103304, -4.01259706356, -4.88089688228, -5.05363943598e-13
-0.499695039199, -4.01259708568, -4.88089696442, -2.02145028483e-12
-0.499695065251, -4.0125970734, -4.88089688415, 0.0
-0.49969506839, -4.01259700097, -4.88089686303, -1.85298502942e-12
-0.499695067465, -4.01259707116, -4.88089687568, 0.0
-0.499695051469, -4.01259708849, -4.8808968753, 0.0
-0.49969506186, -4.01259708252, -4.88089687059, 0.0
-0.499695037031, -4.01259704582, -4.88089674246, -5.2220258488e-12
-0.499695064179, -4.01259711499, -4.8808969517, -1.6845464534e-12
-0.499695025883, -4.01259637258, -4.88089688385, -1.28695382868e-10
-0.499695410055, -4.01259710581, -4.88089687807, -3.015328252e-11
-0.49969504858, -4.0125970772, -4.88089710607, -1.33077623797e-11
-0.499695071562, -4.01259708654, -4.88089691132, -3.36910708301e-13
-0.499695073167, -4.01259700996, -4.88089688396, -1.51608096476e-12
-0.499695075827, -4.01259708617, -4.88089394911, -2.16935184413e-09
-0.49969507371, -4.01259707787, -4.88089687108, 0.0
-0.499695072126, -4.01259707697, -4.88089688807, 0.0
-0.499695072151, -4.01259707112, -4.8808968927, -1.68454694076e-13
-0.499695080197, -4.01259707214, -4.88089664054, -1.43184518304e-11
-0.49969507204, -4.01259707332, -4.88089688474, 0.0
-0.499695081441, -4.01259708489, -4.88089679853, -1.68453489412e-12
-0.499695072148, -4.01259707685, -4.88089689286, 0.0
-0.499695072147, -4.01259707688, -4.88089689269, 0.0
-1648.84374692, -1435.63886144, 1760.51264802, -3.38306882207e+22
-2276.69850715, 3264.9128597, 893.387327162, -9.6665906624e+23
3011.89724382, -675.772319057, -2223.24292149, -2.32167443711e+24
1124.38189894, -3393.22510959, -644.414250953, -8.54723063926e+23
351.716528863, 81.7797938522, 590.694194931, -1.99416285986e+18
-2161.52109118, -1108.99271239, -1361.52359159, -2.06451957392e+23
-336.592250807, -133.823156739, 3963.78637681, -1.79440343018e+24
-469.428823821, 3824.98270484, 100.824997176, -2.76243841765e+24
3820.42080927, 1423.62055144, -543.318878249, -1.79794320488e+24
1472.77008769, -2426.25772314, 2079.89186903, -5.95783066706e+23
-198.689368682, -952.242816631, 1949.24574038, -3.83773649815e+21
612.752951615, -1353.58884627, 2906.96482169, -8.09959175968e+22
1358.4249087, -527.337361306, 2532.81559713, -1.21691401223e+23
3076.64090605, 903.147790596, 196.815996117, -4.16372835698e+23
-2464.07392035, -2481.1775838, 674.354013389, -3.54869982195e+23
1501.21463718, -2076.51236221, 2945.36287513, -6.76054729873e+23
3867.68778653, -561.206105308, 1691.97342008, -4.62103547594e+24
480.417523475, 1978.89744344, 1995.43564957, -2.51239965296e+22
-4671.91188339, 1222.26481332, -1306.84524283, -9.05907562646e+24
2462.09318755, -1318.01953826, 141.715853133, -2.19525321341e+22
-2066.96094037, -1194.23400577, 395.511685037, -2.06125103345e+22
51.4902479987, 880.030901296, -1555.74832626, -7.0782485438e+20
-1803.65558079, -504.827407108, 1536.04199518, -3.57803452735e+22
-2661.85650914, 1983.98053434, 2434.64007702, -3.6963731922e+24
2155.45985531, -2128.31299342, 3809.3797396, -4.0639562488e+24
1675.29841635, -2814.96799501, 3869.34686317, -5.43816028775e+24
2959.71341468, -203.330171565, -1928.15142653, -1.04423384463e+24
1825.02131476, -130.20406999, -2498.72625948, -5.79058439647e+23
1239.11408457, -680.773664819, 300.859510713, -1.74971352202e+20
-3301.91559085, -975.061444107, -37.1001486053, -6.41460512738e+23
962.89001021, -38.2768154749, -418.530808059, -3.87703238176e+19
-791.017993736, 1208.33666281, 2178.67052415, -1.0566268031e+23
-2030.99958034, -133.364827494, -282.460691752, -1.1570209354e+22
408.175661752, -1426.64667583, -418.756981709, -6.56162107826e+20
-26.1575154917, -1713.51511507, 294.7984823, -6.20326978323e+21
-859.622820978, -1686.46507564, -1126.8617329, -4.54041147937e+21
-147.497711183, 3901.52082212, 206.823887427, -2.96706980789e+24
-686.940133696, -717.83816377, 1670.64781906, -3.35882891062e+21
-225.39526448, -1682.89296487, -3004.99824273, -3.44784831547e+23
-1824.35173901, 3668.62926398, 1160.01495568, -1.61274561262e+24
1884.48256804, 67.3520644888, -1487.27734701, -5.07042729738e+22
-1887.27742127, 2523.75743457, 1922.23018199, -7.02329124704e+23
2026.16475442, -506.481877718, -1566.82804837, -1.20279487894e+23
348.979734836, -3161.27036836, 3518.27110612, -4.78292072646e+24
414.742821915, -1409.11104156, 156.483224077, -1.34810987672e+21
-1540.5950487, -4304.18958744, -579.462523527, -5.64176670738e+24
-1061.49605325, 841.383068991, -128.872229832, -9.95497748046e+19
241.271075653, -232.710863557, 1704.60919629, -1.07687492814e+21
-3402.37683314, 2139.58412348, -2027.64856096, -2.82811807984e+24
224.249639323, 2334.42755523, 3910.10026364, -3.20735639439e+24
1392.10822556, -713.904369031, -1567.86449528, -3.94741893609e+22
-1533.02668234, 4523.30012635, 2741.52951781, -8.30501966364e+24
2155.5373287, 1603.11529312, -4240.66061831, -9.06861099606e+24
-65.5504902619, -3877.73856935, 2094.4438926, -8.44015924564e+24
1334.78410593, -1351.07386065, 3830.72033806, -1.08556817186e+24
-0.0952617333491, -96.5991980676, 2959.31197349, -1.33047459343e+23
3148.96595835, -1103.25003555, -481.740927121, -1.60806420801e+23
-1770.71153881, 1069.66955603, 221.189708211, -2.24493206741e+21
3244.64576488, 3997.70276289, -756.716716586, -9.01161526535e+24
2043.52667233, 788.306348213, 1303.43350692, -1.14962957066e+23
-1014.24321898, -98.5285142106, 1384.27442423, -4.40506206882e+21
37.0854836479, 1528.50316071, -2055.69531773, -2.07114046906e+22
3219.17480845, 4548.93950568, 3540.57292957, -5.16054684301e+25
1874.40018162, -1204.49358799, 756.529137434, -1.14466070152e+22
-1996.67952106, 2319.54515217, 1216.1208523, -1.8367057443e+23
2397.83799085, -1195.02896662, 1311.31059325, -1.26049850239e+23
-1607.09214287, -585.718424093, -343.973559492, -4.16181518632e+21
2240.31255917, -771.652549375, 61.3706596102, -8.66608245901e+21
3728.41266111, -266.456782676, 1885.90239525, -4.99991416969e+24
2093.26493821, 201.598806246, 4130.85194374, -6.41313255279e+24
1202.03375502, 145.521161123, 838.841668429, -1.50984271797e+21
-1171.04904827, 1628.94742195, -1404.25326635, -2.98868847955e+22
-4097.88511621, 2749.4201566, -4306.5203397, -6.80259162323e+25
-4128.73262448, 1648.76807744, -603.237991325, -1.62770968237e+24
933.491053484, 471.519283199, 441.419433189, -1.50568212284e+20
-748.099719251, -2164.44904457, 2829.03970639, -3.12093490857e+23
-258.28985427, 3880.50327573, 1579.77473095, -1.42652968881e+24
-517.9608586, 1630.87084412, -1589.96222329, -2.25509236347e+22
1298.55038623, 1261.80709034, -3300.47678937, -7.54595510693e+23
-711.022455198, -823.828024138, -856.191477116, -2.84194613543e+20
2425.79883314, 3309.2137419, 922.333119934, -1.60509552039e+24
940.013882598, 1952.45954097, -3738.76677888, -1.09891874607e+24
-2425.82425653, -3019.13656975, -3380.35190395, -9.01180843253e+24
-1624.29427738, -3577.9513355, 2787.54204692, -6.13912080643e+24
854.258142491, 1955.78973837, 3594.69444106, -1.31029672343e+24
-3111.53342976, 1016.21281578, -3778.6745286, -1.35515415217e+25
-410.675949886, 1886.3941541, -1479.76729571, -4.74381403734e+22
1898.04113022, 147.778447185, -326.964442986, -3.5321696724e+21
3015.00810542, -1000.89620339, 1564.0844505, -7.39575611586e+23
3409.13550871, 2105.22149234, 1704.93662272, -6.15827402815e+24
3031.86070736, -1939.64640847, -1660.97590632, -1.59351977581e+24
-2613.77501418, 3663.0738469, 294.283927778, -3.08625153776e+24
1511.02409995, -1650.45085192, -2275.15222397, -5.15783200732e+23
4394.75135771, -2846.6702149, -17.8852244095, -3.16197343625e+24
-2359.77783197, 932.776555708, 2192.53979218, -1.01139065837e+24
3781.81637799, 1400.65686159, -3104.92803648, -1.03457409678e+25
-4375.38568441, 857.788753614, 3469.85875573, -5.82311839858e+25
1891.40123091, -88.5757762171, 3969.96259577, -3.68877012024e+24
-473.202775389, 1903.3859608, -2730.38460073, -1.69025864706e+23
1306.18875357, 1096.10818801, 3117.42100747, -5.82192207507e+23
-2970.7130378, -137.8480426, -1158.28164159, -5.99196983337e+23
-3228.01277265, -2352.64993652, -1176.02180389, -3.33041560963e+24
3717.95425544, 1841.16603785, 2933.52968368, -2.55844402189e+25
-1576.23256702, 1456.75725117, 3094.83238104, -2.57889851786e+24
-331.145515128, -1515.06037077, 60.0817231864, -1.74909437331e+21
-593.809605088, -1432.54657642, -1214.23468258, -1.35236627565e+21
-2046.69888037, 2473.88126167, 3577.21988379, -1.36601960933e+25
2559.13098334, 3242.5250286, -4630.28002308, -2.01430746023e+25
-3458.95284255, -860.754664384, 68.7937908558, -7.7101980106e+23
4317.17242101, 423.144035217, -91.0142570626, -3.18424149313e+24
-1368.79984433, -1581.98131656, 758.50321284, -7.53499313488e+21
-2399.94802451, 1041.33611792, 550.996191441, -2.90542034679e+22
-1605.84485316, 1795.27601633, 573.707007421, -1.43305700731e+22
171.840675173, 4161.29837544, -2427.73708068, -1.59665550715e+25
3914.09036518, -1195.41097342, -1976.62273132, -6.02505822233e+24
184.659742261, -30.1685941783, 104.379665228, -2.06551344107e+14
935.027411188, -1405.06124727, 2721.72989006, -9.03950716739e+22
-200.020070466, -398.014311705, 1018.38154328, -2.9281476711e+19
145.64866009, 563.061614736, -2996.65874727, -1.23283741758e+23
2527.17105045, 1223.10948595, -3468.39030577, -4.57068223443e+24
-769.987558801, -3615.36067189, 110.544236677, -1.81306520766e+24
1795.54539072, -168.512705037, 556.995783371, -6.25442629114e+21
2939.47938198, -3398.36663676, 405.924568723, -3.01342496252e+24
-1373.09572413, -512.396896179, -900.795637266, -5.01732484109e+21
2041.1581804, 733.819515499, 402.892147064, -2.64128793683e+22
-318.261222674, 35.7005594358, -1501.57657542, -4.71279691209e+20
-3673.22404282, -2092.24283278, -3231.02786871, -3.33226393637e+25
-1507.01411451, 1737.11111182, 4264.85638508, -1.76544883837e+25
-4161.61474614, 747.237473554, -1539.46695428, -5.95915030608e+24
511.616937962, 1204.20773705, -1222.41703106, -1.55588536884e+21
1546.25831988, -3311.81328496, 940.938502996, -2.06827202113e+24
20.4150887182, -275.523366236, -876.834190692, -1.47827045137e+19
-3040.36816632, 1368.63722117, 233.408082106, -1.03277301707e+23
-993.635081523, -739.371398032, 1610.84543999, -5.54830408236e+21
4128.44988191, -1509.39966013, -2719.91287214, -2.31240056726e+25
-2519.696931, 3329.82327548, 1314.43388488, -1.49857998064e+24
3645.01104619, -4428.90459775, 1186.85214013, -3.15539521744e+25
3709.35458648, 1559.84733912, -2202.67062446, -2.78492499514e+24
114.288857671, 2631.19373235, 4020.49162794, -4.71684635032e+24
3515.6586325, 1943.44329213, -161.171759135, -1.73633145042e+24
11.0659418423, 847.985572928, 1752.92435428, -4.98109290242e+21
-1936.83660013, 976.45727655, 2706.60617572, -1.55844174298e+24
1111.70871705, -954.385336851, 264.593070225, -2.67447582533e+20
-3628.10349788, 1186.97061696, -2312.76714274, -5.42364557314e+24
4420.15717301, 2747.64547451, -3476.370283, -2.50268224194e+25
1451.14459667, 892.583285601, -672.249348847, -1.23150361455e+21
-1019.832345, 234.284654697, 3198.03776412, -9.25112079745e+23
-345.119269427, 238.342567285, 483.588216019, -1.90851926724e+18
391.141080226, -717.337047667, -687.770957866, -3.95971212326e+19
-54.0198524967, 3257.85521669, 1078.60903966, -3.984190829e+23
-499.678168478, 544.145547445, 1111.27961034, -5.987464845e+20
-2450.27454964, 1399.84017189, 3287.86437641, -8.86842427374e+24
2762.86589305, 1414.53933815, -3008.02331298, -2.63349208256e+24
-3427.9307464, -719.976750703, 203.164996315, -5.97889722488e+23
-1717.2539297, 1600.36395647, -4214.88384648, -3.21821519417e+24
1772.15799186, 2516.66901091, -588.07535467, -1.84191459429e+23
1886.3448167, 11.4078073509, 572.359276712, -1.05753868331e+22
-168.369273028, -1490.3400204, -1230.60978715, -9.41056793066e+20
1802.20376534, 1131.07265828, -3390.72734711, -1.77622348919e+24
2448.22832707, -1713.02404502, 195.45720214, -4.1784063839e+22
1151.88692087, -246.417740947, 770.687899868, -6.95982568276e+20
1581.16534133, 340.621733127, 2768.15800807, -3.98543271581e+23
2563.19557817, 36.9413169958, -2628.56628247, -1.90083919585e+24
450.599715123, 2550.68645781, -1689.70912007, -3.49081021135e+23
432.15381365, -3119.58744277, -637.873310022, -3.75354921144e+23
796.939617065, 2952.58232348, -1112.03136932, -6.72428598897e+23
-1553.56698988, -1700.45976104, -133.601124134, -1.48432005326e+22
260.215520744, 1366.09609456, 77.9001966606, -6.4382081932e+20
-2586.58347312, -302.742326277, 1198.41358921, -1.01994082015e+23
-1001.75605455, -640.054093775, -1223.33354301, -3.0019736869e+21
-34.07465577, -1177.2005165, 1668.94589872, -2.96062263474e+21
-1033.16345725, 1970.55040531, 1560.48267038, -5.07769977233e+22
-708.680753839, -2690.44081755, -1656.3437772, -6.79487137518e+22
601.683503475, 776.710896077, 1936.98424275, -8.92871361162e+21
-106.758254907, -4655.89424488, -2187.12378318, -5.3650538095e+24
3694.67681058, -2360.65452813, 1695.78730784, -3.22908734586e+24
-333.2890965, -3570.2186588, 60.2095956109, -1.61199126764e+24
-101.797961351, -2867.13628403, 1226.89570432, -6.10765818502e+23
3124.1402531, 3911.82089922, -4301.40179072, -3.16909754838e+25
-1699.28201843, 564.840551118, -1328.19047703, -2.24509928471e+22
2260.4194244, -3321.49350316, 1539.37500752, -3.81101781081e+24
2479.74956597, 3177.51948795, 1796.88348917, -2.43982558512e+24
368.097321015, -713.608744583, -730.469363676, -4.76740769639e+19
-1579.68363231, -3288.32597315, -369.881681231, -7.57381672093e+23
95.6318357134, 3107.6548914, -393.816320191, -6.69645883113e+23
-95.6706212268, 2273.06149422, -3934.59547898, -1.24482904497e+24
-1292.9630719, 307.523172314, -120.024055567, -1.47156562979e+20
-760.761006219, 1615.26368136, -4553.59895698, -2.17628162732e+24
2157.7763201, 1284.48376147, -2041.98444538, -1.72529812547e+23
606.399924119, -2436.12277111, 1443.35188298, -2.62273072271e+23
421.990915191, 2879.55407174, 2885.36729991, -4.95119225025e+23
4099.26424, 818.059689631, -2542.75455526, -8.50200941474e+24
-297.582343934, -586.980651503, -448.850423059, -1.27513353847e+18
3650.22972162, 1331.66192848, -1431.09336304, -1.22821529688e+24
-11.4456355341, 3036.223831, 52.168741705, -4.24515755716e+23
2513.18969137, 936.027154644, 1275.52678608, -3.83097887888e+23
-6.92421621474, 261.242859737, 1365.01956203, -4.23657942241e+20
-1626.98243245, -155.119285618, 665.067418243, -1.94230604474e+21
600.078831426, 4285.12133265, -1232.14710636, -1.14924318116e+25
-1789.49441605, 4805.25277877, 1057.03110616, -1.36569601645e+25
