-0.499695290063, -4.01259706578, -4.8808968699, -1.28024376709e-11
-0.499695016925, -4.01259708988, -4.8808976616, -1.5582204845e-10
-0.499694849421, -4.01258981279, -4.88092527134, -2.17226680055e-07
-0.499694400099, -4.01259442486, -4.8808883572, -2.02603088137e-08
-0.499695064549, -4.01259633572, -4.88089571818, -4.82113416042e-10
-0.499690242097, -4.012591047, -4.88090230604, -2.25522051738e-08
-0.499693920574, -4.01255600418, -4.88089689866, -4.27045007778e-07
-0.49996663431, -4.01261160236, -4.88069298019, -2.92125921014e-05
-0.499741702287, -4.012615092, -4.87604212989, -0.0059699806824
-0.499452727944, -4.01274250659, -4.88086580765, -2.04261029495e-05
-0.499695536078, -4.01263876572, -4.88090788467, -4.70142362229e-07
-0.499267968832, -4.01263034676, -4.88086401301, -4.66959779558e-05
-0.499746371458, -4.01255194923, -4.88086856354, -1.3832175551e-06
-0.499781811971, -4.01240495189, -4.88045757475, -5.99948948665e-05
-0.500194378082, -4.01241430778, -4.8808904964, -7.14444821568e-05
-0.499715165099, -4.01252749902, -4.88094878078, -2.00710834681e-06
-0.499816441347, -4.01444042362, -4.88204094829, -0.00118941874951
-0.499551811606, -4.01249752846, -4.88099938392, -1.03488178475e-05
-0.499479869206, -3.98410225179, -4.88108328382, -0.213383989224
-0.499525070763, -4.01473668861, -4.88074695758, -0.00116779702823
-0.500370068034, -4.01059076936, -4.88117263902, -0.00115630889347
-0.49943834879, -4.00875060036, -4.87943706651, -0.00431060573885
-0.498886944535, -4.0036001009, -4.8833732323, -0.0223201000272
-0.510343947065, -4.01125372482, -4.92614120447, -0.554457173367
-2.7999653739, -3.00765616821, -4.99920756505, -428.221737852
0.267047284723, 4.97847285424, -4.86609357834, -411.987069986
-1.00483195138, 2.18609772201, -4.85037427449, -512.917281098
0.618092355287, 1.98336097862, -4.84587725995, -739.385483983
-0.588797081934, 4.90022690038, -4.92721233662, -284.683250691
-0.987262902192, 1.77616773419, -4.85578528418, -529.642065576
-0.499765417213, -4.01315306304, -4.88112460359, -9.2378466961e-05
1.07264199671, -3.15645547124, -4.88248861285, -337.978883749
0.147971547616, -4.99910066734, -4.80643857904, -107.529407811
-0.501027537086, -4.01930351839, -4.88025036121, -0.0118871273886
4.4663531628, 2.41300846969, -4.88470895519, -1611.01724227
-0.502591715291, -4.01049202266, -4.88127244417, -0.00329474905118
-0.525684685311, -4.01293969592, -4.87988912777, -0.172273225541
-1.88084213261, -1.81409642975, -4.99900009428, -496.486069754
-2.36936653476, -3.36550743888, -4.96139589769, -291.247789336
-3.32280636202, -4.93206878073, -1.12608097274, -1234.16486265
-4.99933306226, -3.3599782639, -3.36584226886, -1567.4420182
-1.31504558432, 0.867084309419, -1.38836932036, -641.241214537
-3.39507506742, -3.31727576006, 2.34683608107, -4.05776420408e-06
-3.39357348228, -2.61653610816, 1.36229970483, -1529.34281176
-3.39503288744, -3.31737361494, 2.34683434352, -1.81122293589e-05
-3.39485216357, -3.31730624422, 2.34669577949, -0.000146563634833
-4.40653525743, -4.97397838853, 4.18121838006, -2399.10813311
-3.14787762467, -3.91417906651, -2.86710955995, -844.24606562
-3.61116473867, -4.07553260516, -4.97468564817, -580.735767083
0.0269711660114, -4.11653912985, 2.69602057887, -1143.79445425
-2.64686102227, -3.93800947694, 1.5133506567, -1686.73721552
-0.499695070465, -4.01259708717, -4.88089688626, 0.0
-0.499695062644, -4.01259724598, -4.8808968587, -6.73819431989e-12
-0.499695072777, -4.01259706998, -4.88089688235, 0.0
-1.56015533172, 2.51196368915, -4.99905057567, -239.542332906
-0.499695056569, -4.01259641831, -4.88089686178, -1.1235598616e-10
-0.499695058844, -4.01259708864, -4.88089688893, 0.0
-0.499695035439, -4.01259706734, -4.88089685853, -3.36907099986e-13
-0.499696109703, -4.01259602047, -4.88087778634, -9.2725716863e-08
-0.499695136672, -4.01259706602, -4.88089688046, -1.34763598164e-12
-0.49970184717, -4.01259708747, -4.8808968921, -1.1630805192e-08
-0.499695525283, -4.01259710166, -4.88089689495, -5.35682561283e-11
-0.499695074954, -4.01259707773, -4.88089688976, 0.0
-0.499695077874, -4.01259708828, -4.88089687914, 0.0
-0.499695054995, -4.01259711514, -4.88089687917, -3.36909176596e-13
-0.499695052228, -4.01259708798, -4.88089688724, 0.0
-0.499695061091, -4.01259708045, -4.88089688077, 0.0
-0.499695075029, -4.01259707765, -4.88089689016, 0.0
-0.499695049506, -4.01259710566, -4.88089687944, -1.68454665047e-13
-0.530208996333, 4.90006422118, -4.87970306231, -288.167801656
-0.499695051002, -4.01259708798, -4.88089688724, 0.0
-0.499695062179, -4.01259693121, -4.88089687861, -5.89585426365e-12
-0.499695111033, -4.01259707657, -4.88089695611, -2.02145853162e-12
-0.499695030667, -4.01259710977, -4.88089642031, -5.33996984844e-11
-0.49969507315, -4.01259709209, -4.88089689925, -1.68455097264e-13
-0.499695051079, -4.01259708798, -4.88089688724, 0.0
-0.499695074053, -4.01259727338, -4.88089686817, -9.09659053648e-12
-0.499696142359, -4.01259708793, -4.88089681839, -2.94290568411e-10
-0.499695056295, -4.01259707979, -4.88089689241, 0.0
-0.499695075834, -4.01259708567, -4.88089717357, -2.20672892318e-11
-0.499694887378, -4.01259708786, -4.88089675448, -1.17916268082e-11
-0.499695058033, -4.01259702665, -4.8808968933, -1.0107243537e-12
-0.499695065383, -4.01259707031, -4.8808969385, -1.01072852437e-12
-0.499695084965, -4.0125971097, -4.8808968726, -3.3690928912e-13
-0.499693982099, -4.01259709173, -4.88089687374, -2.96813930217e-10
-0.499695095497, -4.01259705854, -4.88089689355, -5.05363973116e-13
-0.499695078538, -4.01259708153, -4.88089686996, 0.0
-0.499695074573, -4.01259708343, -4.88089691639, -3.36910237628e-13
-0.499695083996, -4.01259708662, -4.88089687089, -1.68454747915e-13
-0.499695065139, -4.01259709488, -4.88089686297, 0.0
-0.499695061435, -4.01259708345, -4.88089687406, 0.0
-0.499695070672, -4.01259708054, -4.88089688291, 0.0
-0.499695067638, -4.01259708054, -4.88089689805, -1.68454908974e-13
-0.49969506359, -4.01259708396, -4.88089683723, -3.36908070423e-13
-0.499694990597, -4.01259711979, -4.88089685028, -1.85299406075e-12
-0.499695069468, -4.01259707001, -4.88089688584, 0.0
-0.499695098194, -4.01259707461, -4.88089688098, -3.36909363839e-13
-0.499695067727, -4.01259708049, -4.88089689422, 0.0
-0.499695060021, -4.01259548999, -4.88089675975, -6.46681983954e-10
-0.499695069491, -4.0125970774, -4.88089686914, 0.0
-0.499695067728, -4.01259708519, -4.88089688787, 0.0
-0.499695083464, -4.01259709056, -4.88089692071, -5.05365363608e-13
-0.499695092962, -4.01259708236, -4.88089686913, -1.68454628769e-13
-0.499695036048, -4.01259700771, -4.88089687789, -1.68453367639e-12
-0.499695076538, -4.0125970841, -4.88089692292, -5.05365266715e-13
-0.499695254624, -4.01259711538, -4.88089688382, -9.26502246658e-12
-0.499695072627, -4.01259708319, -4.88089689729, -1.68455158144e-13
-0.499695043706, -4.01259708726, -4.88089687395, -1.68454153238e-13
-0.499695067737, -4.01259709821, -4.88089687904, 0.0
-0.499695068199, -4.01259708588, -4.88089689417, 0.0
-0.499695053408, -4.01259568509, -4.88089690768, -4.95751707098e-10
-0.49969499079, -4.01259705819, -4.88089685112, -1.68452987056e-12
-0.499694882385, -4.01259708749, -4.88089691033, -8.75953753501e-12
-0.499695069947, -4.01259707657, -4.88089674378, -4.54823642522e-12
-0.499695041489, -4.01259708365, -4.88089688702, -1.68454433789e-13
-0.499695044452, -4.01259708013, -4.88089687861, -1.68454241078e-13
-0.499695062508, -4.01259707705, -4.88089687466, 0.0
-0.499695067224, -4.01259708813, -4.88089689551, 0.0
-0.499695050773, -4.01259713061, -4.88089686952, -6.73818411853e-13
-0.499695063547, -4.01259707748, -4.88089687917, 0.0
-0.499694251598, -4.01259708804, -4.88089687447, -1.67440261263e-10
-0.499695062179, -4.01259708393, -4.88089688665, 0.0
-0.499695467258, -4.01259704617, -4.88089698596, -4.41346020341e-11
-0.499695048306, -4.01259710281, -4.88089687958, -1.6845447826e-13
-0.499695022657, -4.01259706025, -4.88089683437, -1.01071848158e-12
-0.499695076246, -4.01259707459, -4.88089686857, 0.0
-0.499695029862, -4.0125970775, -4.88089687282, -3.36907920013e-13
-0.499695366783, -4.01259709366, -4.88089683698, -2.34151047307e-11
-0.499695066266, -4.01259708413, -4.88089689822, -1.68455012065e-13
-0.499695056146, -4.01259709802, -4.88089687245, 0.0
-0.499695027586, -4.01259759207, -4.88089702738, -7.10884971164e-11
-0.499695049169, -4.01259714704, -4.88089687951, -1.01072810079e-12
-0.49969505956, -4.01259708724, -4.88089687572, 0.0
-0.49969504763, -4.01259711662, -4.88089684229, -6.73816715168e-13
-0.499695052986, -4.01259708896, -4.88089687908, 0.0
-0.499695045723, -4.01259709083, -4.88089686191, -1.68454215851e-13
-0.499695062649, -4.01259709627, -4.88089688076, 0.0
-0.499695095968, -4.01259826882, -4.88089685773, -3.54940825291e-10
-0.49969507276, -4.01259711619, -4.88089689049, -3.36909383836e-13
-0.499695052975, -4.01259708896, -4.8808968795, 0.0
-0.499695064105, -4.01259709223, -4.88089688472, 0.0
-0.499695065691, -4.01259709495, -4.88089685177, -1.68454347479e-13
-0.499695071539, -4.01259707841, -4.8808968744, 0.0
-0.499695068808, -4.01259709306, -4.880896867, 0.0
-0.499695454357, -4.01259639504, -4.88089692616, -1.59184632703e-10
-0.499695067359, -4.01259709238, -4.88089688287, 0.0
-0.499695070093, -4.01259709344, -4.88089687081, 0.0
-0.499695136512, -4.01259711966, -4.88089687564, -1.51609420038e-12
-0.499695083554, -4.01259713428, -4.88089687111, -6.73817757108e-13
-0.499695081857, -4.0125970823, -4.88089676497, -3.36905809478e-12
-0.499695078955, -4.01259684943, -4.88089688547, -1.41499712687e-11
-0.499694976373, -4.01259710295, -4.88089683041, -2.69525879356e-12
-0.49969483099, -4.01259708172, -4.88089687722, -1.38130733692e-11
-0.499695068881, -4.0125970744, -4.88089688799, 0.0
-0.499695028264, -4.01259708146, -4.88089686217, -3.36908429057e-13
-0.499695076078, -4.01259708417, -4.8808968918, 0.0
-0.499695068101, -4.01259710027, -4.88089686596, -1.68454588713e-13
-0.499695083783, -4.01259717533, -4.88089689076, -2.18991220851e-12
-0.499695054895, -4.01259702696, -4.88089689059, -8.4227004092e-13
-0.499695054182, -4.0125970847, -4.88089686807, 0.0
-0.499695077965, -4.01259696428, -4.88089684825, -3.87441990343e-12
-0.499695102894, -4.01259709399, -4.88089687056, -3.36909699519e-13
-0.49969506699, -4.01259707595, -4.88089686299, 0.0
-0.499695068396, -4.01259708035, -4.88089689101, 0.0
-0.499695522049, -4.0125970842, -4.8808968763, -5.27258825601e-11
-0.499695066569, -4.01259707848, -4.88089687459, 0.0
-0.499695084184, -4.01259705202, -4.88089685932, -5.05361638764e-13
-0.49969505882, -4.01259715133, -4.88089687447, -1.17918287468e-12
-0.499695076878, -4.0125970085, -4.88089688553, -1.51608111891e-12
-0.499695061873, -4.01259709318, -4.8808968742, 0.0
-0.499695088535, -4.01259708911, -4.880896847, -3.36908347647e-13
-0.499695069943, -4.01259707789, -4.88089684714, -3.36908104077e-13
-0.499695069025, -4.01259732696, -4.88089685667, -1.49924839313e-11
-0.499695067219, -4.01259746325, -4.8808968927, -3.62180214838e-11
-0.499695013138, -4.01259714815, -4.88089686425, -1.68454509295e-12
-0.499695053023, -4.01259708791, -4.8808968595, -1.68453941745e-13
-0.499695072151, -4.0125970794, -4.88089686832, 0.0
-0.499695096433, -4.01259709075, -4.88089690032, -3.36910362878e-13
-0.499695071933, -4.01259707688, -4.88089689269, 0.0
-0.499695072143, -4.01259704647, -4.88089689269, -5.05363288762e-13
-0.499695072849, -4.01259711998, -4.88089687105, -3.36909183325e-13
-0.499695072146, -4.01259707893, -4.88089689267, 0.0
-0.49969507216, -4.01259708689, -4.88089688421, 0.0
-0.499695072147, -4.01259707688, -4.88089689269, 0.0
-0.499695072147, -4.01259707688, -4.88089689269, 0.0
-0.499695072233, -4.01259707667, -4.88089689295, -1.68454764779e-13
-0.499695072131, -4.01259711125, -4.88089690586, -3.3691016767e-13
-0.499695072146, -4.01259707505, -4.88089689269, -1.68454786542e-13
-0.499695072147, -4.01259707688, -4.88089689269, 0.0
-0.499695072147, -4.01259707688, -4.88089689269, 0.0
-0.499695072147, -4.01259707688, -4.88089689269, 0.0
-0.499695072147, -4.01259707688, -4.88089689724, -1.68455007171e-13
-0.499695072147, -4.01259707895, -4.88089689269, 0.0
-0.499695072147, -4.01259707688, -4.88089689269, 0.0
-0.499695072147, -4.01259707688, -4.88089689269, 0.0
-0.499695072147, -4.01259707688, -4.88089689269, 0.0
-0.499695072147, -4.01259707688, -4.88089689269, 0.0
-0.499695072147, -4.01259707688, -4.88089689269, 0.0
-0.499695072147, -4.01259707688, -4.88089689269, 0.0
-0.499695072147, -4.01259707688, -4.88089689269, 0.0
-2468.29331493, -2148.8185746, 2636.83092817, -8.55235640979e+23
-3409.93352562, 4890.42909926, 1338.19088559, -2.44535410301e+25
4511.72794925, -1010.61509635, -3331.0934374, -5.88151761742e+25
1685.04399626, -5082.33770287, -966.884097406, -2.16766032513e+25
525.855643559, 124.319478901, 883.167040554, -4.97735003534e+19
-3236.97567225, -1661.32457202, -2040.01807116, -5.22607399287e+24
-502.054735558, -200.781666174, 5937.72099272, -4.52547242958e+25
-702.584986224, 5730.35336067, 148.693556582, -7.00649387941e+25
5722.73187511, 2133.25210519, -814.001614663, -4.55892062661e+25
2205.01286152, -3634.66394511, 3117.03836304, -1.51538081718e+25
-297.298853747, -1428.36329272, 2921.08432384, -9.70177823808e+22
916.125940024, -2027.08420291, 4355.4422688, -2.04956930489e+24
2036.65617087, -791.477363742, 3795.05321668, -3.09453838325e+24
4608.32122129, 1350.87879905, 293.162470993, -1.05334518893e+25
-3692.03155387, -3715.86526247, 1011.91548136, -8.9937750758e+24
2249.01376273, -3111.63680946, 4412.36996111, -1.71973146153e+25
5794.05113214, -838.898627522, 2535.25051591, -1.17334170322e+26
717.846239797, 2964.30566827, 2989.95964827, -6.34670562678e+23
-6998.33544242, 1829.75222782, -1956.2780876, -2.29463449956e+26
3688.19403298, -1973.36307579, 214.499892673, -5.57309529017e+23
-3095.67804719, -1788.82960721, 591.389368195, -5.22034958423e+23
75.4999842202, 1319.31932954, -2329.12576025, -1.79782275088e+22
-2703.43545626, -757.900661371, 2301.37164744, -9.10542991421e+23
-3987.5397355, 2973.43877983, 3645.95789885, -9.37200681883e+25
3230.26584341, -3186.91159061, 5706.02878636, -1.0315466413e+26
2509.65965589, -4217.70119227, 5796.47634627, -1.38240880481e+26
4433.88508912, -305.723221969, -2886.93069721, -2.64091928078e+25
2732.71154945, -196.78153181, -3742.97562269, -1.46765248055e+25
1856.15472945, -1018.5320771, 451.569556881, -4.45390976787e+21
-4945.48711121, -1458.70522924, -54.0449002425, -1.62133701818e+25
1442.77127157, -55.7687367143, -628.093230114, -9.81016863824e+20
-1186.58223005, 1811.83520751, 3262.55266129, -2.67403951173e+24
-3043.31876714, -198.880715296, -423.397532526, -2.93756400432e+23
613.471728458, -2136.82879672, -625.759619883, -1.67179105933e+22
-40.0005048556, -2568.31749563, 440.983490612, -1.58251283178e+23
-1286.51028881, -2524.77295638, -1689.41678631, -1.14672679384e+23
-220.181265024, 5844.02648729, 308.818477948, -7.51313817196e+25
-1028.92369383, -1075.86540537, 2504.17479484, -8.51026737463e+22
-339.927778567, -2520.64987642, -4500.68845167, -8.76243614836e+24
-2733.4797016, 5495.52017574, 1738.16477471, -4.08305393937e+25
2822.96781736, 100.808640522, -2226.18871832, -1.27961747635e+24
-2827.24400628, 3780.37662367, 2878.55300003, -1.77952649246e+25
3034.09180848, -759.411139339, -2346.20012006, -3.03733427238e+24
520.777814353, -4736.40886846, 5269.91453265, -1.21520512008e+26
622.837766425, -2110.47251866, 232.596390586, -3.42406968254e+22
-2307.48801196, -6447.55515094, -866.728227645, -1.43122326798e+26
-1590.33060428, 1261.77361603, -190.87380648, -2.51187911962e+21
362.196177085, -349.137836874, 2552.88391083, -2.69431539717e+22
-5097.33709811, 3204.62450386, -3037.61202109, -7.16851465667e+25
334.776294222, 3497.23254558, 5857.29506944, -8.10785807111e+25
2083.63164737, -1070.29543009, -2348.3569468, -9.97780356387e+23
-2295.46216796, 6775.9170948, 4106.83012509, -2.10328032585e+26
3227.86703185, 2400.46120447, -6352.23996616, -2.30029233419e+26
-95.8852559398, -5808.496587, 3136.07125097, -2.1409163866e+26
2000.75117346, -2024.39188636, 5738.49851961, -2.75295385633e+25
1.62218427274, -143.959115673, 4433.96923109, -3.35572067759e+24
4717.17529297, -1653.85356546, -723.31023945, -4.0753012729e+24
-2651.36088979, 1601.2803365, 330.508793657, -5.67598521565e+22
4861.10579213, 5988.71409212, -1135.02279596, -2.28639420778e+26
3059.82163393, 1180.67313608, 1952.96962728, -2.91053265681e+24
-1518.53047475, -148.920444439, 2073.52640778, -1.11323301761e+23
54.1483130889, 2288.82843496, -3079.25310333, -5.23334376855e+23
4823.16226547, 6814.1887605, 5304.24661886, -1.3100257771e+27
2808.41194669, -1804.04146464, 1133.82769127, -2.914097999e+23
-2990.26190931, 3474.81917058, 1822.74852411, -4.66316421327e+24
3592.10232303, -1789.44811521, 1965.45585762, -3.20339243085e+24
-2405.95603865, -876.620397964, -517.149884217, -1.05178749622e+23
3355.98855329, -1157.42525086, 89.6306385848, -2.19251223495e+23
5584.99919738, -398.169023437, 2826.21801715, -1.2691612425e+26
3134.90188436, 300.666436875, 6187.91949801, -1.62351767428e+26
1800.71634071, 216.280049071, 1256.19538258, -3.82445105289e+22
-1755.17588503, 2439.03639866, -2103.62980238, -7.53626812521e+23
-6138.87924167, 4119.44119801, -6450.9680762, -1.72452395604e+27
-6184.78733885, 2470.5273823, -905.396288721, -4.13040474641e+25
1396.50352532, 705.072819985, 659.640492064, -3.77599506973e+21
-1121.00090043, -3241.1957764, 4236.89679621, -7.89469356463e+24
-389.058497974, 5813.12553445, 2366.17111538, -3.61491595564e+25
-775.061260555, 2443.42334867, -2380.12774532, -5.694989653e+23
1944.49083296, 1888.41753915, -4943.38665401, -1.91558992911e+25
-1064.43729162, -1232.25670359, -1283.85034462, -7.1930763377e+21
3634.65145735, 4957.01250038, 1379.691041, -4.07284298971e+25
1406.25747203, 2923.80832606, -5600.53117666, -2.78950671431e+25
-3632.73116182, -4522.6883324, -5063.0971521, -2.2813819402e+26
-2432.95966275, -5359.49616339, 4174.92614727, -1.55653408993e+26
1278.08693319, 2931.25484744, 5384.39984165, -3.3094652228e+25
-4660.75087377, 1520.38005229, -5660.726322, -3.43671172812e+26
-613.870712511, 2826.1639086, -2215.8831514, -1.19931319512e+24
2844.47220866, 220.332352663, -491.820153702, -8.97068535089e+22
4515.72591727, -1500.2456355, 2341.97490282, -1.87182123979e+25
5106.1731262, 3152.46617001, 2553.01167548, -1.55960999528e+26
4542.02589503, -2904.74048212, -2488.68499272, -4.03679471662e+25
-3915.31681738, 5486.99646431, 438.938948047, -7.81094950506e+25
2261.96536901, -2473.93036334, -3407.66473049, -1.30609817122e+25
6583.37164739, -4264.87401413, -28.9876747685, -8.02542046874e+25
-3535.94845935, 1398.87789819, 3284.08487481, -2.56908222208e+25
5665.05824591, 2097.49256544, -4651.62810819, -2.62261496035e+26
-6554.38004457, 1283.65774502, 5197.45632846, -1.47674475951e+27
2831.92305106, -132.880321145, 5947.3586947, -9.33667904568e+25
-707.877107159, 2850.22973492, -4090.28451459, -4.26962388612e+24
1956.86166196, 1642.16860881, 4670.36866642, -1.47505742609e+25
-4449.50759404, -207.914467228, -1733.48226384, -1.51603659043e+25
-4836.26942825, -3525.40515551, -1761.3319319, -8.44943842779e+25
5569.99103026, 2757.83795287, 4394.50327084, -6.49171331867e+26
-2362.67657013, 2182.7091043, 4635.30342846, -6.53500546922e+25
-496.737779477, -2268.60800761, 88.9789745619, -4.42363726843e+22
-890.034175263, -2147.71132058, -1819.26038763, -3.44778222725e+22
-3066.81621672, 3705.58885014, 5359.26152726, -3.465516133e+26
3833.73263708, 4856.86329431, -6936.05261177, -5.10951494446e+26
-5181.13962361, -1288.76097247, 102.379708517, -1.95357085301e+25
6466.88246564, 635.965920005, -136.10800114, -8.07905429842e+25
-2049.03263648, -2368.32874825, 1134.89917051, -1.90095249019e+23
-3594.58481549, 1560.63740235, 824.882116997, -7.38023568602e+23
-2405.82020918, 2689.45847276, 859.087524399, -3.63169960833e+23
256.946102212, 6233.24798418, -3636.26211097, -4.0425561498e+26
5863.06351258, -1789.61526266, -2961.96116137, -1.52629461439e+26
275.749078493, -44.6782393198, 154.843771718, -5.05375512403e+15
1399.11851996, -2105.46835968, 4076.33555905, -2.28871286712e+24
-299.458101002, -594.865557582, 1523.78723988, -7.26075440905e+20
220.035581503, 842.158539453, -4489.13128877, -3.15187863479e+24
3786.45987651, 1831.2240406, -5194.86830053, -1.15929645676e+26
-1154.62736637, -5415.09961019, 163.34035233, -4.59211036037e+25
2689.91612997, -252.073698333, 836.441594819, -1.59300374785e+23
4403.68792088, -5090.23424506, 609.041078811, -7.65758474608e+25
-2057.36953097, -767.770947046, -1348.98721986, -1.2722366832e+23
3058.93986323, 1098.62971552, 603.921516311, -6.7213340505e+23
-477.66813554, 53.7566362306, -2247.71341419, -1.20075831246e+22
-5501.83469541, -3135.04060561, -4840.26649325, -8.44532197915e+26
-2257.31659287, 2603.38925956, 6388.39351258, -4.46961661457e+26
-6234.24345642, 1120.64439487, -2305.98119257, -1.5104053135e+26
765.353733022, 1803.73555071, -1830.51034647, -3.9343951022e+22
2314.58818337, -4961.19085807, 1409.2175217, -5.25365472218e+25
29.4848729297, -413.102139089, -1313.12996663, -3.79300871792e+20
-4553.51369031, 2049.30507669, 350.823066302, -2.61971643853e+24
-1487.81272662, -1105.5696094, 2411.76586795, -1.39946991899e+23
6184.22011349, -2259.49338808, -4074.93926446, -5.85750566257e+26
-3774.53432103, 4987.72103306, 1968.91668837, -3.79699941779e+25
5459.83499401, -6634.62924966, 1777.67806686, -8.01504167281e+26
5556.65767368, 2336.48904115, -3298.7375275, -7.04913393391e+25
170.5486895, 3942.06200819, 6022.66401272, -1.19262026199e+26
5265.81975746, 2911.93672873, -239.363200279, -4.40569632289e+25
15.2265632857, 1269.29684209, 2625.41772561, -1.25235137544e+23
-2901.71378447, 1464.62236942, 4054.37266175, -3.95348439818e+25
1666.35299363, -1430.69392739, 395.592820746, -6.85758236413e+21
-5434.91490736, 1778.18239326, -3464.46506965, -1.37497864612e+26
6621.2638261, 4115.64323682, -5207.55780236, -6.34126321032e+26
2173.88807803, 1337.92828207, -1006.94207597, -3.12114390657e+22
-1529.34401172, 348.696557577, 4790.57458461, -2.34082453225e+25
-518.052839998, 355.491978901, 725.052961896, -4.86025483238e+19
585.623755124, -1076.56670627, -1030.7798444, -1.00984471089e+21
-78.5427866312, 4880.19418114, 1614.2653755, -1.0094505918e+25
-749.229196084, 814.065954156, 1664.45883388, -1.51212560123e+22
-3671.36983939, 2096.84425549, 4924.6869037, -2.24853166997e+26
4138.74047625, 2118.25135873, -4505.57712998, -6.67357890897e+25
-5134.45181628, -1079.29394963, 305.686272764, -1.51425363327e+25
-2571.50553393, 2397.09053695, -6314.20916079, -8.15942424959e+25
2653.146146, 3770.39166815, -882.974776826, -4.67296866525e+24
2826.96409514, 15.8025154241, 858.014420576, -2.6914312708e+23
-254.069810809, -2231.92094953, -1842.31011236, -2.39060422321e+22
2700.26057911, 1693.58156757, -5079.22295459, -4.51199248253e+25
3668.40965811, -2566.9007452, 292.797702625, -1.06458877705e+24
1724.58154593, -370.721069865, 1153.0622516, -1.75290286187e+22
2367.98460948, 509.614378171, 4146.67116264, -1.00900115078e+25
3840.17383042, 53.3418791065, -3936.81598437, -4.81815986488e+25
674.595112372, 3821.14226238, -2529.97340105, -8.83901560886e+24
647.61968935, -4672.58949536, -957.333938584, -9.51539082805e+24
1193.1038219, 4422.19221447, -1666.00843572, -1.701537929e+25
-2327.19381776, -2548.72980313, -199.384252881, -3.76748407488e+23
388.214004912, 2045.92063312, 115.202507537, -1.62847579394e+22
-3875.80273761, -455.567471838, 1794.51399169, -2.59261958126e+24
-1501.18054601, -959.445342124, -1833.11222551, -7.63275824019e+22
-50.5649344823, -1763.04247024, 2501.05196146, -7.51626646316e+22
-1547.8745671, 2953.20095754, 2338.76256919, -1.29083186093e+24
-1060.80104358, -4029.67885836, -2480.37163297, -1.72166861526e+24
900.653281583, 1162.82288977, 2900.57582535, -2.24532188893e+23
-161.103203717, -6974.50750804, -3276.97955383, -1.36120296484e+26
5534.39705545, -3536.85724043, 2541.63260451, -8.20551988573e+25
-500.233847689, -5348.17689462, 92.1062528954, -4.09377527977e+25
-154.043569506, -4295.36075678, 1837.79096025, -1.55155867254e+25
4680.27135519, 5860.3881884, -6443.75448409, -8.03948782353e+26
-2544.38567474, 846.745323566, -1989.46997767, -5.67628313738e+23
3385.0987637, -4975.12579034, 2304.65085989, -9.67155143124e+25
3714.65526277, 4759.20185963, 2690.85393493, -6.18530786827e+25
550.361577085, -1069.69936871, -1092.80525459, -1.20137988131e+21
-2367.51989732, -4925.90866765, -556.037132356, -1.92035107991e+25
144.425638338, 4655.9296014, -591.417330347, -1.69871768555e+25
-142.262280549, 3404.93880681, -5894.49463219, -3.15946663534e+25
-1937.72779514, 458.682255686, -181.050309375, -3.75931158918e+21
-1138.10354574, 2421.07629691, -6821.19820812, -5.53265992436e+25
3232.13394871, 1925.85230636, -3058.44712817, -4.36550001797e+24
907.355797722, -3650.47925429, 2161.58393214, -6.67681237318e+24
633.386269924, 4313.01560088, 4321.89585969, -1.24933242235e+25
6140.42488867, 1225.1963523, -3810.05950243, -2.15493706305e+26
-443.643294734, -878.359674611, -671.534698068, -3.16954519052e+19
5467.66630139, 1996.13852527, -2145.00651146, -3.11195058168e+25
-16.1212066227, 4548.78678749, 77.8181167161, -1.07612464098e+25
3764.3861205, 1402.75415493, 1910.87926823, -9.71673830571e+24
-8.64502104066, 390.304677497, 2046.10970729, -1.0632585015e+22
-2438.14252817, -231.535171775, 997.83293219, -4.96990058592e+22
900.440124702, 6419.37134273, -1846.58016389, -2.91335145506e+26
-2680.34141973, 7198.23693218, 1584.70578225, -3.45699588798e+26
