-0.499706853462, -4.01260264929, -4.88090223676, -5.02361196276e-08
-0.499845827593, -4.01252605329, -4.88090256243, -7.02632376134e-06
-0.499677346207, -4.0125982942, -4.8808876982, -1.0106966116e-07
-0.502246816073, -4.01261639093, -4.88093870557, -0.0016489495827
-0.499687031886, -4.01263251756, -4.88089786502, -3.34145115707e-07
-0.500220962273, -4.01307096636, -4.88089495577, -0.000126542076047
-0.499685300188, -4.01259646777, -4.88228120845, -0.00048428505988
-0.505085850248, -4.02080535517, -4.88365760623, -0.0262605979828
-0.514290626088, -4.01929407365, -4.87830937915, -0.0666925478969
-0.520639276279, -4.03635532925, -4.87505823162, -0.256514721009
-0.522667438548, -4.05201453544, -4.91188245037, -0.768189924459
-0.497954909399, -4.01393695307, -4.9508360679, -1.26319812049
-0.498195342288, -4.01649784665, -4.95296941306, -1.34846135456
-0.485484010727, -4.01101779304, -4.99427788683, -3.66227507337
-0.514926923177, -4.01443429597, -4.99521211839, -3.83676110048
-0.488110221722, -4.01480127371, -4.99810538478, -3.91679409202
-0.489023474701, -4.01463597513, -4.99900416138, -3.98811833378
-0.488205687861, -4.01827068657, -4.99898302183, -3.99605948366
-0.487602604325, -4.01593654155, -4.99900989794, -3.99676045395
-0.488808632035, -4.01638118628, -4.99937831503, -4.02857384776
-0.0320383136922, -0.642932089085, -4.99913876155, -1101.09082993
-1.06561095153, -1.67404097221, -4.73962588332, -569.540118653
-1.10178344704, 4.17451196054, -4.84621561934, -139.655724456
3.18542613864, 2.15275497996, -4.97859875962, -1380.29584875
-0.450459308973, -4.9992033785, -4.87781487289, -103.772087267
-1.93053046839, 3.54678713357, -4.84549985253, -89.0027382062
-1.43209405495, 3.54779361414, -4.84473076644, -3.29451326935
-2.25021045836, 3.72116741753, -4.94229855173, -105.81281702
-1.46796290761, 3.52793897672, -4.96195472544, -104.380459206
-1.43455257233, 3.54494387269, -4.84546879753, -3.46246497176
-1.43260234208, 3.5477851872, -4.84448799072, -3.26510560062
-1.43199145083, 3.54777716068, -4.84563488617, -3.15432673548
-1.36050410709, 3.66980915842, -4.79985623571, -20.0656455927
-1.78561468247, 4.98059172404, -4.84867207722, -200.34979115
-0.587162667395, 0.683002613662, -4.85071477078, -1078.0576872
-0.950531267888, -2.28633465407, -4.916355954, -379.30651531
-2.62636869558, 4.91231805492, -4.90713480131, -243.084886405
-1.39122207683, -0.865768562077, -4.99854202126, -689.498047571
-0.522496363972, -4.0163693899, -4.85058585742, -0.365596331508
-4.01619214154, 0.805691021672, -0.477116808235, -775.498212715
4.99938348721, -3.49702292827, -1.19535738573, -2634.06282447
-1.28765780142, -4.93298857504, -3.93662248336, -158.837077459
-3.39939944077, -2.8774370398, 2.35193514595, -282.855939673
-2.94604223854, -4.89278836937, -4.67914979326, -337.999903679
-3.39503288744, -3.31737361494, 2.34683434353, -1.81122300378e-05
-3.39485216357, -3.31730624303, 2.34669577915, -0.000146563862486
-4.30471554841, -3.24921523496, 1.50544386245, -1606.08824281
-3.27651762121, -4.01609410078, 4.90010050005, -3410.56964045
-4.42566465884, -3.89613483261, 0.539242981862, -2621.26131412
-1.39906271112, -4.10294879401, -0.961572385088, -2627.04337171
-1.81633785731, -4.61588995623, -2.59501868228, -534.845716311
-0.499909031745, -4.01312185462, -4.88108250244, -8.97553491438e-05
-1.19414023258, -2.95463526868, -4.84029616578, -226.613865031
-0.503414121302, -4.02663195065, -4.88082794603, -0.0526321299273
0.346295427715, 4.90698857689, -4.97218622306, -437.173201035
-0.499697079832, -4.0126002976, -4.88089623211, -3.74221318819e-09
-0.49966565997, -4.01236417372, -4.8809963403, -1.64295260139e-05
4.76202912273, 0.811183321066, -4.87597724452, -1631.26931234
-0.844792818915, -2.70005401863, -4.99853348365, -293.468511326
-0.442387313772, -4.98155953964, -4.88419705373, -107.144047143
-0.499665988879, -4.01257135347, -4.88159385079, -0.00012314234321
-0.425339215822, -4.03238299262, -4.90335152739, -1.53241126025
-0.499700533091, -4.01259505134, -4.88090835483, -4.19188867096e-08
-0.499583954002, -4.01472381974, -4.88094692821, -0.00114422372414
-0.499694193631, -4.00041744323, -4.88142104885, -0.0381011698627
-0.499695118031, -4.01259691278, -4.88089589739, -2.51333321364e-10
-0.499736880383, -4.01268334349, -4.88150317394, -9.51931649462e-05
-0.499653130657, -4.01259268979, -4.88140179909, -6.49241974205e-05
-0.499683600882, -4.01259477949, -4.88089698524, -3.45824614414e-08
-2.06390778827, 1.40100795518, -4.88257163758, -503.803798047
-0.49994720007, -4.01088737159, -4.88078556919, -0.000760278169118
-0.499694907132, -4.01259693858, -4.88089704837, -1.90350350494e-11
-0.499689453226, -4.01252549856, -4.88089690801, -1.30366184881e-06
-4.49255663929, -2.68732881914, -4.89004823532, -1073.43880693
-0.499677341809, -4.01259677683, -4.88089650206, -7.94912201133e-08
-0.49967314699, -4.01257745718, -4.88093893696, -6.66030985391e-07
-0.499696438678, -4.01257571194, -4.88089707861, -1.15992890082e-07
-0.499529214916, -4.01714937456, -4.88086458793, -0.00523213494865
-0.499694561149, -4.01281926564, -4.88089135726, -1.24805491557e-05
-0.499695049537, -4.01259746356, -4.88089686852, -3.63864209184e-11
-0.499695088437, -4.01259711258, -4.88089683351, -8.4227073861e-13
-0.499698825075, -4.01259706694, -4.88089701177, -3.57917613954e-09
-0.499696561926, -4.01264941613, -4.88090155566, -6.98796005329e-07
-0.49979075866, -4.01258994777, -4.88090585346, -2.34790273082e-06
-0.499694909436, -4.01259728002, -4.88089672117, -2.20675605245e-11
-0.499575562284, -4.01266501665, -4.88091017375, -4.82280638725e-06
-0.499739426523, -4.01133684832, -4.8808985872, -0.000402934068848
-0.499696912175, -4.01473413736, -4.88092945517, -0.00115185453394
-0.499694939356, -4.01259640399, -4.88089659922, -1.40825104748e-10
-0.499694998885, -4.01259683401, -4.88089232483, -5.25948046059e-09
-0.500017365776, -4.01251441144, -4.88078684201, -3.10354700857e-05
-0.499812781399, -4.01270500875, -4.88093169593, -6.75222283523e-06
-0.499695228316, -4.01259712328, -4.88089683863, -7.41203101113e-12
-0.499695094267, -4.01259255575, -4.88089692708, -5.18764811225e-09
-0.499695277128, -4.01259807566, -4.88100579873, -2.99965896445e-06
-0.499695062986, -4.01259707444, -4.88089701728, -4.88515304247e-12
-0.499693993036, -4.01259714474, -4.88089717501, -3.13994493459e-10
-0.49970164393, -4.01259761584, -4.88089774009, -1.12039309268e-08
-0.499695008919, -4.01259709045, -4.88089688729, -8.42271106553e-13
-0.499776373396, -4.01276757944, -4.88080684283, -1.10615931622e-05
-0.499695112097, -4.01259711178, -4.88089687716, -6.73818709907e-13
-0.499695049549, -4.01259705595, -4.88089689178, -3.36908457023e-13
-0.499695085106, -4.01259709204, -4.88089687568, -1.68455041757e-13
-0.499695066303, -4.01259709188, -4.88089687713, 0.0
-0.49969505686, -4.01259716622, -4.88089692697, -2.35836687281e-12
-0.49968617723, -4.0126288779, -4.88050853233, -3.83956296706e-05
-0.499667517617, -4.01261560072, -4.8809424906, -8.04755487275e-07
-0.499695027958, -4.01259706009, -4.88089666199, -1.22969828178e-11
-0.499695330774, -4.01259681965, -4.8808991092, -1.29461536696e-09
-0.499695390199, -4.01259699746, -4.88089685196, -2.88054006015e-11
-0.499695250967, -4.0125973539, -4.88089701663, -3.18382708425e-11
-0.499694454091, -4.01259584991, -4.88089838381, -1.05352879646e-09
-0.499694895815, -4.01259375841, -4.88089637481, -2.86935338687e-09
-0.499791656008, -4.01259474768, -4.88088867323, -2.37659755132e-06
-0.499775054427, -4.0125956154, -4.88056257694, -2.98452587813e-05
-0.499464465956, -4.01259698376, -4.88087605595, -1.35452518604e-05
-0.49967965735, -4.01259159578, -4.88089645122, -6.76930120192e-08
-0.499697057772, -4.0125820653, -4.87995793844, -0.000223188244144
-0.499766049344, -4.01259937786, -4.88088002797, -1.34704594316e-06
-0.499695038791, -4.01259709025, -4.88089685061, -3.36908165321e-13
-0.499763130259, -4.0060690193, -4.88085536266, -0.0108518167201
-0.499694770659, -4.01259711667, -4.8808968565, -2.24041519302e-11
-0.498438363517, -3.99908310234, -4.882313966, -0.0478675926117
-0.499702485616, -4.01260165738, -4.8809109052, -6.89754317951e-08
-0.499690345272, -4.01258880393, -4.88090319952, -3.30781448112e-08
-0.499746508413, -4.01259582926, -4.88089320147, -6.7294587533e-07
-0.499693913423, -4.01259951637, -4.88089720384, -1.85764857028e-09
-0.499695164984, -4.01259781259, -4.88089994823, -2.52049753453e-09
-0.501168573664, -4.01262774663, -4.88083215155, -0.000549531682578
-0.499679691222, -4.0125955708, -4.88089588634, -6.05969064233e-08
-0.499695056198, -4.01259707474, -4.88089687249, 0.0
-0.499642172811, -4.01260700984, -4.88090857403, -7.66930491662e-07
-0.499695062458, -4.01259706493, -4.8808968536, -1.68453641917e-13
-0.499695132545, -4.01259686433, -4.88089682037, -1.43184337284e-11
-0.499695790032, -4.01259552356, -4.88088617772, -2.9701154579e-08
-0.499689539128, -4.01242947237, -4.88076915752, -1.12303253929e-05
-0.499693606971, -4.01259712119, -4.88089721693, -5.6719022199e-10
-0.499695090751, -4.01259700593, -4.88089653721, -3.11636099859e-11
-0.49969495744, -4.01259697839, -4.88093903801, -4.49389470336e-07
-0.499690615434, -4.01260297204, -4.88089791014, -1.40435470936e-08
-0.500082013155, -4.01189687941, -4.88369257775, -0.00213611590367
-0.49969510862, -4.01259697782, -4.88089689015, -3.36906078951e-12
-0.499706548987, -4.01259849778, -4.88089569168, -3.42096637343e-08
-0.49969508734, -4.01259707528, -4.88089686863, -1.68454484219e-13
-0.499695149138, -4.01259710371, -4.88089687498, -1.85300629941e-12
-0.49969505641, -4.01259707588, -4.88089688652, 0.0
-0.500069859385, -4.01261751257, -4.88089962537, -3.55974709806e-05
-0.496541361712, -4.01255790253, -4.87944970553, -0.00304257041909
-0.499694487797, -4.01259715194, -4.88089692484, -8.60785538741e-11
-0.499659398733, -4.0126387937, -4.88110335458, -1.15366740721e-05
-0.499675667789, -4.01259774407, -4.8809414685, -5.97969009617e-07
-0.499816825873, -4.01259800868, -4.88078888232, -6.6964223603e-06
-0.499629848733, -4.01259680531, -4.8808969476, -1.07533285026e-06
-0.499695137351, -4.01259723077, -4.88089665096, -1.97091474663e-11
-0.499687285952, -4.01259658201, -4.88095461309, -8.58069636725e-07
-0.499695128372, -4.0125970503, -4.88089692593, -1.85299387466e-12
-0.499694931066, -4.01259690803, -4.8808968892, -1.24654180992e-11
-0.499693746944, -4.01259711023, -4.88089686799, -4.39830447909e-10
-0.499686316272, -4.01259694618, -4.88089704754, -1.93696976726e-08
-0.499700852371, -4.0126134206, -4.88074098925, -6.21690719449e-06
-0.499695092367, -4.01259718649, -4.88091168826, -5.54749908212e-08
-0.499693234916, -4.01259590461, -4.8808975576, -1.3163086828e-09
-0.499695037021, -4.01259726407, -4.88089690261, -8.4227663452e-12
-0.499695092762, -4.01259713153, -4.88089687417, -6.7381782155e-13
-0.499695068183, -4.01259705059, -4.88089687938, -3.36908214154e-13
-0.499695068194, -4.01258532057, -4.88089690708, -3.4995461857e-08
-0.499681193905, -4.01259682891, -4.88089681359, -4.86753084246e-08
-0.499693840367, -4.01241975773, -4.88089675774, -7.946056634e-06
-0.499695049281, -4.01259806861, -4.88087186778, -1.58409777526e-07
-0.499694869835, -4.01259709786, -4.88089686401, -9.77023274557e-12
-0.499695073711, -4.01259709759, -4.88089688888, -1.68454915339e-13
-0.499695052186, -4.01259708589, -4.8808968554, -1.68453984651e-13
-0.499974934045, -4.01258407292, -4.8808994941, -1.98284414075e-05
-0.483986874839, -4.01259229841, -4.88082201143, -0.0616250502149
-0.499695361843, -4.01259702023, -4.8808969047, -2.34148887939e-11
-0.49969642086, -4.01259727197, -4.88089687834, -4.73534400677e-10
-0.49969503616, -4.01259708269, -4.88089687672, -1.68454206879e-13
-0.499695081666, -4.01259779174, -4.8808985222, -8.10122739133e-10
-0.499691358476, -4.01259687007, -4.88090115439, -8.11172682573e-09
-0.499695382998, -4.01259699763, -4.88089692358, -2.7963080593e-11
-0.499760900549, -4.01259921239, -4.88089267738, -1.10149647017e-06
-0.499696775663, -4.01259751587, -4.88089706517, -7.95641554264e-10
-0.499671931207, -4.01273463034, -4.88089456952, -4.9191468026e-06
-0.49969590681, -4.0125969434, -4.88089688269, -1.84121067955e-10
-0.49969507429, -4.01259708154, -4.88089687827, 0.0
-0.499695074357, -4.01259707075, -4.88089688605, -1.68454653501e-13
-0.499663208692, -4.01259700055, -4.88089566265, -2.56964734766e-07
-0.499698502638, -4.01259740729, -4.88089731108, -3.06156181688e-09
-0.499695033375, -4.01259709687, -4.88089688776, -3.36909042409e-13
-0.499694839911, -4.01259697208, -4.88089663632, -3.08266244322e-11
-0.499677309526, -4.01259766424, -4.88089624163, -7.99081932368e-08
-0.499695067047, -4.01259705991, -4.88089691813, -5.05363802026e-13
-0.49969512239, -4.0125995073, -4.88089653552, -1.51466061046e-09
-0.499694866733, -4.01259713067, -4.88089687143, -1.04440349717e-11
-0.499696532524, -4.01259404368, -4.88089985575, -5.12531156558e-09
-0.499695048489, -4.01259784749, -4.88089680129, -1.4857825167e-10
-0.499694144388, -4.01259751831, -4.8808982814, -7.60094810416e-10
-0.499695073779, -4.01259448096, -4.88089488187, -2.72201778299e-09
-0.499644978408, -4.01259884646, -4.8808904073, -6.45679626268e-07
-0.499685697012, -4.01259956985, -4.88089589888, -2.40005460541e-08
-976.432508648, -850.428895204, 1041.43696249, -5.09216906559e+20
-1346.80606256, 1931.07191313, 528.397310471, -1.45287187501e+22
1781.18938674, -401.012217528, -1314.18009897, -3.47910517487e+22
664.32247634, -2007.1992518, -379.806937432, -1.27789771376e+22
208.824150472, 46.8732377741, 350.70135588, -3.08248548016e+16
-1279.04122325, -655.768787248, -804.775097263, -3.0985602147e+21
-200.819607071, -78.879379843, 2344.04567384, -2.71409862105e+22
-278.109150236, 2261.5031546, 61.5457558894, -4.12925760219e+22
2259.45185001, 841.322078911, -321.20622962, -2.68906302215e+22
871.917650303, -1434.68245632, 1228.84625802, -8.85357803814e+21
-117.773924284, -561.555248549, 1151.78948339, -5.77849129236e+19
363.815842175, -800.94245484, 1718.39562618, -1.21664849129e+21
801.892401233, -310.593448016, 1497.06819561, -1.80926545822e+21
1819.79838931, 535.755612285, 117.757497579, -6.25716437557e+21
-1456.45545897, -1468.03668619, 397.363050759, -5.31300460538e+21
887.597209564, -1227.12597102, 1741.58891547, -1.00444267356e+22
2286.98237995, -333.341475185, 1000.01015797, -6.89159156786e+22
285.591943751, 1170.30642024, 1179.36454579, -3.78725488742e+20
-2762.93126136, 723.782196982, -773.943694797, -1.35787227357e+23
1455.99834059, -780.267885484, 81.9918529461, -3.27540537122e+20
-1222.83218537, -706.329953772, 234.781408736, -3.09046359342e+20
31.7887104138, 519.566404734, -921.142246349, -1.05527357887e+19
-1065.32814264, -297.164474678, 908.0396394, -5.31190160471e+20
-1574.04789397, 1172.0662079, 1440.67565468, -5.52940135388e+22
1273.51219975, -1259.66454774, 2253.05683227, -6.06507790019e+22
990.65118956, -1663.93490774, 2288.01279136, -8.0910009275e+22
1750.06044795, -119.310067704, -1141.41117821, -1.57028607021e+22
1080.20291654, -75.5729672454, -1477.73938282, -8.66892870748e+21
732.792426373, -403.62109668, 177.192194603, -2.59594359613e+18
-1953.25912153, -578.200515579, -23.1958866771, -9.65758638944e+21
569.116475184, -23.9235655868, -246.571320606, -5.82504771178e+17
-466.432017566, 713.127171491, 1289.27530275, -1.58692892738e+21
-1200.32637665, -79.6048147203, -166.812921197, -1.72582954006e+20
239.716994113, -843.89642744, -248.897962078, -9.71811453389e+18
-14.7984496226, -1012.09461328, 174.84425169, -9.16172107141e+19
-509.334112495, -998.579375117, -665.249017706, -6.84738975076e+19
-87.8561659948, 2307.5696009, 123.130745607, -4.45032810154e+22
-406.320559154, -424.053713505, 986.685159491, -5.03298790724e+19
-131.413947477, -995.459370119, -1777.68793015, -5.1327150444e+21
-1078.35359229, 2169.54740694, 685.605729187, -2.41986139508e+22
1114.39487354, 39.8987853645, -880.952895149, -7.658705012e+20
-1115.97419526, 1492.62031771, 1137.50561154, -1.05210939854e+22
1199.09557901, -298.93710054, -927.302981472, -1.81447329943e+21
208.008326845, -1868.76760719, 2080.9346654, -7.1238854062e+22
243.987494464, -833.598700466, 94.0274604294, -2.00948510441e+19
-911.309895379, -2545.41986093, -343.742480027, -8.42978985489e+22
-627.553185767, 496.425503172, -77.99593609, -1.50446627818e+18
142.044228309, -137.175020533, 1008.5450656, -1.65633444003e+19
-2011.55258346, 1265.6497791, -1198.90838298, -4.23301658886e+22
133.555388226, 1380.27104096, 2312.3013, -4.82777357892e+22
824.668643551, -421.462510458, -927.420084456, -5.9433058023e+20
-907.399177003, 2674.88257361, 1621.21228562, -1.24531405475e+23
1275.62162471, 948.841531192, -2507.97353247, -1.35538401515e+23
-40.6588579416, -2293.42705083, 1239.72144329, -1.26137750089e+23
788.315161393, -798.572980683, 2265.26525765, -1.62327401239e+22
-1.50453698431, -57.7373301939, 1749.26055444, -2.01212450162e+21
1862.14902449, -651.444316458, -283.517721238, -2.40774941732e+21
-1048.08193023, 633.448613178, 131.486345759, -3.37802260606e+19
1918.23602478, 2363.94951491, -446.292171617, -1.34612035446e+23
1209.59108893, 466.34408478, 770.447214609, -1.72495368218e+21
-600.442990955, -57.1786843658, 818.698703852, -6.63570155066e+19
23.084331264, 904.607219941, -1215.80011867, -3.12059904268e+20
1902.9996169, 2690.15634699, 2093.36488212, -7.6999348971e+23
1107.98326957, -712.525874688, 446.931332168, -1.69780161763e+20
-1181.38106942, 1371.56828626, 718.343710305, -2.73992593096e+21
1417.86705698, -707.269705578, 774.54220091, -1.87640817488e+21
-951.572776778, -347.014586663, -201.871212388, -6.26752748105e+19
1324.8284269, -455.101159244, 38.1815236371, -1.30216321463e+20
2204.96362833, -158.378391567, 1114.31276195, -7.46130682625e+22
1238.53462151, 120.307423854, 2442.89530142, -9.62393877514e+22
710.776068775, 87.4589284716, 496.376019925, -2.26300485412e+19
-691.735293111, 964.217152754, -830.369697475, -4.52201130875e+20
-2423.11775923, 1625.22950367, -2546.86262043, -1.01786707181e+24
-2441.60708264, 974.461551067, -355.297614227, -2.43062592588e+22
553.559448571, 279.873538296, 262.354975604, -2.30397152331e+18
-442.11024195, -1280.90888356, 1673.8021347, -4.6912757315e+21
-150.985745424, 2294.66202713, 934.485762268, -2.13635199036e+22
-306.993391674, 964.119091389, -941.58043404, -3.40147003058e+20
768.514576116, 747.632790618, -1952.36325125, -1.12598761269e+22
-421.022780955, -488.685942409, -505.26978543, -4.26692287542e+18
1433.85726448, 1957.08855098, 547.041438738, -2.39707023838e+22
557.43093724, 1155.40519514, -2211.06897668, -1.63999879369e+22
-1435.47927578, -1785.37534515, -1999.55086363, -1.35236860716e+23
-960.732156735, -2116.07886583, 1649.10388393, -9.18349724736e+22
506.479275928, 1155.35768313, 2126.12569501, -1.97576125499e+22
-1840.30056744, 602.511071295, -2234.32960942, -2.02616253176e+23
-243.941537813, 1115.25244023, -875.736744774, -7.13902283425e+20
1121.43337029, 88.2432868438, -191.68969649, -5.26513493463e+19
1783.5723203, -591.147778247, 925.775147897, -1.11040432684e+22
2016.60665726, 1245.88967015, 1009.0363274, -9.23387107626e+22
1792.67274085, -1147.72445691, -981.787200346, -2.38802744854e+22
-1545.77599421, 2166.42766689, 175.585151066, -4.63396982818e+22
894.828340874, -974.732785088, -1345.85264705, -7.73616998045e+21
2598.84720872, -1682.94250062, -8.77494760293, -4.71964702638e+22
-1394.65395023, 550.310333146, 1296.85662961, -1.50716039674e+22
2236.49492588, 828.858209439, -1835.76084054, -1.54821894736e+23
-2587.38023162, 508.335770747, 2052.2534894, -8.70674101924e+23
1119.64239865, -52.2210387457, 2347.38152265, -5.53759840095e+22
-280.637345892, 1126.43955743, -1614.49898594, -2.54825560997e+21
772.269653343, 648.030383033, 1843.12726312, -8.72207998697e+21
-1757.26669829, -80.3540207774, -686.292421313, -9.00243533577e+21
-1908.33442824, -1390.3286177, -695.737081914, -4.97527815466e+22
2198.23859546, 1088.97759144, 1734.70659905, -3.8210604559e+23
-930.904524157, 861.066920081, 1830.7765014, -3.86240554601e+22
-195.266378859, -896.725918756, 36.369664094, -2.63022662933e+19
-350.738233997, -845.707764178, -717.772057673, -2.00010613068e+19
-1209.62679187, 1463.18572033, 2114.9397449, -2.04093954641e+23
1513.23809407, 1917.85633074, -2738.24485453, -3.01034659122e+23
-2045.78747986, -509.547875292, 41.2343785816, -1.15493987843e+22
2553.19663842, 248.509948305, -54.0119307737, -4.75635989608e+22
-810.624952395, -936.732516766, 449.646045962, -1.13888593624e+20
-1419.67146417, 615.215910728, 326.255119462, -4.3294621807e+20
-949.413462239, 1061.54162165, 339.533881594, -2.14600383967e+20
102.006181615, 2461.13004731, -1436.06432397, -2.3953790859e+23
2314.83215754, -707.828018347, -1168.08897925, -9.02909437978e+22
109.915065151, -18.2624942335, 62.9706101038, -283012.809821
554.210715083, -830.332023982, 1610.18854474, -1.35627345993e+21
-118.424751054, -236.485164383, 603.663562408, -4.59087210114e+17
84.6093919138, 334.044581753, -1771.98873842, -1.81266736357e+21
1493.84332423, 724.112260658, -2051.70372539, -6.83216107796e+22
-454.365781219, -2138.55876083, 67.2216175824, -2.71804539251e+22
1061.65649782, -99.9455190057, 327.692466317, -9.26760220862e+19
1738.00181075, -2010.0801114, 239.254367905, -4.48669170632e+22
-811.604918932, -302.846011697, -533.025528162, -7.5036707792e+19
1206.0026463, 434.469210242, 237.93457996, -3.92106620184e+20
-187.45756635, 20.8843835175, -889.323161356, -6.97977078793e+18
-2172.73102749, -1236.5599829, -1910.54375543, -4.98885119089e+23
-891.342524404, 1026.27400268, 2522.35716957, -2.649048017e+23
-2460.88917138, 440.833003845, -910.492569228, -8.92026755565e+22
303.4095275, 712.256486723, -723.437233933, -2.34060037128e+19
915.79409722, -1958.39257477, 556.685356598, -3.0820704798e+22
12.9727456253, -162.631107061, -518.825358416, -2.15921619666e+17
-1798.73464159, 810.105331665, 137.061512413, -1.54352984512e+21
-588.130441292, -438.882139913, 953.638556571, -8.39146794907e+19
2441.55777656, -893.899363209, -1608.02629618, -3.46579413231e+23
-1490.02189522, 1969.41120425, 777.388519922, -2.24491095727e+22
2155.83091158, -2618.96521604, 702.041349447, -4.70207861114e+23
2193.5232226, 922.562716681, -1303.27701652, -4.18054896596e+22
68.1240359891, 1555.54173988, 2377.58001382, -7.09676041963e+22
2079.53851585, 1148.73194395, -97.0106370669, -2.59324648897e+22
7.65188352084, 502.272495204, 1036.9872532, -7.58378501273e+19
-1145.09262025, 575.886323326, 1600.67682126, -2.32872340393e+22
656.587304614, -563.543408724, 157.099323327, -3.90853115837e+18
-2145.49816793, 701.843211812, -1367.72469063, -8.11496981957e+22
2614.00715727, 1625.11505261, -2055.81923385, -3.74881995694e+23
858.086941612, 527.148984064, -397.612373167, -1.84379054105e+19
-601.745150741, 140.40230697, 1891.2585586, -1.38979502771e+22
-203.216117769, 142.213917027, 285.450813657, -2.83365184027e+16
231.555498204, -422.565936679, -406.310036859, -5.85617281505e+17
-33.8972029145, 1926.62142934, 639.068457634, -5.96883841474e+21
-294.90545026, 322.65843952, 657.360368445, -9.0339993689e+18
-1448.28708407, 827.903353291, 1944.74589132, -1.32665682524e+23
1633.87203143, 837.098224481, -1779.18378975, -3.94378978282e+22
-2027.62011043, -425.133807232, 119.039674712, -8.96405759051e+21
-1016.28537543, 946.598395471, -2492.25198574, -4.81438498601e+22
1049.25037345, 1487.90868531, -346.091353022, -2.75174815853e+21
1114.50601362, 7.8016658473, 337.960801807, -1.56959274401e+20
-98.0464527121, -881.82502412, -728.670205782, -1.4023975424e+19
1065.29021049, 669.497807318, -2005.20776598, -2.64677406901e+22
1446.99082357, -1012.3631237, 115.58304146, -6.18753213554e+20
681.954032978, -144.41884, 456.925074962, -1.05560216503e+19
935.529369274, 201.952365118, 1636.99902842, -5.97996476391e+21
1515.3525365, 23.4835976831, -1555.06299885, -2.8451105671e+22
266.797040364, 1508.19550526, -1000.21806692, -5.23634098303e+21
255.350161614, -1845.24906493, -375.735253924, -5.61681684699e+21
471.861328016, 1746.67259438, -657.457445887, -1.0100212129e+22
-918.756266206, -1004.39946441, -79.6218229247, -2.21537733327e+20
155.184506517, 808.256201025, 47.2912439861, -9.6793623761e+18
-1528.69589117, -177.339434658, 709.274750887, -1.51765945167e+21
-591.946038367, -377.972968618, -722.970793457, -4.46442172916e+19
-20.5433181976, -696.479397202, 986.149189977, -4.41767195858e+19
-610.809784448, 1164.22223039, 921.853801806, -7.55473274031e+20
-419.743338669, -1591.50960261, -980.175758456, -1.01785752518e+21
356.359512164, 459.881094797, 1146.29518202, -1.35869803212e+20
-62.1647182829, -2753.32247451, -1292.82681008, -8.01419716863e+22
2185.06765804, -1395.50431864, 1001.71667125, -4.80789257059e+22
-196.300157521, -2111.28921932, 34.0363304601, -2.40320783409e+22
-58.9270691751, -1695.18596063, 725.616734239, -9.09975635094e+21
1847.23428827, 2312.89572442, -2543.46318951, -4.73521179463e+23
-1005.81994561, 333.51949792, -785.56798356, -3.3781171717e+20
1337.54746654, -1964.58152558, 911.416798023, -5.68989754523e+22
1466.42977041, 1879.64705797, 1063.32306292, -3.65054883261e+22
218.537739925, -421.413413895, -433.149388675, -7.22779432496e+17
-933.213148727, -1944.58372182, -217.129123553, -1.13288724136e+22
55.5933726726, 1837.19560315, -231.671942905, -1.00066086207e+22
-57.4391588399, 1344.2831349, -2326.37177866, -1.85826571208e+22
-763.892018746, 183.487392208, -69.9480771395, -2.16694234923e+18
-451.127107865, 954.042442387, -2692.8874747, -3.2375278035e+22
1276.19657243, 758.199491777, -1207.91123592, -2.59193466591e+21
359.44621332, -1439.66493109, 853.996149099, -3.89038083234e+21
248.527388223, 1703.30640569, 1706.60293735, -7.48099609539e+21
2424.36023999, 483.977791028, -1502.8490845, -1.27266674226e+23
-177.729910515, -347.885364397, -266.123608687, -1.98841327351e+16
2158.90575394, 786.416011362, -845.281565851, -1.83985672879e+22
-7.60902780624, 1795.0683405, 31.12177471, -6.35295100153e+21
1486.50229891, 553.047539492, 754.179084001, -5.72631648825e+21
-5.51218483541, 155.339311696, 806.141156544, -6.47466608974e+18
-961.373241008, -92.4151209686, 392.011845306, -2.85083406228e+19
353.613012144, 2533.83150584, -727.965141808, -1.71973704336e+23
-1058.49697553, 2841.65489483, 624.039990893, -2.04987028357e+23
