-0.499754025562, -4.01275381844, -4.88090221318, -7.09360961158e-06
-0.500183038006, -4.01276218927, -4.88494164888, -0.00419493676709
-0.444560866144, -4.01266462532, -4.87622252212, -0.755479243226
-0.499204050255, -4.11388349217, -4.88093177175, -2.77656492045
-0.503907442419, -4.0126468048, -4.88086524576, -0.00449350735995
-0.49570106922, -4.01326112616, -4.88241069889, -0.00472390371236
-0.499714720002, -4.01262526676, -4.88228120845, -0.000484646802954
-0.505085850248, -4.02080535517, -4.88365760623, -0.0262605979828
-0.514290626088, -4.01929407365, -4.87830937915, -0.0666925479095
-0.520639276279, -4.03635532925, -4.87505823162, -0.256514721009
-0.522667438548, -4.05201453544, -4.91188245037, -0.768189924461
-0.497954909399, -4.01393695307, -4.95083606226, -1.26319912628
-0.498195342324, -4.01649784665, -4.95296941322, -1.34846149527
-0.485484010743, -4.01101779304, -4.99427788683, -3.66227510917
-0.514926923178, -4.01443429597, -4.99521211839, -3.83676110058
-0.488108997598, -4.01479956473, -4.9981078731, -3.91706869302
-0.489023446387, -4.01463597527, -4.99900416138, -3.98812781862
-0.488205688054, -4.01827068653, -4.99898302183, -3.99605988041
-0.487602604325, -4.01593654155, -4.999009899, -3.99676183288
-0.488808632035, -4.01638118628, -4.99937831503, -4.02857384776
-2.4389071715, 2.16151954165, -4.79622022332, -316.252907843
0.0872586811056, -4.99910838647, -4.97621736782, -102.418650821
-0.63721020697, -2.23101196745, -4.79173464341, -421.898107083
0.874555571705, 4.99900008359, -4.92023535581, -576.85819699
-0.749912331224, 4.90001763497, -4.95151509577, -297.804482704
-1.43395167377, 3.54727422719, -4.84551381963, -3.25672699748
-1.4354589477, 3.54407356597, -4.84632347912, -3.62974539909
-1.35355412849, 3.79478157334, -4.78547441981, -79.2069542101
-1.46593876911, 3.64356613736, -4.875405239, -45.3588585796
-1.42828045195, 3.54827420787, -4.84537937355, -4.34486381577
-1.43226225886, 3.54779600914, -4.84568589137, -3.20277758675
-1.43199101204, 3.54777676755, -4.84563490127, -3.15547887102
-1.3761259267, 3.0097980784, -4.86095781843, -111.999000064
-1.45419216945, 4.9990111589, -4.85349190073, -216.31098387
4.91673782616, -2.70476350981, -4.85335446408, -1993.07743748
-3.75633998542, -0.363583893599, -4.89880526167, -730.406323925
-1.26970224991, -4.54913680035, -4.99793522407, -105.433676126
-1.85424124336, -3.10437989155, -4.99869341277, -262.967093195
-0.52392482166, -4.28830838953, -4.85059210833, -27.3731858919
-3.41893738406, 4.90083413862, -0.0414454237787, -1169.92972118
-3.72088694609, -3.00232355009, -1.64561165789, -2028.78158338
-1.70839258861, -1.74697221308, -4.9761227443, -547.189948271
-3.1730209789, -3.32965106101, 2.23960635285, -103.728259134
-3.30804889501, -2.17104941426, 4.95384500976, -1494.2965669
-3.39488493178, -3.31737369602, 2.34769115563, -0.00132093694803
-3.39485215639, -3.31741842269, 2.34669401018, -0.0001682268213
-3.39697999001, -3.32951202777, 2.3464372415, -0.253614224884
-3.39487650085, -3.32741088548, 2.34633271065, -0.171166415124
-3.3738430552, -3.31908051031, 2.35193288544, -0.802100687944
-3.39518840811, -3.31877541274, 2.34669014468, -0.00364389351329
-3.50175233739, -2.8581165893, -3.97333549957, -700.153087744
-0.706529724174, -4.92810832919, -4.98111375821, -96.6365287503
-2.04534312761, -1.1895254407, -4.99933434761, -658.638149408
-0.545054664051, -4.44637020976, -4.93525111268, -46.0194688174
-1.18762911745, -0.251267466396, -4.99998659024, -626.433681045
-0.499455285291, -4.01723807609, -4.87978883444, -0.0057420159517
-0.50095592722, -4.01339727736, -4.88095719229, -0.000563111174576
-1.60296791818, 3.33640139896, -4.87049493936, -35.5758564761
-0.943266669429, -3.95976715336, -4.90733660557, -55.2901026231
-1.92636040486, -3.13239905815, -4.91248321673, -277.191407176
-0.500187958691, -4.00831927628, -4.88161995235, -0.00484808812482
-2.04370342552, -3.54704036717, -4.99923963691, -240.717545216
-0.500580002581, -4.01259369995, -4.88100371763, -0.000200567559086
-0.503371163163, -4.02500744365, -4.88103686752, -0.0419763089089
-0.499745856316, -4.01299800633, -4.88039655886, -0.000104535529242
-0.499695819214, -4.01259674876, -4.88089579102, -4.70991223056e-10
-0.716912643834, -4.01045771216, -4.89374325976, -13.3934184039
-0.499741837547, -4.01306003708, -4.88158556717, -0.000174414348845
-0.499704260669, -4.01258965584, -4.88089719934, -3.53611629979e-08
0.943635166542, 4.93359020371, -4.88574550472, -660.45537081
-0.498153890854, -4.01277158037, -4.88109729418, -0.000618201275256
-0.49969793249, -4.01259693296, -4.88090078782, -5.950757666e-09
-0.499818293658, -4.01260018954, -4.88090191538, -3.84712296808e-06
-0.976198538151, 3.51203472479, -4.95281806934, -82.9424189266
-0.499642178964, -4.01258884209, -4.88090066083, -7.28038645299e-07
-0.499701209727, -4.01280930328, -4.88088535066, -1.14230350301e-05
-0.49955813818, -4.01222369887, -4.8808976215, -3.99688950394e-05
-0.500605364382, -4.01236086784, -4.88087222522, -0.000223483223047
-0.499620157487, -4.01266303722, -4.88091657957, -2.61723162529e-06
-0.49969395164, -4.01259700701, -4.88089742123, -3.89800003006e-10
-0.499717513721, -4.01260464541, -4.88089733588, -1.4194316802e-07
-0.499693781555, -4.01259599771, -4.88089712297, -7.30745379223e-10
-0.499755899176, -4.01480980066, -4.88142460088, -0.00130613258254
-0.499462026042, -4.01259087071, -4.88088315466, -1.37794269584e-05
-0.499693614659, -4.01258775068, -4.88089761996, -2.27024892158e-08
-0.499485468764, -4.05807408777, -4.87877824061, -0.519194400434
-0.496782191229, -4.0146221149, -4.88085064868, -0.00317521512345
-0.499698921224, -4.0119837907, -4.88100581425, -9.80221333639e-05
-0.499701475937, -4.01258737283, -4.88094334294, -5.80027873757e-07
-0.499957286455, -4.01259737207, -4.88089823753, -1.73673421651e-05
-0.514431598238, -3.82827977411, -4.88095084084, -12.2040651042
-0.499747967556, -3.16002415808, -4.88117416831, -168.225528472
-0.499692203927, -4.0126011264, -4.8809017712, -1.2257846899e-08
-0.499696368426, -4.01256930136, -4.88089227098, -2.00991012365e-07
-0.499694930526, -4.0125872547, -4.88090872656, -5.99380956749e-08
-0.499691794137, -4.01259049545, -4.88081697153, -1.62783570094e-06
-0.499695317923, -4.01259506957, -4.88089925242, -2.46885355473e-09
-0.499678153907, -4.0125907792, -4.88093108246, -3.7819283856e-07
-0.499695161392, -4.01259770808, -4.88089668262, -1.10170180174e-10
-0.502153330734, -4.01760008994, -4.88024940738, -0.00795207587641
-0.499692551378, -4.01255516958, -4.88090022735, -4.48679030527e-07
-0.499695500648, -4.01259549252, -4.88089702604, -6.94534180735e-10
-0.499695916911, -4.01259956204, -4.88090072328, -5.47523573333e-09
-0.499692884109, -4.01260456993, -4.88089705282, -1.53812561774e-08
-0.499695548546, -4.0125953769, -4.88089868675, -1.62401213589e-09
-0.499714592639, -4.01260321837, -4.88088548816, -1.38751628449e-07
-0.499961114252, -4.01246067384, -4.88091228578, -2.26375200408e-05
-0.499691991191, -4.01259454522, -4.88089344408, -7.00286621737e-09
-0.499700699624, -4.01259708926, -4.88084958058, -5.73615744432e-07
-0.499670446122, -4.01258763973, -4.8809063931, -1.98676572746e-07
-0.499693211531, -4.01254724607, -4.88089567954, -6.29270270894e-07
-0.499764370766, -4.01257295494, -4.88091371867, -1.43312104325e-06
-0.499835009166, -4.01255399699, -4.88089752762, -5.41853056752e-06
-0.499456452314, -4.0125550108, -4.876603334, -0.00468541540476
-0.499878712605, -4.01258864136, -4.8795277036, -0.000482786540935
-0.499957076038, -4.01283496151, -4.89526108543, -0.0522100027727
-0.499976602301, -4.01255904078, -4.87873197891, -0.0012082503559
-0.499176609564, -3.93076851518, -4.87927752464, -1.8683722757
-0.499399179201, -4.01260483765, -4.88089691387, -2.21484049628e-05
-0.499684845455, -4.01265196585, -4.88094262765, -1.31741022986e-06
-0.499746758019, -4.01338989346, -4.88080316129, -0.000161529453971
-0.499694053523, -4.01259628069, -4.88089883498, -1.39096283514e-09
-0.499479937445, -3.23565245048, -4.87636746659, -153.424132013
-0.499728146367, -4.01259797582, -4.88086102423, -6.01976249579e-07
-0.499653715308, -4.01259387093, -4.88099391385, -2.81606756089e-06
-0.499672818034, -4.01259773336, -4.88089760046, -1.25387491414e-07
-0.499743441902, -4.01404030559, -4.88089074643, -0.000526380005679
-0.499694594594, -4.01260125565, -4.88089773821, -4.64258954694e-09
-0.499626369824, -4.01238867358, -4.85546461929, -0.162719624122
-0.49969199946, -4.0126059052, -4.88088940554, -3.61740092145e-08
-0.499695496099, -4.01259438203, -4.88089655674, -1.92033672974e-09
-0.499758112632, -4.01249446571, -4.89710545717, -0.0665105550277
-0.499694196401, -4.01259778679, -4.88089711398, -3.29666509657e-10
-0.49967839365, -4.01259564605, -4.88089778825, -7.10156575402e-08
-0.499676394286, -4.01269299966, -4.88073813978, -8.7827275991e-06
-0.499658172324, -4.01253746293, -4.8811145851, -1.32188738021e-05
-0.499723089355, -4.01259333446, -4.88089515968, -2.0287776991e-07
-0.499697517239, -4.01258980805, -4.88088664299, -4.13976024325e-08
-0.499695024713, -4.01259816979, -4.88089635281, -3.67913805151e-10
-0.499684896534, -4.01256595152, -4.88089679576, -2.71244215923e-07
-0.499705094014, -4.01214189452, -4.88720500741, -0.0101084123229
-0.499707844625, -4.01259479747, -4.88089704579, -4.26263305708e-08
-0.499757131803, -4.0122153342, -4.8807675551, -4.20191401448e-05
-0.499695009877, -4.01259718348, -4.88089686745, -3.20062766819e-12
-0.49969496649, -4.01259636776, -4.88089665466, -1.45036638869e-10
-0.499696547216, -4.01259731982, -4.88089698541, -5.72254981507e-10
-0.499660061935, -4.01282126035, -4.88088911272, -1.30210058455e-05
-0.499589408146, -4.01130077449, -4.88255285655, -0.0011241669021
-0.499695765613, -4.01259534801, -4.88089683941, -8.87236696303e-10
-0.50907734821, -4.01289227482, -4.8827673195, -0.0232105709794
-0.500240332719, -4.00882300999, -4.88098383087, -0.00369256571814
-0.499946519122, -4.01403707572, -4.88130383934, -0.000581465438312
-0.499702259275, -4.01259638664, -4.88090449006, -2.7864821105e-08
-0.489820839386, -4.01260177262, -4.88076500228, -0.0245330130088
-0.460849524438, -4.01258269057, -4.88088081591, -0.370372931398
-0.499696831827, -4.01260247361, -4.88089938151, -9.71851204773e-09
-0.499696930305, -4.01259706754, -4.88089357988, -3.6300867907e-09
-0.499695328288, -4.01259714955, -4.8808967721, -2.13938204342e-11
-0.499698177039, -4.01256912858, -4.88092693892, -4.28460234506e-07
-0.499883997714, -4.03383023235, -4.88069878392, -0.111815409614
-0.499695126258, -4.01259711047, -4.88089690243, -1.17918325079e-12
-0.499689753538, -4.01259641058, -4.88087580958, -1.1948101797e-07
-0.499691772663, -4.01259710297, -4.88089713749, -2.75908090209e-09
-0.499694621732, -4.01259919448, -4.88089630961, -1.25708827286e-09
-0.499696927089, -4.01259736435, -4.88089722916, -9.27556291096e-10
-0.499696253791, -4.01259608128, -4.88089512355, -1.39007897849e-09
-0.499694923488, -4.01259780947, -4.88089604371, -3.13835195124e-10
-0.499737571686, -4.01286623847, -4.88089392527, -1.87576201598e-05
-0.499747171928, -4.0126479443, -4.88113899522, -1.61502545422e-05
-0.499695051528, -4.01260298159, -4.88089655581, -8.82005702027e-09
-0.499694932759, -4.01259753415, -4.8808968945, -5.55900804471e-11
-0.499695422889, -4.01259752691, -4.88089692969, -8.23751480209e-11
-0.49964280805, -4.01267259608, -4.88075983456, -6.87960855299e-06
-0.498800184631, -4.01302088876, -4.88100898953, -0.000251243962794
-0.499693082653, -4.01262643513, -4.88088872863, -2.35669892571e-07
-0.499693144586, -4.01259715596, -4.88089654846, -9.61717213092e-10
-0.499695028172, -4.01259598291, -4.8808948034, -1.39580925918e-09
-0.499698134216, -4.01260272956, -4.88060311599, -2.18092764237e-05
-0.499695859404, -4.01257765733, -4.88089018299, -1.06932350883e-07
-0.49969996365, -4.01259533126, -4.88069942855, -9.8556051889e-06
-0.499784832293, -4.01243437672, -4.88098265816, -1.05841289096e-05
-0.499689302607, -4.0125974876, -4.88090912936, -4.63975856951e-08
-0.499585980735, -4.01309144797, -4.88090283745, -6.47165002121e-05
-0.499695184453, -4.01259950701, -4.88089285894, -5.5720548535e-09
-0.499694717252, -4.01259722423, -4.88089611982, -1.8091989706e-10
-0.499693561846, -4.01259689733, -4.88090302075, -1.01239051675e-08
-0.499691149749, -4.01260023284, -4.88090073933, -1.01548200714e-08
-0.499689659648, -4.01259710362, -4.88093067105, -2.96129401329e-07
-0.499694845672, -4.01259717446, -4.8808968388, -1.46553976499e-11
-0.498906698274, -4.0125600425, -4.88019185011, -0.000283799207595
-0.499700763443, -4.01260336126, -4.88087912152, -9.79005661827e-08
-0.499697912891, -4.01259817533, -4.88089627676, -2.4426321559e-09
-0.499679527418, -4.01563889955, -4.88084398322, -0.00232879421035
-0.499697420806, -4.01259835782, -4.88089680993, -1.81400069441e-09
-0.497305920832, -4.01269739514, -4.88086268117, -0.00144737561193
-0.499693131158, -4.01259779753, -4.88089458063, -2.40925208537e-09
-0.499694144086, -4.0125975183, -4.8808982814, -7.60263235393e-10
-0.499744140055, -4.01259843964, -4.88082075738, -2.07411130605e-06
-0.496861762242, -4.0122873537, -4.88102197884, -0.00205724583158
-0.499684709601, -4.01260095818, -4.88087014126, -2.11658604412e-07
-753.396839934, -656.317481341, 802.922914468, -6.37468262445e+19
-1038.36507972, 1488.64309793, 407.331825819, -1.81674891615e+21
1372.96933587, -309.875574515, -1012.64820452, -4.34108435638e+21
511.722913561, -1547.46094516, -292.037926804, -1.59184287758e+21
161.427415626, 35.2948960775, 271.096851527, -3.93456098598e+15
-986.326770743, -505.436527067, -620.104220768, -3.87052097041e+20
-155.784454971, -60.654785541, 1806.78524411, -3.40952511395e+21
-214.649307647, 1742.90428658, 48.5170149222, -5.14288566359e+21
1741.6857333, 648.176393919, -247.532500959, -3.35048538016e+21
672.617701782, -1105.78156929, 946.558401785, -1.09798865373e+21
-90.9346491147, -431.966006065, 887.276965715, -7.23773177254e+18
281.244565087, -617.632226723, 1324.15277263, -1.52078054657e+20
617.29316657, -238.700503805, 1153.51561771, -2.2446211307e+20
1402.90959384, 413.893341838, 91.5341626836, -7.82325708656e+20
-1122.2331192, -1131.9825801, 305.486441533, -6.62481197399e+20
684.063173376, -945.388470263, 1342.30271263, -1.24550704022e+21
1762.6697758, -257.759841115, 770.48917423, -8.5688187617e+21
220.969208462, 902.100552599, 908.677570341, -4.74611632484e+19
-2129.73130074, 558.437840211, -597.182739062, -1.69456443561e+22
1122.28137661, -601.898172647, 62.1816808939, -4.07430137757e+19
-942.838617992, -544.49445741, 181.467926425, -3.85745506902e+19
25.2538023697, 400.002013982, -710.646372177, -1.31215466171e+18
-820.428378146, -228.283649425, 699.734189693, -6.58342130074e+19
-1213.22685454, 902.758016084, 1110.98229591, -6.89056971946e+21
980.974279605, -971.53791342, 1736.8317893, -7.54511017186e+21
763.556900574, -1282.14260606, 1763.49166189, -1.00429398523e+22
1348.82420591, -91.4409914855, -880.453110586, -1.96430202258e+21
833.15013089, -57.4520854998, -1139.08280211, -1.08094655896e+21
564.847896012, -311.69088366, 136.172323166, -3.21565017734e+17
-1505.9160666, -446.563598254, -18.5839079049, -1.20911089611e+21
438.503631871, -19.1626596043, -189.533161377, -7.28304147051e+16
-358.768364536, 548.868495009, 994.26705978, -1.98352243326e+20
-924.795952819, -61.7728694516, -128.453095583, -2.14610451548e+19
183.840040473, -650.600890504, -192.556518221, -1.20243195224e+18
-11.0307005013, -779.43670728, 135.055993379, -1.13115283325e+19
-393.144983145, -770.410899512, -512.134235024, -8.58375052113e+18
-68.0733438809, 1778.86342187, 95.3701211709, -5.55657506319e+21
-313.240356296, -326.606782828, 759.817938259, -6.28102576059e+18
-100.240783361, -767.440855889, -1370.59482893, -6.37394150063e+20
-830.909489565, 1672.30895314, 528.246403445, -3.02222782992e+21
858.960380283, 30.7926608393, -679.837904973, -9.61170760035e+19
-860.136515876, 1150.59694971, 877.216134857, -1.31248738549e+21
924.760594536, -230.095466833, -715.175502281, -2.27506721709e+20
161.248768912, -1440.05047511, 1604.17687794, -8.84951738054e+21
187.348749486, -642.703943593, 73.31117519, -2.49787870472e+18
-702.578947718, -1962.04415313, -265.555242011, -1.04959031235e+22
-483.616362402, 382.004688958, -61.120506962, -1.88909562659e+17
109.131146266, -105.486227393, 777.663842897, -2.10659207312e+18
-1550.22267263, 975.769836858, -924.019134757, -5.27716231698e+21
103.472528525, 1063.78177948, 1782.31884278, -6.04346817078e+21
636.451583179, -324.460911177, -714.987663176, -7.44188391787e+19
-699.881454102, 2061.77110034, 1249.60828968, -1.55455568109e+22
983.757693409, 731.821978708, -1933.2493148, -1.68797616956e+22
-32.4024197026, -1767.91831619, 956.213996956, -1.57079048319e+22
607.053963575, -615.31101804, 1746.01111549, -2.02234288708e+21
-1.97198700613, -44.8470300393, 1347.89214763, -2.52752245496e+20
1435.31785479, -501.582468601, -217.768009212, -3.0024369434e+20
-808.389062525, 488.756162847, 101.732159196, -4.22786136578e+18
1478.27210608, 1822.04118942, -343.325799206, -1.67570040089e+22
932.978548976, 359.550705018, 593.658149592, -2.15425866843e+20
-463.187387065, -43.4631388399, 631.099877684, -8.31255798516e+18
18.4402143798, 697.663848925, -937.210802023, -3.90947885924e+19
1466.43045017, 2073.60665062, 1613.33272879, -9.57729651528e+22
853.766357704, -549.342480841, 344.239185458, -2.10265088877e+19
-910.950379067, 1057.12878528, 553.233356082, -3.40761303512e+20
1092.81527302, -545.482235699, 596.49863097, -2.32996866849e+20
-734.140063209, -267.83763813, -154.736527231, -7.8482364394e+18
1021.16661398, -350.102540895, 30.4897954888, -1.62797181439e+19
1699.64269608, -122.529293779, 858.380082597, -9.28141694886e+21
955.024565598, 93.3434518081, 1883.00796306, -1.20205358436e+22
547.828187589, 68.1999569535, 382.781763049, -2.82400123862e+18
-532.749158107, 743.729225625, -640.015196742, -5.68210174737e+19
-1867.60524524, 1252.34071216, -1963.19236957, -1.26864171747e+23
-1881.99541642, 750.797224138, -273.056948605, -3.02502056265e+21
427.537908857, 216.305539372, 202.960130951, -2.91859413225e+17
-340.614960781, -987.842736794, 1290.61522518, -5.86691073175e+20
-115.393473448, 1768.64588816, 720.446423762, -2.66439972619e+21
-237.016467755, 742.960647609, -726.515221389, -4.26451606569e+19
592.704172269, 577.083575722, -1505.20028406, -1.40068735184e+21
-324.831242815, -377.520878445, -388.870698507, -5.33176019553e+17
1104.83487685, 1508.59493728, 422.558940062, -2.98344944541e+21
430.529960278, 891.025989518, -1704.33874744, -2.04031249559e+21
-1106.9864689, -1376.14250653, -1541.54560456, -1.68913930438e+22
-740.631699026, -1631.18259211, 1271.48925985, -1.14439723602e+22
391.122649427, 889.858107075, 1639.00829767, -2.47642934989e+21
-1418.63856151, 465.288133936, -1722.07760921, -2.52395604646e+22
-188.636511696, 859.468333659, -675.382630827, -8.93551881017e+19
863.83620176, 68.4957520868, -146.819694581, -6.54410857793e+18
1375.11081909, -455.236138459, 714.050932045, -1.38741768916e+21
1554.71133799, 960.853316348, 778.209448124, -1.15263266592e+22
1381.63987727, -885.047642507, -756.503477234, -2.97974405251e+21
-1191.52570503, 1669.99711578, 136.213320952, -5.79028149886e+21
690.439084177, -750.600256779, -1037.60831564, -9.65959402539e+20
2003.15418633, -1296.93945042, -5.75311131572, -5.8720004158e+21
-1074.52686415, 423.44807259, 999.762705914, -1.87297638993e+21
1723.91901424, 639.195265852, -1414.78400651, -1.9298649317e+22
-1994.30716988, 392.423847683, 1582.04044037, -1.08462050926e+23
863.6535968, -40.1623420414, 1809.1789554, -6.91840960147e+21
-216.764291882, 868.730062461, -1244.3649368, -3.19375079471e+20
595.171180294, 499.405066887, 1420.44997692, -1.08810176645e+21
-1354.77221222, -61.2835221386, -529.735800337, -1.12537206385e+21
-1470.60328205, -1071.13112866, -536.42888175, -6.19377781959e+21
1694.15600554, 839.480195217, 1337.06257835, -4.75600764938e+22
-716.852224925, 663.479218121, 1411.49506712, -4.81752850861e+21
-150.195903683, -691.627267598, 28.5044847882, -3.29030728605e+18
-270.112594938, -651.0560697, -553.097722629, -2.47201207978e+18
-931.973887826, 1127.9427275, 1629.90824919, -2.54109847366e+22
1166.32030525, 1478.46990761, -2110.66562172, -3.74880094449e+22
-1577.04712614, -393.05422289, 32.093050186, -1.44062739231e+21
1968.09410611, 190.584636921, -41.7384318818, -5.92076903789e+21
-625.480946469, -722.706502093, 347.199565547, -1.42993995004e+19
-1094.51830533, 473.873827263, 251.709555046, -5.38004731889e+19
-731.67823429, 818.165348223, 261.859748949, -2.67651115585e+19
78.8424061108, 1897.19214977, -1107.13109999, -2.9912936518e+22
1784.36567589, -546.099028334, -899.902108169, -1.12663154488e+22
85.1226046846, -14.3132964631, 49.2354198292, -170259.531694
427.895594753, -639.697023628, 1241.49546951, -1.69393729643e+20
-91.3599645172, -182.906700283, 466.103544182, -5.92326130527e+16
64.3629516097, 258.080701034, -1365.77141362, -2.23075249877e+20
1151.09334134, 558.597210501, -1581.79540021, -8.50939564968e+21
-349.675511014, -1648.71046109, 52.851707072, -3.39241679808e+21
818.228978065, -77.2021034917, 251.633626507, -1.14690002142e+19
1339.47730924, -1549.59195188, 183.970640361, -5.57201550854e+21
-625.361040056, -233.338961562, -411.037899835, -9.34889975998e+18
928.985454399, 335.176111447, 183.218925023, -4.85903028226e+19
-144.070604179, 15.9699271318, -686.241562096, -8.6361120127e+17
-1675.02449907, -952.733976186, -1472.54533948, -6.22050578378e+22
-687.127132108, 790.492651987, 1944.3783143, -3.30853079604e+22
-1896.76643773, 339.200071632, -701.864701951, -1.11212474541e+22
234.348101425, 549.078553569, -557.927964617, -2.92901673121e+18
706.672057763, -1509.46924338, 429.230381749, -3.82998599508e+21
10.5041551645, -125.185271708, -400.075500044, -2.64655412482e+16
-1386.89059776, 624.842911312, 105.103805021, -1.92226685688e+20
-453.626445146, -339.211255771, 735.646101382, -1.05430778403e+19
1882.02354014, -689.740788063, -1239.21870956, -4.32495394149e+22
-1148.48349269, 1518.16887104, 599.253079457, -2.80043847861e+21
1661.87681288, -2018.61677248, 541.231873423, -5.84309780983e+22
1690.72903556, 711.178382458, -1004.95235541, -5.22283867354e+21
52.8113801485, 1198.75299545, 1832.63390103, -8.88095150234e+21
1603.18417741, 885.129899707, -75.7286924007, -3.2277866962e+21
6.51945631346, 387.601081217, 799.514258985, -9.57385178424e+18
-882.474838222, 443.018808129, 1233.8452172, -2.89972404524e+21
505.625656755, -433.902965733, 121.444149294, -4.78880719253e+17
-1653.72490124, 540.928716248, -1054.258521, -1.01139071521e+22
2014.91562871, 1252.77695198, -1584.62908241, -4.676170588e+22
661.372486003, 405.936132204, -306.516570423, -2.29912264202e+18
-463.067580163, 109.2619705, 1457.80599657, -1.73737646688e+21
-156.147504812, 110.328492494, 219.729562259, -3.51699551187e+15
178.621705641, -324.791735246, -312.950763306, -7.24191102826e+16
-27.2226139868, 1485.05739668, 493.274898483, -7.44624333929e+20
-226.983295569, 249.19219979, 506.797474942, -1.13324565942e+18
-1115.93251932, 638.194580536, 1499.2397599, -1.65326931824e+22
1259.39003802, 645.563702749, -1371.5834565, -4.91859010718e+21
-1563.14360956, -327.335779299, 91.1356982593, -1.11887854527e+21
-783.777378308, 729.747410865, -1920.86303931, -5.99974545388e+21
809.465291176, 1146.67368787, -265.826389331, -3.42584929466e+20
858.49068582, 6.60552554511, 260.211921925, -1.94474126717e+19
-74.7207015016, -679.983440588, -562.179189848, -1.74311612952e+18
820.859424484, 516.395584025, -1545.63738894, -3.28909646858e+21
1114.88501774, -779.957167001, 89.0891552389, -7.65412479182e+19
526.079487853, -110.586280717, 352.851410682, -1.32869022511e+18
721.37493137, 155.9563831, 1261.79887546, -7.46840165698e+20
1167.78789123, 19.0197350119, -1198.98697111, -3.54698238444e+21
205.830551193, 1162.40612297, -771.51710335, -6.53843676767e+20
196.705215607, -1422.55697401, -288.785284457, -7.00115330913e+20
364.034377103, 1346.67796679, -506.677397573, -1.26240041565e+21
-708.192512651, -773.519513444, -61.7171407054, -2.75613353309e+19
120.346209415, 623.223312506, 37.1383972759, -1.21066495901e+18
-1177.79951878, -135.743880927, 547.029681664, -1.8839707295e+20
-456.013969117, -291.041882878, -557.002805276, -5.53962162031e+18
-16.0550366932, -537.026446083, 759.668709191, -5.4959367828e+18
-470.717042856, 896.766938961, 710.023587414, -9.37805816011e+19
-323.904146905, -1226.99924876, -755.893983197, -1.26971477182e+20
274.986689494, 354.79012877, 884.027311756, -1.71443981151e+19
-47.3732503608, -2122.24830006, -996.19267895, -9.97655199808e+21
1684.33734946, -1075.36849977, 771.496681231, -5.97098734504e+21
-150.861565968, -1627.36913498, 25.3547805943, -2.98736343342e+21
-44.7069943747, -1306.45550937, 559.344839985, -1.13065041006e+21
1423.69054073, 1782.53970822, -1960.36316208, -5.89585519276e+22
-775.801813349, 256.791384452, -605.582635603, -4.22750260479e+19
1031.43514637, -1514.5001571, 703.125991432, -7.08046607793e+21
1130.31632471, 1449.14883181, 820.004494012, -4.54980148725e+21
168.929525067, -324.493586763, -334.529740947, -9.10048093009e+16
-718.781907242, -1498.87069005, -166.461813267, -1.41166501251e+21
42.3128013937, 1415.79018813, -177.889409899, -1.24601863201e+21
-44.7579612423, 1036.21168894, -1792.93148495, -2.31232211604e+21
-588.401620281, 142.345302984, -53.3381088651, -2.66945537738e+17
-348.422989246, 734.718444202, -2075.69816239, -4.01838096941e+21
983.780685606, 583.633456373, -931.253046044, -3.24014421743e+20
277.532820303, -1109.14451732, 658.509603462, -4.81832244908e+20
190.990346108, 1313.15054594, 1315.61230112, -9.39084846159e+20
1868.80240215, 373.164384857, -1157.91729444, -1.58670564927e+22
-137.975417858, -268.578573833, -205.513977384, -2.55458107953e+15
1664.24055582, 605.560486027, -650.97052747, -2.29504569426e+21
-6.33644293335, 1383.38285839, 24.1405940114, -7.91917574963e+20
1145.95488373, 426.014989011, 581.25048503, -7.13170061866e+20
-5.04382061868, 120.211599201, 620.763798459, -8.19654005186e+17
-740.593779473, -71.6164422766, 301.440586469, -3.50394005213e+18
271.861450466, 1952.93684583, -560.730337841, -2.14357263582e+22
-816.028537023, 2190.3386434, 480.418859294, -2.56073521025e+22
