-0.49969528991, -4.01259710443, -4.88089687133, -1.28025186278e-11
-0.499695016919, -4.01259708892, -4.8808976616, -1.55822119716e-10
-0.499696171588, -4.01260047671, -4.88089687765, -3.21899818605e-09
-0.499694931487, -4.0125968729, -4.88088777068, -2.09895463844e-08
-0.499687074088, -4.01263248645, -4.8808964765, -3.33201940917e-07
-0.500220962273, -4.01307096636, -4.88089495572, -0.000126542072873
-0.499685322176, -4.01259646777, -4.88228120845, -0.000484284830031
-0.505085850248, -4.02080535517, -4.88365760623, -0.0262605979828
-0.514290626088, -4.01929407365, -4.87830937915, -0.0666925478969
-0.520639276279, -4.03635532925, -4.87505823162, -0.256514721009
-0.522667438548, -4.05201453544, -4.91188245037, -0.768189924459
-0.497954909399, -4.01393695307, -4.9508360679, -1.26319812046
-0.498195342287, -4.01649784665, -4.95296941291, -1.34846117032
-0.485484010727, -4.01101779304, -4.99427788683, -3.66227507336
-0.514926923177, -4.01443429597, -4.99521211839, -3.83676110048
-0.488110214532, -4.01480127425, -4.99810538262, -3.9167912738
-0.489023474701, -4.01463597513, -4.99900416138, -3.98811833375
-0.488205687847, -4.01827068657, -4.99898302183, -3.99605942049
-0.487602604325, -4.01593654155, -4.99900989794, -3.99676045394
-0.488808632035, -4.01638118628, -4.99937831503, -4.02857384776
-0.87402578757, -1.94022015901, -4.80923155001, -472.118396483
-1.47262346723, -1.36906142288, -4.99998884249, -660.855783783
0.0343512848286, -1.15689689029, -4.80538708278, -1013.58861902
-1.39497887539, -3.17655593571, -4.93265918831, -232.623994831
-1.38562958128, -2.38810819874, -4.83995355638, -364.470884434
-1.42359270314, 3.54771853651, -4.84569886819, -7.37870450027
-1.43128153146, 3.5478058635, -4.84619898336, -3.33840406833
-0.768928509647, 3.2295603662, -4.62581039404, -253.585613881
-1.10130340739, 4.19699086026, -4.92465928268, -160.864175535
-0.466238823956, -0.567394075069, -4.88424222838, -808.794648899
-1.77911463393, -0.215515296536, -4.86271856132, -781.705594773
-0.204838335199, 4.90000999951, -4.85031091723, -355.865036706
-0.519936550546, 3.02018926263, -4.86018504217, -402.425240529
-0.498237458144, -4.01355404123, -4.85507029618, -0.168384504024
-1.24951944604, 4.99915548625, -4.85104199099, -262.245359327
-2.84609197523, -1.36828725118, -4.98319156848, -733.098618448
-0.941080841431, 4.99092581211, -4.89015947238, -245.5048745
0.452243158653, 4.99231217725, 0.737021836722, -1116.66404647
-3.83266746233, -3.70291589675, 0.963146569518, -1810.8887284
-4.99959578982, 1.04167897589, -2.44705686047, -832.305001086
-1.96612944752, -3.72039238302, 4.90006052101, -3418.54034252
-1.78715897953, -4.93273934989, -4.28915479122, -165.931278684
-3.39507506742, -3.31727576006, 2.34683608107, -4.05776420414e-06
-3.43699225905, 2.32050939082, -4.92274974633, -330.847751091
-3.39503288744, -3.31737361494, 2.34683434352, -1.81122293589e-05
-3.39485216357, -3.31730624422, 2.34669577949, -0.000146563634833
-3.01852728542, -3.57899673165, -4.99952549096, -401.76180097
-4.40326910816, -4.74925224784, -4.99900906878, -1236.31072378
1.37379296801, -4.22149867094, -2.99755584791, -386.372512447
-0.54435009357, -3.48202711537, 4.90984934409, -1993.96550662
-2.39233466226, -4.99759976861, 1.7949455321, -3326.20482141
-0.499695093687, -4.01259707198, -4.88089687076, -3.36908938314e-13
-0.872694706646, -4.9003396515, -4.99302211188, -106.347766598
-0.499695359808, -4.01259860429, -4.88089210856, -6.3581111915e-09
0.0881295117141, 3.2781141884, -4.81401565855, -709.705462577
-0.499695047408, -4.01259703603, -4.88089711343, -1.4655358975e-11
-0.499695265257, -4.01259632691, -4.88089564224, -5.41576765095e-10
-0.510826952466, -4.01180737609, -4.88101347172, -0.0315022264678
-2.16445096702, 4.90000997675, -4.96872153958, -166.116048872
-0.4996813819, -4.01259717965, -4.88091008726, -9.14718461319e-08
-0.499694429444, -4.0125971392, -4.88091385309, -7.29734025611e-08
-0.499610648721, -4.0125937934, -4.87986817069, -0.000269785737317
-0.49969436052, -4.01259738059, -4.8808968974, -1.47901092051e-10
-0.499696530125, -4.01259883009, -4.88089684315, -1.31316359658e-09
-0.499695032871, -4.01259454917, -4.88089756, -1.74378290813e-09
-0.499695041584, -4.01259768763, -4.88089887213, -1.09770486678e-09
-0.499695053105, -4.01259664453, -4.88089744998, -1.3172911423e-10
-0.499695002599, -4.01259738739, -4.88089686612, -2.42574451679e-11
-0.499694236118, -4.01259223875, -4.88089690391, -6.11240412891e-09
-0.73457641955, 4.92317455748, -4.92033367297, -298.165420479
-0.499692710859, -4.01261794268, -4.88089293495, -1.15370338838e-07
-0.499695066917, -4.01259708189, -4.88089688523, 0.0
-0.499694350835, -4.01259708433, -4.88089689748, -1.29202402576e-10
-0.333690729873, -4.10550034769, -4.8838914337, -8.50497290749
-0.499695049651, -4.01259711079, -4.88089688595, -1.68454602856e-13
-0.499695031291, -4.01259705251, -4.88089690367, -6.73816306693e-13
-0.499695107693, -4.01259708784, -4.88089686564, -5.05363603191e-13
-0.500044173604, -4.01258931645, -4.88089693326, -3.08027025189e-05
-0.499694256101, -4.01259387732, -4.88093177637, -3.10711026372e-07
-0.499695068871, -4.01259709881, -4.88089685704, -1.68454535079e-13
-0.49969538942, -4.01259709877, -4.88089688477, -2.66157935898e-11
-0.499695086717, -4.01259712595, -4.88089687562, -5.05362940898e-13
-0.49969482098, -4.01259709175, -4.88089722368, -4.53140899268e-11
-0.499695069248, -4.01259709495, -4.88089687072, 0.0
-0.499695086018, -4.01259706585, -4.88089687289, -1.68454365376e-13
-0.499699976019, -4.01257226855, -4.88096529146, -1.34485950778e-06
-0.499802580338, -4.01227037042, -4.8808983274, -2.99020210056e-05
-0.499694995102, -4.01259555286, -4.88089684647, -5.94972348055e-10
-0.499692875494, -4.01259708036, -4.88089688901, -1.21273445055e-09
-0.499694774119, -4.01259718087, -4.88089693824, -2.47625903445e-11
-0.499695071303, -4.01259710738, -4.88089677336, -2.863715005e-12
-0.499700387258, -4.01259651885, -4.8808964131, -7.29781339959e-09
-0.499695059295, -4.01259709267, -4.88089604244, -1.76538512394e-10
-0.499695046289, -4.01259690761, -4.88089779802, -2.22190922561e-10
-0.499695070357, -4.01259708175, -4.88089686985, 0.0
-0.499695095112, -4.01259711641, -4.88089683403, -1.01072601757e-12
-0.499695086626, -4.01259733951, -4.88089690886, -1.68455362053e-11
-0.499695067609, -4.01259717679, -4.8808967893, -4.21135095553e-12
-0.499757307023, -4.01259709317, -4.88089688236, -9.79477840788e-07
-0.499695093763, -4.01259901902, -4.88089681933, -9.47279454587e-10
-0.499695056891, -4.01259709322, -4.8808968768, 0.0
-0.499695006745, -4.01259711834, -4.88089691129, -1.51608748078e-12
-0.499695061475, -4.01259706917, -4.8808968569, -1.68453765541e-13
-0.499695039477, -4.01262536995, -4.88089711271, -2.02360882367e-07
-0.499695058125, -4.01259727151, -4.88089587346, -2.63968602388e-10
-0.499700152603, -4.01259621614, -4.88090161635, -1.24139670419e-08
-0.499695066747, -4.01259655531, -4.88089679761, -7.26024158317e-11
-0.499695066309, -4.01259707343, -4.8808968642, 0.0
-0.499695066315, -4.01259707286, -4.8808968642, 0.0
-0.499695066309, -4.01259707428, -4.88089686405, 0.0
-0.499695066312, -4.01259707343, -4.8808968642, 0.0
-0.499695079, -4.01259691205, -4.88089693107, -8.25418278861e-12
-0.499695094533, -4.01259875723, -4.88089691581, -7.07881860291e-10
-0.499695074456, -4.01259701269, -4.8808978604, -2.45439422409e-10
-0.499695076098, -4.01259705526, -4.88089715734, -2.00458365554e-11
-0.499695148185, -4.01259766013, -4.88098991731, -2.18873570581e-06
-0.49969506472, -4.01259709326, -4.8808968848, 0.0
-0.4996950648, -4.01259709327, -4.88089688481, 0.0
-0.499696200278, -4.01259609701, -4.88092820222, -2.48673772668e-07
-0.499695063743, -4.01259708363, -4.88089686994, 0.0
-0.499695064789, -4.01259709327, -4.8808968848, 0.0
-0.49969507092, -4.01259705506, -4.88089686723, -3.36907592756e-13
-0.499696774463, -4.01265504233, -4.88090196491, -8.56903186669e-07
-0.499694868078, -4.01270969617, -4.8808969777, -3.20661187576e-06
-0.499695001323, -4.01260898328, -4.88089685312, -3.5807188203e-08
-0.499692121607, -4.01259742277, -4.8808980034, -2.54078152047e-09
-0.499598997185, -4.01259712337, -4.88089686901, -2.33316168624e-06
-0.499695042072, -4.01259709191, -4.88089677006, -3.0321577653e-12
-0.499695177442, -4.01259708224, -4.88089654118, -3.18375304628e-11
-0.499704179379, -4.01259710643, -4.88089694469, -2.10069152079e-08
-0.499695075819, -4.01259709328, -4.88089687733, 0.0
-0.499695052965, -4.01259701464, -4.88089685678, -1.34762425911e-12
-0.499694993034, -4.01259708705, -4.88089687837, -1.34763138621e-12
-0.499695073694, -4.01259708404, -4.88089688145, 0.0
-0.499694856661, -4.0125870643, -4.88089302934, -2.9146076401e-08
-0.499695072681, -4.01259711213, -4.88089685727, -3.36909175683e-13
-0.499695065027, -4.0125970881, -4.88089687611, 0.0
-0.499695075143, -4.01259712338, -4.88089689252, -5.05363759448e-13
-0.499695074736, -4.0125955628, -4.88089671521, -5.92444743384e-10
-0.499695093633, -4.0125970696, -4.88089690079, -3.3691003543e-13
-0.499695495669, -4.01279003217, -4.87977574376, -0.000327526485773
-0.499695059275, -4.01259702716, -4.88089687568, -8.4226800713e-13
-0.49969518988, -4.01259706881, -4.88089662946, -1.95405494145e-11
-0.499695086959, -4.01259707035, -4.88089689937, -3.36909804853e-13
-0.499695069364, -4.01259707376, -4.88089709909, -1.24655513704e-11
-0.499695061793, -4.01259715295, -4.88089642798, -5.23889287563e-11
-0.499683673645, -4.01257478018, -4.88090049859, -1.61911361652e-07
-0.499695681456, -4.0125889366, -4.8808925492, -2.16232365388e-08
-0.499695071056, -4.01259717045, -4.88089688097, -1.85300044843e-12
-0.499695478366, -4.01250753284, -4.88089606665, -2.0274633019e-06
-0.499695059257, -4.01259740216, -4.88089688447, -2.54367776077e-11
-0.499700436659, -4.01259873418, -4.88089650313, -8.01974148747e-09
-0.49969493578, -4.01259703406, -4.88089690463, -5.05356315601e-12
-0.499695095007, -4.01259708042, -4.88089686616, -3.36908894913e-13
-0.499695117569, -4.01259730603, -4.88089681643, -1.3981779372e-11
-0.499695061983, -4.01259708363, -4.88089688458, 0.0
-0.499695065768, -4.0125970893, -4.88089686453, 0.0
-0.499695052967, -4.01259708947, -4.88089688134, 0.0
-0.499695067031, -4.01259710668, -4.88089687437, -1.68454381846e-13
-0.499694988194, -4.01259709064, -4.88089694422, -2.69526399686e-12
-0.499695058922, -4.01259709236, -4.88089690397, -1.68455103209e-13
-0.499695065939, -4.01259709169, -4.8808968759, 0.0
-0.499695061595, -4.01259508102, -4.88089687371, -1.01542149467e-09
-0.499695067714, -4.0125970503, -4.88089687889, -3.36908204301e-13
-0.499695083631, -4.01259708234, -4.88089687054, -1.68454608005e-13
-0.499695077145, -4.01259708428, -4.88089689421, -1.68455090829e-13
-0.499695073102, -4.01259689749, -4.88089687788, -8.92798885909e-12
-0.499695131094, -4.01259706421, -4.88089684324, -1.51608915287e-12
-0.499693457498, -4.01582720947, -4.88090215963, -0.00262361293788
-0.499695060673, -4.01259709352, -4.88089687049, 0.0
-0.499695071188, -4.01259705814, -4.88089688458, -1.68454100319e-13
-0.499695054187, -4.01259709959, -4.8808965915, -2.08880932686e-11
-0.499695074393, -4.01259706628, -4.88089693773, -1.01072815063e-12
-0.49969520968, -4.01259733807, -4.88089686742, -2.15624601276e-11
-0.499696361637, -4.01259689527, -4.8808968781, -4.33942111165e-10
-0.499695065306, -4.01259707308, -4.88089688265, 0.0
-0.499695059275, -4.01259709319, -4.8808968884, 0.0
-0.49969507169, -4.01259710726, -4.88089689104, -1.68454861617e-13
-0.499695261257, -4.01259707648, -4.88089571193, -3.53581357812e-10
-0.499695065265, -4.0125970734, -4.88089688415, 0.0
-0.499695022029, -4.01259700482, -4.8808954936, -4.86665537073e-10
-0.499695048839, -4.0125970171, -4.88089702524, -6.7381094818e-12
-0.499695114075, -4.01259708775, -4.88089687953, -6.738191566e-13
-0.499695102811, -4.01259708712, -4.88089687962, -3.36909738501e-13
-0.49969518641, -4.01259724671, -4.88089707973, -2.05516958358e-11
-0.499695066395, -4.01259701887, -4.88089686341, -1.17917276656e-12
-0.499696266021, -4.01259709113, -4.8808967221, -3.70768734295e-10
-0.49969507994, -4.012597065, -4.88089687957, -1.68454334136e-13
-0.49969507834, -4.01259708566, -4.88089688181, 0.0
-0.4996951092, -4.01259723935, -4.88089688417, -6.56976468126e-12
-0.499695054572, -4.01259700092, -4.88089682666, -2.52679125917e-12
-0.499695075091, -4.012597047, -4.88089688206, -3.36908187701e-13
-0.499695067245, -4.01259710647, -4.88089687619, -1.68454362145e-13
-0.499695079851, -4.01259702877, -4.88089691482, -1.17917870706e-12
-0.499695072611, -4.0125971105, -4.88089688177, -1.68454566079e-13
-0.499695076607, -4.01259720592, -4.88089692809, -4.37984775746e-12
-0.499695174137, -4.01259711902, -4.88089674005, -8.08579654874e-12
-0.499692458598, -4.01259740762, -4.88089691462, -1.74523744719e-09
-0.499695075651, -4.01259710176, -4.88089690883, -3.36910420579e-13
-0.499695322131, -4.01259713976, -4.88089759521, -1.47568168855e-10
-1392.76575691, -1212.77020108, 1486.66318547, -8.7565037554e+21
-1922.56256388, 2756.93903484, 754.386215154, -2.50107532846e+23
2543.20014837, -571.133951153, -1877.03963527, -6.0022110788e+23
949.174993526, -2865.37742419, -543.642423936, -2.20836149179e+23
297.29805552, 68.4861422745, 499.296430673, -5.19822986667e+17
-1825.4415346, -936.389006255, -1149.49406672, -5.33962557349e+22
-284.885224323, -112.89862254, 3346.93180934, -4.65058581491e+23
-396.56752307, 3229.5543749, 85.8660723616, -7.13696276381e+23
3225.9486012, 1201.8606909, -458.73052312, -4.6458307407e+23
1243.94422087, -2048.63077878, 1755.78358965, -1.53684255392e+23
-167.873904599, -803.455167853, 1645.54618305, -9.93378308282e+20
517.948892737, -1143.12154733, 2454.31561947, -2.09530221766e+22
1146.47763927, -444.793610544, 2138.36634102, -3.13947059357e+22
2597.99080754, 763.231850453, 166.707722718, -1.07726474419e+23
-2080.33715987, -2095.33768422, 568.866054648, -9.17223724884e+22
1267.52741045, -1753.03597245, 2486.92316076, -1.74380900273e+23
3265.69924102, -474.427192116, 1428.44932763, -1.19314886218e+24
406.221049624, 1670.95737318, 1684.64689997, -6.50551848065e+21
-3944.90452119, 1032.42499629, -1103.89747883, -2.34220292436e+24
2078.93667335, -1113.22468278, 118.970840777, -5.66874631858e+21
-1745.48684449, -1008.42288031, 334.29990905, -5.32971634848e+21
43.9872054295, 742.75326747, -1314.06787814, -1.82736290184e+20
-1522.4743697, -425.74201515, 1296.87647885, -9.22714701601e+21
-2247.58050091, 1674.77483263, 2056.1032577, -9.55172185407e+23
1819.58298403, -1797.50093179, 3216.67691248, -1.04950765185e+24
1414.560529, -2376.61387086, 3267.11889971, -1.40323878757e+24
2499.03476641, -171.332343313, -1628.53290444, -2.70216752428e+23
1541.36811642, -109.398613171, -2109.89833348, -1.49663864359e+23
1046.28888305, -575.224160982, 253.762621285, -4.51149009756e+19
-2788.29949074, -823.922761252, -31.8049137186, -1.66044255912e+23
812.927116036, -32.8105900875, -353.042551166, -1.00300362955e+19
-667.404169887, 1019.74336759, 1839.9573563, -2.73327565218e+22
-1714.64983446, -112.891112555, -238.41792901, -2.98756643075e+21
344.020640907, -1204.71476305, -354.06865728, -1.69103820488e+20
-21.8315813155, -1446.38937115, 249.115667203, -1.59752206063e+21
-726.22048728, -1424.49386291, -951.063278712, -1.17581931801e+21
-124.784100607, 3294.48780175, 174.950577888, -7.67263756096e+23
-580.070271155, -605.95465077, 1410.17063912, -8.68311540368e+20
-189.603853828, -1421.09393002, -2537.59505244, -8.89796705679e+22
-1540.2492507, 3097.72585405, 979.343137239, -4.17085216725e+23
1591.20592763, 56.8968844783, -1256.36754348, -1.31362668955e+22
-1593.53786345, 2131.06393798, 1623.37930135, -1.81555818057e+23
1711.18755002, -427.441483461, -1323.27427596, -3.11509872195e+22
295.292834987, -2669.03958708, 2970.88253533, -1.23452283645e+24
349.713151755, -1189.93557996, 132.697859543, -3.4802835862e+20
-1300.94099768, -3634.38784884, -489.69199099, -1.45743409088e+24
-896.23525605, 710.01102304, -109.496737129, -2.57940864339e+19
203.481981456, -196.327434396, 1439.52334799, -2.80338585515e+20
-2872.70175034, 1806.75900461, -1712.03497966, -7.30922669261e+23
189.710059667, 1971.05099574, 3301.60188682, -8.30180593681e+23
1176.00715625, -602.532162449, -1323.96060418, -1.02179629193e+22
-1294.76559308, 3819.35732371, 2314.87307803, -2.1474514327e+24
1820.43429647, 1353.94469583, -3580.7920721, -2.34284983908e+24
-56.0708759876, -3274.37668884, 1768.93534311, -2.18046337853e+24
1126.66939732, -1140.66197762, 3234.53965633, -2.80489781478e+23
-0.63196361025, -81.799223816, 2498.48158048, -3.44807532987e+22
2658.90054128, -931.186432458, -406.250517018, -4.15641488115e+22
-1495.50861662, 903.54118713, 187.02749401, -5.81015767713e+20
2739.50200637, 3375.51172251, -638.496066782, -2.32779538594e+24
1725.93449684, 665.691727004, 1100.45346931, -2.97315432763e+22
-856.653451548, -82.7810360142, 1168.88317937, -1.14039885087e+21
31.7533494477, 1290.9015125, -1735.83350974, -5.36221979807e+21
2717.92872813, 3841.04911355, 2989.42490167, -1.33262276549e+25
1582.52150504, -1017.13487654, 638.62333936, -2.95120530715e+21
-1686.18502473, 1958.52202142, 1026.54970485, -4.74267133953e+22
2024.63038704, -1009.27298268, 1106.89019813, -3.25301113688e+22
-1357.44717544, -494.811557259, -289.855958015, -1.07737809928e+21
1891.66381101, -651.098580161, 52.5394161807, -2.24206051269e+21
3148.22936853, -225.296707438, 1592.0537634, -1.29119093408e+24
1767.75339253, 170.640171674, 3488.01833303, -1.65861603308e+24
1014.94544699, 123.409008639, 708.418632758, -3.9036183055e+20
-988.509411786, 1375.79461673, -1185.69809884, -7.74651763465e+21
-3460.074452, 2321.28858116, -3636.38042204, -1.75797488129e+25
-3486.21552623, 1391.96829467, -508.813523388, -4.20418483828e+23
788.799656036, 398.533802953, 373.225352291, -3.91444896484e+19
-631.568100131, -1827.96569087, 2389.08436582, -8.07514059181e+22
-217.424653112, 3276.55881987, 1334.02586081, -3.68738367961e+23
-437.61698299, 1376.94818644, -1343.03549765, -5.84022209202e+21
1096.69399663, 1065.99132509, -2787.06745667, -1.94862532529e+23
-600.580318815, -696.194061809, -722.548081019, -7.35097279462e+19
2048.03238808, 2794.27662988, 779.408769602, -4.14587429331e+23
794.312760901, 1648.91304563, -3156.96540458, -2.83788547392e+23
-2048.66584863, -2549.27664392, -2854.4940139, -2.33070801689e+24
-1371.58634446, -3021.21857678, 2353.98451556, -1.58640173231e+24
721.811645397, 1650.95689178, 3035.41150337, -3.39312464948e+23
-2627.40297851, 858.660554365, -3190.53334317, -3.50137461722e+24
-347.177586566, 1592.71610582, -1249.73109081, -1.22780231415e+22
1602.28141821, 125.105351723, -275.447033387, -9.11887313451e+20
2546.03378922, -844.849505851, 1320.99368415, -1.9130051043e+23
2878.81125325, 1777.95753057, 1439.91316873, -1.59235445887e+24
2559.93408621, -1638.05451045, -1402.31681682, -4.11976022803e+23
-2207.04320068, 3093.09802896, 249.079233944, -7.98308132856e+23
1276.35495338, -1393.1135046, -1921.24206568, -1.33376484102e+23
3710.80751718, -2403.48152764, -14.4157086724, -8.16604415909e+23
-1992.22451092, 787.119886182, 1851.43195386, -2.61084319862e+23
3193.30329426, 1182.89570414, -2621.58426407, -2.67370302235e+24
-3694.44994686, 724.7046938, 2929.98451425, -1.50455718768e+25
1597.48816212, -74.730605927, 3352.02631485, -9.54111783632e+23
-399.867046711, 1607.49728138, -2305.41587765, -4.3768331954e+22
1102.8534697, 925.464306506, 2632.12486404, -1.5050336793e+23
-2508.58973897, -115.952284903, -978.531447134, -1.55017727281e+23
-2725.43256777, -1986.16393058, -993.112388888, -8.60301936622e+23
3139.19276331, 1554.7060644, 2476.97543769, -6.60843500898e+24
-1330.46881606, 1229.89729707, 2613.43517872, -6.66618842936e+23
-279.39793252, -1279.57673425, 51.0513321316, -4.52611066243e+20
-501.239426909, -1209.05759387, -1025.16414976, -3.48400529037e+20
-1727.91221276, 2088.97264027, 3020.33187021, -3.52875709444e+24
2160.81796654, 2738.04432057, -3909.72608911, -5.20381788759e+24
-2920.76947346, -727.002693108, 58.2981915867, -1.99311114278e+23
3645.38803206, 356.637196221, -76.9224620386, -8.22516854823e+23
-1156.22709679, -1336.24774416, 640.879476068, -1.95249193441e+21
-2026.62402733, 879.054466531, 465.406839704, -7.500118579e+21
-1355.85255441, 1515.8439987, 484.525595865, -3.70415915151e+21
145.245229224, 3513.81412271, -2050.07300871, -4.1290945793e+24
3305.03625662, -1009.72213304, -1668.70447193, -1.5576735592e+24
156.194324688, -25.6343300715, 88.6096319497, -5.44341919183e+13
789.998939698, -1186.18402464, 2298.4156185, -2.33772383896e+22
-168.945685923, -336.498297369, 860.442263098, -7.66126506184e+18
122.402747148, 475.843825762, -2530.26107805, -3.17112198477e+22
2133.64329231, 1033.07368762, -2928.86593241, -1.18086454272e+24
-649.787618936, -3052.94225367, 94.0454505352, -4.68782819807e+23
1516.0545347, -142.399894632, 469.668967294, -1.61211774725e+21
2481.91421358, -2869.65800916, 342.450659321, -7.77722157024e+23
-1159.2601595, -432.592505283, -760.735767705, -1.2964442102e+21
1723.10140451, 619.816327994, 340.070469174, -6.81146995766e+21
-268.446562403, 30.0580354375, -1268.40881331, -1.21455767389e+20
-3101.78321389, -1766.36852878, -2728.14079854, -8.61277250674e+24
-1272.54459002, 1466.39919065, 3601.25103273, -4.56579647336e+24
-3513.91827418, 630.547810643, -1299.93125481, -1.5401745352e+24
432.324189506, 1016.85529528, -1032.38786999, -4.02652565419e+20
1306.15523754, -2796.38279337, 794.60130965, -5.33912619898e+23
17.5807811521, -232.52999972, -740.49176071, -3.79528109155e+18
-2567.51019007, 1155.92851632, 196.715899544, -2.66811814506e+22
-839.20456743, -624.934456979, 1360.55780626, -1.43789687825e+21
3486.02168454, -1274.99537015, -2296.46712454, -5.97851674358e+24
-2127.56024661, 2811.73022624, 1109.90800879, -3.87391562165e+23
3077.87856249, -3739.61564403, 1002.21903803, -8.14548527718e+24
3132.07237174, 1317.14680723, -1860.14971725, -7.20319776764e+23
96.7076602248, 2221.54739616, 3394.8127577, -1.22074851067e+24
2968.73328095, 1640.78909319, -136.736933777, -4.48493518707e+23
9.76574764128, 716.325801313, 1480.27017573, -1.29319887533e+21
-1635.31248003, 823.905685027, 2285.42914884, -4.02595206295e+23
938.382380617, -805.538902306, 223.655648188, -6.86819180373e+19
-3063.47493242, 1002.21693687, -1952.86154059, -1.40159982768e+24
3732.31134392, 2320.14617379, -2935.3741832, -6.46947835176e+24
1225.28725875, 753.412974205, -567.657871623, -3.18303131174e+20
-860.609949153, 198.530935046, 2700.37000772, -2.39327207748e+23
-291.077528624, 201.733376155, 408.130482933, -4.92085520686e+17
330.365244321, -605.077779355, -580.580680824, -1.02001625677e+19
-46.3564355796, 2750.87429031, 911.216434714, -1.02995622538e+23
-421.693472351, 459.795420348, 938.411102985, -1.55067825033e+20
-2068.6822716, 1182.02639577, 2776.35733664, -2.2916843868e+24
2332.9050858, 1194.62933171, -2540.03774516, -6.80715403123e+23
-2894.64291206, -607.69012604, 171.127097424, -1.54593288578e+23
-1450.30030338, 1351.38690007, -3558.84468575, -8.31624911511e+23
1496.8491937, 2124.88068052, -495.919285247, -4.75802084159e+22
1592.40129218, 10.034461078, 483.092044254, -2.72706330167e+21
-141.587854972, -1258.59598005, -1039.45343553, -2.42924105648e+20
1521.56101103, 955.288624131, -2863.07246977, -4.58514839673e+23
2066.92166112, -1446.18757621, 165.038295738, -1.0768227561e+22
972.919850546, -207.57295066, 651.195914953, -1.80512564066e+20
1335.28432003, 287.811531551, 2337.37264727, -1.03070657932e+23
2164.13987434, 31.8161413362, -2219.73825062, -4.91267809588e+23
380.601153482, 2153.66901888, -1427.12653226, -9.02718977988e+22
364.820727494, -2634.27430133, -538.041863597, -9.70035107181e+22
673.138303054, 2493.32923255, -938.913536074, -1.7395160242e+23
-1311.80860617, -1435.37537289, -113.043896401, -3.83330124655e+21
220.215994441, 1153.65092626, 66.2432245118, -1.66590396512e+20
-2183.70245297, -254.98446829, 1012.13221344, -2.63188447847e+22
-845.685900965, -540.244328666, -1032.77770473, -7.74525788254e+20
-28.9214436724, -994.124905957, 1408.91275411, -7.64517608151e+20
-872.316235421, 1663.47210774, 1317.27020201, -1.3102128144e+22
-598.643163295, -2271.9289298, -1398.83507227, -1.75649755841e+22
508.255447816, 656.050898047, 1635.86187318, -2.31779319029e+21
-89.7754584041, -3931.32760015, -1846.54385485, -1.38585178058e+24
3119.76423406, -1993.09118053, 1431.46065263, -8.33386608586e+23
-281.118861754, -3014.6067101, 50.2418902095, -4.16175691786e+23
-85.4712088024, -2420.8161363, 1035.99093685, -1.57657859461e+23
2637.84928369, 3302.89362135, -3631.91657405, -8.18671290598e+24
-1435.18712583, 476.745309728, -1121.54063308, -5.81058939059e+21
1908.95713086, -2804.73341342, 1300.22630366, -9.84293290403e+23
2093.84153572, 2683.24374681, 1517.51772487, -6.30510905554e+23
311.139740993, -602.330424542, -617.239397766, -1.23623799775e+19
-1333.4847995, -2776.58138112, -311.708102754, -1.95710474737e+23
80.3837723932, 2623.81904452, -332.066004517, -1.72993132217e+23
-81.1107276888, 1919.34983404, -3322.1269936, -3.21492644314e+23
-1091.47409588, 260.28595876, -100.953351252, -3.78675318799e+19
-642.84146262, 1363.447239, -3844.974191, -5.61536834873e+23
1822.03956116, 1084.0560912, -1724.33985701, -4.46337763811e+22
512.351213618, -2056.63637012, 1218.90436762, -6.76212861117e+22
355.929866837, 2431.59734388, 2436.45212498, -1.28284557028e+23
3461.40153729, 690.829482547, -2146.72175927, -2.19738457164e+24
-251.938296809, -495.924706782, -379.261587119, -3.33163822679e+17
3082.28079044, 1124.01299199, -1207.99550416, -3.17500265565e+23
-9.98451956897, 2563.5479071, 44.153312014, -1.09710448364e+23
2122.19080726, 790.174967055, 1076.97913541, -9.89755701461e+22
-6.38646470664, 220.911041687, 1152.17889164, -1.10100831245e+20
-1373.49490254, -131.239321194, 561.078195134, -4.99369663644e+20
506.215927277, 3618.1682045, -1040.13677588, -2.97001413687e+24
-1511.1047274, 4057.44523084, 892.132769877, -3.53226510138e+24
