-0.499695055181, -4.01259708069, -4.88089687494, 0.0
-0.499694914601, -4.01259712037, -4.88089687017, -6.06429189495e-12
-0.49969506944, -4.01259709305, -4.88089686778, 0.0
-0.499694886427, -4.01259705771, -4.8808968923, -8.25415198872e-12
-0.499695233592, -4.01259709108, -4.88089704934, -1.46554989237e-11
-0.499695079937, -4.01259709458, -4.88089689388, -1.68454973179e-13
-0.49969546001, -4.01259721997, -4.88089679078, -4.5988326665e-11
-0.499698194399, -4.01259716927, -4.88089709162, -2.48931694008e-09
-0.499695072761, -4.01259709397, -4.88089687434, 0.0
-0.499695077779, -4.01259709201, -4.88089692203, -5.05364639085e-13
-0.499702012129, -4.01259700151, -4.88089692436, -1.22056448122e-08
-0.499695160984, -4.01259702334, -4.88089692503, -3.87442801004e-12
-0.499695140765, -4.01259728885, -4.8808968705, -1.19603540697e-11
-0.499698279206, -4.01260038077, -4.88090098995, -9.6360914805e-09
-0.499677251819, -4.01259799752, -4.88089568416, -8.08103450805e-08
-0.49969176211, -4.01259455288, -4.88089686371, -4.38057947638e-09
-0.499695525851, -4.01259805874, -4.88090853103, -3.46364501034e-08
-0.499694728603, -4.01259645305, -4.88090950444, -4.04497396557e-08
-0.499647009856, -4.01260314527, -4.88089815403, -5.93656088121e-07
-0.499672734333, -4.01242436137, -4.88089754578, -7.66585040179e-06
-0.500370068033, -4.01059076936, -4.88117263901, -0.00115630886877
-0.499442946117, -4.00874963923, -4.8808565047, -0.00377831825748
-0.499645130829, -4.00360014894, -4.88337301758, -0.0221333427119
-0.510343947065, -4.01125372248, -4.92614120393, -0.554457051211
-0.707078619291, 4.29160622125, -4.89078453875, -181.758008006
-0.225100762347, -2.46280282094, -4.87790456039, -390.214768566
-0.497593093737, 2.62603009122, -4.87151928955, -472.685306768
-1.97674189733, -0.278302375429, -4.84358590903, -772.473846951
-0.29231838489, -4.96383442464, -4.78507482969, -106.200825542
-0.615358317667, -4.96493835282, -4.90708793708, -102.235697255
-0.4997654172, -4.01315305334, -4.88112461085, -9.237672642e-05
-1.72838528067, -4.90058746144, -4.872724142, -152.567996919
-1.42539158732, 4.96330685496, -4.83886083793, -201.649983937
-0.501031712406, -4.0125938659, -4.8802500829, -0.000556719071717
-0.783814368354, 1.4838156504, -4.72161720515, -885.593889439
-0.502591715291, -4.01049202266, -4.88127244417, -0.0032947490509
-0.525684684034, -4.01293969592, -4.87988912037, -0.17227303048
0.708452078734, 0.435356407638, -1.16363577876, -1051.05817486
-2.30459963603, -3.51270060832, -0.377847445998, -3486.24848662
-1.74505045754, 4.91938940823, 4.88570522641, -1330.71189306
-1.98893088056, -4.98006086413, -1.79122196559, -1335.54260271
-2.31000636031, -1.25337957722, -4.98204407447, -640.138432928
-3.39507506742, -3.31727576006, 2.34683608107, -4.05776420408e-06
-3.3949744149, -3.31731437364, 2.34670562568, -6.06384278522e-05
-3.39503288744, -3.31737361494, 2.34683434352, -1.81122293589e-05
-3.39485216357, -3.31730624422, 2.34669577949, -0.000146563634833
-3.52436836555, -3.38505337626, -4.87988457475, -576.004542317
0.783698332594, -3.20427343253, 4.90500037146, -1213.4400375
-1.17470878463, -3.04984170209, 1.68933383722, -2746.80637038
-4.99276139826, -2.25311961221, 3.85297330141, -3214.1802297
0.309214218428, -3.63565307368, 4.07555741437, -1745.18733092
-0.499695072496, -4.01259708718, -4.88089686979, 0.0
-0.499695096451, -4.01259711439, -4.88089692018, -8.42274671043e-13
-0.499694701417, -4.01259707549, -4.88089628678, -1.21959161319e-10
-1.87208820988, 3.80163154305, -4.95048047238, -93.1806830301
-0.499695072132, -4.01259710655, -4.88089687864, -1.68454551294e-13
-0.499694879256, -4.01259712191, -4.88089686795, -9.09641493942e-12
-0.499694874713, -4.01259709348, -4.88089686615, -9.26487723642e-12
-0.499695064119, -4.01259705991, -4.8808964945, -3.73964600685e-11
-0.499695059609, -4.01259707379, -4.88089686981, 0.0
-0.49969507317, -4.01259707856, -4.88089688088, 0.0
-0.499695136279, -4.01259708642, -4.88089685179, -1.51609419936e-12
-0.499694931851, -4.01259705175, -4.88089687975, -4.71665545369e-12
-0.499695059609, -4.01259707379, -4.88089686982, 0.0
-0.499695059609, -4.01259707379, -4.88089686982, 0.0
-0.499695063022, -4.0125969571, -4.88089687723, -4.04287207265e-12
-0.49969505766, -4.01259709271, -4.88089688556, 0.0
-0.499695058434, -4.01259707527, -4.88089687447, 0.0
-0.499695079594, -4.01259685396, -4.88089689922, -1.36446340195e-11
-0.499789208393, -4.01428267251, -4.88079115445, -0.000721695451627
-0.499695068152, -4.0125971022, -4.88089685216, -1.68454507705e-13
-0.499695046151, -4.01259710872, -4.88089682645, -8.42269848901e-13
-0.499695054845, -4.01259707697, -4.88089687199, 0.0
-0.499695065416, -4.01259707369, -4.88089685111, -1.68453906739e-13
-0.499695059955, -4.01259709229, -4.88089682692, -6.73815335624e-13
-0.499695068016, -4.01259709066, -4.880896866, 0.0
-0.499695040856, -4.01259711574, -4.88089687008, -3.36909343969e-13
-0.499694754532, -4.01259706862, -4.88089686699, -2.45939343819e-11
-0.499695083347, -4.01259701258, -4.88089685306, -1.51607902146e-12
-0.499695072161, -4.0125970786, -4.88089686812, 0.0
-0.499694412776, -4.01259712704, -4.88089689077, -1.08146157684e-10
-0.499695087793, -4.01259707043, -4.88089688245, -1.68454708882e-13
-0.499695071718, -4.01259708219, -4.88089686847, 0.0
-0.499695154014, -4.01259706431, -4.88089683837, -2.52682011506e-12
-0.499695071379, -4.01259696375, -4.88089684497, -4.04287224951e-12
-0.499695061009, -4.01259707881, -4.88089687228, 0.0
-0.499695069338, -4.01259706481, -4.88089687991, -1.68454175926e-13
-0.499695090709, -4.01259708302, -4.880896906, -3.36910041073e-13
-0.49969505002, -4.01259708384, -4.88089686721, -1.68454012237e-13
-0.499695074251, -4.01259702814, -4.88089665635, -1.33077203108e-11
-0.499695062799, -4.01259707872, -4.88089687265, 0.0
-0.499695232223, -4.01259709001, -4.88089684238, -7.41201201642e-12
-0.499695078619, -4.01259707384, -4.88089687287, 0.0
-0.499695103278, -4.01259709457, -4.88089684273, -6.73817293359e-13
-0.49969505197, -4.01259707421, -4.88089695323, -1.5160933116e-12
-0.499695074241, -4.01259707951, -4.88089669555, -8.42264828897e-12
-0.499695055601, -4.01259705702, -4.88089631945, -7.91734628664e-11
-0.499695061483, -4.01259707123, -4.88089687384, 0.0
-0.499695074935, -4.012597096, -4.88089687595, 0.0
-0.499695064088, -4.01259709184, -4.88089686816, 0.0
-0.499695066148, -4.01259705532, -4.88089695943, -1.85299959099e-12
-0.499695066577, -4.01259707359, -4.88089686819, 0.0
-0.49969506001, -4.01259707271, -4.88089689755, -1.68454710326e-13
-0.499695061306, -4.01259708659, -4.88089688622, 0.0
-0.499695062401, -4.01259710937, -4.88089687139, -1.68454526696e-13
-0.499695065318, -4.01259708862, -4.88089682598, -6.73814520967e-13
-0.499695055381, -4.01259707874, -4.88089823202, -4.63763319755e-10
-0.49969538416, -4.01259708646, -4.88089692885, -2.62787786091e-11
-0.499695066685, -4.01259701389, -4.88089682852, -1.85298257633e-12
-0.499702368934, -4.01259687304, -4.88089686886, -1.35004845761e-08
-0.499695060154, -4.01259707984, -4.88089687378, 0.0
-0.499695053228, -4.01259705198, -4.88089687863, -3.36907662301e-13
-0.499695089009, -4.01259711053, -4.88089687487, -3.369092133e-13
-0.499695074878, -4.0125970926, -4.88089685462, -1.68454421067e-13
-0.499695071722, -4.01259709757, -4.88089721429, -2.86369475944e-11
-0.499695228947, -4.01259706517, -4.88089690494, -7.0750644428e-12
-0.499695066612, -4.01259708889, -4.88089685596, -1.6845412359e-13
-0.499694979896, -4.012597079, -4.88089686804, -1.85298495605e-12
-0.499695071902, -4.01259710807, -4.8808969098, -3.36910519018e-13
-0.499695071969, -4.01259709459, -4.88089689186, 0.0
-0.499695071901, -4.0125970953, -4.88089700061, -3.87443845537e-12
-0.49969506599, -4.01259710117, -4.8808968785, 0.0
-0.499695051481, -4.01259710584, -4.88089648298, -3.95864536387e-11
-0.499695068625, -4.0125970951, -4.88089690601, -1.68455158136e-13
-0.499695089288, -4.01259712142, -4.88089691837, -8.42274668517e-13
-0.499695076779, -4.01259709912, -4.88089686342, -1.68454591626e-13
-0.499691415135, -4.01259711042, -4.88089687407, -3.36983913629e-09
-0.499695055412, -4.01259709809, -4.88089684868, -3.36908770878e-13
-0.499695022581, -4.0125970836, -4.88089688507, -5.05362628558e-13
-0.49969507273, -4.01259709324, -4.88089688226, 0.0
-0.499695062138, -4.01259709175, -4.88089687049, 0.0
-0.499695077713, -4.01259728781, -4.88089690161, -1.06127044286e-11
-0.499695044664, -4.01259709299, -4.88089688354, -1.68454561857e-13
-0.499695052418, -4.01259708371, -4.88089688628, 0.0
-0.499695049696, -4.01259709182, -4.88089696147, -1.85299973933e-12
-0.49969507106, -4.01259500181, -4.88089689288, -1.09728999674e-09
-0.499695073366, -4.01259707338, -4.88089688014, 0.0
-0.499695066778, -4.01259720711, -4.88089689482, -3.87446519035e-12
-0.499695052417, -4.01259708371, -4.88089688628, 0.0
-0.49969509109, -4.0125970793, -4.88089713217, -1.65084313961e-11
-0.499695059522, -4.01259715748, -4.88089689457, -1.34763880889e-12
-0.499695063469, -4.01259702957, -4.88089691532, -1.17917881839e-12
-0.499695054591, -4.01259710197, -4.88089686551, -1.68454460436e-13
-0.499694628551, -4.0125970909, -4.88089554011, -5.00816052602e-10
-0.499695059268, -4.01259708819, -4.88089688166, 0.0
-0.499695066662, -4.0125970806, -4.88089689256, 0.0
-0.499695064171, -4.01259708108, -4.88089687972, 0.0
-0.499695021658, -4.01259707843, -4.88089690568, -6.73816792575e-13
-0.499695092536, -4.01259707155, -4.88089685782, -3.36907820491e-13
-0.499695018265, -4.0125970938, -4.88089689719, -6.73817222723e-13
-0.499695033358, -4.01259721156, -4.88089691323, -4.71674616571e-12
-0.499695064559, -4.01259707901, -4.88089685476, -1.68454078849e-13
-0.499695062591, -4.01259707902, -4.8808968661, 0.0
-0.499695031904, -4.01259709477, -4.88089688639, -3.3690912682e-13
-0.499695060156, -4.01259707803, -4.88089687351, 0.0
-0.49969505906, -4.01259708167, -4.88089688092, 0.0
-0.499695064561, -4.01259707913, -4.88089686237, 0.0
-0.499695388219, -4.01259708018, -4.88089685563, -2.64472903064e-11
-0.49969507833, -4.01259703826, -4.88089691044, -8.42271014482e-13
-0.499695067637, -4.01259711304, -4.88089684049, -5.05363428008e-13
-0.499695059062, -4.01259708792, -4.88089688063, 0.0
-0.499695059523, -4.01260046077, -4.88089687576, -2.88227279058e-09
-0.49969503762, -4.01259707737, -4.88089689063, -1.68454129847e-13
-0.499695075267, -4.01259707307, -4.8808968657, -1.68454224779e-13
-0.499695067598, -4.01259711316, -4.88089688281, -1.68454614122e-13
-0.499695087769, -4.01259708752, -4.88089701712, -5.05361334755e-12
-0.499695076531, -4.01259708099, -4.88089687766, 0.0
-0.499695052301, -4.01259707737, -4.88089688293, 0.0
-0.499695070818, -4.01259712489, -4.88089686269, -5.05363805816e-13
-0.499695076196, -4.01259707369, -4.88089686844, 0.0
-0.499695017522, -4.01259708858, -4.88089689925, -6.73816866752e-13
-0.499695051816, -4.01259772731, -4.88089689788, -1.04611419549e-10
-0.499695055692, -4.01259707739, -4.88089688293, 0.0
-0.499695058172, -4.012597043, -4.88089697993, -3.0321683485e-12
-0.499695086414, -4.01259706968, -4.88089689201, -1.68454806263e-13
-0.499695083555, -4.01259709321, -4.88089700773, -4.37980176823e-12
-0.499695111097, -4.0125970797, -4.88089687948, -5.05364089305e-13
-0.499695059343, -4.01259735745, -4.88089688356, -1.88669735358e-11
-0.499695071599, -4.01259708464, -4.88089692854, -6.73820043683e-13
-0.49969506457, -4.01259708145, -4.88089687247, 0.0
-0.499695068349, -4.01259711945, -4.88089693776, -1.17918275264e-12
-0.499695023213, -4.01259708344, -4.88089688616, -5.0536258322e-13
-0.499695073709, -4.01259708704, -4.88089687459, 0.0
-0.49969507522, -4.01259708666, -4.88089687114, 0.0
-0.499695047352, -4.01259708272, -4.88089688201, -1.6845432719e-13
-0.499695058738, -4.0125970913, -4.8808968658, 0.0
-0.499695057387, -4.012597087, -4.88089688532, 0.0
-0.499695073707, -4.01259708717, -4.88089687459, 0.0
-0.499695036964, -4.01259708659, -4.88089687055, -1.68454229893e-13
-0.499695082955, -4.01259708857, -4.88089688958, -1.68454960216e-13
-0.499695058141, -4.01259698291, -4.88089684525, -2.86370118306e-12
-0.499695053579, -4.01259709031, -4.88089688545, 0.0
-0.499695081318, -4.01259770791, -4.88089701551, -1.03095494631e-10
-0.499695068116, -4.01259742173, -4.88089687072, -2.880585435e-11
-0.499695081329, -4.01259714397, -4.88089665454, -1.36447116662e-11
-0.499695072204, -4.0125970791, -4.88089689148, 0.0
-0.499695082665, -4.01259869499, -4.88089689902, -6.55822437532e-10
-0.499695059362, -4.01259703746, -4.88089689255, -6.73816580407e-13
-0.499695053228, -4.01259708281, -4.8808972341, -3.21744575239e-11
-0.499695046569, -4.01259706896, -4.88089687159, -1.68453865602e-13
-3001.92680378, -2613.24810555, 3207.49787271, -4.09719272304e+24
-4147.90713643, 5948.98100526, 1627.85126738, -1.17177740497e+26
5488.43221912, -1228.66795334, -4052.53641449, -2.81977351273e+26
2050.1525798, -6182.30416986, -1176.87958209, -1.03964859119e+26
639.256720267, 152.021733478, 1073.62818801, -2.37368266952e+20
-3937.32210306, -2021.00842416, -2481.86024233, -2.50484469295e+25
-609.805506877, -244.385695504, 7223.16631719, -2.16617633888e+26
-854.418535531, 6971.14917082, 179.866025711, -3.36055467147e+26
6961.53525064, 2595.3710404, -990.272832125, -2.18639189496e+26
2681.85644205, -4421.58977111, 3792.43819685, -7.27561704584e+25
-361.514304706, -1738.41755437, 3553.95501428, -4.64797610975e+23
1113.68536594, -2465.67089685, 5298.70479988, -9.82232628474e+24
2478.32693232, -963.487889522, 4617.03456973, -1.4856266325e+25
5605.76626529, 1642.44556464, 355.904227818, -5.0475410981e+25
-4491.68944828, -4519.9058274, 1231.73877603, -4.31252840452e+25
2735.98779005, -3785.71986684, 5367.69917234, -8.25705743161e+25
7048.51758503, -1019.73468533, 3084.40072146, -5.62995128263e+26
872.462117563, 3606.01304049, 3637.60330065, -3.03973294292e+24
-8513.32497783, 2225.35391106, -2379.19504095, -1.10006028772e+27
4486.64276902, -2400.12912947, 261.897563583, -2.67395424009e+24
-3765.58858248, -2176.03601703, 718.946811058, -2.50253465883e+24
91.1353567998, 1605.38820519, -2832.75662957, -8.62752443346e+22
-3289.38081872, -922.704413644, 2799.76172341, -4.37250883159e+24
-4850.8374817, 3617.7835647, 4434.77978685, -4.49458244709e+26
3930.1899042, -3876.2812416, 6941.14500028, -4.94899972651e+26
3053.00376953, -5131.17462516, 7051.4417153, -6.63583583357e+26
5393.87994969, -372.402567293, -3511.29703678, -1.26537285268e+26
3323.80821438, -240.137419246, -4553.24284914, -7.03761546429e+25
2257.97756876, -1238.4836238, 549.71339743, -2.13900448464e+22
-6015.7967908, -1773.65874255, -65.0794864902, -7.76685387064e+25
1755.27459298, -67.1596451021, -764.562307381, -4.70136880206e+21
-1444.17748878, 2204.83930013, 3968.38719818, -1.28155900699e+25
-3702.55081823, -241.545295458, -515.176967143, -1.40946124954e+24
747.162513832, -2599.30626658, -760.561741113, -8.03154298495e+22
-49.0151934938, -3124.97307814, 536.180582718, -7.60603520095e+23
-1564.50353903, -3070.68716098, -2055.75808117, -5.49177713691e+23
-267.513498674, 7109.0049749, 375.23834234, -3.6014403642e+26
-1251.6266977, -1309.01620988, 3046.97562787, -4.08037911504e+23
-414.512460119, -3066.20528454, -5474.69639016, -4.20578774619e+25
-3325.51262885, 6685.20921708, 2114.66153185, -1.95710369217e+26
3434.11849383, 122.595886609, -2707.37495408, -6.1265391934e+24
-3439.35934289, 4598.69920044, 3501.31967388, -8.53212437188e+25
3690.46366022, -924.12112221, -2853.73475546, -1.45452933723e+25
632.654386296, -5762.154303, 6410.60168339, -5.83212982467e+26
758.351208112, -2567.20589992, 282.162021196, -1.64313788987e+23
-2806.89613118, -7843.33554814, -1053.79843416, -6.86510921872e+26
-1934.71278166, 1535.53600856, -231.249833209, -1.20257388094e+22
440.943773381, -424.95620861, 3105.28861405, -1.28602130793e+23
-6201.1116255, 3898.18910641, -3695.31000017, -3.4374822044e+26
406.752321506, 4254.46240825, 7125.3271708, -3.88417758727e+26
2533.95839182, -1302.380738, -2856.62118438, -4.77988563823e+24
-2791.9675346, 8242.84306417, 4995.92709314, -1.00826533681e+27
3926.17851192, 2919.70057819, -7727.32087213, -1.10333257389e+27
-115.639548911, -7065.82489285, 3814.38906701, -1.02689150223e+27
2434.43537269, -2462.86310068, 6980.8621338, -1.32034301837e+26
2.74060173234, -174.800352339, 5394.28030812, -1.60631081769e+25
5738.4083879, -2012.41191255, -880.622513406, -1.95408754853e+25
-3224.84826957, 1947.47042137, 401.698440026, -2.71934479662e+23
5913.76020503, 7285.27993757, -1381.37937587, -1.09675844848e+27
3721.64274804, 1436.18618544, 2375.95383469, -1.39507766613e+25
-1846.92721591, -181.736157068, 2522.37396964, -5.3326133102e+23
65.259792745, 2783.95961153, -3745.80383871, -2.50672858041e+24
5867.69441995, 8289.340997, 6452.76799313, -6.28526974417e+27
3416.64944692, -2194.472844, 1379.52816081, -1.39956396899e+24
-3637.29237584, 4227.14479144, 2217.79033458, -2.23741812547e+25
4369.81881355, -2176.53961722, 2391.44158422, -1.53754206146e+25
-2926.18393853, -1066.05857853, -629.923982779, -5.03823703461e+23
4082.52755753, -1408.64416736, 108.033810377, -1.05066218627e+24
6794.02631676, -483.941309255, 3438.56064997, -6.08905825534e+26
3813.22594405, 365.18023666, 7527.50179646, -7.78168108416e+26
2190.58423421, 262.358921666, 1527.98016014, -1.83347274637e+23
-2135.56493396, 2966.57417987, -2559.0705708, -3.60713307988e+24
-7467.99436772, 5011.61215845, -7847.45319493, -8.26994766448e+27
-7523.71006616, 3005.66499413, -1102.1646961, -1.98141967664e+26
1698.02172775, 857.165143336, 801.748157421, -1.8037811313e+22
-1363.83775834, -3942.3836683, 5153.70695752, -3.78297438481e+25
-474.216304257, 7071.66785213, 2878.28005122, -1.7332803624e+26
-942.487530376, 2972.56540304, -2894.69118004, -2.72729884554e+24
2365.1335029, 2296.47232738, -6013.26545699, -9.19074926643e+25
-1294.58445324, -1498.22941219, -1562.34593778, -3.4474838336e+22
4421.86798481, 6030.07499834, 1677.52694524, -1.95377586105e+26
1709.8798095, 3556.36005506, -6812.93016957, -1.33834036527e+26
-4418.68061828, -5501.81579074, -6158.91714233, -1.09348808937e+27
-2959.57038749, -6519.65539607, 5078.40409971, -7.46471344269e+26
1554.08834326, 3566.48716646, 6549.87331824, -1.58495834611e+26
-5669.61626574, 1848.69863575, -6886.33666326, -1.64829030677e+27
-746.193108334, 3438.15106727, -2695.24892033, -5.74569465798e+24
3460.79728595, 267.580158044, -599.175787899, -4.30467712784e+23
5493.00787942, -1825.4268181, 2848.54469334, -8.97104579725e+25
6211.30044566, 3834.44203873, 3105.28635702, -7.4764068977e+26
5525.46007975, -3533.2190825, -3027.69715987, -1.93534369511e+26
-4762.89343519, 6674.75252364, 533.139697133, -3.74351452567e+26
2750.98559059, -3010.18819033, -4145.16783454, -6.26091782889e+25
8008.62236022, -5188.42205274, -36.2176978853, -3.85022066664e+26
-4301.8821542, 1702.40760308, 3994.90959596, -1.23288309369e+26
6891.44357523, 2551.27871936, -5658.85416295, -1.25765318177e+27
-7973.36225895, 1560.98775353, 6322.4845865, -7.08263347544e+27
3444.39996217, -161.731869556, 7235.05817041, -4.47488253625e+26
-860.699303049, 3466.82356363, -4975.86449882, -2.04488485487e+25
2380.58615673, 1997.76843929, 5681.66321046, -7.07217911189e+25
-5412.51291999, -253.542401008, -2108.05847551, -7.26503196534e+25
-5883.58172615, -4289.11470337, -2142.49155155, -4.05303885501e+26
6776.05530096, 3354.78357496, 5345.90340926, -3.11409351881e+27
-2874.81651569, 2655.45597639, 5638.47308233, -3.13340140593e+26
-604.573064526, -2759.32552113, 107.797144308, -2.11956826788e+23
-1082.93848205, -2613.43352292, -2213.25898185, -1.65673048279e+23
-3731.12649825, 4507.6887515, 6519.74429105, -1.66232322696e+27
4663.76556885, 5908.13599557, -8437.59403546, -2.45079363659e+27
-6302.64432177, -1567.48282229, 124.251183122, -9.36655355361e+25
7866.79445035, 774.557590945, -165.473483673, -3.8754538935e+26
-2492.00681362, -2880.40580558, 1380.01186069, -9.10022699846e+23
-4372.54385478, 1898.81142428, 1003.23928223, -3.54171878741e+24
-2926.77190272, 3271.75874176, 1044.9300788, -1.74138018193e+24
312.367579901, 7582.52162051, -4423.2653061, -1.9377300977e+27
7132.25368719, -2176.56684617, -3603.62308254, -7.3174340466e+26
335.067335758, -54.1270606519, 187.706486227, -2.39287270083e+16
1701.33914119, -2561.58024942, 4958.46787979, -1.09706513633e+25
-364.21310879, -723.056993909, 1852.91232052, -3.45467797161e+21
268.477064601, 1023.90915777, -5461.04385108, -1.5160576295e+25
4606.52094671, 2227.23412356, -6319.16747856, -5.56041625567e+26
-1405.10853138, -6587.10702364, 197.721693773, -2.20142873152e+26
3272.33901058, -306.489425822, 1018.41941155, -7.65203181773e+23
5357.19469116, -6191.9948045, 741.312515824, -3.67532769244e+26
-2502.97525598, -934.073000332, -1640.85391578, -6.10150644194e+23
3721.72914459, 1336.19764819, 734.83378701, -3.22757344539e+24
-581.475459846, 65.5149281756, -2733.60494427, -5.76866038489e+22
-6692.64364861, -3814.12060687, -5888.21825883, -4.04955691625e+27
-2745.92082778, 3167.5179727, 7771.26144036, -2.14238558088e+27
-7583.95933025, 1363.81059565, -2805.14268242, -7.24263052241e+26
930.589589483, 2194.15386484, -2226.50659824, -1.88505841716e+23
2814.93202592, -6035.2814954, 1714.16535042, -2.52117115492e+26
35.3912041804, -502.694767378, -1597.24999815, -1.82691418483e+21
-5538.88869888, 2492.56257132, 427.284840284, -1.25655208825e+25
-1809.62599147, -1344.0414285, 2933.33300147, -6.69918475695e+23
7522.95758285, -2747.96168269, -4957.34556429, -2.80816948581e+27
-4591.69657301, 6067.36009696, 2395.1222237, -1.82050360614e+26
6641.66591165, -8071.0184887, 2162.42962801, -3.84632278845e+27
6759.63932119, 2842.24563341, -4012.50690186, -3.37854210947e+26
207.185636437, 4795.71211524, 7326.49804554, -5.71383583021e+26
6405.54161908, 3542.62902717, -290.282223443, -2.11342262073e+26
17.9360002338, 1543.65881778, 3193.59385251, -5.98799602243e+23
-3530.05114442, 1782.52020208, 4932.05124035, -1.89635913278e+26
2027.54271406, -1740.87069099, 480.901126024, -3.30195081656e+22
-6611.52798248, 2163.18522338, -4214.46190512, -6.5937570818e+26
8054.64577963, 5006.49661833, -6334.92386839, -3.04039052999e+27
2644.54562737, 1627.94125356, -1224.89721883, -1.4966039002e+23
-1861.14293984, 423.202695945, 5827.64997376, -1.12179079827e+26
-630.668854704, 431.78080945, 882.297141166, -2.33479934172e+20
712.272755107, -1310.50053636, -1254.15055075, -4.85334310269e+21
-94.5123586584, 5936.67701484, 1963.08996518, -4.83983237576e+25
-911.739240272, 989.840735138, 2024.6944976, -7.24179569538e+22
-4466.55890912, 2550.74005993, 5990.60157369, -1.07833655975e+27
5034.72331974, 2576.51543666, -5480.79866806, -3.19987842302e+26
-6245.75485171, -1313.28478683, 372.449120129, -7.25910357588e+25
-3127.80244555, 2915.92659641, -7681.31012152, -3.91301666894e+26
3226.85415766, 4586.82799535, -1075.0161344, -2.24152826513e+25
3439.50447203, 18.6643918508, 1044.03581467, -1.29247126453e+24
-309.878830372, -2714.84562716, -2240.65528382, -1.14728018695e+23
3285.08386711, 2059.89281293, -6178.78763445, -2.16529304458e+26
4463.0035491, -3122.95351568, 356.186778546, -5.11439425078e+24
2097.52582797, -451.668600592, 1402.06812984, -8.38643772875e+22
2880.36893128, 619.664024036, 5044.37226934, -4.83636070122e+25
4671.75442614, 64.0220838682, -4788.76085074, -2.31044029803e+26
820.463082758, 4648.47537705, -3077.16163241, -4.23695036378e+25
787.933152759, -5683.91946106, -1165.36979146, -4.56307111923e+25
1451.08978594, 5379.21639751, -2026.76366243, -8.15436153334e+25
-2830.98709478, -3101.1314636, -242.222862931, -1.80748314852e+24
471.567856497, 2488.62895158, 139.494133369, -7.80310573687e+22
-4715.35479896, -555.088685579, 2182.7003425, -1.24448883671e+25
-1826.41060799, -1167.43601393, -2230.20600463, -3.66414396489e+23
-61.3035635631, -2144.54841995, 3042.92748216, -3.60633175356e+23
-1883.05942291, 3593.11250667, 2845.58597103, -6.19638361982e+24
-1290.10518387, -4901.80363091, -3016.98654711, -8.2547427267e+24
1095.34529434, 1414.26275664, 3528.07598903, -1.07364816169e+24
-196.493160301, -8484.4109032, -3986.70417868, -6.52955062326e+26
6732.44068265, -4302.81182928, 3092.45524731, -3.93829653524e+26
-608.949885257, -6506.00050384, 112.877664796, -1.96440861597e+26
-188.06641514, -5225.43435496, 2235.61186279, -7.44600542168e+25
5693.63898821, 7129.31406421, -7838.87529046, -3.8562827695e+27
-3094.72535415, 1030.32443949, -2420.10158797, -2.71944728108e+24
4117.50083346, -6051.98713864, 2803.00590084, -4.63974866493e+26
4518.83780323, 5789.20872666, 3273.01614053, -2.96618004439e+26
669.053824486, -1301.58902919, -1328.76189322, -5.74922946089e+21
-2880.56649732, -5992.31836588, -677.263363633, -9.20957852501e+25
176.200634805, 5664.18107586, -720.097020429, -8.14809219299e+25
-172.603219986, 4142.02826641, -7170.79992753, -1.51576652068e+26
-2357.60482258, 557.118513607, -220.791196432, -1.80772244128e+22
-1383.83265917, 2945.82927035, -8297.88078497, -2.65587051134e+26
3931.76603348, 2343.51770959, -3720.37746394, -2.09206359695e+25
1103.34117509, -4441.27994797, 2629.30359318, -3.20666639084e+25
771.048970688, 5246.49962087, 5257.37715971, -5.98120767167e+25
7469.64845624, 1490.32768707, -4635.34074826, -1.03333078327e+27
-538.759599388, -1068.10851426, -816.548852963, -1.50933888287e+20
6651.19859024, 2428.85211552, -2609.91366255, -1.49204434316e+26
-19.165983763, 5533.78242246, 94.5212379432, -5.16045040843e+25
4579.1773435, 1706.69129423, 2324.62695317, -4.66048401475e+25
-9.76562579625, 474.350982207, 2489.64220108, -5.08063494282e+22
-2966.37783243, -281.297936349, 1214.53305518, -2.39125066526e+23
1096.03830561, 7809.21560333, -2246.70491709, -1.39708166171e+27
-3260.46960963, 8756.57137078, 1928.33263785, -1.65691585242e+27
