-0.49969503392, -4.0125971517, -4.88089675391, -5.22205102725e-12
-0.49969429129, -4.01259700761, -4.8808969318, -1.53795589814e-10
-0.499694927421, -4.01259695538, -4.8808969072, -9.26483411569e-12
-0.499695043236, -4.01259708111, -4.88089674412, -4.71667385797e-12
-0.499695054354, -4.01259709445, -4.88089696326, -1.85300098354e-12
-0.499694563796, -4.012597226, -4.88089693058, -6.94029022946e-11
-0.499694976342, -4.01260814591, -4.88089685621, -3.09450244974e-08
-0.499614107508, -4.01257925377, -4.88089885758, -1.73842466762e-06
-0.499709013681, -4.01260185317, -4.88089684915, -5.49509447675e-08
-0.499695298779, -4.01259727483, -4.88089688356, -2.29100089536e-11
-0.499693401879, -4.01260320091, -4.8808963587, -1.02283050353e-08
-0.499696891622, -4.01259106602, -4.88089745058, -1.00862557697e-08
-0.499695140734, -4.01259728866, -4.88089687449, -1.19603600935e-11
-0.499739299722, -4.0126435613, -4.88085317363, -1.52416419537e-06
-0.499686681666, -4.01265006737, -4.88088879666, -7.44338427626e-07
-0.499691762112, -4.01259455288, -4.88089678416, -4.38273495044e-09
-0.499584299444, -4.01251956456, -4.88091839928, -4.73861867253e-06
-0.499694728603, -4.01259645305, -4.88090950447, -4.04499086362e-08
-0.499646959039, -4.01260907631, -4.88072500374, -8.08552078669e-06
-0.499672734367, -4.01242436168, -4.88089573471, -7.66618798032e-06
-0.500370068033, -4.01059076936, -4.88117263901, -0.00115630886877
-0.499442946117, -4.00874963923, -4.88085703594, -0.00377839293568
-0.499648334949, -4.00360014894, -4.88337301766, -0.0221347874649
-0.510343947065, -4.01125372254, -4.92614120393, -0.554457057534
-0.724148665391, 1.85105243683, -4.98213358314, -795.934855842
-1.80571710682, 0.584591512907, -4.8457739276, -656.532031813
1.41412798564, -2.19776309282, -4.94668639648, -684.776761165
-0.555981020314, 1.42230038143, -4.80178825448, -947.34357204
-0.624966636764, -0.408581239922, -4.89850494187, -843.13665629
0.209184636065, -4.90491937889, -4.83644182777, -99.5157397073
-0.4997654172, -4.01315305334, -4.88112461085, -9.237672642e-05
-0.468461250736, -0.468903011709, -4.86745842408, -881.291180958
-0.967981682125, 4.90000993738, -4.81538963476, -247.218505196
-0.501031712406, -4.0125938659, -4.8802500829, -0.000556719071718
-0.447359998403, -4.90087480966, -4.87083447599, -94.5394598347
-0.502591715291, -4.01049202266, -4.88127244417, -0.0032947490509
-0.525684684034, -4.01293969592, -4.87988912037, -0.17227303048
1.75721132793, -2.6459010974, 4.90000517461, -1473.58127096
-2.28928535619, -3.66187635666, -4.90014570453, -255.168362523
-1.88192115088, -0.0551879906585, -4.96900845523, -700.758707012
1.78995825734, -2.45036876438, 4.79410439847, -1663.24915524
-3.4121976246, 4.96181795508, -1.02294395051, -1142.10930158
-3.39507506742, -3.31727576006, 2.34683608107, -4.05776420408e-06
-3.40384076588, -3.30281582708, 2.34985861888, -0.499568794676
-3.39503288744, -3.31737361494, 2.34683434352, -1.81122293589e-05
-3.39485216357, -3.31730624422, 2.34669577949, -0.000146563634833
-1.47433720774, -3.69371822753, 4.97677309699, -3304.76515393
0.90030390512, -3.59933151112, 3.98875023511, -1752.03014339
-4.34917271569, -3.64375391452, -4.93837193825, -1003.68371272
-4.23791824126, -3.26190994275, -4.96330098615, -936.697897363
-4.92748142402, -4.22382124898, 1.2785931166, -3389.44395558
-0.499695028047, -4.01259695731, -4.88089686692, -4.54823947288e-12
-0.499695056198, -4.01259708924, -4.88089686676, 0.0
-0.499695061967, -4.01259709268, -4.88089729584, -4.41346718459e-11
-0.384785977715, 2.87001813329, -4.99834957712, -615.939950182
-0.499695057767, -4.01259709209, -4.88089693766, -1.0107285703e-12
-0.499695058559, -4.01259709509, -4.88089687294, 0.0
-0.499696973365, -4.01259708999, -4.88089694547, -9.21806491836e-10
-0.49969502175, -4.01259655687, -4.88089239243, -5.15895845172e-09
-0.499695059435, -4.01259707506, -4.88089688636, 0.0
-0.499695055729, -4.01259715236, -4.88089689327, -1.17918434324e-12
-0.49969507011, -4.01259705338, -4.88089691643, -6.73818016262e-13
-0.49969502494, -4.01259707992, -4.88089688601, -5.05362421415e-13
-0.499695059518, -4.01259707476, -4.88089688632, 0.0
-0.499695059427, -4.01259707477, -4.88089688632, 0.0
-0.499695064697, -4.01259708272, -4.8808968654, 0.0
-0.499695042706, -4.01259709795, -4.88089687281, -1.6845448358e-13
-0.499695058341, -4.01259707969, -4.88089688561, 0.0
-0.499695059772, -4.01259707354, -4.88089711799, -1.46553960326e-11
-0.500054837133, -4.01655525207, -4.93040885242, -0.622474235027
-0.499695121237, -4.01259735649, -4.88089689252, -1.95408064951e-11
-0.499695022026, -4.01259706661, -4.88089688408, -5.05361956512e-13
-0.499695071634, -4.01259708489, -4.8808968722, 0.0
-0.499695060522, -4.01259708346, -4.88089686611, 0.0
-0.499695066394, -4.01259710404, -4.88089700714, -4.37980322675e-12
-0.499695051444, -4.01259707382, -4.88089686953, -1.68454137289e-13
-0.4996950863, -4.01259593168, -4.88089689967, -3.3656511653e-10
-0.499695061901, -4.0125970826, -4.88089686255, 0.0
-0.499695062997, -4.01259706936, -4.8808958398, -2.72557845879e-10
-0.499695069662, -4.01259710376, -4.8808968837, -1.68454644674e-13
-0.499695050664, -4.0125970927, -4.8808968882, -1.68454667244e-13
-0.499695065292, -4.01259707744, -4.88089690112, -1.68454838416e-13
-0.499695061927, -4.01259708261, -4.88089686173, 0.0
-0.499695068856, -4.01259709932, -4.88089687147, 0.0
-0.499695068044, -4.01259712859, -4.8808968851, -5.05363668492e-13
-0.499695036253, -4.01259708834, -4.88089684497, -5.05361560168e-13
-0.499695052312, -4.01259708162, -4.88089686995, 0.0
-0.499695064621, -4.01259692492, -4.88090256103, -8.17474540938e-09
-0.499695081225, -4.01259710402, -4.88089690727, -3.36910279739e-13
-0.499695070839, -4.01259714941, -4.88089746314, -8.75971381143e-11
-0.499695078862, -4.01259708954, -4.88089687732, 0.0
-0.499695035146, -4.01259708984, -4.88089686662, -3.36908547727e-13
-0.49969554619, -4.01259708248, -4.88089659339, -7.90049128853e-11
-0.499695069107, -4.01259710074, -4.88089685873, -1.68454514805e-13
-0.499694964693, -4.0125971615, -4.8808968704, -4.04288829255e-12
-0.499695090684, -4.01259709144, -4.88089690812, -3.36909897266e-13
-0.499695105676, -4.01259708667, -4.88089617568, -1.25160885944e-10
-0.499695066244, -4.01259707814, -4.88089687061, 0.0
-0.499695069703, -4.01259727999, -4.88089789288, -2.70204309975e-10
-0.499695084374, -4.01259708777, -4.88089688451, -1.68455041403e-13
-0.499695054403, -4.01259721877, -4.88089686347, -4.5482794447e-12
-0.499695078233, -4.01259708037, -4.88089687843, 0.0
-0.499695064509, -4.01259709156, -4.88089697818, -2.52682091966e-12
-0.499695067486, -4.01259708082, -4.88089686963, 0.0
-0.499695077278, -4.01259709675, -4.88089685247, -1.68454408852e-13
-0.499695091685, -4.01259708502, -4.88089688275, -1.68454960167e-13
-0.499695075358, -4.01259701722, -4.88089687688, -1.17917523555e-12
-0.499695056715, -4.01259708124, -4.88089688166, 0.0
-0.49969508275, -4.01259708423, -4.88089682552, -8.42268023776e-13
-0.499695044715, -4.01259709484, -4.88089690074, -3.36909892197e-13
-0.499695072654, -4.01259726813, -4.88089688744, -8.59123358543e-12
-0.499695074437, -4.01259708796, -4.88089688013, 0.0
-0.499695069201, -4.01259707657, -4.88089688398, 0.0
-0.499695074794, -4.01259708464, -4.88089688884, 0.0
-0.499695049299, -4.01259709389, -4.88089688218, -1.68454507364e-13
-0.499695045365, -4.01259708102, -4.88089688385, -1.68454241487e-13
-0.499695043538, -4.01259699633, -4.88089687146, -2.18989009135e-12
-0.499695015066, -4.01259707499, -4.88089688366, -6.73815837436e-13
-0.499695074744, -4.01259708504, -4.88089688873, 0.0
-0.49969505158, -4.01259707834, -4.88089688024, 0.0
-0.499695076518, -4.01259709104, -4.88089671109, -7.07503652407e-12
-0.499695040081, -4.01259701298, -4.88089687498, -1.51608001377e-12
-0.499695081375, -4.01259707402, -4.88089675239, -4.0428776707e-12
-0.499695074749, -4.01259708504, -4.8808968887, 0.0
-0.499695053323, -4.01259717864, -4.88089687952, -2.18991102511e-12
-0.499695079626, -4.01259702158, -4.88089685297, -1.17917294023e-12
-0.499695072138, -4.012597037, -4.88089674363, -5.22203075524e-12
-0.499695048009, -4.01259708161, -4.88089688821, -1.6845438154e-13
-0.499695047684, -4.01259708815, -4.88089739342, -6.72131546667e-11
-0.499695052982, -4.01259708896, -4.8808968795, 0.0
-0.499695029821, -4.01259706113, -4.88089686854, -5.05360724804e-13
-0.499695081527, -4.01259708667, -4.88089680449, -1.34762857758e-12
-0.499695064584, -4.01259708664, -4.88089689468, 0.0
-0.499695053205, -4.01259708335, -4.88089687901, 0.0
-0.499695052982, -4.01259708896, -4.8808968795, 0.0
-0.499695067795, -4.01259702384, -4.88089689372, -1.01072424551e-12
-0.499695060665, -4.01259708734, -4.88089687077, 0.0
-0.499695115004, -4.01259709403, -4.88089678546, -2.86371763664e-12
-0.499695052418, -4.01259708415, -4.88089687529, 0.0
-0.499695052982, -4.01259708896, -4.8808968795, 0.0
-0.499695068648, -4.01259704448, -4.88089689142, -5.05362600574e-13
-0.499695080854, -4.01259708683, -4.88089687279, 0.0
-0.499695049857, -4.01259709139, -4.8808968776, 0.0
-0.499697349372, -4.01259709032, -4.88089687061, -1.31921452843e-09
-0.499695052969, -4.01259708678, -4.88089746658, -8.75965931025e-11
-0.499695067616, -4.01259711068, -4.88089689143, -1.68454883873e-13
-0.49969506906, -4.01259708585, -4.88089687204, 0.0
-0.499695052032, -4.01259709135, -4.88089687798, 0.0
-0.499695059836, -4.01259686694, -4.88089681309, -1.31392548254e-11
-0.499695075473, -4.01259708728, -4.88089686842, 0.0
-0.499695075895, -4.01259708434, -4.88089689142, 0.0
-0.499695069927, -4.01259708598, -4.88089687205, 0.0
-0.499695047451, -4.0125969708, -4.88089678827, -5.39046642566e-12
-0.499695145533, -4.01259707994, -4.88089686041, -1.68455182036e-12
-0.499695083433, -4.01259763972, -4.8808968859, -7.79952727817e-11
-0.499695075895, -4.01259708434, -4.88089689142, 0.0
-0.499695069761, -4.01259708598, -4.88089687205, 0.0
-0.499695072034, -4.01259707511, -4.88089687482, 0.0
-0.499695058088, -4.01259711012, -4.88089688128, -1.68454556351e-13
-0.499695046279, -4.01259703306, -4.88089680381, -2.18988033913e-12
-0.499695071397, -4.01259703005, -4.88089687914, -8.42269161419e-13
-0.499695069685, -4.01259727601, -4.88089683649, -9.6019038154e-12
-0.499695072105, -4.01259710354, -4.88089689994, -1.68454952355e-13
-0.49969506211, -4.0125970763, -4.88089689275, 0.0
-0.499695068957, -4.01259707495, -4.88089689124, 0.0
-0.499695092159, -4.0125970894, -4.88089685886, -3.36908655363e-13
-0.499695072227, -4.01259708334, -4.88089697491, -2.35836625536e-12
-0.499695072287, -4.01259707435, -4.88089688193, 0.0
-0.499695072274, -4.0125970754, -4.8808968926, -1.68454813384e-13
-0.499693570954, -4.01259708135, -4.88089690425, -5.64996789117e-10
-0.499695070329, -4.0125970832, -4.88089687121, 0.0
-0.49969507267, -4.01259707597, -4.88089688863, 0.0
-0.499695072375, -4.01259707824, -4.88089685234, -1.68454139309e-13
-0.499695072148, -4.01259707688, -4.88089689269, 0.0
-0.499694709363, -4.01259707694, -4.88089689266, -3.21743383183e-11
-0.4996950735, -4.01259707652, -4.88089688272, 0.0
-0.499695072158, -4.01259707695, -4.8808968942, -1.68454751472e-13
-0.499695072132, -4.01259707815, -4.88089689269, 0.0
-0.499695072147, -4.01259707688, -4.88089689269, 0.0
-0.499695072147, -4.01259707688, -4.88089689269, 0.0
-0.499695072014, -4.01259707638, -4.88089688993, 0.0
-0.499695072146, -4.01259707689, -4.88089689248, 0.0
-0.499695072147, -4.01259707689, -4.88089689269, 0.0
-0.499695072147, -4.01259707688, -4.88089689269, 0.0
-0.499695072147, -4.01259707688, -4.88089689269, 0.0
-0.499695072147, -4.01259707688, -4.88089689269, 0.0
-0.499695072147, -4.01259707688, -4.88089689281, 0.0
-0.499695072147, -4.01259707688, -4.88089689269, 0.0
-0.499695072147, -4.01259707688, -4.88089689269, 0.0
-0.499695072147, -4.01259707688, -4.88089689269, 0.0
-0.499695072147, -4.01259707688, -4.88089689269, 0.0
-0.499695072147, -4.01259707688, -4.88089689269, 0.0
-0.499695072147, -4.01259707688, -4.88089689269, 0.0
-0.499695072147, -4.01259707688, -4.88089689269, 0.0
-0.499695072147, -4.01259707688, -4.88089689269, 0.0
-0.499695072147, -4.01259707688, -4.88089689269, 0.0
-0.499695072147, -4.01259707688, -4.88089689269, 0.0
-0.499695072147, -4.01259707688, -4.88089689269, 0.0
-0.499695072147, -4.01259707688, -4.88089689269, 0.0
-0.499695072147, -4.01259707688, -4.88089689269, 0.0
-2775.58690294, -2416.26096703, 2965.45028323, -2.18767598771e+24
-3834.89665754, 5499.99768909, 1504.99222, -6.25609164895e+25
5074.16446379, -1136.18113784, -3746.53738087, -1.50518086124e+26
1895.29228275, -5715.75492535, -1087.81028983, -5.54877015442e+25
591.15781157, 140.271860794, 992.844357663, -1.26959255358e+20
-3640.27114015, -1868.44901938, -2294.453501, -1.33721250213e+25
-564.103167339, -225.891107212, 6677.94647369, -1.15699201754e+26
-790.018547125, 6444.86735661, 166.644266359, -1.79355845672e+26
6436.0985248, 2399.36393785, -915.507640818, -1.16694208353e+26
2479.6039017, -4087.81627835, 3505.9682983, -3.88158668857e+25
-334.277410646, -1606.90847125, 3285.52379264, -2.48173426036e+23
1029.89081068, -2279.64496165, 4898.62131146, -5.24389510196e+24
2290.99289418, -890.529864656, 4268.39232401, -7.92614492558e+24
5182.70133951, 1518.77792722, 329.292399072, -2.69485713863e+25
-4152.51566644, -4178.87314196, 1138.50103185, -2.30187599449e+25
2529.43843481, -3499.80847717, 4962.49761835, -4.40512731277e+25
6516.43738675, -943.033323352, 2851.47942685, -3.00431290642e+26
806.882008417, 3333.83375258, 3362.90614778, -1.62321072387e+24
-7870.74427705, 2057.56000826, -2199.81540439, -5.87217852672e+26
4147.98185002, -2219.11690237, 241.7939075, -1.42693046475e+24
-3481.44696225, -2011.80295776, 664.843499379, -1.33589207896e+24
84.5036353032, 1484.05249013, -2619.142298, -4.60366531675e+22
-3040.85290957, -852.80313172, 2588.37026704, -2.33259309888e+24
-4484.67094538, 3344.48562189, 4100.20208203, -2.39891050473e+26
3633.31808894, -3583.88606456, 6417.2721789, -2.64105461366e+26
2822.54512071, -4743.72614124, 6519.14990243, -3.54053271958e+26
4986.69946703, -344.120615871, -3246.47292371, -6.75603032348e+25
3073.09538746, -221.748079993, -4209.56913389, -3.75639008718e+25
2087.54497128, -1145.1914817, 508.085824194, -1.14105092754e+22
-5561.82643134, -1640.07164867, -60.3991821065, -4.14717905675e+25
1622.72674458, -62.3282071791, -706.679138385, -2.50995058529e+21
-1334.91881867, 2038.14716178, 3669.00846272, -6.84180860823e+24
-3422.9384622, -223.449173222, -476.248847817, -7.52140704736e+23
690.457753472, -2403.14709206, -703.385609198, -4.28387390785e+22
-45.1916258671, -2888.86838835, 495.802868729, -4.05623490225e+23
-1446.59308925, -2839.13841166, -1900.37493134, -2.93268395287e+23
-247.437597714, 6572.46611173, 347.066449394, -1.92254762648e+26
-1157.16752887, -1210.12562097, 2816.74741076, -2.17802169757e+23
-382.877471349, -2834.80871824, -5061.57228003, -2.24405780863e+25
-3074.40268757, 6180.60426766, 1954.97095684, -1.04477926265e+26
3174.89978585, 113.354856535, -2503.28048257, -3.27199063659e+24
-3179.73147566, 4251.60881958, 3237.1740568, -4.55429403545e+25
3412.06445375, -854.259612448, -2638.46464695, -7.76754099367e+24
585.202094172, -5327.085806, 5926.7808176, -3.11193788452e+26
700.873370616, -2373.48307258, 261.138828027, -8.76788698377e+22
-2595.07287318, -7251.31723725, -974.45286669, -3.66387610789e+26
-1788.64356092, 1419.42007117, -214.124397723, -6.42268409785e+21
407.543090122, -392.797951867, 2870.98692878, -6.87619592008e+22
-5732.94719748, 3604.0146465, -3416.34831864, -1.83477303892e+26
376.22378981, 3933.28441696, 6587.49312161, -2.07395196477e+26
2342.95293055, -1203.94207799, -2641.04161611, -2.55223615788e+24
-2581.37547507, 7620.64845797, 4618.81785283, -5.38228990213e+26
3629.99067053, 2699.46592122, -7144.08222161, -5.88851756599e+26
-107.260793069, -6532.53084362, 3526.68151036, -5.48054326571e+26
2250.48882379, -2276.886146, 6453.91533769, -7.04692585171e+25
2.26622652502, -161.719084775, 4986.9657027, -8.57947712732e+24
5305.25379345, -1860.32988917, -813.898731573, -1.04302829367e+25
-2981.60439641, 1800.63437918, 371.5034507, -1.45195259435e+23
5467.27830234, 6735.34334058, -1276.88757572, -5.85324713834e+26
3440.93224453, 1327.81068153, 2196.54567241, -7.44749505102e+24
-1707.63819566, -167.817418275, 2331.99590161, -2.84743642754e+23
60.5468741292, 2573.9504128, -3463.08727293, -1.33853962285e+24
5424.65756186, 7663.65723105, 5965.62425234, -3.35411569537e+27
3158.66635859, -2028.87191839, 1275.31464896, -7.46584919624e+23
-3362.8553049, 3908.04692748, 2050.23390104, -1.19396807152e+25
4039.9514476, -2012.35529593, 2210.76033176, -8.20381704152e+24
-2705.52999957, -985.708638166, -582.09100599, -2.69026021019e+23
3774.36705109, -1302.09001392, 100.2281307, -5.60937443881e+23
6281.21914848, -447.561113723, 3178.83637537, -3.24943838764e+26
3525.51573916, 337.816798362, 6959.31983086, -4.15421360261e+26
2025.22231034, 242.814632051, 1412.70302538, -9.78715232703e+22
-1974.22344881, 2742.81976493, -2365.89600339, -1.92667195701e+24
-6904.25203872, 4633.19908854, -7255.13597739, -4.41404018267e+27
-6955.80785675, 2778.68712162, -1018.70565024, -1.05743407578e+26
1570.13320226, 792.65539628, 741.473389143, -9.64165373737e+21
-1260.83884338, -3644.97580084, 4764.84320489, -2.01972987255e+25
-438.096739363, 6537.85888148, 2661.06975955, -9.25179573507e+25
-871.473911288, 2748.13053788, -2676.43981609, -1.45643150121e+24
2186.71850048, 2123.39645745, -5559.47785325, -4.90459605624e+25
-1196.96785528, -1385.41745839, -1444.22241994, -1.84046832343e+22
4087.97119143, 5574.93703481, 1551.2002614, -1.04268741684e+26
1581.09881806, 3288.06412047, -6298.69282583, -7.1420413347e+25
-4085.3212513, -5086.52024339, -5694.12662016, -5.83753622908e+26
-2736.20918226, -6027.57547385, 4695.1951849, -3.9841779542e+26
1437.0227297, 3297.05426335, 6055.53936687, -8.46384338931e+25
-5241.70741527, 1709.44276599, -6366.49574452, -8.79722500495e+26
-690.068748496, 3178.57756653, -2491.92659729, -3.06786127325e+24
3199.38386308, 247.540067217, -553.641045221, -2.29703707554e+23
5078.49509671, -1687.50167254, 2633.68382244, -4.78930725179e+25
5742.56223276, 3545.18292413, 2871.03982027, -3.99103487302e+26
5108.33784041, -3266.65075974, -2799.07590012, -1.03307976147e+26
-4403.39499358, 6170.96744584, 493.184580647, -1.99852812708e+26
2543.5683449, -2782.73518012, -3832.35692044, -3.34222741317e+25
7404.10425602, -4796.70043884, -33.1510936531, -2.05470565575e+26
-3977.01244462, 1573.66590162, 3693.4142808, -6.57867263778e+25
6371.27394639, 2358.80595438, -5231.64063508, -6.71269752798e+26
-7371.50292963, 1443.3586168, 5845.30541823, -3.78013421049e+27
3184.61873362, -149.494525494, 6688.8822318, -2.38895129273e+26
-795.879981573, 3205.29615021, -4600.24698229, -1.09197138765e+25
2200.8640026, 1846.94126661, 5252.72403853, -3.77502955776e+25
-5004.05555264, -234.189376464, -1949.18249718, -3.87870140997e+25
-5439.3656741, -3965.18836264, -1980.82322991, -2.16306351654e+26
6264.50482081, 3101.58992101, 4942.36836603, -1.66193041025e+27
-2657.59307129, 2454.94104922, 5212.98007125, -1.67252786298e+26
-558.834878607, -2551.18837143, 99.8154438277, -1.13166712756e+23
-1001.11838908, -2415.89809963, -2046.14502703, -8.83596323095e+22
-3449.36021785, 4167.47919581, 6027.52714356, -8.87168125733e+26
4311.70825723, 5462.24014395, -7800.71733253, -1.30799152102e+27
-5826.95966651, -1449.263338, 114.97442764, -4.99970767879e+25
7273.02373237, 715.7741268, -153.018155168, -2.0682718862e+26
-2304.11993353, -2663.20903513, 1276.04765464, -4.86037248193e+23
-4042.57361211, 1755.37538402, 927.589339081, -1.8898638771e+24
-2705.81096769, 3024.77689391, 966.105218265, -9.29492143304e+23
288.860637352, 7010.22908746, -4089.45899733, -1.03442932694e+27
6593.92844285, -2012.44187112, -3331.46307263, -3.90602445427e+26
309.907579581, -50.1193562479, 173.767811652, -1.28333292121e+16
1573.15268574, -2368.12102684, 4584.31268492, -5.8565019061e+24
-336.747362453, -668.684774786, 1713.3143761, -1.84937370593e+21
247.930677034, 946.819886222, -5048.80849183, -8.08265557023e+24
4258.69318628, 2059.26699859, -5842.29754856, -2.96763757671e+26
-1298.86729421, -6090.00171205, 183.1388957, -1.1751448229e+26
3025.30515719, -283.409070819, 941.233774112, -4.08165563285e+23
4952.76612296, -5724.68459818, 685.209770094, -1.96105492404e+26
-2313.97220853, -863.536216121, -1517.05906333, -3.25654574584e+23
3440.60799429, 1235.43354052, 679.307529779, -1.72182208445e+24
-537.445727865, 60.5276650287, -2527.51472872, -3.07688846074e+22
-6187.56369014, -3526.08977042, -5443.73097745, -2.16150856181e+27
-2538.68002226, 2928.24356496, 7184.71993539, -1.14369138129e+27
-7011.47922277, 1260.67199036, -2593.42403193, -3.86581829218e+26
860.50503117, 2028.55848083, -2058.54533975, -1.00647708801e+23
2602.71188218, -5579.70744799, 1584.82215372, -1.34530250238e+26
32.886042009, -464.694178909, -1476.74088261, -9.73493349765e+20
-5120.94326181, 2304.55552251, 394.853685375, -6.70623794548e+24
-1673.12934353, -1242.89393866, 2712.11102843, -3.5780574789e+23
6955.13395034, -2540.77853606, -4583.07416157, -1.49900531307e+27
-4245.09834229, 5609.43269215, 2214.34773967, -9.71753494587e+25
6140.39397445, -7461.77599412, 1999.23778938, -2.05240793381e+27
6249.39633138, 2627.72967942, -3709.76261614, -1.80365441112e+26
191.646126436, 4433.63761163, 6773.47865701, -3.05080936482e+26
5922.13017932, 3275.12176746, -268.684990707, -1.12789256349e+26
16.786796327, 1427.28856803, 2952.60273986, -3.19960760132e+23
-3263.54272859, 1647.68427925, 4559.78509401, -1.01207719027e+26
1874.34459734, -1609.30964885, 444.717727191, -1.75969740225e+22
-6112.46918591, 1999.88680937, -3896.35179224, -3.51937190375e+26
7446.67882101, 4628.64239769, -5856.75312211, -1.62290469283e+27
2444.91688353, 1504.93265574, -1132.45184864, -7.98832214936e+22
-1720.41088674, 391.601021157, 5387.7758923, -5.98900664535e+25
-582.902928961, 399.423008257, 815.6022416, -1.24535821597e+20
658.55475821, -1211.27782824, -1159.40817685, -2.58829397554e+21
-87.7388869317, 5488.5712928, 1815.13650145, -2.58343221039e+25
-842.810831437, 915.286106672, 1871.90104271, -3.86719251638e+22
-4129.28057305, 2358.22078684, 5538.49535143, -5.75545364765e+26
4654.69344495, 2382.14336645, -5067.15981135, -1.70800492854e+26
-5774.39721748, -1214.03789922, 344.131751433, -3.87500948684e+25
-2891.84988551, 2695.86300463, -7101.45615365, -2.08851753912e+26
2983.5167038, 4240.53766462, -993.562060135, -1.19628120916e+25
3179.69632456, 17.4505309516, 965.135099525, -6.89487888126e+23
-286.207512477, -2510.01379795, -2071.69773432, -6.12179430628e+22
3037.03188427, 1904.52240855, -5712.40880739, -1.15539737738e+26
4125.97765726, -2887.10450776, 329.300390307, -2.7279345873e+24
1939.34203032, -417.33481821, 1296.45263349, -4.48015917006e+22
2663.04183503, 572.986620062, 4663.6135956, -2.58184442005e+25
4319.04067502, 59.492089898, -4427.40962259, -1.2332063165e+26
758.59338634, 4297.56318909, -2845.07250642, -2.26181074742e+25
728.419392737, -5254.96526508, -1077.13167429, -2.43552063705e+25
1341.66539871, 4973.29592359, -1873.74983562, -4.35342447121e+25
-2617.30387821, -2866.83106891, -224.052926161, -9.64575819501e+23
436.213436475, 2300.85483508, 129.190874115, -4.16612085095e+22
-4359.25996179, -512.876901423, 2018.05164262, -6.63997694692e+24
-1688.46473031, -1079.21706025, -2061.77923144, -1.95494032489e+23
-56.7487889994, -1982.73320289, 2813.09173499, -1.92447396236e+23
-1740.8912333, 3321.69491462, 2630.61753124, -3.30603553363e+24
-1192.84615223, -4531.89312367, -2789.38207888, -4.4062281214e+24
1012.76694837, 1307.61488741, 3261.92266883, -5.73676197156e+23
-181.482559521, -7843.98748172, -3685.67546783, -3.48472845059e+26
6224.29214728, -3977.93325754, 2858.82459077, -2.10137152973e+26
-562.838129384, -6014.91123306, 104.067499377, -1.04824277788e+26
-173.635672565, -4830.94493406, 2066.87668122, -3.9731553654e+25
5263.82051848, 6591.10092184, -7247.1367441, -2.0580789203e+27
-2861.29954585, 952.459613234, -2237.44979041, -1.45201604054e+24
3806.85351595, -5595.23789803, 2591.62930453, -2.47608651799e+26
4177.74489907, 5352.332749, 3026.09285209, -1.5831790471e+26
618.710673112, -1203.23335276, -1228.68121368, -3.07102045596e+21
-2662.9584967, -5540.00217808, -625.845426528, -4.91545372115e+25
162.723314322, 5236.53261765, -665.517709156, -4.34861787423e+25
-159.734152794, 3829.39279902, -6629.45681465, -8.08901929988e+25
-2179.51456636, 515.36691195, -203.935154553, -9.63865894248e+21
-1279.60699806, 2723.25602775, -7671.5479273, -1.4170154567e+26
3635.01805944, 2166.3655107, -3439.62063422, -1.1169111684e+25
1020.21425032, -4105.86293548, 2430.92095057, -1.71057345981e+25
712.659527949, 4850.56367431, 4860.59406961, -3.19444080173e+25
6905.86013191, 1377.8726008, -4285.29885761, -5.51548492629e+26
-498.416151284, -987.626808277, -755.041301197, -8.07732094472e+19
6149.20501881, 2245.31724906, -2412.72394212, -7.96429084018e+25
-17.8745457809, 5115.99789617, 87.4366323453, -2.75438271161e+25
4233.58478142, 1577.77678003, 2149.13644903, -2.48734209783e+25
-9.29032285038, 438.702859156, 2301.51851176, -2.7154214661e+22
-2742.32756406, -260.191129084, 1122.61999992, -1.27471758932e+23
1013.07560968, 7219.71509651, -2076.99256047, -7.45687791842e+26
-3014.40904611, 8095.6059897, 1782.58378579, -8.84548040638e+26
