-0.499695290064, -4.01259706578, -4.8808968699, -1.28024376723e-11
-0.499695016925, -4.01259708988, -4.8808976616, -1.5582204845e-10
-0.499696171588, -4.01260047671, -4.88089687765, -3.21899818504e-09
-0.499694931508, -4.0125968729, -4.88088777082, -2.09888724578e-08
-0.499687074088, -4.01263248645, -4.8808964765, -3.33201940921e-07
-0.500220962273, -4.01307096636, -4.88089495572, -0.000126542072873
-0.499685322, -4.01259646777, -4.88228120845, -0.000484284791097
-0.505085850248, -4.02080535517, -4.88365760623, -0.0262605979828
-0.514290626088, -4.01929407365, -4.87830937915, -0.0666925478969
-0.520639276279, -4.03635532925, -4.87505823162, -0.256514721009
-0.522667438548, -4.05201453544, -4.91188245037, -0.768189924459
-0.497954909399, -4.01393695307, -4.9508360679, -1.26319812046
-0.498195342287, -4.01649784665, -4.95296941291, -1.34846117032
-0.485484010727, -4.01101779304, -4.99427788683, -3.66227507336
-0.514926923177, -4.01443429597, -4.99521211839, -3.83676110048
-0.48811021615, -4.01480127425, -4.99810538262, -3.91678969438
-0.489023474701, -4.01463597513, -4.99900416138, -3.98811833375
-0.488205687847, -4.01827068657, -4.99898302183, -3.99605942049
-0.487602604325, -4.01593654155, -4.99900989794, -3.99676045394
-0.488808632035, -4.01638118628, -4.99937831503, -4.02857384776
-1.33058427236, 4.97138835631, -4.95463863599, -186.762685485
0.0560295333555, -4.90531735966, -4.89938831697, -99.8321371925
-0.718889313705, 2.79115265113, -4.99999103507, -425.489620935
-1.06784689951, -0.168878182512, -4.90323700547, -783.15712249
-0.882852771036, -2.75827007045, -4.8378739944, -256.054051031
-1.43191195354, 3.54777971829, -4.84568608666, -3.16514785638
-1.43185529725, 3.54777677348, -4.84562186398, -3.16691855772
-1.45326875457, 3.73464680204, -4.85355794931, -69.293973443
-1.04409477699, -0.82096689748, -4.99997250375, -812.368563391
-0.709174727902, -0.383171577385, -4.8202590137, -805.188322059
-0.350621488798, 2.95535854181, -4.84500905059, -558.075222434
-2.82206648053, 0.88334338446, -4.8518179428, -504.449933082
-0.28408353172, 3.31977178544, -4.80119071069, -418.178379345
-0.49910177033, -4.01218613089, -4.85518023835, -0.166308746115
-0.545941961361, -2.4650226615, -4.85111481239, -356.300526861
-0.862977672587, 3.23127308483, -4.85544966753, -192.367465948
-0.964565530685, -2.54276367859, -4.91876699883, -302.504933106
-3.7540856529, -0.210559934839, -0.968862022205, -1062.75660305
-1.56735364934, -3.25756856337, -4.11543787655, -248.53075544
-2.34903602354, 4.6967218099, 3.45068248642, -2148.04625197
-4.79966016465, -4.97980390935, 1.65307414248, -3881.3152982
-4.58184616204, 0.0914777736436, 1.55113111312, -1575.00222415
-3.39507506742, -3.31727576006, 2.34683608107, -4.05776420408e-06
-3.41981225528, -0.783479132407, 4.99685053943, -1443.67278898
-3.39503288744, -3.31737361494, 2.34683434352, -1.81122293589e-05
-3.39485216357, -3.31730624422, 2.34669577949, -0.000146563634833
-1.81741826503, -2.57182547815, -1.26364814928, -1823.66275895
-2.85500161376, -2.98529264707, -3.56813964832, -588.192452758
-4.90521058034, -3.22863398859, 1.28214061442, -2673.51144813
3.86279483761, -4.46173899797, -1.62338994842, -2104.78320879
-4.93442847298, -3.7214235976, -3.48277117836, -1600.45474073
-0.499695054586, -4.01259709566, -4.88089687418, 0.0
-1.21582336239, -4.90032197659, -4.88667916968, -130.816922227
-0.499694861166, -4.01258311127, -4.88089703371, -4.93907561827e-08
-0.906829680923, 1.89067707168, -4.92813294321, -653.76894196
-0.499695297474, -4.01259710834, -4.88089687665, -1.38132318165e-11
-0.499695046627, -4.01259709797, -4.88089687556, -1.68454485422e-13
-0.499695411074, -4.01258719442, -4.88087703173, -1.24364554852e-07
-0.914562910007, 4.94480145355, -4.99494078817, -235.663235254
-0.499710086043, -4.01259709912, -4.88090442202, -7.14459516488e-08
-0.499695405592, -4.01259699564, -4.88091596115, -9.21236183097e-08
-0.499655932934, -4.01259155646, -4.88093791129, -8.2062749884e-07
-0.49969508568, -4.01259712241, -4.88089690523, -6.73820471799e-13
-0.499694994912, -4.01259708538, -4.880896761, -4.71667642761e-12
-0.499695039752, -4.01259709879, -4.88089689463, -3.36909031842e-13
-0.499695044872, -4.01259707897, -4.88089705375, -7.91730904049e-12
-0.499695054913, -4.01259708045, -4.88089678154, -2.35833588537e-12
-0.499694931438, -4.01259719675, -4.88089705211, -1.53293040575e-11
-0.499695078023, -4.01259707546, -4.88089731453, -4.83460606915e-11
-1.12272968233, -4.99159042127, -4.8786586268, -122.771698611
-0.499694639476, -4.01259711276, -4.88089687891, -4.59873966487e-11
-0.499695054684, -4.0125970895, -4.88089686156, -1.68454075031e-13
-0.499695751574, -4.01259776011, -4.88089688226, -2.3432367324e-10
-0.486435281189, -3.96600501886, -4.91612802334, -0.955427992107
-0.499695059762, -4.01259696336, -4.88089674914, -7.91724692138e-12
-0.499695066265, -4.01259706984, -4.88089687046, 0.0
-0.499695068653, -4.0125970779, -4.8808968818, 0.0
-0.499695077078, -4.0126071467, -4.88089578279, -2.59082855879e-08
-0.499695367765, -4.01259670997, -4.88089542527, -5.92268865146e-10
-0.499695068871, -4.01259707781, -4.88089688104, 0.0
-0.499695030398, -4.01259707172, -4.88089678917, -2.35834086194e-12
-0.499695068873, -4.01259707782, -4.88089688101, 0.0
-0.499695220021, -4.0125970785, -4.88089685825, -6.23283359948e-12
-0.499695071044, -4.01259709402, -4.88089687329, 0.0
-0.499695069295, -4.01258106774, -4.88089686775, -6.48707101242e-08
-0.499623230642, -4.01259290631, -4.88090520729, -1.32659695531e-06
-0.50005555031, -4.01259821953, -4.88089168084, -3.28371587542e-05
-0.499694916441, -4.01259700279, -4.88089685513, -7.41184870513e-12
-0.499693212063, -4.01259709267, -4.88089687579, -8.68566826392e-10
-0.499695070359, -4.01259708322, -4.88089686919, 0.0
-0.499695106774, -4.01259850788, -4.8808965769, -5.35538403099e-10
-0.499695079732, -4.01259704255, -4.88089689132, -5.05362861621e-13
-0.49969506555, -4.01259482027, -4.88089657395, -1.32015423547e-09
-0.499695065276, -4.01259706883, -4.88089689708, -1.68454690918e-13
-0.499695070357, -4.01259708175, -4.88089686919, 0.0
-0.499695075936, -4.01259714053, -4.88089694345, -1.85300258925e-12
-0.4996950688, -4.01259704392, -4.88089690084, -5.05363290082e-13
-0.499695061953, -4.01259710574, -4.88089686608, -1.68454495823e-13
-0.499694823038, -4.01259708816, -4.88089687171, -1.48237692556e-11
-0.499695116709, -4.01259699866, -4.88089684527, -2.86369880903e-12
-0.499695076717, -4.01259690968, -4.88089687162, -7.74883317799e-12
-0.499695028095, -4.01259708059, -4.88089683911, -6.73813624206e-13
-0.499695061788, -4.01259709259, -4.88089688155, 0.0
-0.499718090008, -4.01259608244, -4.88089656601, -1.34326540994e-07
-0.499695047654, -4.01259708421, -4.88089684701, -3.36907973407e-13
-0.49969507388, -4.01259714157, -4.8808968908, -8.42274113774e-13
-0.49969506392, -4.0125971159, -4.88089688483, -3.36908896611e-13
-0.499695063678, -4.01259708661, -4.88089688386, 0.0
-0.499695063598, -4.0125970858, -4.8808968837, 0.0
-0.499695059298, -4.01259705591, -4.88089689688, -3.36908440197e-13
-0.499695065269, -4.01259535738, -4.88089687387, -7.54658393709e-10
-0.499695355817, -4.01259699465, -4.88089686022, -2.34149197797e-11
-0.499695077782, -4.01259655912, -4.88089696847, -7.19283156717e-11
-0.499695079634, -4.01259739991, -4.88089696479, -2.71214212418e-11
-0.499695064787, -4.01259708759, -4.88089688521, 0.0
-0.499695027426, -4.01259713496, -4.88089114424, -8.31436101429e-09
-0.499695064789, -4.01259709327, -4.8808968848, 0.0
-0.499695064789, -4.01259709327, -4.8808968848, 0.0
-0.499695114654, -4.01259706171, -4.88089687945, -6.73817725122e-13
-0.499695065246, -4.01259682981, -4.8808968857, -1.65083160758e-11
-0.499695064789, -4.01259709327, -4.8808968848, 0.0
-0.49969507015, -4.01259705641, -4.88089686183, -3.3690767395e-13
-0.499693434739, -4.01259621234, -4.88089405891, -2.87451816037e-09
-0.499694928644, -4.01196361287, -4.88089736556, -0.00010141703588
-0.499695071458, -4.01153435238, -4.88089688977, -0.000285976422241
-0.499696767829, -4.01259704853, -4.88083139826, -1.08467490867e-06
-0.49827959322, -4.0125971337, -4.88089686891, -0.000507405879153
-0.499695074735, -4.01259710247, -4.88089689092, -1.6845488288e-13
-0.499695110328, -4.01259700537, -4.88089720146, -2.86367555148e-11
-0.49969472271, -4.01259708259, -4.88089729526, -7.37823653235e-11
-0.49969505866, -4.01259719234, -4.88089686711, -3.0321812247e-12
-0.499695040241, -4.01259711591, -4.88089687021, -3.36909342468e-13
-0.499695069252, -4.01259708051, -4.88089688588, 0.0
-0.499695072624, -4.01259709532, -4.8808968776, 0.0
-0.499694968715, -4.01259921135, -4.88089649166, -1.18379736063e-09
-0.499695075783, -4.0125970576, -4.88089688516, -1.68454077774e-13
-0.499695066979, -4.01259709111, -4.88089693559, -8.42273789726e-13
-0.499695047305, -4.01259714052, -4.88089682394, -1.68454288075e-12
-0.499695077478, -4.0125971019, -4.88089688125, -1.68454760781e-13
-0.499695078499, -4.0125970848, -4.88089687488, 0.0
-0.49970520833, -4.01286084534, -4.88077322902, -2.14550668485e-05
-0.499695066933, -4.0125970289, -4.88089689181, -8.42270854784e-13
-0.499695044824, -4.01259708134, -4.88089682964, -6.73814414652e-13
-0.499695086545, -4.01259707636, -4.88089687424, -1.68454600692e-13
-0.499695129195, -4.01259707259, -4.88089686813, -1.0107290731e-12
-0.499694863012, -4.01259714803, -4.8808969057, -1.16232352666e-11
-0.499695116916, -4.0125969865, -4.88089684046, -3.53751150484e-12
-0.499695074897, -4.01259710382, -4.88089688506, -1.68454764806e-13
-0.499695074855, -4.01259708447, -4.88089688234, 0.0
-0.499695112026, -4.01259716589, -4.88089689529, -2.35836716185e-12
-0.499695051808, -4.01259710357, -4.88089688432, -1.68454523304e-13
-0.499695071235, -4.01259707701, -4.88089676245, -3.36905723334e-12
-0.499695061539, -4.01259709644, -4.88089688695, 0.0
-0.499695059238, -4.01259708667, -4.88089689098, 0.0
-0.499695847525, -4.01259709481, -4.88089687226, -1.54810846384e-10
-0.499695069282, -4.01259710533, -4.88089687997, -1.68454498678e-13
-0.499695072743, -4.01259708286, -4.88089687752, 0.0
-0.499695058686, -4.01259710871, -4.88089678169, -2.52680474349e-12
-0.49969506188, -4.01259708638, -4.88089688818, 0.0
-0.499695059325, -4.0125970971, -4.88089687017, 0.0
-0.499695056926, -4.01259706907, -4.8808968699, -1.68453993086e-13
-0.499694927719, -4.01259719047, -4.88089688101, -7.58039474493e-12
-0.49969506143, -4.01259706998, -4.88089686676, -1.68453956123e-13
-0.499694863151, -4.01259707326, -4.88089682965, -1.09493638163e-11
-0.499695060485, -4.0125970971, -4.88089687056, 0.0
-0.499695068112, -4.01259707346, -4.88089688302, 0.0
-0.49969512728, -4.01259709739, -4.88089689831, -1.17918323385e-12
-0.499695072782, -4.01259708348, -4.88089686588, 0.0
-0.499695375074, -4.01334866958, -4.88090114779, -0.000142605443528
-0.499695060485, -4.01259709709, -4.88089687056, 0.0
-0.499695065166, -4.0125970734, -4.88089688408, 0.0
-0.499695053284, -4.01259706944, -4.8808968738, -1.68454063305e-13
-0.499695055317, -4.0125970724, -4.88089684127, -3.36907374862e-13
-0.499695051402, -4.01259709315, -4.88089687344, 0.0
-0.499695005171, -4.01259709582, -4.88089686356, -1.01072454901e-12
-0.499695065252, -4.0125970734, -4.88089688415, 0.0
-0.499695075539, -4.01259704135, -4.88089686744, -5.05361230815e-13
-0.499695084002, -4.0125970054, -4.88089692881, -2.35834919301e-12
-0.499695143775, -4.01259700252, -4.88089613269, -1.43691012156e-10
-0.499695065251, -4.0125970734, -4.88089688415, 0.0
-0.499695116684, -4.01259710171, -4.88089678467, -2.86372062744e-12
-0.499695068137, -4.01259699036, -4.88089687555, -2.18989158772e-12
-0.499695076458, -4.01259709153, -4.88089685858, -1.68454491461e-13
-0.499695080115, -4.01259707909, -4.88089687702, 0.0
-0.499695022451, -4.01259707409, -4.88089870162, -8.41627012563e-10
-0.499695052042, -4.01259734023, -4.88089687845, -1.6508610384e-11
-0.499695512546, -4.01259707938, -4.88089687133, -5.05360274176e-11
-0.499695070034, -4.0125973608, -4.88089685591, -1.93722824152e-11
-0.499695146941, -4.01259705978, -4.88089673343, -7.07503622339e-12
-0.49969506812, -4.0125970791, -4.88089691272, -3.3691015275e-13
-0.499695078263, -4.01259707234, -4.8808968641, -1.68454202836e-13
-0.499695083098, -4.01259708337, -4.8808969792, -2.69527116106e-12
-0.49969507477, -4.01259707478, -4.88089687118, 0.0
-0.499695072213, -4.0125970797, -4.8808968663, 0.0
-0.499695030248, -4.01259707516, -4.88089689278, -3.36908287463e-13
-0.499695060056, -4.01259707211, -4.88089841436, -5.9701417628e-10
-0.499695074015, -4.01259707884, -4.88089690921, -3.36910239201e-13
-0.49969512637, -4.01259704649, -4.88089657029, -2.5267834845e-11
-0.499695072145, -4.01259707656, -4.88089687164, 0.0
-0.499695072147, -4.01259707688, -4.88089689269, 0.0
-1584.4112204, -1379.56223077, 1691.6085897, -2.45862314998e+22
-2187.59333433, 3137.10009086, 858.412853818, -7.02453994817e+23
2893.9670069, -649.44395552, -2136.13370754, -1.68682458847e+24
1080.2975808, -3260.41182101, -619.058758994, -6.20919655733e+23
338.024138796, 78.4349395842, 567.697338117, -1.45151442855e+18
-2076.95913824, -1065.56339278, -1308.17422727, -1.50012669118e+23
-323.582095757, -128.55827394, 3808.57780823, -1.30444865527e+24
-451.095980406, 3675.16525408, 97.0611386742, -2.00676874809e+24
3670.84393111, 1367.82290911, -522.035356636, -1.30615730426e+24
1415.19454701, -2331.24191133, 1998.3420439, -4.32655890703e+23
-190.9358003, -914.805924358, 1872.83101305, -2.7890697889e+21
588.899027123, -1300.63255815, 2793.07244177, -5.88561788891e+22
1305.09624091, -506.568288533, 2433.56707463, -8.83744072652e+22
2956.20636514, 867.943134689, 189.240366036, -3.02568791854e+23
-2367.52079997, -2384.09528649, 647.811881835, -2.57819037406e+23
1442.41591562, -1995.12152866, 2830.01352765, -4.90942833681e+23
3716.21970089, -539.371411021, 1625.66735811, -3.35649020073e+24
461.74873328, 1901.41574834, 1917.23718999, -1.82603151982e+22
-4488.98745032, 1174.49866581, -1255.78096672, -6.58202275742e+24
2365.68606462, -1266.49051011, 135.99291454, -1.59455945255e+22
-1986.07390979, -1147.48152904, 380.110012369, -1.49766147283e+22
49.6023856749, 845.490077301, -1494.93840706, -5.14112619396e+20
-1732.90675993, -484.928502035, 1475.86486527, -2.5981996999e+22
-2557.61931998, 1906.18039004, 2339.39532894, -2.68533992105e+24
2070.9489006, -2045.07641017, 3660.24806052, -2.9519774157e+24
1609.69339954, -2704.67244119, 3717.81853688, -3.94945388905e+24
2843.80072253, -195.279105101, -1852.76354033, -7.58849856569e+23
1753.65051002, -124.969148596, -2400.89213617, -4.20693041209e+23
1190.5967758, -654.216047725, 289.009325631, -1.27051488773e+20
-3172.68315276, -937.033001324, -35.7677991822, -4.66185683441e+23
925.157411031, -36.9014426355, -402.053117615, -2.81729453299e+19
-759.915160639, 1160.88415627, 2093.44592063, -7.67795380118e+22
-1951.40190234, -128.213376638, -271.378964352, -8.40411500223e+21
392.033430701, -1370.80574294, -402.480564595, -4.76405535382e+20
-25.0690546345, -1646.30283112, 283.304096566, -4.50315528024e+21
-826.057072499, -1620.54973825, -1082.62857346, -3.30009410069e+21
-141.782673683, 3748.78348151, 198.804151478, -2.15585760761e+24
-660.050297315, -689.686828241, 1605.10839959, -2.44034170881e+21
-216.389683735, -1617.02094965, -2887.39356904, -2.50407270945e+23
-1752.86788711, 3524.98259954, 1114.55559491, -1.17183757157e+24
1810.6903811, 64.7214062926, -1429.17746096, -3.68566574263e+22
-1813.36875833, 2424.95068382, 1847.03544428, -5.10270244265e+23
1946.91242557, -486.594294647, -1505.5467766, -8.74239486098e+22
335.4714181, -3037.41875243, 3380.54107863, -3.47381089666e+24
398.38051781, -1353.96366735, 150.498519452, -9.79166024114e+20
-1480.29499715, -4135.6588274, -556.875099211, -4.0983540477e+24
-1019.91430427, 808.328167106, -123.997105861, -7.2364019028e+19
231.762851952, -223.556323317, 1637.91017639, -7.83606856078e+20
-3269.10374779, 2055.84102906, -1948.23611147, -2.05464180996e+24
215.559035409, 2242.99732413, 3756.99422044, -2.33093289886e+24
1337.73440812, -685.881684794, -1506.49512913, -2.86880579908e+22
-1473.07711795, 4346.17903407, 2634.17725231, -6.03427870826e+24
2071.22108188, 1540.42075574, -4074.62917765, -6.58781807185e+24
-63.1652969929, -3725.9249349, 2012.54174144, -6.13126872399e+24
1282.41975989, -1298.13151589, 3680.71358589, -7.88624617645e+23
-0.230302850763, -92.8753335785, 2843.36110041, -9.6718488173e+22
3025.65917599, -1059.95661284, -462.746565869, -1.16829139635e+23
-1701.46693258, 1027.86951482, 212.594054315, -1.63146052021e+21
3117.54507726, 3841.15146886, -726.970875668, -6.54621138759e+24
1963.61638302, 757.454927393, 1252.36111036, -8.35333177335e+22
-974.591600075, -94.5662455031, 1330.07920778, -3.20148529171e+21
35.7438498814, 1468.71952019, -1975.21395959, -1.50527576085e+22
3093.05482695, 4370.82514895, 3401.89697417, -3.74847154529e+25
1800.95974042, -1157.35171866, 726.862517273, -8.31156730672e+21
-1918.5550994, 2228.70707411, 1168.42230552, -1.33411005009e+23
2303.93414215, -1148.29036421, 1259.87578415, -9.15464512057e+22
-1544.27824784, -562.845083406, -330.356872668, -3.02467554026e+21
2152.58803544, -741.319615186, 59.1486048118, -6.29739632438e+21
3582.43105847, -256.100376648, 1811.96628788, -3.63182305664e+24
2011.36203317, 193.809214321, 3969.10671265, -4.65988865403e+24
1154.95992267, 139.95745824, 806.025549777, -1.09699876996e+21
-1125.11972038, 1565.25090967, -1349.26196614, -2.1726810852e+22
-3937.40372328, 2641.69672794, -4137.90448945, -4.94202731852e+25
-3967.06703201, 1584.15393855, -579.479576812, -1.18237730324e+24
897.0848309, 453.155194621, 424.260922512, -1.09531496493e+20
-718.778860247, -2079.78549105, 2718.34126586, -2.26794116317e+23
-248.007642366, 3728.5430578, 1517.94114427, -1.03641442279e+24
-497.745302802, 1566.98062702, -1527.83227297, -1.63907872175e+22
1247.76071401, 1212.53731715, -3171.29637662, -5.48116639238e+23
-683.233788624, -791.713672326, -822.565074227, -2.06506002617e+20
2330.74792116, 3179.64892017, 886.371509206, -1.16595643231e+24
903.353600364, 1876.08332601, -3592.378046, -7.98229316197e+23
-2330.92633454, -2900.9137497, -3248.03927355, -6.54813077425e+24
-1560.70970071, -3437.87018976, 2678.45337774, -4.4599497502e+24
820.932894835, 1879.08986084, 3453.97163738, -9.52352083781e+23
-2989.71996138, 976.570633873, -3630.69061743, -9.84464122413e+24
-394.698942341, 1812.50096776, -1421.88721835, -3.44750350446e+22
1823.62417042, 142.073603811, -314.00199799, -2.56551982749e+21
2897.00811619, -961.632840781, 1502.91967703, -5.37403793107e+23
3275.69908315, 2022.8776568, 1638.25330204, -4.47448835451e+24
2913.1178801, -1863.76199542, -1595.89394187, -1.15778278527e+24
-2511.43604175, 3519.66057658, 282.909843523, -2.24259417392e+24
1451.97831469, -1585.70145485, -2186.10386156, -3.74764302519e+23
4222.66226235, -2735.15822262, -17.0122494821, -2.2968146884e+24
-2267.29667377, 896.127458214, 2106.71265867, -7.34588576792e+23
3633.7388924, 1345.86534455, -2983.31250665, -7.51614607996e+24
-4204.05346658, 824.303086951, 3334.01943045, -4.23026409336e+25
1817.44891038, -85.0921527247, 3814.48185412, -2.68037903543e+24
-454.750559786, 1828.93655114, -2623.45698654, -1.22850146546e+23
1255.02697247, 1053.17198556, 2995.3142359, -4.2298827375e+23
-2854.43685293, -132.338787437, -1113.05417331, -4.35416696258e+23
-3101.5571082, -2260.43732857, -1129.99943495, -2.41929100893e+24
3572.33039613, 1769.08901227, 2818.65474436, -1.85848476524e+25
-1514.39523614, 1399.6763595, 2973.70663336, -1.87364802109e+24
-318.125155633, -1455.80964932, 57.8095602758, -1.27107336821e+21
-570.517753804, -1376.31386468, -1166.6620969, -9.81805438811e+20
-1966.48804142, 2377.03328596, 3437.09967392, -9.92314216256e+24
2458.91028879, 3115.59117303, -4448.97935582, -1.46327183873e+25
-3323.53896258, -827.100942579, 66.1529626526, -5.60176056749e+23
4148.14280056, 406.410056373, -87.4685796049, -2.31309057381e+24
-1315.31379818, -1520.15157899, 728.907562943, -5.47736739236e+21
-2306.01488973, 1000.50396047, 529.460806165, -2.11024899019e+22
-1542.94356509, 1724.96731512, 551.267813545, -1.04114998975e+22
165.148917806, 3998.38298282, -2332.71192709, -1.16013747176e+25
3760.8444927, -1148.6892652, -1899.14652412, -4.37754948088e+24
177.497475904, -29.0277148224, 100.411721371, -1.50709863115e+14
898.536376426, -1349.98891384, 2615.21855722, -6.56815963805e+22
-192.201354355, -382.536088743, 978.641982463, -2.13308561537e+19
139.799688446, 541.11649364, -2879.30707566, -8.94720235634e+22
2428.15438873, 1175.29402701, -3332.63901182, -3.32036087876e+24
-739.743702964, -3473.84894086, 106.392929196, -1.31732453448e+24
1725.22188501, -161.942384999, 535.023229649, -4.54117931715e+21
2824.35008155, -3265.33672401, 389.953714099, -2.18858860312e+24
-1319.2919369, -492.317081695, -865.55476686, -3.64494080903e+21
1961.13099163, 705.134842514, 387.085402304, -1.91798254788e+22
-305.72721138, 34.2808275911, -1442.90855786, -3.42171404887e+20
-3529.44215683, -2010.24865307, -3104.49499299, -2.42094311065e+25
-1448.01855674, 1668.99649939, 4097.88471578, -1.28279489322e+25
-3998.64595642, 717.876848693, -1479.19668151, -4.32937851344e+24
491.665859319, 1157.06744525, -1174.60324214, -1.13069053445e+21
1485.84528626, -3182.12432256, 904.118176929, -1.50221873882e+24
19.7019403629, -264.705680468, -842.528676051, -1.07238689909e+19
-2921.3909981, 1315.11696641, 224.175855526, -7.50248098464e+22
-954.778371525, -710.577587057, 1547.86984183, -4.03331294465e+21
3966.80665806, -1450.4205162, -2613.36845822, -1.68010429887e+25
-2421.03028138, 3199.46437922, 1262.97253541, -1.08877895598e+24
3502.31319545, -4255.47060294, 1140.39606928, -2.29181443825e+25
3564.10293245, 1498.78075368, -2116.48794458, -2.02360993978e+24
109.86520154, 2528.12142841, 3863.06275091, -3.42785969698e+24
3378.04515695, 1867.29159046, -155.023641787, -1.26129275752e+24
10.7387962047, 814.858275554, 1684.32104484, -3.62240927334e+21
-1860.96924088, 938.073327715, 2600.63260122, -1.13210235119e+24
1068.09757433, -916.93365332, 254.292686616, -1.94028086098e+20
-3486.03566528, 1140.48420713, -2222.2102493, -3.94022321458e+24
4247.08628698, 2640.08113433, -3340.2486837, -1.818294039e+25
1394.31597616, 857.566239507, -645.93278361, -8.94707545416e+20
-979.769935723, 225.288557494, 3072.81813509, -6.72243171636e+23
-331.521670128, 229.13122242, 464.602076727, -1.38580294793e+18
375.849095708, -689.091167253, -660.800501062, -2.87463836373e+19
-52.0916379176, 3130.29227393, 1036.49090035, -2.8946882529e+23
-480.056212678, 522.921967079, 1067.78366333, -4.35191181726e+20
-2354.26100872, 1345.03541532, 3159.16260511, -6.44273784264e+24
2654.68220606, 1359.20714298, -2890.27210559, -1.91330276645e+24
-3293.74864615, -691.723987078, 195.103847562, -4.34413160667e+23
-1650.08495276, 1537.71811647, -4049.81592862, -2.33797576393e+24
1702.88674587, 2418.09001165, -564.887698493, -1.3380121973e+23
1812.38483311, 11.0622557081, 549.89848919, -7.67926014867e+21
-161.630722679, -1432.0302296, -1182.51238255, -6.83500470317e+20
1731.59042716, 1086.84312711, -3257.96257152, -1.29009435618e+24
2352.28664983, -1645.88454642, 187.803412787, -3.03371600733e+22
1106.85649673, -236.643890487, 740.622174631, -5.06030274455e+20
1519.29850371, 327.334004989, 2659.76685278, -2.89585783257e+23
2462.78801398, 35.6517566685, -2525.69987446, -1.38096815994e+24
432.987173807, 2450.79174737, -1623.63995281, -2.53641663482e+23
415.211940359, -2997.47639428, -612.754429954, -2.72693217844e+23
765.789609024, 2837.02831995, -1068.4726887, -4.88624276652e+23
-1492.73746108, -1633.76110854, -128.428660382, -1.07818556442e+22
250.151123803, 1312.64214899, 74.9671520554, -4.67860499314e+20
-2485.21340998, -290.725832977, 1151.54279144, -7.4073468327e+22
-962.486790098, -614.940669006, -1175.38723531, -2.18012190899e+21
-32.7780411132, -1131.13633062, 1603.51820427, -2.15049891341e+21
-992.69222079, 1893.28554334, 1499.28727511, -3.68765840008e+22
-680.993876218, -2585.13782644, -1591.55126435, -4.93673872789e+22
578.175799148, 746.35128367, 1861.21796912, -6.49306869703e+21
-102.485164174, -4473.58392782, -2101.42947863, -3.89727938633e+24
3550.0213881, -2268.17084712, 1629.27931072, -2.34522297254e+24
-320.162392274, -3430.41952332, 57.7015923163, -1.17084546529e+24
-97.689939742, -2754.83637589, 1178.86160154, -4.43603985558e+23
3001.78317047, 3758.60693898, -4132.95067169, -2.30213063563e+25
-1632.83233577, 542.674651672, -1276.19470984, -1.63158321951e+22
2171.98697635, -3191.46999671, 1479.20210784, -2.76831412101e+24
2382.6501261, 3053.15333373, 1726.59145816, -1.77250941563e+24
353.766058945, -685.609683412, -701.979243221, -3.46607583427e+19
-1517.73682922, -3159.56443064, -355.244458259, -5.50220654721e+23
91.7952262329, 2985.91554928, -378.279143989, -4.86453890221e+23
-92.0071641431, 2184.0630765, -3780.49050524, -9.04229954165e+23
-1242.26584567, 295.637679871, -115.225620288, -1.06807383563e+20
-731.090927507, 1551.90341522, -4375.29982232, -1.5805067153e+24
2073.30061946, 1234.05357347, -1962.06096831, -1.25370869706e+23
582.736055025, -2340.63909602, 1386.87799202, -1.90441411585e+23
405.369103025, 2766.84237892, 2772.41444944, -3.59906266365e+23
3938.76975351, 786.046927849, -2443.10759369, -6.1767850935e+24
-286.097712722, -564.069800896, -431.340974016, -9.28620957257e+17
3507.32644216, 1279.41477672, -1374.95906307, -8.9234803946e+23
-11.0779999042, 2917.2924695, 50.1519561699, -3.08409668017e+23
2414.80932698, 899.328862283, 1225.56963527, -2.78300497136e+23
-6.78891099658, 251.094853905, 1311.46610303, -3.08165574901e+20
-1563.20169912, -149.11077844, 638.902387912, -1.40946494031e+21
576.461713607, 4117.30731976, -1183.83482966, -8.34919257536e+24
-1719.44797826, 4617.09475058, 1015.54055703, -9.92349293924e+24
