-0.499695229272, -4.01259714838, -4.88089699124, -1.1117989081e-11
-0.499696184256, -4.01259709247, -4.88089688935, -3.16697370062e-10
-0.49969505637, -4.01259708601, -4.88089687652, 0.0
-0.499695056232, -4.01259710097, -4.88089679955, -1.68453444467e-12
-0.499695089696, -4.012597081, -4.88089686016, -1.68454201615e-13
-0.499695051774, -4.01259708557, -4.88089684648, -3.36908077982e-13
-0.499695073135, -4.01259707876, -4.88089697876, -2.52682060083e-12
-0.49969507219, -4.01259711215, -4.8808974314, -7.76579249111e-11
-0.499695067798, -4.01259709707, -4.88089695498, -1.51609263257e-12
-0.499695058511, -4.01259707916, -4.88089686633, 0.0
-0.499695059134, -4.01259709953, -4.88089684782, -3.36908836692e-13
-0.499695056187, -4.01259708203, -4.88089689121, 0.0
-0.499695082759, -4.01259708485, -4.88089687206, -1.6845472387e-13
-0.499695062104, -4.01259710084, -4.88089692963, -6.73819263294e-13
-0.499695059997, -4.01259713458, -4.88089686058, -6.73817844107e-13
-0.499695055931, -4.01259708116, -4.88089687704, 0.0
-0.499695075744, -4.0125970757, -4.88089662502, -1.61714296148e-11
-0.499695041124, -4.01259723764, -4.88089687043, -6.06437780642e-12
-0.499695059602, -4.01259707777, -4.88089687116, 0.0
-0.499695061121, -4.0125970002, -4.88089686931, -1.85298479584e-12
-0.499695080601, -4.01259709597, -4.88089697461, -2.52681949945e-12
-0.499695069306, -4.01259708464, -4.88089687483, 0.0
-0.499695053398, -4.01259709934, -4.88089687918, -1.68454528103e-13
-0.499695031299, -4.01259710212, -4.88089687019, -3.36909090136e-13
-0.499695054981, -4.01259707304, -4.88089212077, -5.72304054343e-09
-0.49969502009, -4.01259706049, -4.8808946957, -1.20495127806e-09
-0.499681062326, -4.01259707129, -4.88089685521, -4.95855549083e-08
-0.499695053988, -4.01259707047, -4.88089688053, -1.68454169114e-13
-0.499695075248, -4.01259828495, -4.88089687681, -3.64207106568e-10
-0.499695069202, -4.01259709104, -4.8808968901, 0.0
-0.499695041568, -4.01259709166, -4.88089689339, -1.68454692147e-13
-0.499695073076, -4.01259708354, -4.88089685318, -1.6845416768e-13
-0.499695060787, -4.01259707669, -4.88089687841, 0.0
-0.499694679215, -4.01259706307, -4.88089685426, -3.7901598278e-11
-0.49969506916, -4.01266263047, -4.88089688312, -1.08663489875e-06
-0.499695072051, -4.01259709195, -4.88089716949, -2.15619339666e-11
-0.49969506775, -4.01259800848, -4.88089687607, -2.15793261083e-10
-0.499695062149, -4.01259710236, -4.88089686208, -1.68454493605e-13
-0.49969506049, -4.01259709686, -4.88089686323, -1.68454398123e-13
-0.499695127078, -4.01259706198, -4.88089667604, -1.14548047252e-11
-0.499695028271, -4.01259705348, -4.88089696612, -2.52680717194e-12
-0.499695027205, -4.01259724712, -4.88089686843, -7.07509738545e-12
-0.499695055837, -4.01259709569, -4.88089686799, 0.0
-0.499695060443, -4.01259709697, -4.88089686648, 0.0
-0.499695136105, -4.01259710125, -4.88089690913, -1.51609037288e-12
-0.499695062605, -4.01259706978, -4.88089683892, -5.05361331434e-13
-0.499695079077, -4.01259709143, -4.88089687301, 0.0
-0.499695051903, -4.01259708287, -4.88089687303, 0.0
-0.499695022014, -4.01259708418, -4.88089697041, -2.69526479968e-12
-0.499695059814, -4.01259707899, -4.88089687869, 0.0
-0.499695072566, -4.01259708366, -4.88089662131, -1.66767832717e-11
-0.499695025087, -4.01259710815, -4.8808968912, -6.73818199283e-13
-0.499695057455, -4.01259709225, -4.88089685089, -1.68454156863e-13
-0.499695070166, -4.01259707297, -4.88089686648, 0.0
-0.499695084887, -4.01259707767, -4.88089682183, -8.4226699284e-13
-0.499695057132, -4.01259708608, -4.8808968887, 0.0
-0.499695065428, -4.01259709024, -4.88089687736, 0.0
-0.499695056516, -4.01259709278, -4.88089691169, -3.3691026981e-13
-0.499695048351, -4.0125970789, -4.88089679318, -1.85297766544e-12
-0.49969527144, -4.01259720615, -4.88089699198, -1.76878613605e-11
-0.499695051334, -4.0125973391, -4.88089687554, -1.63401480257e-11
-0.499695274661, -4.01258197685, -4.88089684378, -5.7727106483e-08
-0.499695002627, -4.01259707348, -4.88089687769, -1.01072208923e-12
-0.499695057859, -4.01259707642, -4.88089688014, 0.0
-0.499695056615, -4.01259708391, -4.88089687513, 0.0
-0.499695057696, -4.01259708813, -4.88089684482, -3.36908123348e-13
-0.499695057943, -4.01259701072, -4.88089689899, -1.51608402335e-12
-0.49969577519, -4.01259709251, -4.88089704225, -1.34259590684e-10
-0.499695031412, -4.01259691498, -4.88089850462, -6.76698305209e-10
-0.49969441997, -4.01259707869, -4.88089689414, -1.05450891725e-10
2.46921307975, -3.77196301946, -4.98800363468, -433.952027329
-0.499695153618, -4.01259703783, -4.88089652854, -3.33534678271e-11
-0.499695064639, -4.0125970834, -4.88089688132, 0.0
-0.49930624972, -4.00566619872, -4.8811714581, -0.0122757708089
0.897767033437, -4.91399170532, -4.92764049402, -134.406299909
-0.499695068921, -4.01259707995, -4.88089686785, 0.0
-0.499695071184, -4.01259708884, -4.88089644813, -4.66613710043e-11
-0.499695063819, -4.0125970846, -4.88089689142, 0.0
-0.121067060342, -4.93705860379, -4.82802704942, -94.4055200161
-0.477883929858, -4.01259701027, -4.89829464158, -0.191678746336
-0.499695271261, -4.0125970933, -4.88089682539, -1.1454897552e-11
-0.49969317955, -4.01259710405, -4.88089691944, -8.99902742496e-10
-0.4996952115, -4.01259709113, -4.88089739229, -7.22668905659e-11
-0.499695064092, -4.01259707224, -4.88089688207, 0.0
-0.499695076056, -4.01259708156, -4.88089688638, 0.0
-0.49969505475, -4.01259734609, -4.88089689102, -1.73509167938e-11
-0.49969507232, -4.01259707386, -4.88089687951, 0.0
-0.499695065123, -4.01259717101, -4.88089688077, -1.85300123713e-12
-0.499695049902, -4.01259708122, -4.88089691235, -3.36910005193e-13
-0.499694859489, -4.01259709319, -4.8808969176, -1.11178472228e-11
-0.499695157512, -4.0125971458, -4.88089685824, -3.20064415186e-12
-0.499695036938, -4.01259712119, -4.8808968878, -5.05363969303e-13
-0.499695062364, -4.01259707404, -4.88089686086, -1.68454072023e-13
-0.499695070544, -4.01259707591, -4.88089688225, 0.0
-0.49969506998, -4.01259709988, -4.88089689013, -1.6845486317e-13
-0.499695026478, -4.01259709996, -4.88089688826, -5.05363146847e-13
-0.49969523657, -4.01259714071, -4.88089771167, -1.83955671987e-10
-0.49969506965, -4.01259708026, -4.88089687818, 0.0
-0.499694884073, -4.01259708092, -4.88089999701, -2.46874852158e-09
-0.499695046874, -4.01259706389, -4.88094386111, -5.58076275782e-07
-0.499694932428, -4.01259706834, -4.88089676677, -7.58038041847e-12
-0.499695156671, -4.01259710775, -4.88089531697, -6.18391570485e-10
-0.499695065631, -4.01259708215, -4.88089689331, 0.0
-0.499695097125, -4.0125971503, -4.88089687979, -1.34763736055e-12
-0.499695074782, -4.01259707336, -4.88089700867, -4.37979742163e-12
-0.499695069598, -4.01259708086, -4.88089686681, 0.0
-0.499695075303, -4.01259708582, -4.88089688187, 0.0
-0.499695059078, -4.012597081, -4.88089685757, -1.68454013009e-13
-0.499695065695, -4.01259711447, -4.88089688093, -1.68454513102e-13
-0.499695096259, -4.01259707797, -4.88089686591, -3.36908728692e-13
-0.499695069166, -4.01259708563, -4.88089687474, 0.0
-0.499695081145, -4.01259707986, -4.88089682739, -6.73814261965e-13
-0.499695060721, -4.01259728839, -4.88092030735, -1.38823179083e-07
-0.499695064649, -4.0125970726, -4.88089688197, 0.0
-0.499695142614, -4.01259706374, -4.8808968647, -1.68454893633e-12
-0.499695069682, -4.01259713589, -4.88089688362, -6.73818264725e-13
-0.499695059308, -4.01259707417, -4.88089685859, -1.68453987698e-13
-0.499695072388, -4.0125970838, -4.8808969095, -3.36910479091e-13
-0.499695071378, -4.01259719076, -4.88089729887, -4.76727850908e-11
-0.499695064945, -4.01259755254, -4.88089691084, -5.55905217999e-11
-0.499695069444, -4.01259709352, -4.88089687349, 0.0
-0.499695064849, -4.01259710941, -4.88089688991, -1.6845484878e-13
-0.499695262913, -4.01259709402, -4.88089685041, -1.01072711172e-11
-0.499695095533, -4.01259711214, -4.88089692726, -1.01072886964e-12
-0.499695074421, -4.01259708841, -4.88089688767, 0.0
-0.499695069477, -4.01259708753, -4.88089689524, 0.0
-0.499695054008, -4.01259711442, -4.88089686021, -3.36909166976e-13
-0.499695062443, -4.01259708881, -4.88089688836, 0.0
-0.499695071903, -4.01259737481, -4.88089687582, -2.12253174326e-11
-0.499695120962, -4.01259707355, -4.88089688044, -8.42272948717e-13
-0.499695036195, -4.01259734009, -4.88089690341, -1.68455053689e-11
-0.499695060808, -4.01259709364, -4.88089689421, -1.68455083826e-13
-0.499695062443, -4.01259708881, -4.88089688829, 0.0
-0.499695059696, -4.01259721231, -4.88089685773, -4.21136519463e-12
-0.499695064023, -4.01259709599, -4.88089688219, 0.0
-0.499695081933, -4.01259712211, -4.88089689677, -5.05364166162e-13
-0.499695051895, -4.01259709282, -4.88089689612, -1.68454897718e-13
-0.499695066443, -4.01259689519, -4.88089196544, -6.11179416389e-09
-0.49969506696, -4.01259709313, -4.88089664421, -1.38130933936e-11
-0.499695067486, -4.01259709343, -4.88089689868, -1.68455092563e-13
-0.499695045518, -4.01259707805, -4.8808968835, -1.68454207628e-13
-0.499695069615, -4.01259709338, -4.88089689002, 0.0
-0.499695078789, -4.01259712088, -4.88089687711, -3.36909065979e-13
-0.4996950595, -4.0125972742, -4.88089684975, -9.26501640929e-12
-0.499695081293, -4.01259707942, -4.88089686438, -1.68454329859e-13
-0.499695076062, -4.01259707841, -4.88089688505, 0.0
-0.499695048891, -4.01259709143, -4.88089687664, 0.0
-0.499695052158, -4.01259708932, -4.88089688661, 0.0
-0.499695061314, -4.01259687072, -4.88089689776, -1.16232295628e-11
-0.499695065049, -4.01259710076, -4.88089683146, -6.73816128956e-13
-0.499695067059, -4.01259705561, -4.88089686291, -3.36907522243e-13
-0.499695029688, -4.01259707443, -4.88089687359, -3.36907910062e-13
-0.499695061159, -4.01259708037, -4.88089687734, 0.0
-0.499694923864, -4.01245903857, -4.88089805695, -4.8161523768e-06
-0.499695075971, -4.01259709155, -4.88089688913, 0.0
-0.499695061938, -4.01259707162, -4.88089675875, -3.7059639694e-12
-0.499695214837, -4.01259721639, -4.88089688903, -1.0107347354e-11
-0.499695051222, -4.01259708944, -4.88089687152, 0.0
-0.499695075368, -4.01259708289, -4.8808968834, 0.0
-0.499721594547, -4.01259702748, -4.88089695475, -1.77964004691e-07
-0.499695060469, -4.01259707732, -4.88089686827, 0.0
-0.499695065078, -4.01259707537, -4.88089683958, -3.36907543582e-13
-0.499695052947, -4.01259710454, -4.88089688462, -1.68454534943e-13
-0.499695064797, -4.01259709119, -4.88089017117, -1.13746052717e-08
-0.499695024974, -4.01259709694, -4.88089690834, -6.7381812135e-13
-0.499695059998, -4.01259707975, -4.88089687821, 0.0
-0.499695062112, -4.01259708877, -4.88089675893, -3.53751468616e-12
-0.499695048476, -4.01259709883, -4.88089693273, -8.42274657729e-13
-0.499695059226, -4.01259709422, -4.88089688755, 0.0
-0.499695020978, -4.0125970924, -4.88089685704, -6.73817008192e-13
-0.499695028814, -4.01259719131, -4.88089691755, -3.53754879572e-12
-0.499695059358, -4.01259709009, -4.88089686921, 0.0
-0.499695123804, -4.0125970788, -4.88089694289, -2.02145842866e-12
-0.499695092808, -4.01259709324, -4.88089685497, -3.3690874412e-13
-0.499695059674, -4.01259709044, -4.88089687383, 0.0
-0.499695063919, -4.01259708552, -4.88089665309, -1.28023726132e-11
-0.49969506036, -4.0125970757, -4.88089684874, -1.68453831975e-13
-0.499695078707, -4.01259706908, -4.88089686948, -1.68454128263e-13
-0.499694662275, -4.01257944749, -4.88096149371, -1.13398986719e-06
-0.499695072653, -4.01259708382, -4.88089684605, -3.36907761648e-13
-0.499695084394, -4.01259716832, -4.88089688648, -1.85300122056e-12
-0.499695059372, -4.01259708451, -4.88089689048, 0.0
-0.499695058508, -4.01259707832, -4.88089688602, 0.0
-0.499695090448, -4.01259708828, -4.88089712062, -1.49923865776e-11
-0.49969506102, -4.01259708616, -4.8808968093, -1.17917252318e-12
-0.499695055839, -4.01259717141, -4.88089687532, -1.85300119535e-12
-0.499695060456, -4.01259708568, -4.88089689072, 0.0
-0.499695067134, -4.01259707148, -4.88089691737, -5.05364806583e-13
-0.499695073245, -4.01259703925, -4.88089687577, -5.05361886041e-13
-0.499695057488, -4.0125970868, -4.88089687888, 0.0
-0.499695062791, -4.01259708642, -4.88089686643, 0.0
-0.499695013727, -4.01259829249, -4.88089689074, -3.69597551654e-10
-0.499695059755, -4.01259710078, -4.88089687619, 0.0
-0.499694992202, -4.01259707477, -4.88089688724, -1.34762883011e-12
-0.499695059017, -4.01259708517, -4.88089689591, -1.68454949456e-13
-0.499694734583, -4.01259707588, -4.88089686883, -2.77945267213e-11
-0.499695068326, -4.01259709244, -4.88089689181, 0.0
-0.499695056253, -4.0125970899, -4.88089687652, 0.0
-0.499695298939, -4.01259706834, -4.88089677924, -1.63400775939e-11
-0.499695058729, -4.01259708033, -4.88089686214, 0.0
-2146.13068234, -1868.43542124, 2292.31063658, -2.79155665833e+23
-2964.4076615, 4251.36525508, 1163.31851887, -7.98021754275e+24
3922.07676466, -878.973278665, -2895.54736764, -1.91855957173e+25
1464.62240558, -4418.27125995, -840.106637611, -7.06859297637e+24
457.393693225, 107.595207561, 768.182756488, -1.63090784265e+19
-2814.16590752, -1444.17797398, -1773.27124955, -1.70514772466e+24
-437.003960303, -174.457252182, 5161.67814977, -1.47821244884e+25
-610.92076915, 4981.26610687, 129.874264073, -2.2847033616e+25
4974.84748431, 1854.26389354, -707.584006597, -1.48671672888e+25
1917.1351581, -3159.58488607, 2709.28923737, -4.93720231561e+24
-258.531011836, -1241.17883136, 2539.0106872, -3.16669794808e+22
796.856317565, -1762.3027623, 3785.98036923, -6.6879858054e+23
1770.01283191, -687.631999881, 3298.81060416, -1.00828709557e+24
4006.14851671, 1174.85551952, 255.284320588, -3.43746478684e+24
-3209.26595198, -3230.45377589, 879.20482359, -2.93340841181e+24
1955.0201549, -2704.68264169, 3835.62322368, -5.60281047203e+24
5036.71070393, -729.725156087, 2203.72020606, -3.82480941856e+25
624.502288823, 2576.89719278, 2598.96735039, -2.0720707458e+23
-6083.71327707, 1590.92149027, -1700.95670709, -7.48544238528e+25
3206.15841835, -1715.71793503, 185.885199708, -1.81678003247e+23
-2691.24289431, -1555.06722358, 514.381004856, -1.70302973549e+23
66.0606726008, 1146.61520956, -2025.07616423, -5.85985023758e+21
-2349.69135199, -658.406136006, 2000.48599786, -2.96613751244e+23
-3466.35378965, 2584.43805832, 3169.73415841, -3.05637819774e+25
2807.71106986, -2770.72867437, 4960.37039096, -3.3629304378e+25
2181.63457179, -3666.22342318, 5038.83471481, -4.50475101287e+25
3854.3216284, -265.467889653, -2509.9912662, -8.6190967866e+24
2375.85752573, -170.606924845, -3253.80500611, -4.78678872448e+24
1613.5681856, -885.743991626, 392.318631472, -1.45076630952e+21
-4299.32492075, -1268.56301533, -47.3831531271, -5.2924522777e+24
1254.10827567, -48.8918725174, -545.704777895, -3.20121033376e+20
-1031.06806456, 1574.57267482, 2836.42964367, -8.72540172295e+23
-2645.33037717, -173.123461019, -367.988895528, -9.57600993067e+22
532.7605732, -1857.62413226, -544.377534311, -5.44397570354e+21
-34.5582005694, -2232.25607586, 383.511561941, -5.151285216e+22
-1118.68154642, -2195.1962694, -1468.2509891, -3.74407835104e+22
-191.606077526, 5080.33978425, 268.719798207, -2.45112907187e+25
-894.47451192, -935.108727724, 2176.47769751, -2.77590830677e+22
-294.899874843, -2191.2898003, -3912.66508324, -2.85555740784e+24
-2376.06044211, 4777.28685358, 1510.86797086, -1.33214709333e+25
2454.00688265, 87.6553495414, -1935.68928807, -4.17892538215e+23
-2457.70069161, 3286.34286989, 2502.57931149, -5.80453083989e+24
2637.83016424, -659.973223984, -2039.79376123, -9.91737913631e+23
453.236230672, -4117.15078878, 4581.2643952, -3.96052508857e+25
541.026245902, -1834.73564762, 202.672867463, -1.11605663404e+22
-2005.98775423, -5604.90135077, -753.791106067, -4.66671371345e+25
-1382.42185942, 1096.49910661, -166.498186628, -8.20359259869e+20
314.655058579, -303.365135671, 2219.38881136, -8.82192443859e+21
-4430.97167136, 2785.90903174, -2640.54977366, -2.33798534299e+25
291.323274655, 3040.0813901, 5091.76485345, -2.6465035176e+25
1811.76256017, -930.182008909, -2041.51011606, -3.25695122707e+23
-1995.71434599, 5890.31163341, 3570.06879763, -6.86155938008e+25
2806.28579775, 2086.98851755, -5522.08276287, -7.50069268839e+25
-83.9592895947, -5049.42841474, 2726.56049516, -6.98098042384e+25
1738.92944328, -1759.68016254, 4988.46475872, -8.977335405e+24
0.946978685666, -125.339793227, 3854.2148657, -1.0960932692e+24
4100.64138117, -1437.38645189, -628.338433191, -1.32921457319e+24
-2305.13785866, 1392.28013047, 287.530524178, -1.85260536237e+22
4225.602354, 5205.95762196, -986.293591367, -7.45483492714e+25
2660.27018734, 1026.41603198, 1697.60764448, -9.49601627117e+23
-1320.27238024, -129.109100902, 1802.55032553, -3.63402271557e+22
47.4401442563, 1989.91023238, -2676.84631262, -1.70844713246e+23
4192.56235797, 5923.61697685, 4610.86684182, -4.27066613652e+26
2441.20974067, -1568.33211798, 985.494590468, -9.49171049346e+22
-2599.63980102, 3020.62878028, 1584.25579023, -1.52012188837e+24
3122.58307953, -1555.75510316, 1708.28181215, -1.04395054629e+24
-2091.8865635, -762.253694527, -449.066450101, -3.43343961808e+22
2917.36593464, -1005.76057991, 78.5203645928, -7.15483886438e+22
4855.09118413, -346.386993299, 2456.53748032, -4.13753453924e+25
2725.38735916, 261.718477253, 5379.1933426, -5.29705145564e+25
1565.34717899, 188.461534656, 1092.11478931, -1.24758712884e+22
-1525.52924558, 2120.55383725, -1828.67330132, -2.46178272292e+23
-5336.47227702, 3580.82405472, -5607.88882495, -5.62422783332e+26
-5376.45937655, 2147.45668785, -786.604216156, -1.34666402193e+25
1214.4724124, 613.252377096, 573.847938676, -1.2355042116e+21
-974.396605412, -2817.87800884, 3683.40459356, -2.57639914648e+24
-337.647438453, 5053.32444483, 2057.00318199, -1.17908532734e+25
-673.983481561, 2123.97226321, -2069.47799372, -1.85946890412e+23
1690.54247184, 1642.06867319, -4297.48459029, -6.24476129264e+24
-925.493958754, -1071.68494453, -1115.71833018, -2.34702262663e+21
3159.39689743, 4309.1883917, 1199.88298735, -1.32791425323e+25
1222.95606086, 2541.92725128, -4868.58751221, -9.09386691396e+24
-3158.24155188, -3931.57423216, -4401.53400011, -7.44346984181e+25
-2115.03677939, -4659.09043468, 3629.48280136, -5.07615350721e+25
1111.46069491, 2547.7554598, 4680.78582327, -1.08052861634e+25
-4051.68353187, 1322.16914278, -4920.80676613, -1.12069796338e+26
-533.985674786, 2456.69797689, -1926.48276459, -3.91457678538e+23
2472.38740968, 191.808135792, -427.007928723, -2.92402639578e+22
3925.72597108, -1303.92882247, 2036.15103548, -6.10763848939e+24
4438.99099836, 2740.7469923, 2219.59507208, -5.08793941873e+25
3948.31175875, -2525.31841687, -2163.27517045, -1.31681669594e+25
-3403.62195524, 4769.93011271, 382.068526772, -2.54868082284e+25
1966.73644267, -2150.183378, -2962.42291845, -4.26103636122e+24
5722.9261706, -3707.31405274, -24.6228001314, -2.61641067738e+25
-3073.54266835, 1215.63241072, 2854.94920725, -8.37355923673e+24
4924.670818, 1823.53498026, -4043.55045903, -8.55331634049e+25
-5697.7189554, 1116.2294117, 4518.25970208, -4.81561923491e+26
2462.16144838, -115.462203684, 5169.95498645, -3.04643949628e+25
-615.616029144, 2477.98268662, -3555.64644362, -1.39396749561e+24
1701.05275644, 1427.4875966, 4059.83480857, -4.81147636237e+24
-3868.12666971, -180.368191416, -1507.34492243, -4.94722331353e+24
-4203.99110599, -3064.34211579, -1531.22008722, -2.7549935239e+25
4841.87173371, 2397.45282499, 3820.12857428, -2.1165850449e+26
-2053.48991568, 1897.30464591, 4029.67469006, -2.13154276946e+25
-431.635982001, -1972.35440039, 77.618160009, -1.44371966565e+22
-773.574918843, -1866.54776189, -1581.39745924, -1.12251573956e+22
-2665.76202198, 3221.34897161, 4658.66047791, -1.12996683626e+26
3332.62916434, 4222.19401646, -6029.54927549, -1.66607563742e+26
-4504.0702238, -1120.49236344, 89.1755675008, -6.37224920188e+24
5621.73436341, 552.296025784, -118.379613851, -2.63418101513e+25
-1781.6024057, -2059.18006039, 986.920921023, -6.20870180999e+22
-3124.91914162, 1356.47661513, 717.205190619, -2.40548151796e+23
-2091.31376881, 2337.9149667, 746.891555022, -1.18453257962e+23
223.487315373, 5418.67102107, -3161.13634301, -1.31891156718e+26
5096.83415019, -1556.00672153, -2574.58012536, -4.97883538949e+25
239.937746709, -38.9738425404, 135.004052433, -1.66597757074e+15
1216.66334615, -1830.1066925, 3543.77889483, -7.46704880819e+23
-260.364520448, -517.474442771, 1325.08943577, -2.38377206371e+20
190.790723286, 732.43293397, -3902.37293072, -1.0253091006e+24
3291.37656788, 1592.14674592, -4516.11183081, -3.78026007813e+25
-1003.40808718, -4707.54095501, 142.583814926, -1.49804688896e+25
2338.29860144, -219.222098146, 726.578826206, -5.1879586666e+22
3828.04141869, -4425.08468132, 529.186805692, -2.49558521561e+25
-1788.35059481, -667.371874628, -1172.78286783, -4.14888422465e+22
2658.80391938, 955.206350591, 524.887792514, -2.1895398303e+23
-414.99807907, 46.6579770069, -1954.37332637, -3.9100999338e+21
-4782.92526546, -2725.06970702, -4207.60211465, -2.75451753109e+26
-1962.338804, 2262.81619744, 5553.53516608, -1.45827197163e+26
-5419.39950782, 973.841270563, -2004.62982872, -4.92621180735e+25
665.598339803, 1568.03409171, -1591.4414019, -1.28410384627e+22
2012.52301526, -4312.74604606, 1225.11589136, -1.71236256854e+25
25.919131153, -359.013710246, -1141.60239343, -1.23249141912e+20
-3958.62784923, 1781.70380285, 304.661933402, -8.54221227322e+23
-1293.52917663, -961.600554527, 2096.88787712, -4.5710439003e+22
5376.00399422, -1964.59766842, -3542.21719489, -1.91077882502e+26
-3281.20107293, 4335.92655175, 1711.60994103, -1.23852393331e+25
4746.34574033, -5767.45927562, 1545.3977126, -2.61240573233e+26
4830.39940351, 2031.15611394, -2867.82412812, -2.30002374186e+25
148.430408842, 3426.70048846, 5235.51962757, -3.89261022535e+25
4577.75237971, 2531.17822039, -208.622613538, -1.43645291629e+25
13.5908350973, 1103.66035522, 2282.40117841, -4.09451216906e+22
-2522.37698821, 1272.70262525, 3524.50478922, -1.2890922461e+25
1448.29728005, -1243.43550974, 344.090902698, -2.22881154633e+21
-4724.57574436, 1545.75034411, -3011.68060242, -4.48421764763e+25
5755.90939595, 3577.82153591, -4526.94980583, -2.06841245959e+26
1889.74497548, 1162.8430516, -875.359249781, -1.01798682979e+22
-1329.03196533, 303.716071566, 4164.47643946, -7.63851703459e+24
-450.064843503, 309.435254576, 630.122265432, -1.58283333659e+19
509.163832533, -935.337304196, -895.927560381, -3.28740771558e+20
-68.9017137356, 4242.37946729, 1403.67467895, -3.29271194788e+24
-651.119417086, 707.948052324, 1446.97909882, -4.93711646882e+21
-3191.30213475, 1822.82047262, 4281.17804721, -7.3328829185e+25
3597.82204132, 1841.5903829, -3916.82109305, -2.17672059738e+25
-4463.54131502, -938.030131502, 265.380528999, -4.93990160128e+24
-2235.6606492, 2083.86133696, -5488.86957149, -2.66095671801e+25
2306.78991605, 3277.49667186, -767.036495938, -1.52365686463e+24
2457.1641772, 14.0747572098, 745.710482968, -8.76731001384e+22
-220.377059061, -1940.37199553, -1601.82308935, -7.79160946188e+21
2347.19388821, 1472.4339117, -4415.39907665, -1.47060766913e+25
3188.70127192, -2231.20325218, 254.528755862, -3.46671421113e+23
1499.42942519, -321.851817569, 1002.73362541, -5.72806321129e+21
2058.65042139, 443.175737478, 3604.71538615, -3.29200065281e+24
3338.13600948, 46.8940774702, -3422.48394431, -1.57141977847e+25
586.532405792, 3321.66871018, -2199.62756477, -2.88372193251e+24
562.910322895, -4062.03425291, -831.739538242, -3.1032951817e+24
1037.35378169, 3844.42219684, -1448.2150326, -5.55234499936e+24
-2023.04617373, -2215.23654061, -173.521934119, -1.22824575689e+23
337.892020208, 1778.65090526, 100.537284511, -5.31458538769e+21
-3368.95242193, -395.485005337, 1560.16000281, -8.44849085877e+23
-1304.83422376, -833.878218277, -1593.38068702, -2.4870741811e+22
-44.0818611982, -1532.72154085, 2173.91348921, -2.45021600188e+22
-1345.5183848, 2566.87664769, 2032.78559284, -4.20627044339e+23
-922.366655476, -3503.1639028, -2156.40906871, -5.61579202238e+23
783.114759947, 1011.02482774, 2521.74445719, -7.34056431089e+22
-139.737750052, -6062.95592272, -2848.50803109, -4.43822716517e+25
4811.11994305, -3074.43883539, 2209.09261893, -2.67416555362e+25
-434.600326556, -4649.18121723, 79.5662364227, -1.33440019313e+25
-133.503461461, -3733.86121608, 1597.62044632, -5.05696982624e+24
4068.48594207, 5094.31838721, -5601.49888892, -2.6213915337e+26
-2212.13726147, 735.915826334, -1729.49114173, -1.85272050014e+23
2942.93652345, -4325.00825808, 2003.78636148, -3.15319421545e+25
3229.15806342, 4137.3710885, 2339.39377984, -2.01721741771e+25
478.705266735, -929.704062856, -950.354652313, -3.92507284327e+20
-2057.78588185, -4282.10095509, -482.851017498, -6.26257262714e+24
125.242590935, 4047.23289082, -513.731449338, -5.53897853578e+24
-123.94499513, 2959.94671819, -5123.96976349, -1.03003597088e+25
-1684.24166403, 399.254793473, -157.058132979, -1.22319621227e+21
-989.753152176, 2104.2749662, -5929.70253479, -1.80284025376e+25
2809.75544553, 1673.70136634, -2658.8297428, -1.42454375685e+24
789.036452253, -3173.06087885, 1879.21447733, -2.17476825138e+24
550.277209092, 3749.4571368, 3757.13160736, -4.08021315163e+24
5337.95245623, 1065.13254339, -3311.82469457, -7.02833988962e+25
-386.220138673, -763.805421575, -583.987452853, -1.03984226383e+19
4753.1499041, 1734.90276645, -1864.33501158, -1.01507416982e+25
-14.283028473, 3954.12998, 67.7341890404, -3.50964963791e+24
3272.48429856, 1219.26269312, 1661.09351416, -3.16846612472e+24
-7.96849494983, 339.564648337, 1778.34241228, -3.47815496779e+21
-2119.2388615, -201.492635886, 867.007780538, -1.61630124984e+22
782.354535612, 5580.30127829, -1605.01878039, -9.50146549043e+25
-2330.10923078, 6257.44679122, 1377.25303661, -1.12794683067e+26
3420.77235798, -2279.27806834, -2330.9434533, -8.5460515186e+24
500.364943258, 2928.81949648, -1117.40462072, -6.45270559666e+23
-1775.25504092, 90.3544124396, -3285.40376519, -1.15200180244e+24
887.605738769, 244.277869602, -1936.13606799, -2.05437625995e+22
-959.467971675, -1513.48963108, -4886.13466034, -1.00592688159e+25
3153.3190744, 822.261370648, -4267.04204142, -3.10842146038e+25
3429.40367202, 3260.42538075, 3350.10114376, -3.74321326117e+25
-697.092392575, 4169.96387082, 444.744223121, -4.7801761397e+24
-3344.20026026, 3377.59287559, 1044.03751754, -2.98810980696e+24
1294.665633, 4506.21646966, 231.955578809, -9.18170777445e+24
-1853.87306346, 3001.26209188, -2131.29099924, -2.53924503784e+24
2993.68381996, -2323.06409697, 1535.13632278, -1.09510041957e+24
-1001.95698318, -3350.97592127, -2358.93097046, -4.84167502345e+23
2192.18768881, 486.49993828, -1554.04677306, -8.84942980159e+22
-422.179479777, -1749.80527528, -4107.75324387, -3.2020436822e+24
1510.50572867, -3828.38546084, 2963.67552603, -1.53948792369e+25
1870.90979902, 3368.84050107, -3753.34015393, -7.60169974205e+24
-1758.65220031, -755.992286242, 82.910111546, -5.01624959661e+21
2614.24550601, -311.283459821, 1620.63870502, -4.39480198709e+23
-4315.7952415, 193.429404782, -2471.93518859, -2.17520307388e+25
3441.52687077, -5915.93650015, 2643.85792037, -3.32605637994e+26
-3038.9193846, 5000.12126602, 6029.94389926, -8.51197423051e+26
2274.16674461, 552.455523985, -970.281474594, -2.94814381957e+22
-3606.41497069, -3887.31808026, 1032.90310534, -1.0328813745e+25
4213.047463, 5433.55838198, -2862.68236726, -1.3493999153e+26
-2023.71175816, 1381.38025937, -1565.53727565, -9.31769546561e+22
949.847274656, 1955.06251445, 2853.80797208, -3.0973976559e+23
2512.54627944, -3394.80349682, 2342.49749701, -7.6655520025e+24
938.9102924, -3179.06629953, 2772.35794791, -3.78179871175e+24
4314.60809145, -560.29000636, 181.092500852, -2.32124815864e+24
-222.092344136, -3946.05407188, 5731.34361228, -5.0902033104e+25
11.5169450207, 662.925055648, -449.250688149, -8.03038528182e+18
466.901966866, -637.710401271, -108.279263093, -2.27785043202e+18
1690.8078939, 5214.05689763, 1591.82573277, -1.93898242865e+25
-5124.941821, 2561.98555841, -1060.60650027, -1.21497608689e+25
-2897.15026838, -1051.95474167, 330.586651013, -2.0168318806e+23
-3254.90038735, -1812.27918581, 4527.58268539, -3.48671432619e+25
3911.99552481, 2010.06339472, -5179.92827075, -1.19812378398e+26
-4862.55333815, 4613.0122607, -1471.19110775, -7.15127603703e+25
-2282.77283278, 669.157445422, 2258.9986613, -9.06199866451e+23
-446.046860682, -3379.48004532, 3111.53435785, -5.19340241335e+24
2028.08994893, 418.224803022, 2825.74547474, -1.05259827002e+24
2431.3022777, -123.112450417, -2101.25722886, -6.30103751712e+23
-4386.04585776, -753.647299066, 3200.21438561, -2.67536053677e+25
119.96341161, 5900.13508002, -1793.05325247, -1.5821735321e+26
793.706479779, 2538.81101188, 4691.56981409, -1.06984241438e+25
-1824.44322764, 1005.39861507, 2360.81143803, -6.87593418767e+23
-1459.32225254, 611.343332285, -1752.87263405, -2.91577846776e+22
-2528.76657249, -381.236386463, -209.711933293, -6.66497053879e+22
194.675984749, -2453.53962041, -981.801622851, -3.67540668297e+22
-2713.34805245, -437.526985537, 3828.35651426, -1.29835818843e+25
-1463.91364805, -2692.23516898, 1736.54276867, -5.09336696258e+23
4477.74926318, -2284.29439862, 2713.06497005, -2.40335686824e+25
2249.22177763, 4098.64616058, 3977.62216293, -1.88966592396e+25
195.138055836, 830.024301804, -583.709245241, -4.6724991108e+19
-3218.56184603, -400.244861907, 173.026551067, -2.99749533766e+23
-475.917202282, -48.1409874932, -5097.64029921, -8.81948866223e+24
-1171.73942726, 1683.30355538, 2227.62720379, -2.88640020753e+23
-3372.47599355, 5373.48908768, -2243.24941459, -1.54883966824e+26
-2152.13159775, -515.648847957, 632.908865254, -1.319559994e+22
-3681.06025058, -3524.09841926, 1710.66612281, -7.20300379222e+24
4121.91545595, 962.857699972, -1095.34020932, -2.31283195762e+24
-4582.43638484, -5631.01431832, 1543.48651893, -1.4747539778e+26
4755.0635343, -4583.75444851, -2433.22012373, -8.4589427904e+25
-2307.84241351, -1608.96784912, -1562.66321275, -5.09481622698e+23
250.971100019, -12.2945980652, 686.911536755, -1.68761082938e+18
3517.29942457, 1545.53644884, -304.403290929, -1.20915482442e+24
-860.308473089, -2017.17426375, -3769.86780605, -1.83489398912e+24
-2539.38947583, -660.614644092, 2545.32383568, -1.18522360312e+24
-1594.13703735, -2711.56894199, 3951.90253214, -3.74323736461e+24
-1502.99572232, -769.389481775, -1065.28595606, -1.44553170413e+22
-2668.43513724, 1432.10027363, 939.744193183, -1.63286367206e+23
2927.23527338, 911.43845734, 485.567150223, -3.89955981615e+23
-2846.27433122, -2307.14193037, -1250.55670201, -1.70135523325e+24
-652.390356834, 231.266229355, -854.23435318, -6.80272007655e+19
2199.23828178, -3121.47086855, -175.971296587, -8.70558920069e+23
-940.984824899, -366.119560888, -1031.41713862, -1.03439278395e+21
3171.90968859, 1738.71235749, -22.1993889233, -8.16281145344e+23
1359.24645218, -2968.05914563, -3468.00626006, -7.28664507243e+24
-4108.68139552, 5195.49209873, 1741.91980342, -5.25749210588e+25
-1593.68264514, 1625.60023764, -1029.50620091, -2.90976351905e+22
734.364350458, -2813.41197996, 3207.92582913, -2.21614862338e+24
-1310.77137146, 2702.42460736, 1318.09143884, -1.49293897179e+23
2350.33922732, 798.719426633, -5646.08353749, -8.91110417744e+25
-541.933296736, 3426.34537946, 1563.1923382, -5.25430010504e+23
620.234872923, 203.178998064, 1889.23523414, -5.32591548802e+21
-4091.46134968, 2341.14229795, -1824.77052475, -6.20486736109e+24
-2027.44975139, 538.895676969, 327.362379032, -4.60707887338e+21
4082.21246594, 4141.04242686, 1055.64460325, -3.24227889447e+25
4977.12983968, 2694.21494058, -73.8937761411, -2.90260104503e+25
5452.81742138, -1288.27465162, -2860.50593417, -8.65162910903e+25
1773.11277174, -2822.55747499, -478.724377146, -2.87893736559e+23
-3834.58382732, 5135.95895986, -4068.63982649, -2.63077663018e+26
1195.03835025, -1331.97666628, 1031.53986682, -6.64679336489e+21
-3260.72712885, -423.628646264, -766.170442466, -8.12086203887e+23
-1765.99538277, -1883.31641084, -1896.90274857, -2.69810093144e+23
-1916.86004604, 1437.39942045, 3329.70914673, -5.53007348787e+24
1107.66617398, -1334.00354754, 587.366636048, -3.00761123231e+21
318.466432758, 3361.16725451, 257.84928879, -8.34041129046e+23
1878.32510695, -185.410376434, -5005.68016767, -3.8561471653e+25
-3607.61477583, 3625.72953935, 1721.85450745, -8.85995019984e+24
486.589962631, -998.874271101, 46.4164959423, -8.85825815757e+19
-980.671116729, -1208.07720044, 1041.16432116, -1.46874878391e+21
-4068.03055898, -3513.98566588, -2655.09333805, -5.55960402929e+25
-127.988184747, 4686.88299276, 1820.32416812, -6.57426717135e+24
-1077.35541059, -3675.2939412, -2861.62299807, -1.23751626686e+24
45.5453031046, 3603.14900135, 943.294600584, -1.01760272015e+24
-3121.05353873, 231.909432535, 2358.14719127, -2.76081810896e+24
-5460.01226316, -3821.3984345, 833.888582622, -7.30007157461e+25
1557.09797855, -7.54228081612, -609.59453756, -1.38355340436e+21
-5223.73850206, -2933.95191277, 4230.77976256, -1.08088075614e+26
-1056.64298239, 2668.32313132, -2047.16594839, -8.57927047543e+23
-3229.85483709, -333.907571183, 3150.16447177, -8.60457826349e+24
2301.13922346, -2127.25590004, -4297.78470923, -4.01928949633e+25
2913.66564446, 5487.4390521, 1196.21839261, -4.46141915512e+25
-2011.87039063, -378.6834315, 4265.0905884, -1.28738840703e+25
3399.04251829, -5763.27043786, -1459.60968727, -7.3755961868e+25
2645.01949621, 1534.51065782, 2045.35728141, -1.75276939879e+24
-1138.58591971, 680.083175779, -1919.58655909, -1.69621445795e+22
-2600.99300658, 744.045083369, 3335.31605665, -8.68464481886e+24
1810.53800392, 3717.28513558, 3.01234076581, -2.37864798347e+24
1208.84387123, 5344.15173026, -6018.66900717, -2.87551359417e+26
-2315.11975044, 476.329744122, -2881.50032691, -1.49842860715e+24
1320.767015, 2898.74892672, -1848.27831649, -9.00822144253e+23
-4151.1587811, 1351.90055045, 2524.13632145, -1.73899789167e+25
-2261.55766344, -20.8349692958, 1908.71388679, -2.9484442988e+23
172.299901707, 249.247429851, -26.5596000315, -1.47830494508e+15
1444.71767225, 618.545946205, -339.95308424, -7.65038597734e+20
-361.989913532, -3544.9645721, -1405.81229446, -6.80187318728e+23
2562.42370557, 2095.88489969, 1662.52036817, -1.27438101543e+24
1229.76518675, 3869.67329832, 1482.63793903, -1.58455139469e+24
-2619.13963179, -2419.69777346, 736.271207047, -4.0295441649e+23
4462.53320387, -3120.35701026, -2541.60587413, -4.27464119128e+25
3563.36555374, -3831.72727885, 2690.53882493, -2.86772507093e+25
-3115.88253435, -2072.11877267, 2708.80220933, -2.19456943231e+24
-3765.93277477, -2540.33992066, -4149.15199842, -8.70638640062e+25
207.528531043, 1788.06007226, 5507.00631417, -3.26774914762e+25
1738.90617773, -5433.75323679, -999.564703173, -3.71339890272e+25
2799.96457132, -2075.61825523, -793.036595951, -2.59643373754e+23
-3032.80223248, 961.029376143, 22.2561352163, -9.40860641787e+22
-4129.56979758, 2981.52526826, 3249.0007098, -6.79880305066e+25
-840.502096988, 4327.89428574, -384.810659432, -9.71022751722e+24
-2935.2690522, -2001.24581256, 5901.89277702, -1.29945923375e+26
1875.87208233, 2696.1461986, -2474.4831038, -9.09848288206e+23
3272.41970861, 1318.94864309, 1137.62155437, -1.98069334471e+24
-1409.93069263, 104.358217583, -2472.0934538, -1.38284523247e+23
-1284.06224598, 1334.58493845, -549.590469669, -3.6473891995e+21
-1742.73388355, -92.3108540796, 989.543455484, -8.05637620138e+21
1080.0779292, -2677.1859026, 2143.67965016, -9.29941822013e+23
3001.74346199, 3859.86978063, 2941.89585577, -1.92039388763e+25
3013.84759707, -4186.22267072, -1454.32493196, -7.69570662155e+24
-189.031872754, -1970.1918129, 86.8988597632, -1.45704400144e+22
4118.3552501, 3490.18893678, 1982.36483427, -3.85405956385e+25
-1027.41979486, -1050.15766812, -3896.21666515, -1.70990559546e+24
-1256.20797855, 4563.48316679, -4000.5689123, -6.81814285398e+25
-134.005467571, -4234.0082256, 1847.77725922, -1.40668733738e+25
-1581.50203651, -3094.30244661, -255.69890033, -5.03842588679e+23
1797.81760199, -2215.08644343, 1636.61849569, -3.10614207658e+23
-2414.8373307, -3637.72640218, 3591.47146941, -1.13304954543e+25
505.298013489, -6212.63451046, 191.151926977, -1.46482761037e+26
-1888.93149857, 69.3863910391, -3939.90236962, -3.52933535884e+24
-3082.8160153, -757.338417288, 2998.63433745, -4.94010744896e+24
-3658.80729843, -3366.39980395, -2503.22195154, -2.79961027976e+25
5891.33086295, -4549.36296904, -2589.76092414, -2.28384292196e+26
2987.58173724, 4867.53931209, -2981.01685627, -5.6479388536e+25
-2370.71380228, -1337.89693369, 2853.87744028, -1.23543022113e+24
280.644197348, 1558.7148241, -3132.63194166, -1.6376969154e+23
2998.74751462, 2215.84859507, 2034.70043726, -4.37572944203e+24
4884.42999367, -2685.93149677, -1785.64181934, -2.29932373537e+25
-580.936435949, 3126.02300949, 1128.97067332, -2.92213394278e+23
-1838.60916064, -3957.06036505, 1381.95748173, -6.73434551878e+24
4583.56926974, 302.656475131, 1542.6874551, -1.61152873358e+25
-4427.76269074, 2081.05863591, -3458.29424844, -4.49074722297e+25
4687.70856236, 4271.09945868, 1262.00551486, -7.74447016821e+25
2290.81031992, -637.816916058, 892.468280483, -4.85911960459e+22
-376.797695588, 2649.91468678, -1745.41416011, -5.44663609938e+23
-1652.65189334, 1941.4786586, -382.235134379, -3.96728021915e+22
-1836.83180046, -4278.16144493, -789.665436958, -5.30026026856e+24
202.19768087, -600.141804046, -2277.09344761, -3.55812701575e+22
2563.40832371, 2190.35914772, 2442.94840766, -3.09278662468e+24
-2766.88232839, 1739.57432201, -1858.9982401, -7.25948561408e+23
-5414.69111029, -1144.86844647, -2831.96303633, -1.5092392854e+26
-5381.37212319, -1830.17918071, 582.978454316, -2.73056512152e+25
-3025.78518925, 5077.32374521, 1635.40821868, -2.61841227864e+25
-2128.9392168, -2230.86453017, -4365.23136092, -1.42903631316e+25
2003.69513899, -469.410026158, 896.431699264, -2.25424251886e+22
-245.663097127, -1389.99745937, 3403.03171517, -2.86138041613e+23
2702.94625964, 2863.74263625, 2484.2807911, -5.40698665432e+24
2800.1654214, 4494.78013667, -3374.71679058, -3.77600071633e+25
1441.21804476, -2837.47992058, 4601.50311954, -8.5723936383e+24
-3534.5574375, 1926.92014524, 5293.88647128, -2.83972119637e+26
1283.67034838, 4616.01804191, 973.18799187, -8.32511936743e+24
851.555421187, -9.95370671232, -1580.15318555, -6.77618933839e+21
-1571.95739605, 3970.60844684, 771.346531133, -3.19167858611e+24
-2760.94564399, 1857.54202062, 3741.13484425, -2.65489479727e+25
413.252267862, 1315.028275, -1500.73546037, -3.98538689351e+21
3072.67674075, 1840.01471519, -322.684053641, -5.9602725136e+23
143.45985519, -1829.54763829, -5544.19801626, -4.07482881028e+25
3009.80067654, 2397.51046139, -1989.20873705, -9.39330677898e+23
-1019.15410706, 1971.37271904, 847.574187871, -1.1886546853e+22
3319.61296625, -5134.00867731, 930.4976379, -6.87344602244e+25
-3804.5066148, 1679.39439227, 743.439575029, -9.79665587991e+23
-3392.63021281, -1667.08883729, 4192.79178741, -2.69128385529e+25
3175.22387891, -565.359621478, 1518.0082246, -1.08935526605e+24
2788.72368721, 5441.09267742, 1217.32223578, -3.98396911186e+25
114.284503551, -2572.51673932, -963.993295261, -5.54059931908e+22
568.314626092, 308.061130611, 910.490503656, -8.8577710985e+19
4398.29720011, 251.601462968, 3740.27339704, -7.93674326418e+25
-4234.65627844, 275.68646254, 4834.69711257, -1.92129395605e+26
99.3742197109, 2544.06763538, -3694.33292846, -1.52451802404e+24
1615.93757474, -1292.26765324, -3091.85190357, -2.47899625252e+24
5171.09246355, 1677.03313178, 1580.78442639, -5.87399988107e+25
-3804.37376238, 1711.5220341, 2274.13122889, -9.70309301292e+24
1276.18444099, -4307.90451982, -3637.5929888, -1.5702953563e+25
-3076.94418943, -1000.63872257, 2627.52728035, -2.46258417993e+24
-830.956875214, 1070.17217248, -2454.43980081, -3.14996396903e+22
-354.062739104, 2264.88751049, -4421.1113884, -2.28228234448e+24
264.200667582, 5104.10760062, 4325.03904022, -2.24566369571e+25
-4726.76704554, 3801.0599201, 2586.50308198, -7.05569986179e+25
3519.37393868, 1191.79959729, 1233.67223848, -3.20488369056e+24
3768.44257235, 1092.83712442, 460.626387373, -2.47051161899e+24
-4220.66247045, 350.578307032, 2922.1126632, -2.24780778927e+25
-4393.38781743, 430.424496145, -742.205949427, -4.49165831423e+24
96.2336899231, 1764.22560292, 306.006167582, -4.00059602175e+21
-4116.54172013, 3202.72853401, 4175.41304078, -1.91553074893e+26
4620.37545999, 546.715749446, 2538.49070588, -4.14700303874e+25
-149.777731693, -2397.78113371, 2479.43628224, -4.16079786235e+23
501.757755259, 1042.43933836, 1080.76069296, -3.22484814043e+20
-1968.63576721, 311.328857654, -4751.68681508, -1.05076186159e+25
-1727.08558012, 195.168954202, -2555.2514775, -3.13664010735e+23
-2807.34862732, 2337.73340254, 3256.67272977, -1.69816178502e+25
-539.206347682, 3682.40571787, 2607.90866339, -1.36015555222e+24
-192.835716565, 1360.87426825, -3102.81044426, -1.05812499404e+23
-367.85776365, -1872.89243637, -4902.01745749, -1.28603731137e+25
1201.65508536, -4703.41413733, -1696.88149283, -8.06029170167e+24
1412.39661097, 1041.87106151, -859.264115524, -1.68090988307e+21
3368.16795666, -4000.91740999, -732.3766753, -6.94033916368e+24
627.513355385, -1831.65954144, 1391.45377033, -3.90285391817e+22
272.043587369, 1442.06256226, -188.295312549, -1.41122140965e+21
5392.55375798, 813.996519499, -4099.40519953, -1.68947641318e+26
-294.571390646, -2406.97493385, -1098.09261403, -2.77892264982e+22
-1668.25771035, -846.728824379, 1041.70523919, -5.13904770683e+21
2107.4844024, 739.715807486, -358.238995585, -1.40691318712e+22
-2589.90680129, 2509.43227677, 3589.06409266, -2.31226084693e+25
-535.58044838, 563.861984081, -2300.24625986, -1.1258543914e+22
-177.922860586, -25.2221558703, 358.090993648, -3.75463403052e+16
4393.0784198, -1506.41247382, 286.263320345, -2.0806075322e+24
-297.773032295, 3326.03729846, -821.095453114, -1.52098022906e+24
193.271172138, -1899.1089287, -300.546013234, -7.64791965212e+21
-669.732216441, 4473.96428897, -2419.73160203, -2.91504418261e+25
2251.49363641, 4633.89533948, 220.885029874, -1.29548647729e+25
4317.96281565, 1231.78926381, -1521.57439253, -4.04397320219e+24
1962.61895119, 5037.98805964, 3716.90016551, -1.93024078279e+25
3240.62844795, 1662.44724017, -751.448180797, -6.02753526617e+23
-374.05968945, -922.793953739, 343.295138464, -6.02881315699e+19
3052.81305906, 2848.27054881, 1265.2404087, -3.52559354681e+24
-2627.23694076, -4460.01747749, 2732.95659523, -2.77757726369e+25
-1896.34688482, 4973.43007185, -2260.10825843, -6.91042456594e+25
833.801590499, -1569.81082927, -426.860161507, -1.96802909201e+21
-696.917077617, -2239.90875642, -2447.18358821, -1.13545252095e+23
-2618.06754232, -189.210820464, -435.773612757, -9.83741612663e+22
-1832.99069048, 369.24416758, -465.878892535, -4.94594755914e+21
5344.70647205, -1567.97906408, -5194.8841854, -7.5846666025e+26
-4177.27811738, 585.88526213, 1211.91492773, -2.44899134363e+24
4816.47277306, -2903.47894314, 1659.35676948, -1.56688338576e+25
2642.62057648, 4234.08931583, 803.541037731, -7.29806391124e+24
-524.092689981, -213.695607277, -120.935871284, -6.13166586586e+17
-3019.09315325, -485.580090625, 1187.03060069, -2.4981354238e+23
3563.24702362, -871.604607156, 3538.95577998, -1.95917343546e+25
-272.533395601, 2225.90323895, 2431.47186997, -1.93621799057e+23
-673.480055152, -539.018027604, -2672.41997574, -7.35299683957e+22
-2990.16142129, -4087.97430445, 1366.86987695, -1.03603646435e+25
861.09201412, 248.471712289, -1699.81581023, -8.50626877348e+21
2417.7640317, -3006.00809204, 2796.65258874, -5.27363735481e+24
-2271.63793852, -3814.95762662, -1450.84571565, -2.98768636038e+24
-1604.59834805, -1959.79759375, 1011.42172073, -4.02986001907e+22
-299.204030415, -88.1385540143, -1938.22371914, -3.87134347048e+21
-159.819059491, -4894.3852809, -5.83545333291, -1.9664206985e+25
2133.24668597, 1380.19197564, 5609.59140709, -4.72406654027e+25
1698.93414669, -60.5566512886, -1533.13103105, -4.23398071461e+22
-2153.18431985, 2145.91933093, -2522.40181929, -9.75722511602e+23
-2057.51872907, -2592.69956739, -851.75137155, -3.25640292222e+23
858.546042034, 102.549011197, 2206.43847551, -2.26341256153e+22
2543.40018135, -787.480714852, 3561.49245537, -4.94150255307e+24
-2379.34567936, -56.4031477287, -3412.13591659, -3.83088809997e+24
-1783.3288379, 1651.87970167, -2500.35530746, -3.32418224185e+23
-197.719092777, 4597.74821624, -184.087463135, -1.32929508244e+25
3684.57739452, 2144.52005901, 4014.94400442, -6.5293345693e+25
-2363.23222309, 2025.40145014, 2833.63769711, -5.09061172206e+24
3288.97522624, 1659.29797595, -1074.01670798, -6.27034675144e+23
-3124.37312815, -2865.56807351, 911.02748042, -1.60097788556e+24
3067.80517159, 1628.84195821, 1189.08331209, -1.65912069486e+24
1682.12215103, -183.888511902, -1076.3409473, -1.13148115063e+22
-4808.94779547, -5378.12387273, 1068.42681813, -1.23492819615e+26
-3975.91669847, -2102.17670094, -4401.57482927, -1.2118169173e+26
-4887.6794772, -446.142399135, 783.770357259, -6.94044896174e+24
-3032.18129915, -5552.6640457, -1082.45512279, -5.16302134099e+25
-4036.25031149, 1169.10319456, 682.176814353, -1.18606780994e+24
-801.404779517, 4254.98933839, 2617.89906202, -3.48022738896e+24
3466.28003189, -1738.34444941, 187.115671587, -3.14931361474e+23
-5801.11737931, 3055.2920933, 3706.58417513, -3.90830834872e+26
-1618.00618415, 1731.31270254, -3111.97381343, -6.50989506775e+23
4340.23059176, -519.814111709, -199.174234892, -2.03887145197e+24
-330.226318953, 828.775570308, -5437.1742709, -1.15935538255e+25
-2505.1642651, -4284.73088225, 4149.42357971, -3.82316678875e+25
-3030.43851524, 2701.63033344, -251.842717652, -7.34863103336e+23
-2922.66260541, -2515.43997671, 2146.99432241, -1.0709174598e+24
144.09182727, -4910.22427769, -2098.33885044, -8.891720666e+24
3370.20439365, -1470.42882961, -351.814619277, -2.52083586529e+23
841.618051751, -1127.43155423, 2225.10977285, -2.03160496546e+22
-1766.30835508, 2423.07473659, 293.433469838, -1.09035583473e+23
1660.8333953, 745.91312023, 3179.41915525, -1.02689471534e+24
-2086.20452582, -731.512913529, 1019.06815787, -1.82674732191e+22
-271.061973608, 1222.52685914, -310.477006184, -5.596202711e+20
2877.91987121, -3161.3098269, 3103.51220611, -1.09513781828e+25
-406.96194735, -436.394059873, -2704.60152283, -6.83621209332e+22
1287.80149408, -4400.37509649, -3746.65657854, -1.91318625362e+25
3261.50826394, 498.212515946, -5441.23291115, -1.46969605264e+26
-3863.37563633, 5025.23177567, -3376.24643072, -1.79885548815e+26
3357.62697597, 449.173411571, -4346.22794855, -4.60680065406e+25
-3808.27527491, -1439.91725924, 2554.34571907, -5.0463181914e+24
5390.67758366, 392.556663692, 1642.95451451, -5.28538184127e+25
95.4400780653, 464.431006983, 2854.93290155, -1.30583195174e+23
4009.20923718, 2598.56355752, -300.96530451, -6.02463830106e+24
2128.89162107, 4537.8744929, -6088.21883383, -1.38782765485e+26
-2100.51580218, -3346.36113148, -1599.7321544, -1.36542739206e+24
-2927.66808757, -1924.82600694, 4550.73106145, -2.60978792981e+25
-1615.19530049, 2197.70968112, -1132.97817786, -1.69349721676e+23
-3428.62622149, -6279.92255676, 1323.65214395, -2.25861459487e+26
2414.17486207, -622.79465172, 734.465079981, -5.1561838921e+22
-974.396151865, 890.859215543, 4535.3352657, -1.25548072189e+25
-2198.67220765, -5072.07614258, -816.483646965, -2.14804047147e+25
234.669210453, 1072.30295769, 5064.53120086, -1.34473919258e+25
-3929.69468653, -1782.62934619, 1555.49370959, -2.46128621741e+24
-3558.11409396, -4990.52348903, 541.525858803, -3.99496070476e+25
-689.365839318, 1936.00762483, 2212.48706331, -1.59813090312e+23
3960.68860001, 3569.80595721, 3896.26083866, -1.14738469111e+26
-980.467960532, 559.495533636, 2342.83502174, -1.44320040243e+23
3394.90510413, 1192.49325855, 965.535628639, -1.98809044225e+24
1803.61759002, -1695.20334258, -6049.51741422, -1.93406094192e+26
2524.83907078, -4597.08431859, -3410.04779393, -3.74827337285e+25
281.257790393, 1343.44779564, -983.48245428, -2.31631240113e+21
1446.21213898, 1074.17961009, 256.63471403, -3.57985515337e+21
2866.33895873, 732.885200511, -271.654365577, -1.48182478424e+23
-278.70120343, -758.901725636, -2925.44220844, -1.6027735355e+23
-877.249420184, 2940.34268281, 708.186571805, -2.42120207866e+23
-412.767538126, 1741.12933732, -1669.73052013, -3.44635482575e+22
-725.889556653, 936.589737913, 301.282167405, -5.55417867305e+19
-4845.41286856, 6024.55957071, -748.369148552, -2.74233445677e+26
28.0209654368, -78.5956129679, 5071.14127692, -9.9778541816e+24
-1862.66759528, 746.834574537, 26.8624051127, -1.84763138633e+21
-282.141060767, -3392.36875158, -3395.01552728, -1.95487560952e+24
-1113.36775329, -772.551349886, 3957.26820988, -2.79389264037e+24
-2988.15121123, -1904.96796062, -1794.54562412, -2.97053281522e+24
-3339.57256272, 3321.1321906, 4449.85525953, -1.49911805714e+26
-901.029365163, -4633.34094304, 2546.38651531, -3.37000181236e+25
-480.157839787, 4428.57785191, -1687.74908923, -1.95310353453e+25
743.738381399, -3027.7913559, -405.410531373, -3.61739623105e+23
4434.15982233, -2332.96028443, -1542.75054322, -9.21047744153e+24
-5143.74991697, 1498.41098426, -1710.73760255, -2.39768835163e+25
297.453264564, -2666.48488749, -2433.84246027, -2.74461550931e+23
-1684.33363307, 4540.90182721, 4789.28809522, -9.72323494728e+25
2963.95362592, -211.135139662, 355.378839937, -1.68090063506e+23
1116.39746722, 6165.61678354, 3877.29492567, -4.68914266445e+25
1256.39617421, 3080.88711378, 2125.50132409, -3.59895610264e+23
-2436.28790677, -4723.58141477, -3744.81247089, -2.57467844664e+25
-1858.44699931, -1256.75493316, -2691.73337884, -8.20831116434e+23
-824.807159169, 1885.97200485, 3971.29127845, -6.64473307007e+24
-2271.82124452, -111.517734251, -1845.29871487, -3.48436482802e+23
758.75265111, 1314.18042785, 2792.35110237, -1.65156462792e+23
-2298.31036404, 2858.65019978, 2049.39003961, -1.87908369948e+24
-5523.57845995, 1203.44307303, 1666.74796447, -2.61171478693e+25
333.688081433, 2092.37641948, -4405.27685841, -2.33281605867e+24
-445.911566141, -3869.03742342, 865.151289167, -4.51446615749e+24
2601.58706568, -2337.4199712, 6157.86410413, -7.27587964136e+25
-357.885476932, -5818.30680827, -1419.68508296, -4.82221344046e+25
4388.01676617, 270.103040253, -2138.97186089, -8.44690625868e+24
-1856.44641664, 827.556490801, 1080.9131455, -2.84399634444e+22
2077.30875453, -394.533278567, 1088.26797218, -4.37850251495e+22
2866.39605343, -2883.70098352, -428.506395605, -7.29216805568e+23
2049.94523511, -592.587915546, -130.435417655, -4.14309580452e+21
5034.08395179, 2305.79781899, -5749.79862738, -4.32310064292e+26
57.6069740369, -1971.81091445, -2408.26454528, -1.15161828037e+23
-938.96918671, -3956.08141203, 2328.68872233, -1.00916021129e+25
-1703.556649, 2585.78621004, 2300.58605572, -1.17193615279e+24
4097.26373538, 1203.79651879, 1163.76042251, -8.04887239591e+24
-796.163235223, 1446.03962394, -4161.17323592, -1.10711425321e+24
3583.09592676, 3061.1629054, -3126.86024849, -8.0616574331e+24
795.934105891, 4307.17387569, -593.274781421, -9.02581000818e+24
3814.20346029, 1043.42874536, 671.625387567, -3.09279383197e+24
2853.96943402, -2382.70211978, -1004.49021784, -5.28753556522e+23
-1374.32379312, -227.580376586, 2868.74754629, -5.64126369616e+23
-1277.90064815, 3883.19025456, -2166.08246893, -1.10663017567e+25
-3920.29752465, -1339.17339001, 2246.51204052, -4.08654746009e+24
-5343.00277341, 97.4028324499, -4742.96970504, -4.04071767208e+26
2603.22535998, 3891.31542387, -5279.63466856, -5.46988523801e+25
-64.3825797271, 1040.35280103, -4109.93490679, -1.14343826424e+24
1547.692143, -669.281774825, -2031.43494871, -1.7664096518e+23
-44.7097981593, -2614.20548282, -869.21240481, -6.73616613763e+22
-2205.52451499, -5153.9485693, -4773.0662809, -5.61127298403e+25
2123.00522162, -2561.06500889, 670.727896406, -3.91616875901e+23
-1507.58399441, 3057.65314153, 1807.21178752, -5.69392589953e+23
-1124.23825421, -1588.8852088, 613.86614301, -5.56894733481e+21
-1297.08191241, 1317.42200903, 2701.44506826, -8.04359397297e+23
1927.55516672, 3164.63195682, 848.826425221, -6.73205101428e+23
433.71187283, -2683.18331169, 802.272513983, -3.10251750622e+23
3176.98956876, -2430.33694184, -3842.72363, -5.17747294093e+25
-283.549252348, -1078.56836146, -4246.84855047, -3.31561335825e+24
-2739.97714647, -188.783147211, -6184.07456259, -1.1150887576e+26
2014.19082918, -4707.91878938, 2407.49775915, -5.13581522807e+25
-658.520192554, 2175.23697267, 736.924535492, -1.84450001643e+22
-1566.48457027, -1256.45401287, 5165.3496066, -2.36434750396e+25
5376.90420857, -2623.01044876, 104.629942938, -9.82003733809e+24
-842.629698672, 3651.02638172, 2410.88472077, -1.32653933677e+24
-1367.77210316, 5040.33735263, -4774.24357837, -1.70305414369e+26
-2395.40460435, -4030.73818008, 322.864364623, -5.71234928314e+24
-1414.49293993, 1171.84458517, 1073.57267728, -1.28682351459e+22
-109.675383436, -2195.63120377, 2504.80858358, -2.49743894767e+23
502.438408782, -570.53434449, 630.203726271, -1.49518262276e+19
5820.3575159, 1668.70573315, -110.26562703, -5.42909693862e+25
2193.95980267, 120.670632817, 1113.44655018, -8.44415473778e+22
167.807013697, -3457.98736495, -4231.07603645, -1.0966580333e+25
1500.24092202, -725.714077138, 1478.1713492, -1.68099433078e+22
304.402491101, -2218.93654201, -53.6280136888, -3.54650610472e+22
-1665.91644065, -4385.97579073, -1967.97969479, -4.50284925984e+24
-325.251429944, -536.389959938, -4758.12687656, -6.38592012355e+24
3086.43070001, -1411.48022007, 168.288776159, -1.18235396765e+23
-660.512230529, -1778.81545988, -3303.5971263, -6.29050026152e+23
-4309.14931182, -786.347686632, -3911.3301215, -9.16189741431e+25
-1575.79744198, 6017.19072361, 1494.35239426, -7.11620588482e+25
1970.25555596, 1937.76818805, -1742.21032491, -1.00769566742e+23
2738.55318163, -2996.04318766, 2215.9739514, -4.20632951366e+24
71.4012444527, -2952.68986768, 1115.15984197, -7.21802368049e+23
730.911485663, 1396.96300418, -547.887749225, -1.77885028817e+21
-279.95503191, 3390.94064761, 138.020763487, -1.00689838107e+24
-5519.41733515, -2731.88976091, -1454.26640131, -1.19786177174e+26
-20.5441644262, -5955.8829681, 4530.4587231, -3.87952373582e+26
-3115.57213249, -4137.60423065, 423.850142872, -9.76879503748e+24
-553.972056627, 1036.29852499, -4305.45252371, -1.4482369979e+24
3487.52933074, 2437.20588915, 1338.15960937, -6.13184234695e+24
-1043.41556269, 337.715155923, 1067.57107597, -2.06911148489e+21
3025.7650378, 2441.47856061, 4215.81335947, -3.80477392037e+25
4785.19453399, 2838.10807955, 2326.90191951, -8.58739949995e+25
4578.22075888, -5232.87698535, -1023.68866192, -6.39597739693e+25
-166.58733177, -193.45385296, -2389.60782091, -2.40622802948e+22
-3203.93454327, 1774.98406276, -1400.06977404, -8.26827842866e+23
-1809.27862561, -301.148235566, -4844.38052118, -1.1371696553e+25
-246.900239862, 3308.77877115, -63.9056059953, -9.30152921066e+23
819.55549952, 444.932188372, -270.016501333, -1.01917792436e+19
2350.06280905, -5319.10201273, 2275.81282047, -1.18132640964e+26
-5940.28362271, -4117.88380498, -1833.70166555, -3.55968365427e+26
1052.41836841, 2087.84168603, 1089.71926882, -1.84601074975e+22
1293.58682778, 2570.79276682, 4744.90467302, -1.26772054411e+25
3205.9321441, 1531.61826245, -368.531712927, -6.0098445619e+23
-784.478860024, 5813.98886971, -2297.0765238, -1.79433823203e+26
-2741.72284078, 1962.63004853, -2157.03729048, -1.1663180609e+24
2746.30397393, -1242.12552195, -5553.52121756, -1.8445689098e+26
2290.36156373, -3779.95656284, 2044.73272648, -1.13479676351e+25
-266.809416038, 4526.01549624, -426.885852937, -1.31202296395e+25
5256.53546704, 198.410222664, 4007.61817526, -2.36064358765e+26
925.316137596, -847.948105931, -2152.5490912, -9.48266197266e+22
3675.65838127, -417.299168146, -292.61142381, -5.28225263581e+23
-2054.64197934, -2660.05728199, -167.088491052, -2.93409802903e+23
446.461610104, -1627.2107491, 1184.88937135, -1.34914618334e+22
-127.490368194, -1054.43501624, 123.868225808, -1.11841942269e+20
3967.71677858, -1786.93138404, 331.952626868, -9.46207752042e+23
-2984.36465748, 3715.37599726, 3575.3141114, -4.75833275435e+25
1535.57717216, 860.531272316, -4203.4938297, -6.16650993855e+24
5049.84171206, 1337.01444281, 140.60703817, -1.86243455766e+25
-5015.42159236, -5655.71054664, -922.462328146, -2.13083176291e+26
1719.87588799, -874.175467473, 1638.81265254, -4.43907471085e+22
1213.04018594, -4920.89681976, -697.402604152, -1.73739743718e+25
-433.949964057, -42.5811429048, 3284.96723985, -4.91411768796e+23
1228.44179615, -4876.50993284, 1396.8376435, -3.83256015798e+25
2875.31867963, 1838.97151116, 4674.42239543, -4.27856081936e+25
581.922415027, -1089.6707794, -830.443932609, -3.92064189323e+20
39.2049631323, -3201.30792116, 1229.66960403, -1.38807997937e+24
-433.589554857, 1263.72846044, 2609.82736872, -2.04403811294e+23
46.8227365395, 464.931539064, 5633.70049246, -2.74842977046e+25
5546.1551985, -4305.32044425, 728.616522988, -5.00021373486e+25
-512.98086927, 4707.08525122, -1956.40860378, -3.3930538939e+25
1110.41869525, 507.285003942, -3373.36969879, -1.00278441585e+24
1334.52591161, -1995.73660321, -2929.44324799, -1.8334275497e+24
390.04384856, -241.761913792, -3261.28505758, -5.05075770961e+23
3265.02760524, -122.859088472, -165.826502232, -2.40493087669e+23
-5350.36588131, 2891.9050667, -1698.86928271, -2.91719605271e+25
469.95215821, -2347.27860563, -3064.3239295, -1.08098284094e+24
2598.74373507, -238.879536963, 2464.789895, -1.48487790019e+24
-652.263356109, 1698.5382118, -1146.33800456, -1.94183159537e+22
2293.59251969, 4259.9739524, -437.289473751, -8.60831534998e+24
398.456010764, -3542.95665851, 4052.15141779, -1.25917144867e+25
3608.95944299, -1539.90900223, 1331.80306524, -1.50291212631e+24
496.100916922, 2082.37176858, 4852.12399904, -1.24664467371e+25
2161.1710779, -3021.52435812, 3283.70485399, -6.48782971157e+24
470.428134194, -899.67767031, -5474.49049058, -3.34011116381e+25
2503.75831342, 2255.61538549, 4938.65886351, -4.00846413654e+25
461.652195234, -2616.8230396, -4735.75880576, -2.09868697863e+25
-755.157614785, -1275.74518888, -268.939385962, -4.48629678803e+20
-696.028966863, -675.761216596, 188.734662383, -1.22967413983e+19
-5112.14824232, 713.172420903, 489.737139645, -7.09867575521e+24
-1871.86827727, -2115.35644096, 2778.49454393, -5.41399194007e+23
-2654.38925108, -234.60405782, 226.377973687, -5.58988532706e+22
-3333.53999244, 196.038861306, 1187.3169562, -5.24571685363e+23
-5479.55423325, 74.1286635434, 1578.36815205, -2.01197664302e+25
-4394.61857604, -1160.09467592, 2573.93373223, -1.1524279084e+25
-459.316823791, 564.200275315, 1771.44770428, -9.82489075787e+21
249.654824653, -1168.21193291, 3293.53360863, -1.62484244305e+23
-3642.1731155, 377.209768143, -118.400915259, -6.12680503294e+23
333.960366465, -944.539186418, 4047.02898347, -9.44305303473e+23
3519.28350147, 2036.89500109, -1770.5730073, -1.46407473179e+24
4178.79069622, -1356.9321692, 36.2200850262, -1.24576752581e+24
5585.16436964, -1351.02356664, 1008.5992402, -2.50853901667e+25
-1106.41921555, -408.185019463, 1769.61253442, -1.66989805273e+22
761.936077069, -3694.94880952, 4912.92442852, -2.6523120444e+25
1577.67772603, 2188.81110743, 1631.72568326, -1.44205386761e+23
-518.459916893, -5552.1086845, 806.914592882, -7.05035414661e+25
9.31289825214, 1896.63855538, 619.180519778, -5.29402913013e+21
2320.94795077, 1541.68767822, 275.926303124, -1.16133299725e+23
-4015.7691702, -2160.77587207, 98.3199842948, -5.07717252259e+24
-2344.11367863, 68.3182002038, -77.2171403203, -2.1039199625e+22
-548.637968482, 4802.31577075, 181.299785765, -1.65909941285e+25
-3918.02366348, -1034.29355557, 1254.34364833, -1.70532671931e+24
1463.52146824, -1834.12925852, 499.24811794, -2.63636304845e+22
-1769.58820382, -1464.23736996, 5608.39685206, -4.65572459315e+25
1070.78177304, 1732.35826732, 1385.08132976, -1.49860211053e+22
880.664129742, 2818.50896721, 187.863819326, -2.10818499468e+23
-671.775484639, 3260.65065222, 555.444375789, -5.9897624897e+23
4472.16137879, -3093.43046085, 2710.72915488, -2.92115974681e+25
-3193.77182529, 108.655499024, -947.848572781, -6.53569161931e+23
4463.73676071, 1235.31038148, -998.108942949, -4.64682160254e+24
1393.45974885, 3625.12040705, -4455.58087109, -1.6311082727e+25
-5402.56777236, 350.830645596, -415.283615838, -1.7852222406e+25
-2999.72421582, -973.333007157, 299.653904634, -2.49024914829e+23
-718.002539274, -239.501295709, 3357.23369671, -7.15485398241e+23
-3921.77861215, -720.157408916, -2291.47166956, -1.37731226964e+25
187.24093108, 214.86295023, -3186.85880735, -2.61722940688e+23
-1305.92673565, -1230.65038292, 1635.75050163, -1.12758849281e+22
-1582.92480469, -1838.10787228, 1786.73979557, -5.86114938748e+22
4468.92062916, -3242.18437044, -1041.72391746, -8.37498967891e+24
-2417.25831354, -1267.44694941, 2138.20005634, -3.35201090531e+23
-151.323206018, -1030.39203971, -2704.5549103, -1.13864438435e+23
-171.340397567, 1061.50130431, -906.976069268, -5.20758769603e+20
-143.288507849, 1249.31452454, 584.574766256, -1.57491987426e+20
-3796.73611205, 1322.80730407, 3584.27528944, -4.60821680791e+25
-1547.72182552, 3008.23644967, 1575.27095461, -4.22866798571e+23
-1516.67456955, 5388.23086163, -5774.95262412, -3.6486183424e+26
3644.67346807, 2548.60931466, -3260.03825973, -8.62626223359e+24
-876.314488991, 1949.5303756, 414.51211945, -1.10971486751e+22
2199.40967747, -2691.06945497, -5446.97749852, -1.68626046688e+26
2691.4973458, -106.444869874, -3014.71230668, -4.53991368882e+24
-3075.93207955, 1844.03299259, -1310.32352232, -6.07538251533e+23
-5724.03363014, -18.3751523373, 1519.53303098, -2.6362665927e+25
361.158411362, -819.832890366, 729.63887405, -8.65357468814e+19
-779.396970925, 2452.0027114, 1630.5921514, -7.34516440987e+22
-2334.43681748, 3937.85270421, 4205.84399264, -6.47843878467e+25
-4095.47041731, 397.143548632, -665.050850158, -2.50097225082e+24
5223.6937, -424.288541267, 3342.170137, -1.25556265772e+26
-1629.34753094, -736.504864806, 3387.34732445, -1.73085804521e+24
3428.74856057, -1874.39761418, 1942.97064512, -2.44384828163e+24
-853.012352167, 2896.69369579, 2426.91071883, -6.33633452621e+23
633.350048374, -65.1688550285, -1150.48898925, -6.01097998335e+20
-709.253769902, -417.641855539, -1766.16631286, -4.92488692624e+21
-668.953820359, -1734.37054265, 1041.85044541, -1.38128089104e+22
-3073.72512613, -216.591511071, 213.137455933, -1.78686091705e+23
5499.70949848, -5535.64318057, 2645.44556111, -3.80457361892e+26
-764.080419965, 2670.35471872, -591.752317222, -2.82951870699e+23
2706.48791243, 3836.6498833, -1423.40395652, -6.30944209439e+24
-110.037923626, 4494.21358673, 112.353146862, -9.68058318617e+24
451.691715093, 1752.79322096, 1290.60185399, -2.68484358403e+21
2092.99664831, 1801.42898593, 1758.5742776, -4.49792444579e+23
4489.91564769, -5554.14296893, -1263.8552693, -8.76049369642e+25
1835.48090359, -2194.7006576, 2188.20692611, -5.22227108825e+23
-314.052312227, 438.316060041, -2410.59336119, -1.51096846725e+22
-3340.93240566, 115.237911929, 6254.2967552, -4.11339746542e+26
1563.69825026, 3457.67401857, 1847.42465196, -8.525059262e+23
680.327988909, -17.5946789375, 4035.51173716, -1.3122568671e+24
-1630.54027793, -800.665829455, 2714.90963953, -4.2273023908e+23
-3821.57222855, -2497.10738546, -1400.0146128, -1.12573578247e+25
973.854071592, -4876.38039504, -3615.18407009, -1.74542062963e+25
-1980.22139249, -520.324631648, 3517.30723484, -3.59586037165e+24
994.379568164, -1389.02611721, -3918.303508, -5.72524790406e+24
-174.946957662, 3118.80652792, -471.62733005, -7.4516445165e+23
-3139.82265247, -1012.03619907, 798.15786608, -3.01274298922e+23
-3229.70653178, 1471.11672074, -1883.76012399, -1.60129513299e+24
-1076.38439014, -820.278351188, 3225.94001223, -6.09510116918e+23
1317.55298424, -3756.95899219, 2737.50604574, -1.17058013267e+25
-647.584261669, 1285.46810173, -3397.9493696, -2.21909064993e+23
-487.338925856, -2861.29710715, -1383.32160513, -1.08162926082e+23
-426.889851346, -968.698475186, -1236.4065536, -4.47252129992e+20
-3017.78385058, 2018.73997808, 797.017124193, -3.52962441789e+23
-3211.61231293, 969.488955346, 3142.13285434, -1.33668374821e+25
-1412.53280231, -1977.52035486, -3498.66659082, -1.7368209852e+24
-1345.60024793, 1583.70772109, -136.252201021, -6.28811085176e+21
3518.29593262, 1323.81493636, 567.244532797, -1.91965716651e+24
1250.18442216, 2717.43021461, -788.98389175, -3.02859818655e+23
2476.70347944, 2883.76526741, -4641.99557642, -1.74363570185e+25
-4718.7630896, -1586.33341838, -471.34919457, -1.55365720056e+25
4891.86300006, 1737.72353281, -4932.33587214, -2.07325356565e+26
-2233.68902035, -2111.14121205, 1820.53155821, -2.02015205449e+23
2558.38698542, 2891.47899431, 2446.48871678, -4.15645751464e+24
-5476.35129355, -2474.587525, -2363.33250288, -1.72055075745e+26
3386.0980508, -1874.54713172, -3445.84263392, -3.21026080376e+25
-4742.40345725, -6063.13754121, -398.072421461, -2.21600209195e+26
2449.41998366, -615.477600513, -525.336012565, -2.62232021814e+22
-702.391668578, 249.875229216, 2176.36398368, -4.63386259401e+22
-4601.34189158, -1381.98526366, -2909.91165836, -6.74312821306e+25
-225.382259244, 3857.51702345, -2608.46515993, -1.07615604426e+25
200.117134094, 3884.80534547, 2897.2189006, -1.56227881675e+24
-70.0681442987, -2915.25340475, 5448.38725941, -1.39068783931e+25
-186.497905626, -2353.29902986, 421.241855292, -7.83047189143e+22
383.955233052, -677.824978259, -2061.89564464, -2.51875480972e+22
-1203.19919214, -2157.55724096, -1117.72601565, -3.07342643449e+22
-1676.87656001, -1229.95375596, 4355.17007033, -7.89752009778e+24
2085.74728219, 1580.7326338, -2687.95694738, -5.49415637958e+23
-262.607196383, 1486.86890369, 966.467471588, -8.39825512121e+20
4142.79827436, -5705.534879, -2595.05843613, -1.17353967037e+26
-4984.97636079, -1134.91181554, -814.465301862, -2.30635735069e+25
-4278.64597877, -3198.73789645, -4136.45835653, -1.74410687797e+26
-267.093399261, 28.3311662297, 1929.32433482, -7.5466348233e+21
-907.864788465, 957.40394221, 3976.48967475, -4.95792354588e+24
512.020865788, -3938.91656457, -744.72271913, -2.49577545654e+24
-35.3052196183, 2521.61600921, 5420.78342722, -4.11574818044e+25
2272.25066689, 2465.10701747, -1222.65948095, -2.99145003205e+23
-394.792722827, -4622.12538861, -3314.83823257, -5.40389792842e+24
1221.41245512, -109.857887896, -5511.15309602, -4.48186731084e+25
1853.94626256, 3491.52612651, -874.11957939, -2.17209193068e+24
4861.86494566, 906.945262198, 2461.13464068, -5.79937188069e+25
1076.18282717, -1810.65940627, -1409.66648315, -3.09371188489e+22
-855.929239957, -377.327518336, -3589.36483111, -6.57030731829e+23
3071.54777752, -1455.34397873, -4271.67082702, -5.91046896585e+25
-4160.14405196, -1746.20502142, 1721.14557683, -3.83136878984e+24
-2991.16332642, -4334.07882605, 852.203883409, -1.34009968724e+25
-5803.24193319, -4417.22482568, 534.724745023, -1.55767668176e+26
-5669.37957908, -4407.48570744, -1446.71916409, -2.56367096939e+26
-1252.23911098, 4657.41283892, 1505.07531439, -8.04958536344e+24
1433.18689237, -1938.32237986, 115.289691267, -2.49602562374e+22
-5115.03280493, 633.632120138, 958.300044328, -8.24314054956e+24
222.8488334, -322.120026148, 5316.35409651, -1.21994254818e+25
1242.81222187, 3422.36126528, 3200.29923547, -1.7312187606e+24
-3253.25907696, -424.199662896, -3372.62847301, -1.43216954869e+25
4682.75085871, -2612.21521723, 2134.43639428, -1.86559594371e+25
4219.83074153, -731.287434554, 1846.25052254, -8.96908106296e+24
650.701226803, 2214.38943508, 914.959196604, -1.70319021946e+22
-415.068020315, -2865.29882041, -502.72976744, -1.90261323707e+23
5430.47976892, -4132.07960592, -5227.91366219, -1.39161044972e+27
3858.30857721, 173.890602437, -54.6311517718, -1.17144139076e+24
1161.99035634, 1442.08497588, -737.172901026, -3.38817807364e+21
-478.52175139, 2295.93436553, 6193.08354893, -1.26088406836e+26
3598.25703712, 2809.60943384, 2089.05876132, -1.51958608056e+25
171.154415407, 2574.49317658, 2932.20135548, -5.1448187272e+23
2699.08962739, -1570.18692842, 1560.85889951, -3.88299329741e+23
-797.088679979, 80.6586997848, 750.697751806, -1.28361428693e+20
389.829051469, -2002.75595644, 889.049714047, -4.00137333831e+22
-989.424692653, 1646.35103302, 4738.87675531, -2.23486078719e+25
-1798.08236283, -2576.05351473, 932.617768341, -2.55241044114e+23
-3478.98143008, -4009.47414655, -4877.21093831, -1.530618455e+26
-2324.29679331, -1424.26152237, -2771.42703615, -2.27310463211e+24
2376.38304426, -795.084366962, -3134.81754446, -5.09489950045e+24
-1662.6553714, 1757.37786986, -4259.53085993, -3.26602259701e+24
-1604.04581863, -188.119635121, 620.9698468, -1.55802878802e+21
-234.22522761, 4541.46368027, 1361.68471091, -6.09194579846e+24
314.984299424, -2791.19486647, 3612.7261484, -2.45706898079e+24
3689.81202656, -2830.71513057, 4323.84860704, -4.69433852225e+25
675.804665576, 764.856570395, -458.880367831, -2.67751648851e+19
3964.81296588, -923.757628346, -3404.05243585, -3.83029709849e+25
-3778.49635724, 2680.77187713, -1822.76028247, -5.12428054602e+24
2355.44704149, -3153.21461488, 4394.27931489, -1.90674232341e+25
-652.208713348, -933.001677817, 4952.43549036, -9.47767639588e+24
-835.468263351, -2479.03982916, -1124.81494812, -4.2769132005e+22
-3152.94315733, -1376.35699845, 2850.53094081, -3.38257712643e+24
311.939043116, 1161.69594268, 493.409126713, -9.38043902423e+19
-202.53610438, 98.4483060055, -1047.62279773, -2.26196633125e+19
5976.58581968, -1931.72348657, -1200.83912161, -3.26100519027e+25
758.078940249, 3166.69231848, -613.280522216, -8.50963250676e+23
297.404909325, 1598.86381178, -2742.93122585, -7.77604577495e+22
1070.15201777, 1744.51488998, -1194.45066259, -1.73288362793e+22
-2364.86592065, -5466.77350763, 2536.37992851, -1.07516093601e+26
-4116.10942916, 3764.24740749, 1017.70419527, -9.19714134718e+24
-1131.71909383, 3252.31569842, 1065.07718617, -4.90701273321e+23
-2890.50688344, -1508.65468896, -2066.7686975, -2.7886125152e+24
-182.127654649, -1337.81856477, 2854.9763798, -7.15313552749e+22
-2144.88110516, -710.718662574, 1739.36280562, -1.09449899289e+23
-1373.79665917, 356.315140213, 2068.55168665, -1.18400401709e+23
-3753.59847832, -4445.40407416, 1132.50005383, -2.36801175684e+25
568.395938563, -352.452587614, -1890.89851124, -1.51849493574e+22
4324.44785595, 2377.92756832, 397.189072784, -1.22158951145e+25
3418.93188459, 2772.76567971, -595.404402866, -2.38555340826e+24
579.855696336, 516.205399569, -63.2839158366, -2.28236433092e+18
2314.25963113, 3296.21732417, -22.345385108, -1.32198912595e+24
3323.12232321, 170.542489481, 5752.17464347, -1.32078325209e+26
904.067743906, 729.026736623, 18.6583706647, -7.28493410816e+19
375.542279584, 2616.59646379, -2936.67316119, -9.59575735018e+23
114.675946302, 427.238570584, 1136.9711059, -1.07161514274e+20
-886.405847834, 2795.23160372, -76.4793352567, -2.83030296661e+23
-267.882334555, -1025.96717093, 6011.03608967, -3.38316804586e+25
-455.851547468, -5065.78012204, -489.222381926, -2.12702021919e+25
2904.60570809, -5134.99197073, 2040.61735932, -9.56520390626e+25
-1317.24567394, -3048.51109668, 1166.23095006, -8.77082378168e+23
-227.640364706, -1328.91728536, 3137.93646762, -1.50004157587e+23
435.983916595, -4008.23140902, 423.285908205, -5.15343642076e+24
1153.37044117, 3096.13280179, -2223.72992144, -1.74698301694e+24
2319.41368622, 1098.62382574, 1090.03508153, -2.07192051314e+23
1376.21715578, -3279.37580067, 2742.82377456, -5.11759109624e+24
-3738.95682054, -729.152702676, 228.678138836, -1.15165526553e+24
705.621559949, 2932.51669529, -4310.99299644, -5.11035764394e+24
-211.783228494, -175.555450819, -973.882743747, -2.01737990803e+19
2190.42891331, 1866.67589846, -2674.5923071, -6.00088712866e+23
328.88494157, -4374.14422608, 211.443216554, -9.12780268808e+24
-1839.3521655, -3577.97301529, -3141.56478474, -3.75503956997e+24
-1741.45019286, -873.604057358, -376.683174312, -1.04857025746e+22
-4918.91370896, -571.091181984, 2262.66301138, -1.72267185132e+25
1302.68041356, 4017.63280021, 317.92676074, -3.52681733509e+24
2998.99521052, 609.263380222, 3726.44777488, -1.52047738385e+25
2692.83600454, -963.232237413, -360.693611344, -4.30593293309e+22
-933.410212658, -2975.84872431, 1541.97726658, -9.06940894954e+23
2656.52077535, 4136.63401218, 5473.47848848, -1.14589326184e+26
2808.92831275, -1203.56907517, -1118.37894247, -2.74932961937e+23
5282.24077557, -2961.38415676, 2505.22396104, -5.30864092289e+25
-2502.91891187, 3401.89353381, -1140.05537969, -3.91515720324e+24
3662.52258516, 3381.89345373, 1732.68454823, -1.69233110137e+25
-1900.61998549, -70.7788538965, 2928.82095513, -1.38057476741e+24
-983.32497635, -2295.20562223, 2378.80778643, -2.81180977319e+23
-779.775367353, 1507.94949914, 4481.48018425, -1.24348903159e+25
-1597.33509333, -319.778127321, -2647.87649756, -3.3112915023e+23
-675.793423145, 5015.76763361, -3911.05511752, -1.1029644229e+26
-185.509373829, -924.230285457, -4208.21758151, -3.04818142455e+24
-2221.94562683, -3117.69914756, -72.904452689, -8.61588226134e+23
-3938.60254482, 4254.4580005, 5679.62816371, -8.82087673426e+26
-2867.10423083, 1360.09364838, 1491.76796378, -6.85552927887e+23
-579.119252591, -1080.38354071, -1384.01340828, -1.44643340135e+21
-3707.27918546, -97.9561237291, -6174.2778343, -2.60400356065e+26
184.860514752, 3202.37280463, 2236.51213587, -2.83178903617e+23
1458.79035065, -2588.81671236, -2291.25475408, -8.36814352528e+23
-1812.00426972, -50.055310169, -809.863483679, -1.39773824555e+22
-3046.63590235, 2630.72540777, 3024.83674969, -1.72700073513e+25
262.093996391, 3636.42310446, -5656.14848621, -3.39286470279e+25
3270.15129358, 1660.54947973, -2636.41316475, -2.61347839127e+24
-2993.37611359, -4048.05244649, -6028.77352897, -2.36472639514e+26
1395.24589841, 441.117178542, -1404.30777779, -9.44253447402e+21
122.706750103, -665.383865474, -308.421777139, -1.05900088014e+18
1484.55602456, -493.647962122, -369.449995991, -6.18671854843e+20
-2622.9495199, 3094.98463342, -2097.77474028, -4.29574174638e+24
-2719.80334778, 440.794639545, -2300.62453398, -1.39536635938e+24
-1512.59481834, 560.139385012, 675.25030424, -2.31525506574e+21
-749.456102267, 898.931118114, 193.506461372, -4.47424613467e+19
1350.6115089, 75.6144225702, -2248.05065479, -1.36155132955e+23
3633.3873396, -2843.62842715, 824.913274768, -2.24168210109e+24
2051.54525969, -4590.24797634, 1325.3890921, -2.79255085616e+25
-640.751856136, -1668.57184363, -130.118967946, -3.20682162111e+21
2064.82433138, -2392.33995439, -147.058279802, -1.32763689235e+23
-4269.29002697, 1542.81615518, 4106.63870927, -1.29586037011e+26
-891.206621764, -3348.62425646, -72.9693129039, -8.94969974897e+23
232.486518248, -5036.58202982, -4488.33430017, -3.24810477693e+25
5378.12374659, 2326.42106471, -3676.87779751, -8.17090250908e+25
2043.44579734, -511.251086957, 3363.49251775, -1.83527254399e+24
-1061.93124313, 2645.48784216, -2299.7766932, -9.68107600813e+23
-2100.14847568, -902.447621306, -80.7538015731, -2.52576791189e+22
-4603.55291705, 3033.74720515, 1496.45665655, -1.38856585217e+25
485.615348905, 3830.36359467, -879.833138478, -4.2243657571e+24
642.69182599, -2924.01119622, 67.807198676, -3.71636704561e+23
1156.00752761, -570.527254531, 2782.65817618, -1.2952298296e+23
4186.84665138, 3047.69143761, 3294.7978221, -8.51626710084e+25
-1355.31936019, 4060.01592774, 855.8584743, -3.4873016429e+24
3871.31990174, -4791.75302422, 3031.61755686, -1.19844177794e+26
-1100.32923242, -3482.79634288, -3951.15635243, -4.90774332488e+24
-3731.63251858, -2990.4085739, -1480.32050844, -1.31551027564e+25
627.486893953, 852.256933197, -3052.11545323, -2.18973658654e+23
3050.77325436, -3713.08676211, -759.922610504, -3.61715916791e+24
2940.06422728, -2424.06588119, -826.309023546, -4.89107045937e+23
4041.5412588, -408.019597019, 884.684156929, -2.79577201833e+24
-2653.55428986, 3571.04975913, -2789.76009511, -1.40023863482e+25
538.52668158, -137.377775141, 4798.30048334, -5.07992599936e+24
-225.361659771, 2225.24037366, 2274.87339167, -1.22024690946e+23
1140.16891443, 2409.29059568, 734.32196, -5.07335957208e+22
-5580.37131316, -651.46838579, -452.47941399, -3.45508116385e+25
-3434.86250789, 1814.65676724, -1885.95041983, -2.28730119514e+24
5613.49613631, 448.927394941, -791.559761093, -2.07790382372e+25
3042.9338678, 4238.06423229, -312.132602462, -1.06720224404e+25
-143.559084278, 71.1912163113, 2144.88964523, -1.41662512078e+22
-69.8612155284, 141.845055651, 1374.67794421, -4.395838172e+20
-4077.52875585, 317.650648607, -1566.06451758, -6.16773325557e+24
-2396.78090066, -1233.45240137, 4401.78336523, -1.64648799999e+25
5307.45598794, -1614.43712545, 1820.07315255, -3.18103924165e+25
440.829862666, -5358.81070166, -2140.48014893, -1.91338885831e+25
1961.17240015, 322.059700446, -2459.25724355, -5.11782381411e+23
3090.88138868, -1560.39341184, 662.481472851, -2.19574172545e+23
899.186370441, 471.544329072, -1250.22049911, -1.21269254479e+21
-4396.870801, -1604.55306325, 657.217753179, -5.37239188489e+24
-966.601329558, -1312.72125354, 2490.65235467, -6.97747524359e+22
526.564551735, -2095.47406985, -906.92267727, -1.1466416509e+22
1225.29158851, -1033.41642909, -354.819629485, -4.90653836736e+20
5286.01986672, -1545.97568272, -2005.55029082, -3.16758706472e+25
1347.03217041, -560.043056505, 4760.19822253, -5.3712779194e+24
1511.77910036, -104.336882941, -2108.43061183, -1.41222215069e+23
-880.896334173, -1533.54820507, -2387.00678043, -7.78552614264e+22
1599.88567907, 76.9214664554, 4498.03063176, -5.52291039352e+24
51.365481435, 243.848838197, -4523.4617764, -3.81948370042e+24
-1007.25541093, 3203.75905033, 5794.913728, -1.37344953583e+26
-1592.44698912, 1834.14744948, -491.652009294, -2.97230589462e+22
-735.347348668, -344.365406349, 3745.49187807, -1.54660596929e+24
