-0.499695070352, -4.01259708684, -4.88089686076, 0.0
-0.499695069211, -4.01259708531, -4.88089683304, -5.05361413586e-13
-0.499695119268, -4.01259709344, -4.88089690072, -8.42275198884e-13
-0.499695057898, -4.01259823236, -4.88089690469, -3.33211425395e-10
-0.499695084405, -4.01259697737, -4.88089688174, -3.03215983165e-12
-0.499695064801, -4.01259708062, -4.88089677395, -2.69524282938e-12
-0.499695069093, -4.01259708802, -4.88089658077, -2.24041482906e-11
-0.499695015797, -4.0125970799, -4.88089688733, -6.73816045073e-13
-0.499695065216, -4.01259707363, -4.88089687684, 0.0
-0.499695079619, -4.01259708408, -4.88089686257, -1.68454335806e-13
-0.4996950505, -4.01259708327, -4.88089691522, -3.36910271388e-13
-0.499695069614, -4.01259708423, -4.88089688022, 0.0
-0.499695058837, -4.01259707509, -4.88089685717, -1.68454000527e-13
-0.499695104568, -4.01259717523, -4.88089686851, -2.52681306628e-12
-0.499695071422, -4.01259708034, -4.88089685575, -1.6845421597e-13
-0.499695050565, -4.01259708359, -4.88089688639, 0.0
-0.499695069244, -4.0125970846, -4.88089687487, 0.0
-0.499695062727, -4.01259707675, -4.88089688105, 0.0
-0.499695072468, -4.01259708673, -4.88089664418, -1.38130997067e-11
-0.499695078097, -4.01259707896, -4.88089689855, -1.68455088123e-13
-0.499695072699, -4.0125970749, -4.88089688542, 0.0
-0.49969506895, -4.01259708275, -4.88089687786, 0.0
-0.499695059781, -4.0125970794, -4.88089688615, 0.0
-0.499695072043, -4.01259708079, -4.88089688627, 0.0
-0.499695062683, -4.01259716424, -4.8808968834, -1.68454670081e-12
-0.499695058855, -4.01259708195, -4.8808968904, 0.0
-0.499695066243, -4.01259709123, -4.88089687693, 0.0
-0.49969505574, -4.01259708017, -4.88089683659, -5.05361687782e-13
-0.499695032865, -4.01259706602, -4.8808969005, -5.05362941352e-13
-0.499695069228, -4.01259709147, -4.88089688861, 0.0
-0.499695033014, -4.01259698976, -4.88089687019, -2.52679702912e-12
-0.499695073666, -4.01259707682, -4.88089687252, 0.0
-0.499694997087, -4.01259723529, -4.8808968727, -6.90662315232e-12
-0.499695010215, -4.01259693247, -4.88089683328, -7.0750179492e-12
-0.499695066665, -4.01243514728, -4.88089687873, -6.62653826666e-06
-0.499695426946, -4.01259710416, -4.88089668796, -4.22820704871e-11
-0.499695084268, -4.01259675875, -4.88089687303, -2.69522766091e-11
-0.499695068085, -4.01259708399, -4.88089688335, 0.0
-0.499695060443, -4.01259709697, -4.88089686645, 0.0
-0.499695074334, -4.01259560134, -4.88089687129, -5.56564130107e-10
-0.499695056306, -4.0125970837, -4.88089697832, -2.5268158144e-12
-0.499695079381, -4.01259706623, -4.88089687298, -1.68454196784e-13
-0.499695064854, -4.01259708227, -4.88089686249, 0.0
-0.499695060443, -4.01259709697, -4.88089686648, 0.0
-0.499695126212, -4.01259691439, -4.88089681714, -9.26489999827e-12
-0.499695050172, -4.01259707768, -4.88089688864, -1.68454474409e-13
-0.499695079058, -4.01259709308, -4.88089687301, 0.0
-0.499695102238, -4.01259708795, -4.88089689952, -5.05365301053e-13
-0.499699529173, -4.01259477252, -4.88089694249, -6.39177523066e-09
-0.499695092574, -4.01259708207, -4.88089693479, -1.01073115289e-12
-0.499695058779, -4.01259708608, -4.8808968887, 0.0
-0.499695052539, -4.01259581378, -4.88089688148, -4.08493156825e-10
-0.499695061139, -4.01259709062, -4.88089688779, 0.0
-0.49969507242, -4.0125970959, -4.88089690739, -3.36910325658e-13
-0.499695114552, -4.01259707527, -4.880896892, -6.73818985486e-13
-0.499695057147, -4.01259708609, -4.8808968887, 0.0
-0.499695065391, -4.01259708504, -4.88089687735, 0.0
-0.499695078441, -4.01259709018, -4.88089688836, 0.0
-0.499695066271, -4.01259704828, -4.88089684867, -5.05360821411e-13
-0.499695056876, -4.01259707742, -4.88089687086, 0.0
-0.499695034752, -4.0125970872, -4.88089555666, -4.41686896041e-10
-0.499695061913, -4.01260837633, -4.8808968772, -3.22453596871e-08
-0.499695043627, -4.01259708377, -4.88089689297, -1.68454637323e-13
-0.499695052644, -4.01259708463, -4.88089689254, -1.68454846564e-13
-0.49969506308, -4.01259708423, -4.88089689182, 0.0
-0.499695064068, -4.01259708445, -4.88089689485, 0.0
-0.499695061317, -4.01259706925, -4.88089674383, -4.5482277775e-12
-0.499695064012, -4.01259708451, -4.88089689266, 0.0
-0.499695057655, -4.01259694036, -4.8808968682, -5.39049437603e-12
-0.499695064063, -4.01259708455, -4.88089689269, 0.0
-0.237814127559, 4.90009291356, -4.90981423253, -418.074388578
-0.499695069557, -4.01259708574, -4.88089686373, 0.0
-0.499695064064, -4.01259708452, -4.88089689268, 0.0
-0.500298182893, -4.01220460249, -4.88115421443, -0.000147639060836
0.348507001793, -1.21661101208, -4.9885265817, -919.691923424
-0.499695061251, -4.01259710273, -4.8808967504, -4.21133058469e-12
-0.499695078867, -4.01259707443, -4.88089697479, -2.52681957025e-12
-0.499695064064, -4.01259708452, -4.88089689268, 0.0
-0.503535587298, -4.05145840158, -4.89014059448, -0.403668227345
-0.498687810635, -4.01259730208, -4.88088954317, -0.00025679702239
-0.49969506124, -4.01259709524, -4.88089689129, 0.0
-0.499695075126, -4.01259709592, -4.88089687994, 0.0
-0.499695038914, -4.0125970919, -4.88089701917, -5.22206578553e-12
-0.499695066913, -4.01259707734, -4.88089700995, -4.37979956932e-12
-0.499695090808, -4.0125969944, -4.88089687319, -2.18989231933e-12
-0.49969492618, -4.0125976138, -4.8808968704, -7.56364066111e-11
-0.499695067826, -4.01259711599, -4.88089688053, -1.68454432706e-13
-0.499695080583, -4.01259706331, -4.88089688258, -1.68454318578e-13
-0.499695069436, -4.01259710105, -4.88089689243, -1.68454833318e-13
-0.499695065477, -4.01259714813, -4.88089686558, -1.01072758785e-12
-0.499695042087, -4.01259710527, -4.88089685837, -3.36909091617e-13
-0.499695066342, -4.01259707129, -4.88089688003, 0.0
-0.499695068491, -4.01259708561, -4.88089686787, 0.0
-0.499695068344, -4.01259707749, -4.8808968883, 0.0
-0.49969506398, -4.01259706667, -4.88089677038, -3.03214919747e-12
-0.499694922089, -4.01259708241, -4.88089690202, -5.39047468726e-12
-0.499695077605, -4.01259708308, -4.88089687997, 0.0
-0.499694917088, -4.01259704113, -4.8808968663, -6.06426527274e-12
-0.499695061682, -4.0125970545, -4.88089690289, -3.3690873828e-13
-0.499694726154, -4.01259708091, -4.88089688797, -2.91422308627e-11
-0.499695073629, -4.01259706413, -4.88089703196, -6.06432450912e-12
-0.499695107389, -4.01259701333, -4.88089692419, -2.35834960029e-12
-0.49969505875, -4.01259708096, -4.88089686375, 0.0
-0.499695083144, -4.01259711398, -4.88089688171, -3.36909727266e-13
-0.499695037154, -4.01259708084, -4.88089690132, -3.36909115929e-13
-0.499695069699, -4.01259710867, -4.8808968179, -1.01072275259e-12
-0.499695067767, -4.01259705069, -4.88089688836, -3.36908417774e-13
-0.499695058743, -4.01259708096, -4.88089686378, 0.0
-0.499695083134, -4.01259712817, -4.88089688838, -5.05363939334e-13
-0.49969497232, -4.01259717787, -4.88089685768, -4.54825697434e-12
-0.499695069435, -4.01259708007, -4.8808968652, 0.0
-0.499695063561, -4.01259708576, -4.88089687311, 0.0
-0.499695062505, -4.01259819795, -4.88089675116, -3.17374239964e-10
-0.499695067149, -4.01259705066, -4.88089687522, -3.36907844264e-13
-0.499695063487, -4.01259709266, -4.88089687836, 0.0
-0.499695069456, -4.01259707759, -4.88089686632, 0.0
-0.499694966568, -4.01259710347, -4.88089687384, -2.52679895605e-12
-0.499695095285, -4.01259709488, -4.88089694357, -1.34764097792e-12
-0.499695060356, -4.01259708025, -4.88089686998, 0.0
-0.499694640158, -4.01259709727, -4.8808969127, -4.59874298323e-11
-0.499695069497, -4.01259690036, -4.88088329443, -4.66645251071e-08
-0.499695053709, -4.0125970949, -4.88089687192, 0.0
-0.499695069047, -4.01259709684, -4.88089688774, 0.0
-0.499695056169, -4.01259707139, -4.88089687264, 0.0
-0.499695066626, -4.01259708706, -4.88089686221, 0.0
-0.499695069477, -4.01259708761, -4.88089689524, 0.0
-0.499695064393, -4.01259710278, -4.88089682683, -6.7381579686e-13
-0.499695105864, -4.01259709599, -4.88089687918, -5.05364600955e-13
-0.499695100845, -4.01259706682, -4.88089688048, -3.36909126944e-13
-0.49969507497, -4.0125970984, -4.88089688647, -1.6845484916e-13
-0.499695097252, -4.01259720059, -4.88089747471, -9.36617534929e-11
-0.499695061628, -4.01259709708, -4.88089687403, 0.0
-0.499695074766, -4.01259709612, -4.88089678462, -2.18989593782e-12
-0.499695067562, -4.01259708841, -4.88094237502, -5.23340072995e-07
-0.499695088175, -4.01259708903, -4.88089686217, -1.68454418691e-13
-0.499695061881, -4.01259700868, -4.88089686823, -1.51607864636e-12
-0.499695073907, -4.01259709649, -4.88089687392, 0.0
-0.499695105028, -4.0125971969, -4.88089686674, -3.53754353446e-12
-0.49969507606, -4.01259707901, -4.88089685625, -1.68454132187e-13
-0.499695120742, -4.01259709274, -4.88089691092, -1.01072884926e-12
-0.499695079805, -4.01259708761, -4.88089688216, 0.0
-0.499695088173, -4.01259714858, -4.88089686635, -1.17918290521e-12
-0.499695036985, -4.01259709404, -4.88089783858, -2.33648473479e-10
-0.49969506171, -4.01259708175, -4.8808968894, 0.0
-0.4996950909, -4.01259709312, -4.88089689655, -3.36910418145e-13
-0.499695009933, -4.01259708806, -4.88089684719, -1.01072307248e-12
-0.49969506636, -4.01259709645, -4.88089667588, -1.02756222491e-11
-0.499695050528, -4.01259706555, -4.88089690388, -3.36909163866e-13
-0.499695045414, -4.0125970748, -4.88089686786, -1.68453971805e-13
-0.499695076049, -4.01259709049, -4.88089688771, 0.0
-0.499695060695, -4.01259706012, -4.88089703332, -6.23277654405e-12
-0.49969506572, -4.01259707617, -4.88089693854, -1.01072929965e-12
-0.499695052848, -4.01259709145, -4.88089677455, -2.69525131072e-12
-0.499695004472, -4.01259667153, -4.88089688455, -4.41342412663e-11
-0.499695075641, -4.01259709049, -4.88089688771, 0.0
-0.499695054246, -4.01259709176, -4.88089696013, -1.68454663354e-12
-0.49969506347, -4.01259708448, -4.88089688735, 0.0
-0.499695003268, -4.01259708317, -4.88089687736, -1.0107247169e-12
-0.499695070178, -4.01259707726, -4.8808968882, 0.0
-0.499695058574, -4.01259708958, -4.88089689007, 0.0
-0.499695065359, -4.01259707691, -4.88089689182, 0.0
-0.499695063434, -4.01259708505, -4.88089686284, 0.0
-0.499695074116, -4.01259707373, -4.88089687073, 0.0
-0.499695033934, -4.01259707983, -4.88089682247, -1.01071926588e-12
-0.499695065205, -4.01259707097, -4.88089711556, -1.43185054005e-11
-0.499695064759, -4.0125970795, -4.88089644183, -4.81774444961e-11
-0.499695055494, -4.01259708681, -4.88089685715, -1.68453975086e-13
-0.499695059547, -4.01259709611, -4.88089691731, -5.05365554673e-13
-0.499695056867, -4.0125970903, -4.88089653421, -2.99845559978e-11
-0.499695066131, -4.01259707857, -4.88089688822, 0.0
-0.499695087983, -4.01259710016, -4.88089686864, -1.6845470183e-13
-0.499695040401, -4.01259709824, -4.88089688119, -1.68454590924e-13
-0.49969504283, -4.0125970471, -4.88089686571, -5.05360925381e-13
-0.499695059058, -4.01259704399, -4.88089685563, -5.05360618615e-13
-0.499695044091, -4.01259707776, -4.88089683346, -6.73814214498e-13
-0.499695041354, -4.01259686057, -4.88089687039, -1.28023926451e-11
-0.499695062543, -4.0125970856, -4.88089686693, 0.0
-0.499694996081, -4.01259701565, -4.88089664941, -1.56659805032e-11
-0.499695029211, -4.01260479312, -4.88090111033, -1.95583649072e-08
-0.499695051542, -4.01259707928, -4.8808970223, -5.39051113665e-12
-0.4996950529, -4.01259709939, -4.88089688273, -1.68454554285e-13
-0.499695060511, -4.01259708569, -4.88089689072, 0.0
-0.499695080335, -4.01259708585, -4.88089688777, 0.0
-0.499695073071, -4.01259698107, -4.88089691292, -3.03215865533e-12
-0.499695058674, -4.01259707456, -4.88089688657, 0.0
-0.499695033014, -4.01259708795, -4.88089685053, -5.0536193222e-13
-0.499695060512, -4.01259708569, -4.88089689072, 0.0
-0.499694846414, -4.01259707936, -4.88089688833, -1.21285537968e-11
-0.499695075717, -4.01259702505, -4.88089682716, -1.51607522948e-12
-0.499695068381, -4.01259706935, -4.88089688098, 0.0
-0.49969507056, -4.01259709107, -4.88089686636, 0.0
-0.499695048289, -4.0125971233, -4.88089699976, -4.21135555761e-12
-0.499695023474, -4.01259708097, -4.88089687971, -5.05362094332e-13
-0.499695057038, -4.01259704406, -4.88089688011, -5.05361401202e-13
-0.499695065717, -4.01259707808, -4.88089717501, -2.24042149845e-11
-0.499695070544, -4.01259709087, -4.88089686702, 0.0
-0.499695065236, -4.01259708629, -4.880896891, 0.0
-0.499695066436, -4.01259708127, -4.88089687736, 0.0
-0.499695058275, -4.01259707528, -4.88089688016, 0.0
-0.499695066995, -4.01259707653, -4.88089687603, 0.0
-2374.12269925, -2066.86042208, 2536.12499678, -6.26402841063e+23
-3279.70288841, 4703.62582173, 1287.07434762, -1.79096292693e+25
4339.36837222, -972.135180412, -3203.77997085, -4.30709858839e+25
1620.61306975, -4888.2259734, -929.826070697, -1.58726180292e+25
505.843688846, 119.43084574, 849.556249827, -3.64928158993e+19
-3113.38512563, -1597.85095105, -1962.0459233, -3.82734467807e+24
-483.03989356, -193.086837469, 5710.87770017, -3.31523588829e+25
-675.790830464, 5511.38939418, 143.192532618, -5.13044155516e+25
5504.11951472, 2051.70170486, -782.894929228, -3.33830381655e+25
2120.86399436, -3495.7946817, 2997.85015708, -1.10937417338e+25
-285.966715342, -1373.64783478, 2809.40126082, -7.10587289208e+22
881.262511921, -1949.68655104, 4188.98417508, -1.50105553314e+24
1958.71427179, -761.122565075, 3649.99768379, -2.26547789784e+24
4432.30150765, 1299.42584042, 282.09039626, -7.71461342576e+24
-3550.91545486, -3573.97575101, 973.123135244, -6.58601680469e+24
2163.07716967, -2992.6809758, 4243.78245325, -1.25896375493e+25
5572.67469928, -806.986382026, 2438.34165611, -8.59093709104e+25
690.561084897, 2851.06319082, 2875.66959197, -4.64880749214e+23
-6730.98434793, 1759.94016608, -1881.64568407, -1.68040412122e+26
3547.29131486, -1898.05141926, 206.135597806, -4.08054159018e+23
-2977.45854096, -1720.49906431, 568.879231219, -3.82300414454e+23
72.7408008237, 1268.83658678, -2240.24972449, -1.31628658494e+22
-2600.03333348, -728.817646264, 2213.42045756, -6.6655896377e+23
-3835.19307441, 2859.73087662, 3506.75403626, -6.8627562094e+25
3106.74983268, -3065.25812279, 5488.06710155, -7.55294702707e+25
2413.77540054, -4056.49999823, 5575.01186938, -1.01207479655e+26
4264.47423137, -293.956278677, -2776.74840199, -1.93423335865e+25
2628.40037329, -189.130492851, -3599.98728861, -1.07473515432e+25
1785.24481663, -979.717098268, 434.250055608, -3.26039657275e+21
-4756.60893246, -1403.12519748, -52.0976203165, -1.1875377333e+25
1387.62362661, -53.7585764106, -604.010451773, -7.18475221913e+20
-1141.12424322, 1742.48154411, 3137.99362537, -1.95838417207e+24
-2926.98369931, -191.351671738, -407.201161711, -2.15083226125e+23
589.879236921, -2055.21512557, -601.971010254, -1.22371034103e+22
-38.4096774489, -2470.08415755, 424.184003769, -1.15824444446e+23
-1237.45265642, -2428.43515557, -1624.76832251, -8.39964186473e+22
-211.828517909, 5620.79498948, 297.097325408, -5.50214929086e+25
-989.62316373, -1034.72114575, 2408.38641255, -6.2320649717e+22
-326.76577594, -2424.37539263, -4328.80469782, -6.41518669671e+24
-2629.00330267, 5285.5750508, 1671.7241705, -2.99021197245e+25
2715.11769798, 96.9638323894, -2141.27350025, -9.37361832206e+23
-2719.22365276, 3635.96675718, 2768.65299877, -1.30314788227e+25
2918.2614817, -730.344671774, -2256.6351844, -2.22483866949e+24
501.034889892, -4555.39496825, 5068.61680016, -8.89700650727e+25
598.923629657, -2029.87251021, 223.849514596, -2.50696039166e+22
-2219.35716739, -6201.2409632, -833.715838261, -1.04798413671e+26
-1529.55727886, 1213.46260559, -183.748625293, -1.84005648991e+21
348.299542445, -335.758124214, 2455.40072791, -1.97503133536e+22
-4902.55335799, 3082.23075047, -2921.54767184, -5.2493465997e+25
322.074642349, 3363.60374628, 5633.52469861, -5.93848463145e+25
2004.16222188, -1029.33919928, -2258.66325781, -7.3081419775e+23
-2207.84357385, 6517.04780609, 3949.93066014, -1.54029208699e+26
3104.63559419, 2308.83072675, -6109.57862982, -1.6843570456e+26
-92.3992042389, -5586.61512126, 3016.36810697, -1.56765480538e+26
1924.21866772, -1947.01461325, 5519.25788181, -2.01584909914e+25
1.42481648575, -138.516544497, 4264.50257044, -2.45829107454e+24
4536.95768798, -1590.57856303, -695.549249928, -2.98429539857e+24
-2550.15723454, 1540.18796859, 317.945914886, -4.1572311185e+22
4675.34324867, 5759.90835469, -1091.54810539, -1.67414854521e+26
2943.02967262, 1135.58259796, 1878.32535538, -2.13152230224e+24
-1460.57810866, -143.129436328, 1994.31801451, -8.15388674897e+22
52.1874637378, 2201.45234497, -2961.62650297, -3.83321733173e+23
4638.83306174, 6553.86777759, 5101.56637634, -9.59188415868e+26
2701.07591724, -1735.14180946, 1090.46878488, -2.1331875259e+23
-2876.08006227, 3342.05582572, 1753.03526344, -3.41428637289e+24
3454.85823647, -1721.13785015, 1890.28190587, -2.34528517846e+24
-2314.15111515, -843.190130806, -497.248572707, -7.70383249771e+22
3227.77578784, -1113.09250089, 86.3830200333, -1.60576830041e+23
5371.64147043, -383.032737704, 2718.15755254, -9.29272915014e+25
3015.19763853, 289.281648678, 5951.52262181, -1.1889855485e+26
1731.91612421, 208.148483319, 1208.23336301, -2.80071402302e+22
-1688.0484058, 2345.9414961, -2023.25790207, -5.52093004493e+23
-5904.32951354, 3961.99926382, -6204.52952583, -1.26281669046e+27
-5948.50685757, 2376.09133315, -870.672452125, -3.0243366644e+25
1343.29443077, 678.232998218, 634.562668766, -2.76743565059e+21
-1078.14733727, -3117.45673665, 4075.10676774, -5.78204368182e+24
-374.030649806, 5591.02983133, 2275.79895024, -2.64717934156e+25
-745.515448234, 2350.04533907, -2289.32243332, -4.17154244631e+23
1870.25977355, 1816.40787064, -4754.5845123, -1.40257428145e+25
-1023.82308663, -1185.32034325, -1234.70406348, -5.2679403594e+21
3495.73089368, 4767.64853015, 1327.13176378, -2.98219957335e+25
1352.67705953, 2812.18155035, -5386.57841321, -2.04245647762e+25
-3494.03419891, -4349.90113387, -4869.71715383, -1.6707736864e+26
-2340.02835838, -5154.76218115, 4015.48886154, -1.13979058211e+26
1229.380802, 2819.15502644, 5178.72805166, -2.42413586076e+25
-4482.7158046, 1462.44147874, -5444.44214413, -2.51652617327e+26
-590.519701484, 2718.16617471, -2131.28919218, -8.78412196878e+23
2735.70895973, 211.994504654, -472.875041785, -6.56801062234e+22
4343.26439454, -1442.86072092, 2252.5802339, -1.37085755273e+25
4911.15065807, 3032.11748729, 2455.55143756, -1.14214708682e+26
4368.47868597, -2793.83249382, -2393.56519852, -2.95619321464e+25
-3765.74447306, 5277.39245385, 422.315286443, -5.72048014164e+25
2175.66768284, -2379.29662916, -3277.5171239, -9.56500762692e+24
6331.85681571, -4101.89494849, -27.7117883361, -5.876216207e+25
-3400.78368967, 1345.31383262, 3158.64521814, -1.88096156313e+25
5448.63730545, 2017.41265592, -4473.88233382, -1.92046883248e+26
-6303.97141851, 1234.71715528, 4998.92192998, -1.08134454831e+27
2723.83889028, -127.788871426, 5720.11761075, -6.83782610538e+25
-680.908484355, 2741.41905926, -3934.00569385, -3.12740846722e+24
1882.08675111, 1579.41569755, 4491.90492336, -1.08018959429e+25
-4279.5654777, -199.862478914, -1667.38057943, -1.11032208347e+25
-4651.44961097, -3390.63288236, -1694.06846961, -6.1868881714e+25
5357.15615896, 2652.4946078, 4226.60912877, -4.75334603245e+26
-2272.29893267, 2099.28318569, 4458.27348955, -4.78554431685e+25
-477.708023292, -2182.01079935, 85.6581210772, -3.23990546454e+22
-855.992238771, -2065.52504957, -1749.73122395, -2.52356805772e+22
-2949.58499056, 3564.04180872, 5154.4704513, -2.53754429427e+26
3687.25623736, 4671.34458232, -6671.07471347, -3.74136384949e+26
-4983.22702982, -1239.57476367, 98.5200365274, -1.43060167182e+25
6219.83917422, 611.508566309, -130.925857163, -5.91565613602e+25
-1970.86072286, -2277.96220872, 1091.64398989, -1.39254850598e+23
-3457.29792621, 1500.95963378, 793.407323133, -5.40346197285e+23
-2313.88755738, 2586.69960176, 826.291779504, -2.65945322084e+23
247.165841444, 5995.14087188, -3497.37919418, -2.96054028646e+26
5639.08877588, -1721.32968909, -2848.72670469, -1.11772438653e+26
265.281150741, -43.0108002612, 149.044469158, -3.71122745045e+15
1345.78546915, -2024.9780262, 3920.66514951, -1.67612187685e+24
-288.030746686, -572.243539407, 1465.70634329, -5.32617284304e+20
211.487084486, 810.084900927, -4317.61730719, -2.30646934601e+24
3641.74321707, 1761.33990831, -4996.46256322, -8.48883278916e+25
-1110.42480784, -5208.27477252, 157.273056781, -3.36290762377e+25
2587.13562163, -242.470922893, 804.327862455, -1.16607287634e+23
4235.42202024, -4895.80591105, 585.699060514, -5.6063494924e+25
-1978.73322655, -738.423525878, -1297.48133234, -9.31603288151e+22
2941.97704887, 1056.70596269, 580.819350894, -4.92034397883e+23
-459.349195957, 51.6816435345, -2161.96785005, -8.78924796384e+21
-5291.69193897, -3015.20295833, -4655.33382874, -6.18438781222e+26
-2171.09231613, 2503.83713371, 6144.35799591, -3.27331229799e+26
-5996.05830221, 1077.73271238, -2217.89387083, -1.10604152664e+26
736.194464235, 1734.83820115, -1760.62865498, -2.88161316769e+22
2226.29221115, -4771.64545149, 1355.40319899, -3.84648501981e+25
28.4425791796, -397.291675273, -1262.99113754, -2.77480713663e+20
-4379.62398292, 1971.08316588, 337.329812069, -1.91824821555e+24
-1431.02215047, -1063.48634721, 2319.72460909, -1.02519915216e+23
5947.97232478, -2173.29310079, -3919.22050566, -4.28954538744e+26
-3630.32921774, 4797.19649237, 1893.70394684, -2.78054619826e+25
5251.27659678, -6381.14879571, 1709.78073254, -5.86824828821e+26
5344.36679471, 2247.23787781, -3172.77822614, -5.16250435002e+25
164.083345923, 3791.41787165, 5792.57565398, -8.73502984245e+25
5064.69237012, 2800.63808783, -230.377490308, -3.2259287774e+25
14.7484273537, 1220.88002286, 2525.15135028, -9.1766253998e+22
-2790.83072094, 1408.52275189, 3899.4882067, -2.89485854372e+25
1602.6136312, -1375.95685146, 380.538413932, -5.01704555154e+21
-5227.27730587, 1710.24071735, -3332.11268692, -1.00685344217e+26
6368.3140696, 3958.43381656, -5008.61084953, -4.6437061652e+26
2090.83086343, 1286.74952239, -968.479403697, -2.28556719632e+22
-1470.7912597, 335.548415512, 4607.56128065, -1.71437164457e+25
-498.179425638, 342.029244098, 697.303989083, -3.55766466226e+19
563.273931597, -1035.28426566, -991.361484457, -7.39119740856e+20
-75.7246268617, 4693.75603401, 1552.70809497, -7.39223773834e+24
-720.550952993, 783.046875159, 1600.8878344, -1.10761380304e+22
-3531.0423565, 2016.74499588, 4736.58431488, -1.64651355473e+26
3980.62585681, 2037.38122734, -4333.47921149, -4.88700860585e+25
-4938.33951591, -1038.00144894, 293.904593817, -1.10892709819e+25
-2473.3354907, 2305.53123234, -6072.95605007, -5.97484302534e+25
2551.90355571, 3626.31466924, -849.08512549, -3.42166653397e+24
2718.86873451, 15.2974784076, 825.187115737, -1.97024166568e+23
-244.221160298, -2146.69894759, -1772.01390564, -1.75027401214e+22
2597.05646946, 1628.93840662, -4885.18212873, -3.30346200073e+25
3528.18720676, -2468.7737857, 281.61139511, -7.79254309806e+23
1658.7678491, -356.436211502, 1109.12003779, -1.28426657833e+22
2277.56384681, 490.19385243, 3988.25332028, -7.38939454863e+24
3693.42431353, 51.4571370898, -3786.47277266, -3.52822950146e+25
648.853705833, 3675.14230096, -2433.41077198, -6.47315666661e+24
622.858489924, -4494.11950141, -920.621729253, -6.9678440133e+24
1147.57688707, 4253.30559393, -1602.34574866, -1.2461674592e+25
-2238.28912181, -2451.24715716, -191.824498166, -2.7585462648e+23
373.504501691, 1967.79563575, 110.915750037, -1.19269688568e+22
-3727.64649149, -438.004904707, 1726.01051802, -1.89808866254e+24
-1443.78700566, -922.741105922, -1763.03685272, -5.58792394075e+22
-48.6698822916, -1695.71789088, 2405.42686957, -5.50329017132e+22
-1488.72429843, 2840.27539004, 2249.32314533, -9.45026296686e+23
-1020.33560706, -3875.77448674, -2385.67488341, -1.26077764694e+24
866.295867566, 1118.45114856, 2789.84050235, -1.64523864814e+23
-154.857917261, -6708.05396771, -3151.7340318, -9.96702795179e+25
5322.97759183, -3401.68878357, 2444.42860873, -6.00751527645e+25
-481.048664588, -5143.85508123, 88.4407096188, -2.99732533419e+25
-148.039537924, -4131.23012181, 1767.58727156, -1.13597175713e+25
4501.4417729, 5636.46009266, -6197.55669473, -5.88675043667e+26
-2447.26690778, 814.34900899, -1913.47616409, -4.15746098791e+23
3255.85133963, -4785.09143476, 2216.70585266, -7.08158492603e+25
3572.74069681, 4577.43594191, 2588.11942806, -4.52930745827e+25
529.415886368, -1028.77766392, -1051.16584777, -8.80146519766e+20
-2276.98226203, -4737.7187209, -534.644268013, -1.40619652034e+25
138.81828602, 4478.00287061, -568.709149745, -1.24385499395e+25
-136.907997118, 3274.86419629, -5669.26428596, -2.31336296726e+25
-1863.63184913, 441.311151347, -174.037211659, -2.75114646179e+21
-1094.73958454, 2328.47283101, -6560.60716515, -4.05048591591e+25
3108.66946317, 1852.14664697, -2941.63589245, -3.19720549389e+24
872.770142892, -3510.9261907, 2079.04516842, -4.88759222273e+24
609.092852143, 4148.28312676, 4156.81092439, -9.15188393529e+24
5905.8560238, 1178.4084697, -3664.42163551, -1.57801862591e+26
-426.858064501, -844.874585262, -645.943964851, -2.32460061197e+19
5258.80766218, 1919.77730346, -2062.96407303, -2.27888619306e+25
-15.5838930097, 4374.96402838, 74.8705070879, -7.88017047399e+24
3620.59943408, 1349.11818917, 1837.86497089, -7.11499160315e+24
-8.44726726027, 375.472976665, 1967.83926721, -7.79215260724e+21
-2344.9245333, -222.753507438, 959.591734015, -3.63660926883e+22
865.92279866, 6174.10470851, -1775.96991333, -2.13336426544e+26
-2577.96585681, 6923.23673713, 1524.06574891, -2.53175536364e+26
3784.87538409, -2521.76068357, -2578.92313524, -1.91850458274e+25
553.279873302, 3240.30558244, -1236.54104755, -1.4482195402e+24
-1963.9624204, 100.221670533, -3635.04388083, -2.58654387296e+24
982.187627087, 270.387488304, -2142.30110689, -4.61939236927e+22
-1061.62218223, -1674.91147201, -5405.96030224, -2.26075955736e+25
3489.08328283, 910.065456654, -4720.94353055, -6.97993032639e+25
3794.33043371, 3607.07335012, 3706.5869081, -8.40569210409e+25
-771.295628313, 4613.68915081, 491.572359242, -1.07328825744e+25
-3699.77727938, 3737.09884509, 1155.11722493, -6.70868681747e+24
1432.65786592, 4985.72199788, 256.488317207, -2.06169892742e+25
-2051.0490476, 3320.32393578, -2357.82378539, -5.69428118043e+24
3312.38495987, -2570.06759323, 1698.33685162, -2.45999647511e+24
-1108.68441937, -3707.69354776, -2609.7151587, -1.08767048617e+24
2425.13704135, 538.711281346, -1719.57544192, -1.98526221065e+23
-467.247620792, -1935.67692112, -4544.90256383, -7.1974506855e+24
1671.48800011, -4235.81402805, 3279.12002335, -3.45921347084e+25
2070.17490492, 3727.4668069, -4152.60485033, -1.70720695845e+25
-1945.80534394, -836.267072575, 91.6783805724, -1.12612844586e+22
2892.13506338, -344.344474897, 1793.45735661, -9.86905950873e+23
-4775.01429078, 213.926744504, -2734.93183917, -4.88416285454e+25
3807.71496403, -6545.41123117, 2925.29060825, -7.47142205928e+26
-3362.19166071, 5532.21764266, 6671.49483816, -1.91097675229e+27
2515.97350735, 611.10480532, -1073.84075365, -6.61604328135e+22
-3990.23844125, -4300.94065275, 1142.54706633, -2.31938976752e+25
4661.2787019, 6011.62320212, -3167.09806786, -3.02949440455e+26
-2238.73475657, 1528.60488383, -1732.23579856, -2.09092665136e+23
1051.29457424, 2162.92361597, 3157.25918295, -6.94864763283e+23
2780.07280359, -3756.17889546, 2591.97235187, -1.72300202714e+25
1038.69761216, -3517.55458996, 3067.35557554, -8.49946276267e+24
4773.79140584, -620.240311524, 200.834590433, -5.21396714152e+24
-245.44734333, -4365.97471102, 6341.13428642, -1.14309544193e+26
12.61695153, 733.04859688, -497.415760006, -1.79455852713e+19
516.628013046, -705.973549978, -120.032892649, -5.14868003337e+18
1870.78890089, 5768.82184081, 1761.21367415, -4.3535264732e+25
-5670.13886949, 2834.79279222, -1173.182431, -2.72689708631e+25
-3205.52450162, -1163.70372249, 365.289340349, -4.53023993108e+23
-3601.40233871, -2004.94429995, 5009.37217044, -7.83037654478e+25
4328.07071427, 2224.07186451, -5731.020396, -2.6898814461e+26
-5379.9644873, 5103.85888795, -1627.87241067, -1.60517382468e+26
-2525.65032051, 739.898832604, 2499.52337577, -2.03530109403e+24
-493.552874439, -3738.90350397, 3442.85676887, -1.16629701207e+25
2243.58669151, 462.812933618, 3126.69222548, -2.36320898208e+24
2689.7972476, -136.015285726, -2324.82064296, -1.41390296457e+24
-4852.63965078, -833.45388109, 3540.58474549, -6.00797605486e+25
132.544958736, 6527.88295333, -1983.7143039, -3.55175606791e+26
878.367155628, 2808.97701458, 5190.72079141, -2.40003328978e+25
-2018.22142152, 1112.7400603, 2611.86486485, -1.5430906678e+24
-1614.5769355, 676.791533378, -1939.05850227, -6.54186365905e+22
-2798.07890954, -422.17950037, -232.463919502, -1.49853839702e+23
215.748807657, -2714.86127204, -1086.09658786, -8.26514786272e+22
-3002.01809509, -483.937373795, 4235.56956345, -2.91467420217e+25
-1619.5865369, -2978.81535132, 1921.31995367, -1.1441809105e+24
4954.01933561, -2527.65960538, 3001.86037489, -5.39680915719e+25
2488.53647988, 4534.54555143, 4400.73282476, -4.24208800302e+25
215.444706971, 917.961379945, -645.906614546, -1.04538592658e+20
-3560.85413121, -443.329392305, 191.342980818, -6.73070469562e+23
-526.399069731, -53.7600451017, -5639.97746609, -1.98267705381e+25
-1296.83403173, 1862.4088415, 2464.64153578, -6.48269102448e+23
-3731.31204891, 5945.17483183, -2482.22921525, -3.47655948111e+26
-2380.76896293, -570.037843558, 700.492290256, -2.96078558736e+22
-4072.82204735, -3899.08716786, 1892.58767144, -1.61757304462e+25
4560.3220424, 1065.61698915, -1211.74697252, -5.19121477736e+24
-5070.11970882, -6230.19501379, 1708.07632505, -3.31184697684e+26
5260.92065534, -5071.30991849, -2691.95725247, -1.89854836373e+26
-2553.47139076, -1780.34237637, -1729.12215918, -1.14434283279e+24
277.649516293, -14.0327028649, 759.710225075, -3.76606247271e+18
3891.38811329, 1709.66535659, -337.156884877, -2.71346309171e+24
-952.088497821, -2231.95066383, -4170.81012575, -4.12333345305e+24
-2809.67839396, -730.749795485, 2816.21169604, -2.66248308289e+24
-1763.71895666, -3000.06918287, 4372.26172456, -8.4016362723e+24
-1662.73270853, -850.997092349, -1178.83073833, -3.24400822324e+22
-2952.6063157, 1584.37142944, 1039.5452098, -3.66910865059e+23
3238.95050988, 1008.16932554, 537.215225043, -8.7607389038e+23
-3149.17956943, -2552.64967377, -1383.41305989, -3.8194396483e+24
-721.450465798, 255.788372652, -944.93923753, -1.52345941749e+20
2433.11463001, -3453.63346521, -194.721897164, -1.95617750112e+24
-1040.71639044, -404.756605861, -1140.93781072, -2.31669774418e+21
3509.64335446, 1924.04773302, -24.0539087508, -1.83497185088e+24
1503.75059075, -3283.63542722, -3836.86933962, -1.63606794878e+25
-4546.02854116, 5748.2947109, 1927.4227361, -1.18052770865e+26
-1763.28453681, 1798.35128669, -1139.24083748, -6.52431153838e+22
812.203853094, -3112.56608192, 3549.26681677, -4.97659580425e+24
-1450.03859508, 2989.75765515, 1458.63209617, -3.34999736003e+23
2600.1616608, 883.92938941, -6246.88612863, -2.0012382146e+26
-599.608675823, 3790.69512904, 1729.26646956, -1.1788521754e+24
686.61413809, 224.491674254, 2090.50247989, -1.19590548918e+22
-4526.86951459, 2589.91202414, -2018.65309469, -1.39257331553e+25
-2242.82902334, 596.067313332, 362.24225755, -1.03433185365e+22
4516.57451667, 4581.64212472, 1167.70877265, -7.28060240355e+25
5506.5887328, 2980.98111884, -82.1022701432, -6.51666170726e+25
6032.94947975, -1425.23947158, -3164.9628699, -1.94214813341e+26
1961.60034753, -3122.59174418, -529.400155484, -6.46495240462e+23
-4242.74735942, 5682.33170227, -4501.57776703, -5.90487880998e+26
1322.21355839, -1473.99415773, 1141.34888842, -1.4959980701e+22
-3607.63705673, -468.771679027, -847.830387145, -1.8234657391e+24
-1953.74606063, -2083.42784308, -2098.5362651, -6.05321792757e+23
-2120.68362132, 1590.6343666, 3684.02178273, -1.24152975076e+25
1225.24000451, -1476.3274464, 650.326347608, -6.77691320568e+21
352.12949995, 3718.82211149, 285.615478386, -1.87205853414e+24
2078.48661526, -205.538658314, -5538.31823401, -8.66513937839e+25
-3991.44090505, 4011.3483325, 1905.31510349, -1.99004431176e+25
537.906873981, -1104.7682909, 51.2125575918, -1.98658999673e+20
-1085.07573175, -1336.86854669, 1151.54697051, -3.29986339012e+21
-4500.74932645, -3887.89452638, -2937.64257063, -1.24810831002e+26
-141.892825892, 5185.69838844, 2014.3543163, -1.47601438503e+25
-1192.41356596, -4066.3757217, -3165.8655482, -2.78005963663e+24
50.005467498, 3986.73676818, 1043.98718623, -2.28498961082e+24
-3452.9921145, 256.581567673, 2609.0291832, -6.19975128628e+24
-6040.88958313, -4227.8594432, 922.810023285, -1.63879351868e+26
1722.74083922, -8.86468821803, -674.782054001, -3.10643428461e+21
-5779.49966371, -3246.18980496, 4680.91979069, -2.42725835652e+26
-1169.18241227, 2952.02949514, -2265.0509002, -1.92443810403e+24
-3573.36767838, -369.687014698, 3485.32521535, -1.93185643427e+25
2546.27091046, -2353.36447258, -4755.18248548, -9.02898793165e+25
3223.41300226, 6071.27694585, 1323.15440194, -1.00169878814e+26
-2225.93117141, -419.228630268, 4719.03539668, -2.89002447111e+25
3760.59481566, -6376.45035393, -1614.58375822, -1.65661418028e+26
2926.26491304, 1697.89280427, 2263.23515655, -3.9360867154e+24
-1259.3622504, 752.165521065, -2124.01150897, -3.80687478904e+22
-2877.94764109, 823.557336297, 3690.36918837, -1.95110724172e+25
2003.18739676, 4112.67029641, 3.4734395511, -5.33913530415e+24
1337.7741629, 5912.84849554, -6659.08370702, -6.45647005051e+26
-2561.32649054, 527.291798017, -3188.34875212, -3.36491986215e+24
1461.64593257, 3207.15357614, -2045.09213538, -2.02242600368e+24
-4593.01669375, 1495.42351613, 2792.57452227, -3.90566797415e+25
-2502.16208908, -23.3200652801, 2111.74991883, -6.6206991268e+23
190.381830713, 275.382280713, -29.6276899373, -3.28494817574e+15
1598.55408722, 684.610414215, -376.428087308, -1.71889765854e+21
-400.858717816, -3922.30482956, -1555.09537677, -1.52840100699e+24
2835.37201318, 2318.65681954, 1839.77398081, -2.86422778369e+24
1360.48971082, 4281.41361106, 1640.20281304, -3.55785878515e+24
-2897.70937358, -2677.16343765, 814.486186212, -9.04647952557e+23
4937.3588052, -3452.32291396, -2812.2318041, -9.59752630642e+25
3942.67824024, -4239.3541759, 2976.7230241, -6.4420233797e+25
-3447.40282215, -2292.56625827, 2997.02608747, -4.92866018496e+24
-4166.40948792, -2810.3475944, -4590.51982402, -1.95420486414e+26
229.623674071, 1978.61001158, 6093.00238243, -7.33247291692e+25
1924.09051914, -6011.89066576, -1105.64742661, -8.3415951341e+25
3097.68372904, -2296.52256469, -876.954778204, -5.82208588285e+23
-3355.48217034, 1063.13779132, 24.2785585869, -2.11334955086e+23
-4568.97940873, 3298.53555813, 3594.88596617, -1.52713894835e+26
-929.650987211, 4788.48731645, -425.309515949, -2.17945908981e+25
-3247.78489277, -2213.98621425, 6529.85158967, -2.91758323484e+26
2075.40149825, 2983.10569355, -2737.93102216, -2.04332620573e+24
3620.67228095, 1459.32995626, 1258.82901284, -4.44933326683e+24
-1560.23545813, 115.92087047, -2735.17658319, -3.10730512347e+23
-1420.51198192, 1476.25926357, -608.358051569, -8.16862281725e+21
-1928.06189747, -102.035247096, 1095.23739465, -1.81221641396e+22
1195.00651695, -2962.182631, 2371.84044834, -2.09021150653e+24
3321.41041829, 4270.43799294, 3254.67362027, -4.31314838141e+25
3334.26812698, -4631.72705831, -1608.88422355, -1.72819212005e+25
-209.543468208, -2179.81128294, 96.2572608072, -3.27330693787e+22
4556.38513311, 3861.43356383, 2193.35100429, -8.65329966712e+25
-1136.64865263, -1161.98895309, -4310.95756992, -3.84388297229e+24
-1389.86172663, 5049.06275606, -4426.09416882, -1.53038623448e+26
-147.95686937, -4684.45734112, 2044.42343262, -3.15934006929e+25
-1749.64725998, -3423.71657606, -283.115788519, -1.13167715765e+24
1988.80317467, -2451.09274106, 1810.98112881, -6.98505272166e+23
-2671.5714097, -4024.57094407, 3973.68433202, -2.54362174961e+25
559.216676739, -6873.64648237, 211.659406624, -3.28997627784e+26
-2089.59277736, 76.3849159423, -4359.1049561, -7.92391806677e+24
-3410.80097752, -837.85345754, 3317.72672554, -1.10946288224e+25
-4048.03507215, -3724.44437488, -2769.68276933, -6.28520010635e+25
6518.12044352, -5033.25996099, -2865.52763413, -5.12742773188e+26
3305.29561337, 5385.48289735, -3298.29652562, -1.26818511647e+26
-2622.8066124, -1480.35212476, 3157.81786048, -2.77474139798e+24
310.520048491, 1724.35086051, -3465.89659487, -3.68031135045e+23
3317.5833639, 2451.27867325, 2251.48328633, -9.82424746897e+24
5404.16304423, -2971.43792535, -1975.58288493, -5.16035026709e+25
-642.465996193, 3458.85409124, 1249.23975796, -6.56111820124e+23
-2033.87154736, -4378.27009179, 1529.01808893, -1.51274130923e+25
5071.34740821, 335.013251715, 1707.00263047, -3.61987985525e+25
-4898.9559068, 2302.29268637, -3826.48923858, -1.00858176308e+26
5186.36558497, 4725.38784291, 1396.19329486, -1.73876684047e+26
2534.43394241, -705.270489902, 987.423913383, -1.09105304204e+23
-416.718148998, 2931.77704309, -1931.37396886, -1.22220508768e+24
-1828.80899314, 2148.14021353, -422.933878837, -8.90204907586e+22
-2031.90405889, -4733.4619694, -873.337926489, -1.19039367403e+25
223.724361391, -664.474704107, -2519.27257853, -8.00300805911e+22
2836.30534512, 2423.40654344, 2703.16246808, -6.94884578991e+24
-3061.45434942, 1924.85617153, -2056.99426519, -1.63056241799e+24
-5990.75085131, -1266.53119975, -3133.48991273, -3.38878727055e+26
-5953.88262616, -2025.01344048, 644.556285277, -6.13172087126e+25
-3347.68162765, 5617.53726849, 1809.46098637, -5.87755213239e+25
-2355.68395403, -2468.40022012, -4829.57529059, -3.20991333493e+25
2216.79185672, -519.006735031, 992.268100001, -5.06632107411e+22
-271.571831449, -1537.87284096, 3764.93360322, -6.41246397611e+23
2990.60499079, 3168.38277011, 2748.76318426, -1.21448618142e+25
3098.17225681, 4972.95962648, -3733.79290916, -8.47735937049e+25
1594.93578223, -3139.24087533, 5091.22165776, -1.92564732062e+25
-3910.78773995, 2131.97522132, 5857.19796784, -6.37681180141e+26
1420.27377849, 5107.1715445, 1077.07381916, -1.86894699311e+25
941.894588309, -11.1254668483, -1748.20466243, -1.52125750283e+22
-1738.95421349, 4393.13297207, 853.442501548, -7.16342490891e+24
-3054.4953503, 2054.85422512, 4139.27120549, -5.96010825704e+25
457.554835211, 1454.58087486, -1660.05706937, -8.92845264694e+21
3399.57615999, 2036.1670801, -356.51922897, -1.33911677021e+24
158.877912101, -2023.90622389, -6134.15574145, -9.15698336407e+25
3330.09819104, 2652.30189227, -2201.18976792, -2.10885263471e+24
-1127.49412539, 2181.2221058, 937.949806033, -2.66827246747e+22
3672.94931114, -5680.32587193, 1029.32186209, -1.54410031892e+26
-4209.12506508, 1858.36343547, 822.710014984, -2.20107656813e+24
-3753.50256975, -1844.5888737, 4638.84253321, -6.04177229377e+25
3512.83370893, -625.492429832, 1679.39712729, -2.4448582484e+24
3085.38842024, 6019.94609791, 1347.12404791, -8.94440216656e+25
126.390182814, -2845.91221259, -1066.63635963, -1.2433561557e+23
628.381145739, 340.44736033, 1007.5631417, -1.98505059392e+20
4866.13710111, 278.003723207, 4138.4002995, -1.78201352878e+26
-4685.34934764, 305.523424118, 5348.97598626, -4.31457065552e+26
110.105285591, 2814.74500505, -4087.37732988, -3.42255253693e+24
1787.77965236, -1430.15084287, -3421.02530233, -5.56996042513e+24
5721.36475687, 1855.66204578, 1749.37401189, -1.31954367513e+26
-4209.25226518, 1893.50962569, 2516.17105478, -2.1798138154e+25
1412.16646592, -4766.39188709, -4024.6793696, -3.52794227787e+25
-3404.26359158, -1106.8860499, 2907.25964862, -5.53208792949e+24
-919.325706063, 1184.17237859, -2715.72015939, -7.07621464813e+22
-391.48619649, 2505.70735291, -4891.50784436, -5.12575387697e+24
292.198473875, 5647.13067338, 4785.21589399, -5.03955148011e+25
-5229.56071672, 4205.47578239, 2861.38795876, -1.58405839967e+26
3893.71977603, 1318.80412483, 1365.29761572, -7.19863419455e+24
4169.2000788, 1209.08932331, 509.280172246, -5.5445846159e+24
-4669.63258037, 388.305024903, 3233.08305073, -5.04901373177e+25
-4860.82811456, 476.17029495, -820.957708003, -1.00831721095e+25
106.154980223, 1952.11399134, 338.156369302, -8.98869681072e+21
-4554.4109377, 3543.33362773, 4619.74546439, -4.30128336559e+26
5112.00166599, 604.723863418, 2808.34640187, -9.31045996006e+25
-165.613368392, -2652.9552502, 2743.02294483, -9.34661283041e+23
555.292147406, 1153.1767836, 1196.15023569, -7.24787311059e+20
-2177.82699903, 344.892203743, -5257.23326009, -2.3591108045e+25
-1910.58061259, 216.020437908, -2826.96193023, -7.0380439838e+23
-3106.26766891, 2586.64305081, 3603.26311085, -3.81459895883e+25
-596.644211804, 4074.42252879, 2885.62295973, -3.05413499658e+24
-212.994064951, 1505.78042921, -3433.05903881, -2.37959975437e+23
-407.197583648, -2072.18575698, -5423.49972306, -2.88976586269e+25
1329.51553864, -5203.88776935, -1877.5883129, -1.81046001647e+25
1562.68183825, 1152.68098346, -950.376213913, -3.77076712393e+21
3726.39226884, -4426.4217379, -810.159548849, -1.55850360152e+25
694.183033297, -2026.87800218, 1539.17665199, -8.7778473446e+22
300.545954439, 1595.8070821, -208.635562721, -3.17295551734e+21
5966.28936923, 900.898876177, -4535.68453088, -3.79292622738e+26
-326.170320725, -2662.90114025, -1215.00895994, -6.23810868895e+22
-1845.84747054, -936.836461772, 1152.22323023, -1.15415739347e+22
2332.07720061, 818.140342481, -396.098670289, -3.16216871338e+22
-2865.47277599, 2776.64356267, 3970.82248549, -5.19140336471e+25
-593.052623874, 623.848787442, -2545.22489385, -2.53529608612e+22
-197.163809782, -28.0967116641, 396.670612231, -8.47215800293e+16
4860.55872753, -1667.01943489, 316.491803431, -4.6712478976e+24
-329.646645087, 3680.08268322, -908.830614989, -3.41566075308e+24
214.292992025, -2100.81585982, -332.290889625, -1.71652807835e+22
-740.517754152, 4950.09805209, -2677.49891501, -6.54461906119e+25
2490.78460144, 5126.90165586, 244.251770835, -2.90855099535e+25
4777.49538361, 1362.67016946, -1683.85147343, -9.08067749622e+24
2171.25336366, 5574.10397804, 4112.19776561, -4.33306231129e+25
3585.44635102, 1839.58420464, -831.167338073, -1.35379950158e+24
-414.180053534, -1020.60085817, 380.025943094, -1.35127586107e+20
3377.43819805, 3151.44050017, 1399.74902517, -7.91536891054e+24
-2907.02382601, -4934.41962501, 3023.87575494, -6.23648860726e+25
-2098.06496912, 5502.72139376, -2500.74681908, -1.55140250639e+26
922.590113538, -1737.22084293, -472.516137433, -4.43078851405e+21
-770.800444336, -2477.96306498, -2707.34070584, -2.55008351486e+23
-2896.78071007, -208.990832701, -481.69395813, -2.20770961173e+23
-2028.03546685, 408.196018417, -515.026832007, -1.10973036736e+22
5913.34611611, -1734.73873238, -5747.52025199, -1.70274167424e+27
-4621.82182287, 647.886408017, 1340.89769796, -5.50217073648e+24
5328.84663831, -3212.2287934, 1835.62601197, -3.51786964864e+25
2923.88937531, 4684.66460197, 888.823998207, -1.63907144303e+25
-579.381760915, -236.224560437, -133.538853675, -1.36553935497e+18
-3340.52207964, -536.922290872, 1312.91882931, -5.61173499047e+23
3942.27972401, -964.038356111, 3915.6218753, -4.39938646264e+25
-301.317296931, 2462.66893836, 2690.06784529, -4.3407088065e+23
-744.791491274, -596.737434811, -2956.76506646, -1.65312281299e+23
-3308.0852426, -4522.7667878, 1512.60373945, -2.32585210618e+25
952.682875503, 274.539822022, -1880.35215444, -1.90973574452e+22
2675.11386377, -3325.84931636, 3094.40731873, -1.18502616798e+25
-2513.007346, -4220.69837166, -1605.56307603, -6.70462837292e+24
-1775.09462612, -2168.50725216, 1119.08547639, -9.05321515129e+22
-331.030989793, -97.3164038121, -2144.12726087, -8.70310302685e+21
-177.100894351, -5415.01928627, -6.08756979738, -4.41606933734e+25
2360.33710985, 1527.19360001, 6206.49336791, -1.06056018522e+26
1879.54983531, -67.4449586358, -1696.19626297, -9.50206700902e+22
-2382.44223906, 2374.26057676, -2790.83673057, -2.19030398426e+24
-2276.68000181, -2868.70449512, -942.063601616, -7.31365796049e+23
949.756210785, 113.944736436, 2441.05124306, -5.07613419396e+22
2813.96635794, -870.854603596, 3940.44484293, -1.10954312033e+25
-2632.46754598, -62.3681223186, -3774.97798399, -8.59980281828e+24
-1973.10075851, 1827.80821661, -2766.19458743, -7.46069559145e+23
-219.268048427, 5086.8156264, -203.846819628, -2.98371978543e+25
4076.64931326, 2372.99398342, 4441.96807867, -1.46610818378e+26
-2614.76556258, 2240.74455482, 3135.24494352, -1.14331411765e+25
3639.00615729, 1835.74114853, -1188.17618454, -1.40793067482e+24
-3456.91007735, -3170.24520565, 1008.34214919, -3.59412435867e+24
3394.17179929, 1802.02906864, 1315.21144918, -3.72419648221e+24
1861.4084311, -203.176579733, -1190.46880121, -2.53715690827e+22
-5320.56747129, -5950.27150672, 1181.77337979, -2.77257453719e+26
-4398.98153089, -2326.0714525, -4869.81723711, -2.72100520938e+26
-5407.64843291, -493.863527493, 867.007550625, -1.55856867343e+25
-3354.56882713, -6143.49863269, -1198.05880804, -1.15917703144e+26
-4465.56663499, 1293.84156555, 755.002021124, -2.66458626466e+24
-886.5721714, 4707.7319464, 2896.39274277, -7.81120276928e+24
3835.01510577, -1923.65510414, 206.591296273, -7.07054999787e+23
-6418.38939101, 3380.40466733, 4100.81089114, -8.77671914167e+26
-1790.26986113, 1915.35443748, -3443.12610964, -1.46147740253e+24
4801.91194663, -574.860697473, -219.913460883, -4.57766121111e+24
-365.670352452, 917.395385506, -6015.753155, -2.60564355724e+25
-2771.79682528, -4740.75876319, 4590.82758517, -8.58624139643e+25
-3353.05463188, 2989.01228265, -278.590426913, -1.64877677257e+24
-3233.87983663, -2782.83832439, 2375.76563709, -2.40569046321e+24
159.359644652, -5432.55734813, -2321.75595194, -1.99655665266e+25
3728.73628726, -1626.80305391, -389.580734772, -5.65835890227e+23
930.846809956, -1247.69507347, 2462.08651878, -4.56349428959e+22
-1954.47940123, 2680.63224449, 324.631554092, -2.44492976241e+23
1837.36783854, 825.31636714, 3517.71536688, -2.3047224831e+24
-2308.21232493, -808.879960831, 1127.75608748, -4.10650549128e+22
-299.774606597, 1352.28658605, -343.592951725, -1.25280425437e+21
3183.84372382, -3497.84131172, 3433.9624773, -2.46058302807e+25
-450.394329003, -482.707739588, -2992.50477767, -1.53814446352e+23
1424.97172878, -4868.66918252, -4145.19233204, -4.29729511371e+25
3608.58586092, 551.571433317, -6020.21545287, -3.30046986189e+26
-4274.50964214, 5559.80963347, -3735.35268639, -4.03706682618e+26
3714.75803729, 496.705025448, -4808.79443966, -1.03456558474e+26
-4213.67637041, -1593.01001588, 2826.21199083, -1.13385679223e+25
5964.15591944, 433.95521111, 1818.05677086, -1.18684424036e+26
105.851693312, 514.074620265, 3158.45426434, -2.92511090174e+23
4435.79315302, 2875.00946486, -333.271210631, -1.35272836047e+25
2355.4943146, 5020.68355231, -6735.98942867, -3.11641595824e+26
-2324.16508141, -3702.65396632, -1770.23357069, -3.06730998212e+24
-3239.28444739, -2129.44672683, 5034.82185331, -5.85918767731e+25
-1787.44188217, 2431.23039064, -1253.23377618, -3.79597133221e+23
-3793.56285495, -6948.11060344, 1464.45994674, -5.07182083052e+26
2671.29245242, -689.042676307, 812.35887706, -1.15818775306e+23
-1078.26692615, 985.606194518, 5017.94537385, -2.81780146286e+25
-2432.67892357, -5611.83660969, -903.564278854, -4.82386560074e+25
259.78632229, 1186.66521759, 5603.3944354, -3.0166752761e+25
-4347.68106018, -1972.48602759, 1720.92060057, -5.52679080757e+24
-3936.93373062, -5521.39375639, 599.123342922, -8.96988355484e+25
-762.762795786, 2141.94674634, 2447.75679899, -3.5849027381e+23
4382.06199411, 3949.82551987, 4310.72236276, -2.57635593957e+26
-1084.81184644, 618.697756549, 2592.44686689, -3.24051407762e+23
3756.09807617, 1319.03357234, 1068.46521375, -4.46448627634e+24
1995.86215923, -1875.48926997, -6693.14904271, -4.34488404737e+26
2793.68559912, -5086.17607197, -3772.67328249, -8.41605800735e+25
311.153495451, 1486.79986857, -1088.13749071, -5.20735733656e+21
1600.32721857, 1188.14524847, 284.417069675, -8.04970445094e+21
3171.38947148, 810.869293841, -300.588314154, -3.32792105152e+23
-308.006586271, -840.10579609, -3236.58713253, -3.6052110636e+23
-970.183851817, 3253.15750443, 783.424762763, -5.43275640134e+23
-456.986692477, 1926.62645016, -1847.45763243, -7.73894189128e+22
-802.754765568, 1036.22259212, 333.826899723, -1.24509270914e+20
-5360.89455778, 6665.59036538, -827.86054099, -6.15508455593e+26
30.8465005947, -86.9029672833, 5610.599724, -2.23797747334e+25
-2061.0935071, 826.474620682, 29.3428263133, -4.15450445686e+21
-312.654124819, -3753.1681475, -3756.30175196, -4.39251307286e+24
-1232.17037009, -854.479336837, 4378.11650521, -6.26910867246e+24
-3306.29925143, -2107.87454713, -1985.21660172, -6.67048185021e+24
-3694.78372506, 3674.5134737, 4923.42435298, -3.36620294825e+26
-996.893154619, -5126.25848905, 2817.07244681, -7.56713385981e+25
-530.7870122, 4899.66863964, -1866.98594936, -4.38264035418e+25
823.150564599, -3349.75716759, -448.130480012, -8.12561167971e+23
4906.08571858, -2581.46310041, -1707.03865831, -2.0680366757e+25
-5691.09261811, 1657.80144002, -1893.10900384, -5.3853513472e+25
329.502012619, -2950.1588902, -2692.50679164, -6.16683748353e+23
-1863.25428918, 5023.98184099, 5298.77303507, -2.18204190353e+26
3279.26115036, -233.412868343, 393.245841041, -3.77479317731e+23
1235.51458784, 6821.63820283, 4289.67392769, -1.0527323568e+26
1390.37703362, 3408.59991387, 2351.36698512, -8.08137964145e+23
-2695.39670359, -5226.29251508, -4143.04276083, -5.78002248257e+25
-2056.27301514, -1390.27567784, -2978.14296874, -1.84337622259e+24
-912.18377432, 2086.93964602, 4393.92378324, -1.49095894395e+25
-2513.78534676, -123.407040921, -2041.33889901, -7.82398723672e+23
839.42442372, 1454.26857795, 3089.51094948, -3.70486749087e+23
-2542.91743827, 3162.81880511, 2267.34686981, -4.21977463076e+24
-6111.35908912, 1331.24565112, 1843.92755334, -5.86595164939e+25
369.00159398, 2314.9014073, -4874.09159944, -5.24253809643e+24
-493.02711733, -4280.67647429, 957.183177352, -1.01389169394e+25
2878.09095581, -2585.79641967, 6813.08112105, -1.63319967838e+26
-395.639214864, -6437.35487156, -1571.01963438, -1.08284030553e+26
4854.93726856, 299.241240758, -2366.30598213, -1.89535511142e+25
-2053.89168555, 915.189841533, 1195.56628725, -6.38172082836e+22
2298.43999714, -436.073816877, 1203.9331226, -9.83487040225e+22
3171.12973802, -3190.33733586, -474.175043539, -1.63730324973e+24
2268.40962923, -655.169153497, -144.378712492, -9.31049017667e+21
5569.76994211, 2551.3165069, -6361.58011056, -9.70696983428e+26
63.9743963106, -2181.73414514, -2664.77519127, -2.59179350103e+23
-1038.44077339, -4377.00123419, 2576.33984102, -2.26636404394e+25
-1885.03846293, 2861.0452383, 2545.37402625, -2.63229204658e+24
4533.13509572, 1331.83969478, 1287.70018794, -1.80741871555e+25
-881.235503454, 1599.62750232, -4603.96693645, -2.48868260902e+24
3964.54410919, 3386.864172, -3459.70576253, -1.81047580569e+25
880.672740595, 4765.44693163, -656.009990886, -2.02594865413e+25
4220.22555133, 1154.47653704, 742.983620476, -6.9471434976e+24
3157.50801871, -2636.49879736, -1111.76510791, -1.18755462555e+24
-1520.48712021, -251.981647611, 3173.70868934, -1.26517092985e+24
-1413.78084357, 4296.26393498, -2396.29014506, -2.48301924724e+25
-4337.59913773, -1481.40977617, 2485.56925074, -9.18184385772e+24
-5911.55633488, 108.275281289, -5247.75842464, -9.07355178497e+26
2880.43378354, 4305.52080013, -5841.2857034, -1.22847945879e+26
-71.1973201288, 1151.3027714, -4547.30537705, -2.57127688468e+24
1712.34062263, -740.484285886, -2247.50033465, -3.96549407838e+23
-49.9162299062, -2892.53981859, -962.050380977, -1.51354993644e+23
-2439.905929, -5702.42670638, -5280.86278728, -1.25988956876e+26
2348.98864903, -2833.53772584, 742.54497017, -8.80396653183e+23
-1668.2459454, 3382.95816064, 1999.65189219, -1.27886145895e+24
-1244.08508779, -1758.26882719, 679.350537563, -1.25250175262e+22
-1434.96651658, 1457.43125114, 2989.08870949, -1.80575379146e+24
2132.88291352, 3501.29402531, 938.877220888, -1.51197897021e+24
479.91381912, -2968.38556889, 887.857290398, -6.96637809552e+23
3515.22997267, -2689.05586356, -4251.75475165, -1.16294991281e+26
-313.510532749, -1193.60145853, -4698.8881676, -7.45684997004e+24
-3031.6844586, -208.55043311, -6842.07456312, -2.50455973849e+26
2228.71107449, -5208.79940151, 2663.55870727, -1.15360955826e+26
-728.364263655, 2406.61478778, 815.218090426, -4.13752128453e+22
-1732.77144932, -1390.14636226, 5714.9571969, -5.30458608387e+25
5949.08049034, -2902.03414615, 115.419393852, -2.20499005883e+25
-932.441601772, 4039.67696926, 2667.42676164, -2.9784556618e+24
-1513.67995505, 5576.61724471, -5282.10850656, -3.82289186109e+26
-2650.12229088, -4459.54835238, 357.295330298, -1.28254567442e+25
-1565.32841022, 1296.09281398, 1188.04576804, -2.89427290202e+22
-121.281606884, -2429.31735194, 2771.14238427, -5.61049699537e+23
555.544574533, -631.355622877, 697.658430356, -3.36802032757e+19
6439.64289319, 1846.16094825, -121.988073797, -1.21907898239e+26
2427.48208816, 133.897711626, 1231.72370335, -1.89648060009e+23
185.833416624, -3826.00041507, -4681.26762618, -2.46458388834e+25
1659.6776718, -803.247819914, 1635.74587961, -3.77526188489e+22
336.635620568, -2454.89205545, -59.045395458, -7.96639274046e+22
-1842.90313877, -4852.7799038, -2177.40491601, -1.01116032652e+25
-360.127304248, -593.44351758, -5264.44153291, -1.43540279906e+25
3414.69345281, -1561.46799994, 185.880536157, -2.65349453225e+23
-731.156802569, -1968.26627785, -3654.98660677, -1.41397034998e+24
-4767.66377057, -869.783813954, -4327.31066657, -2.05687031494e+26
-1743.37023437, 6657.38588173, 1652.9741258, -1.59754726906e+26
2179.61870593, 2143.94941875, -1927.25768687, -2.26083224907e+23
3030.02858233, -3314.60610322, 2452.05652936, -9.45013866213e+24
79.4330524456, -3267.05557606, 1234.08380161, -1.62248428767e+24
808.297108035, 1545.59031365, -605.959827922, -3.99166347113e+21
-309.54829743, 3751.97323085, 153.121062354, -2.26063977592e+24
-6106.71379548, -3022.49302909, -1608.64390721, -2.6890481219e+26
-22.3247662336, -6589.56723918, 5012.43346119, -8.71285990552e+26
-3446.81336296, -4577.78062157, 469.427527448, -2.19308334935e+25
-612.7662371, 1146.46773499, -4763.46652463, -3.25557792845e+24
3858.53882029, 2696.52167587, 1480.78272822, -1.37714974993e+25
-1154.85430364, 373.478549598, 1181.55991214, -4.65896042117e+21
3347.85206308, 2701.5333511, 4664.50681561, -8.5459721107e+25
5294.46891035, 3139.84708953, 2574.25033805, -1.92829428128e+26
5065.20014488, -5789.74469849, -1132.45190645, -1.43660958845e+26
-184.20823787, -214.449487981, -2643.79882902, -5.41558647486e+22
-3544.87668631, 1963.64481281, -1549.07582214, -1.85617134325e+24
-2001.8676414, -332.846507433, -5359.81704691, -2.55438077926e+25
-273.67243159, 3660.58408113, -70.8568795073, -2.08692936441e+24
906.316196584, 492.228432084, -298.90021229, -2.2797695753e+19
2599.93688474, -5885.09352724, 2517.94708445, -2.65356418923e+26
-6572.30295916, -4555.90496637, -2028.87722063, -7.99201303037e+26
1164.29831282, 2309.84602, 1205.78109532, -4.14394896073e+22
1431.2751591, 2844.20113594, 5249.85036518, -2.84493493255e+25
3547.15355339, 1694.39879482, -407.317411319, -1.34997137398e+24
-867.54631827, 6432.63361202, -2541.42370143, -4.02797860639e+26
-3033.71763284, 2171.14889098, -2386.26737235, -2.61767530166e+24
3038.788938, -1373.90716614, -6144.34952196, -4.1426645674e+26
2534.12129944, -4182.0200199, 2262.43010927, -2.54920011231e+25
-295.090778679, 5007.65628366, -471.874751067, -2.94502494954e+25
5815.75883654, 219.582694431, 4433.89760977, -5.30003168114e+26
1023.34148378, -938.365732975, -2381.64326025, -2.12966675985e+23
4066.6999141, -461.915401352, -323.604224684, -1.18566916024e+24
-2273.11407487, -2943.0523584, -184.59610476, -6.58590997392e+23
493.740812471, -1800.06503895, 1311.13319861, -3.0295786777e+22
-141.092940601, -1166.48915474, 136.751303746, -2.50985176246e+20
4389.83773787, -1977.30962077, 367.145900476, -2.1244817597e+24
-3302.02932294, 4110.73113967, 3955.5576167, -1.0684018169e+26
1699.06219226, 952.227990336, -4650.8128104, -1.38556973267e+25
5587.16182289, 1479.29634025, 155.925275599, -4.18306950395e+25
-5548.96453826, -6257.48946092, -1020.82243921, -4.78407529722e+26
1903.22616475, -966.950444493, 1813.50448415, -9.98353562255e+22
1342.50185898, -5444.47510357, -771.870642018, -3.90222196875e+25
-480.362438264, -47.6052707388, 3634.6663597, -1.10244580499e+24
1358.89317955, -5395.31273023, 1545.24674047, -8.60698868666e+25
3181.47863787, 2034.92837913, 5171.7805864, -9.60924304489e+25
644.162106585, -1205.64284843, -918.592891582, -8.80566618537e+20
43.3630640729, -3541.89789001, 1360.35586493, -3.11755699489e+24
-479.834152976, 1398.56154702, 2887.31594345, -4.58412434252e+23
52.2560127503, 514.671605669, 6233.09415192, -6.16491239088e+25
6136.25797559, -4763.43793583, 805.968164807, -1.12316703379e+26
-567.728884082, 5208.00937079, -2164.58503982, -7.61766621968e+25
1228.2833386, 561.242717687, -3732.49716765, -2.25348192037e+24
1476.37231618, -2207.96253093, -3241.28007425, -4.11829341701e+24
431.141611504, -267.257231418, -3608.05150973, -1.13433985017e+24
3612.31412621, -135.755361869, -183.407716048, -5.39887997597e+23
-5919.69029019, 3199.57939467, -1879.96152605, -6.55097427558e+25
519.542149034, -2596.78839316, -3390.5439704, -2.42877253725e+24
2875.47912968, -263.982005627, 2726.8542648, -3.33494795527e+24
-721.75670521, 1879.38972857, -1268.46623361, -4.35832285665e+22
2537.61865082, 4713.17514618, -484.288549163, -1.93290818269e+25
441.268426855, -3920.15892689, 4483.24085, -2.82946437673e+25
3992.74824872, -1703.69894791, 1473.80152806, -3.37517654402e+24
549.219510366, 2303.88062073, 5368.51969403, -2.7968519214e+25
2391.33952461, -3342.92318721, 3632.86478156, -1.45733746716e+25
520.583668508, -995.668578667, -6057.01896601, -7.50687211209e+25
2769.89532051, 2495.33771389, 5464.2455739, -8.99749512909e+25
511.106887484, -2894.94574426, -5239.51744561, -4.71532304578e+25
-835.701661714, -1411.40062751, -297.50249465, -1.00723925914e+21
-770.062961642, -747.565634527, 209.195152305, -2.75855362277e+19
-5656.02043279, 788.852078566, 541.439746515, -1.59415267113e+25
-2070.71862161, -2340.39995773, 3074.37009469, -1.2155812176e+24
-2937.01723198, -259.716035663, 249.965008434, -1.25641137628e+23
-3688.424971, 216.744678735, 1313.23138182, -1.17822063448e+24
-6062.53798106, 81.6263017684, 1746.0785676, -4.51824200543e+25
-4862.22942173, -1283.3353203, 2847.91828295, -2.58895563574e+25
-508.052992344, 623.885514893, 1959.92242523, -2.20179368519e+22
276.018674562, -1292.78034501, 3643.94619252, -3.64261758192e+23
-4029.90675997, 417.743819571, -130.917971859, -1.37595154139e+24
369.594499766, -1044.64694584, 4477.77124329, -2.11806782192e+24
3893.72020001, 2253.26004846, -1958.88240892, -3.28601432817e+24
4623.46676916, -1501.5333575, 40.1964018169, -2.79718547143e+24
6179.41276461, -1494.943698, 1116.34768464, -5.63432307758e+25
-1224.00568686, -451.422001298, 1957.53824364, -3.74341047267e+22
843.373482732, -4088.16202144, 5435.61603388, -5.95821981929e+25
1745.7638357, 2422.03578793, 1805.19657606, -3.24053584567e+23
-573.231895345, -6142.79730194, 892.335512174, -1.58307206002e+26
10.8004933569, 2098.14088719, 684.743056653, -1.18690025201e+22
2567.89664243, 1706.0900713, 304.919984519, -2.60829948517e+23
-4442.87615942, -2390.7228718, 108.440593415, -1.13984303333e+25
-2593.4153519, 75.2674304096, -85.4880048424, -4.72390013207e+22
-606.745030686, 5313.22090563, 200.241787201, -3.72438039853e+25
-4334.8408737, -1144.3503044, 1388.17982291, -3.83032435718e+24
1619.56458691, -2029.17305729, 552.06584695, -5.9246225481e+22
-1957.51223811, -1620.33141697, 6205.11176471, -1.04452578948e+26
1184.54974914, 1917.04352928, 1532.20583842, -3.36383080623e+22
974.053419156, 3118.47616549, 208.224078613, -4.73268945429e+23
-743.216839589, 3607.46420959, 614.537531138, -1.34394459861e+24
4948.05770159, -3422.47158467, 2999.31979788, -6.56176803752e+25
-3533.79356576, 120.268702714, -1049.09385004, -1.46859812064e+24
4938.64506801, 1367.00180504, -1104.6400333, -1.04333141887e+25
1541.87273294, 4010.95724476, -4929.61671771, -3.66290647997e+25
-5977.44689926, 387.671194275, -459.237411153, -4.00883133926e+25
-3319.13670371, -1076.49209553, 331.794627193, -5.59197687595e+23
-794.197134183, -265.19124816, 3714.27197195, -1.6038748396e+24
-4339.03124681, -796.923738838, -2535.4656038, -3.09293649245e+25
207.043749424, 237.683903244, -3525.89012668, -5.88449035931e+23
-1444.7557451, -1361.92279083, 1809.85502238, -2.53200095644e+22
-1750.94805194, -2033.82497099, 1976.68336522, -1.31588603304e+23
4944.55656942, -3587.03687381, -1152.28283015, -1.87975917308e+25
-2674.33251927, -1402.08437199, 2365.39590727, -7.52340895127e+23
-167.437411991, -1140.01580313, -2992.5950104, -2.56262369552e+23
-189.990223106, 1174.86321709, -1003.79240201, -1.17115526218e+21
-158.5065676, 1382.15110557, 646.590261413, -3.53082952321e+20
-4200.69530231, 1463.84269417, 3965.63624446, -1.03493298489e+26
-1712.43951276, 3328.46898759, 1742.86396589, -9.49563881182e+23
-1678.43696448, 5961.55762691, -6389.43981673, -8.19104943495e+26
4032.24822597, 2819.50950172, -3606.68793522, -1.93576175533e+25
-969.544296087, 2157.1368022, 459.079138189, -2.48993332517e+22
2433.53419018, -2977.5122979, -6026.48548575, -3.78742789592e+26
2977.61473728, -118.140161108, -3335.703201, -1.01952202869e+25
-3403.09234446, 2039.99162818, -1449.4625028, -1.36279860797e+24
-6333.01445788, -20.8232419656, 1681.45190908, -5.92157798886e+25
399.482767737, -906.726499502, 806.855932982, -1.94106093462e+20
-862.686845678, 2712.86390696, 1804.08291672, -1.6491564867e+23
-2582.58843419, 4356.86205104, 4653.3599386, -1.45429589776e+26
-4531.37409282, 439.018857074, -735.921068342, -5.61812398913e+24
5779.53872969, -469.899889392, 3697.72683056, -2.81913999573e+26
-1802.97627209, -815.051106526, 3747.69677313, -3.88513050934e+24
3793.46044603, -2073.82017402, 2149.40504637, -5.48584023612e+24
-943.584495294, 3205.07334533, 2685.19486757, -1.42212787783e+24
700.415192859, -72.3759957891, -1272.72003651, -1.3486304806e+21
-784.892289966, -462.259409172, -1953.95024718, -1.10696586729e+22
-740.404424666, -1918.56877458, 1152.88689595, -3.09927137915e+22
-3400.49603098, -240.004977571, 235.718972651, -4.01100372301e+23
6084.92635721, -6124.60233349, 2926.89925137, -8.54580651816e+26
-845.706785282, 2954.74296603, -654.929912176, -6.3549057961e+23
2994.1644013, 4244.67357728, -1574.51096827, -1.41596753105e+25
-121.580727418, 4972.48673213, 123.935019549, -2.17374156361e+25
499.463672765, 1939.64963925, 1428.06386178, -6.02917511517e+21
2315.39556376, 1992.79617244, 1945.65881663, -1.00933455859e+24
4967.55747932, -6145.08000591, -1398.15848716, -1.96749518431e+26
2030.69097858, -2428.38644915, 2420.72777863, -1.17338322723e+24
-347.246643792, 484.643434287, -2666.94427166, -3.39963378291e+22
-3696.39640756, 126.991749218, 6919.73174754, -9.233552634e+26
1730.37419427, 3825.58462748, 2043.62320054, -1.91483196797e+24
752.909900488, -19.2179023776, 4464.92839918, -2.94348541578e+24
-1803.7842283, -885.565167072, 3003.80894748, -9.48778622079e+23
-4228.2193339, -2762.90096937, -1548.74453025, -2.52726902451e+25
1077.91387106, -5395.29475005, -3999.74721315, -3.92140350999e+25
-2190.68982736, -576.066752052, 3891.37506403, -8.06673417644e+24
1100.50227747, -1536.94731404, -4335.37587343, -1.28704991488e+25
-193.774584634, 3450.56765105, -521.832024819, -1.67228752459e+24
-3474.07577148, -1119.61094428, 883.460566136, -6.76803127843e+23
-3573.17742298, 1627.66645892, -2083.90398594, -3.59297263151e+24
-1190.56039153, -907.311866386, 3569.38213847, -1.36762326045e+24
1457.42366217, -4156.75458706, 3028.64800224, -2.62955194919e+25
-716.030410013, 1422.37170934, -3759.54913831, -4.98669106876e+23
-539.488152044, -3165.65096973, -1530.49724466, -2.42883076982e+23
-472.267641703, -1071.96359402, -1367.78919522, -1.0053117791e+21
-3338.6605215, 2233.20477789, 881.853600533, -7.92534884126e+23
-3553.34738451, 1073.01727617, 3476.70088111, -3.00314302779e+25
-1562.65442064, -2187.78405375, -3870.67947783, -3.89932431178e+24
-1489.14620401, 1751.87828632, -150.892476484, -1.40877679383e+22
3892.40345806, 1464.59188717, 627.1788456, -4.30770871677e+24
1383.51086898, 3006.30150598, -873.017537961, -6.79548029863e+23
2740.31893286, 3190.85850772, -5135.86618287, -3.91625581298e+25
-5220.76938963, -1755.2381099, -521.324697023, -3.48782020363e+25
5412.41119121, 1922.81022948, -5457.16676235, -4.65506212447e+26
-2471.68142068, -2335.77366463, 2014.23805485, -4.53845661986e+23
2830.56398765, 3198.95996106, 2706.72800546, -9.33241079967e+24
-6059.02050175, -2738.13947244, -2614.98131783, -3.86364140308e+26
3746.14707663, -2074.31252895, -3812.62971583, -7.20806488943e+25
-5247.01310487, -6708.25729838, -440.210242218, -4.97562761224e+26
2710.06199259, -680.939574023, -581.098856967, -5.88220935924e+22
-776.94691779, 276.132574968, 2408.24268243, -1.03977815853e+23
-5090.90665347, -1528.67200705, -3219.27322717, -1.51361307259e+26
-249.394265393, 4268.13018913, -2885.75093527, -2.41600109591e+25
221.600324405, 4298.02723096, 3205.22441044, -3.50418281866e+24
-77.5178428595, -3225.1889179, 6028.14178639, -3.12103824558e+25
-206.199037496, -2603.6340876, 466.028706157, -1.75869375781e+23
424.916839154, -750.031446035, -2281.51288751, -5.66868312509e+22
-1331.48094961, -2387.26654376, -1236.53186889, -6.90466245218e+22
-1855.22331519, -1360.44899476, 4818.63958436, -1.77271063636e+25
2307.9887281, 1748.84318477, -2973.74844839, -1.23379971005e+24
-290.1523358, 1644.93260803, 1069.0953258, -1.88078916465e+21
4583.41748012, -6312.56270584, -2871.09612029, -2.6347008639e+26
-5515.43787018, -1255.61596462, -901.216019518, -5.17888006158e+25
-4734.03219935, -3538.87506327, -4576.69673525, -3.91668661879e+26
-295.045348145, 30.961401435, 2134.61552305, -1.68919037333e+22
-1004.50373814, 1059.19290696, 4399.7478414, -1.11276304905e+25
566.61370121, -4358.20426582, -823.514400656, -5.60921476289e+24
-39.3264647455, 2789.84371985, 5997.47399646, -9.23485547991e+25
2514.20951933, 2727.1722392, -1352.61883208, -6.71443796229e+23
-436.905992391, -5113.96528395, -3667.66895814, -1.2141011464e+25
1351.07903326, -121.310034114, -6097.52012024, -1.00666471083e+26
2051.06183666, 3862.97970025, -967.426657535, -4.87686110334e+24
5379.10700707, 1002.99116675, 2723.32409531, -1.30233488303e+26
1190.39123014, -2003.28103719, -1559.32364953, -6.93684722331e+22
-946.554558761, -417.931819216, -3971.35666581, -1.47700241819e+24
3398.18447024, -1609.96488825, -4726.18998976, -1.32696211099e+26
-4602.77752826, -1932.28218213, 1904.43490126, -8.60606409827e+24
-3309.62935055, -4795.19921613, 942.684911451, -3.00912055423e+25
-6420.65972698, -4887.24949567, 591.872348468, -3.4971283897e+26
-6272.60215258, -4876.41150453, -1600.40056765, -5.75541388262e+26
-1385.89555429, 5152.98329691, 1665.42598028, -1.80692210844e+25
1585.86789071, -2144.74378811, 127.360074854, -5.61425272899e+22
-5659.3647668, 701.411728878, 1060.45968125, -1.85187035473e+25
246.094267858, -356.260102326, 5882.03350444, -2.73709724987e+25
1374.63180216, 3786.39201433, 3540.57046799, -3.88278077199e+24
-3599.27047664, -469.759924033, -3731.36644467, -3.21520821268e+25
5180.8743895, -2889.89813634, 2361.38248872, -4.18850557209e+25
4668.77107217, -809.091749187, 2042.70163935, -2.01393010766e+25
719.94560798, 2450.12737682, 1012.33567074, -3.82539024786e+22
-459.147954166, -3170.04838858, -556.197622903, -4.27201119095e+23
6008.26351027, -4571.57812226, -5784.07580609, -3.12416482511e+27
4268.85983437, 192.499949367, -60.0545502394, -2.63126739372e+24
1285.31255792, 1595.19134848, -815.65153883, -7.59511045033e+21
-529.301332752, 2540.55552001, 6852.04705285, -2.82963208539e+26
3980.8741374, 3108.74076326, 2311.56929958, -3.41224106649e+25
189.435176693, 2848.19147221, 3244.41488936, -1.15420943916e+24
2986.00149036, -1737.5174742, 1727.12469448, -8.72031432887e+23
-882.250109603, 89.0580147172, 830.634630794, -2.88798938261e+20
431.284124873, -2215.80083146, 983.265992228, -8.98732462005e+22
-1094.40812689, 1821.79045879, 5243.01672121, -5.01422378611e+25
-1989.06450311, -2850.27271843, 1032.08886006, -5.73323339089e+23
-3849.00145896, -4435.91345186, -5396.05107808, -3.4360737733e+26
-2571.79743653, -1575.98852261, -3066.09018893, -5.10455898157e+24
2628.985193, -880.029978963, -3468.51117486, -1.14415189657e+25
-1839.93035195, 1944.06000379, -4712.6672268, -7.3361757993e+24
-1774.54493743, -208.407383187, 687.315553165, -3.50189029475e+21
-259.284736775, 5024.63205002, 1506.24025679, -1.36763169546e+25
348.099032499, -3088.29094268, 3997.08713616, -5.51971309476e+24
4082.57929225, -3131.62224494, 4783.97851536, -1.05437122358e+26
747.602668826, 846.026393107, -507.993531067, -6.00308910068e+19
4386.68200931, -1021.68293544, -3766.35664665, -8.59940275496e+25
-4180.36340535, 2965.95695362, -2016.56569473, -1.1497936822e+25
2606.02945556, -3488.89316504, 4861.84842101, -4.28359837819e+25
-721.774523707, -1031.85377609, 5479.32059262, -2.12656681434e+25
-924.557365147, -2742.91807308, -1244.79273579, -9.6073742784e+22
-3488.68478976, -1522.88268544, 3153.77182668, -7.59821773755e+24
345.526786684, 1285.57534967, 546.281862153, -2.10907557533e+20
-224.109370815, 109.131140751, -1159.12111689, -5.10084803376e+19
6612.4862893, -2137.23808919, -1328.44022125, -7.31870542562e+25
838.769939393, 3503.65500511, -678.640228128, -1.9105398207e+24
329.402811894, 1768.72708064, -3034.55178379, -1.74596836105e+23
1183.91369842, 1930.07739064, -1321.40428376, -3.88892679786e+22
-2616.53805227, -6048.41751597, 2806.14965994, -2.41428911304e+26
-4554.05064041, 4164.85555671, 1126.41782788, -2.06564213571e+25
-1252.04533056, 3598.44088969, 1178.36273191, -1.10144386889e+24
-3198.16851756, -1669.19284317, -2287.02460651, -6.26430638483e+24
-201.827058191, -1480.16172777, 3158.87436458, -1.60480540425e+23
-2372.86798401, -786.732266441, 1924.47664442, -2.45726055091e+23
-1520.25821534, 394.665796158, 2288.44865692, -2.6586696027e+23
-4152.89031702, -4918.25968587, 1253.15367419, -5.31614464127e+25
628.429316615, -389.731548244, -2092.0367607, -3.40972424622e+22
4784.60154943, 2631.02269152, 439.14848149, -2.74310791397e+25
3782.82498986, 3067.88293459, -658.339123868, -5.35896469389e+24
642.033719349, 571.360087017, -70.207688073, -5.15202865989e+18
2560.19489916, 3646.9249339, -24.8471777202, -2.96787406353e+24
3676.61165654, 189.045346652, 6364.15131466, -2.96527056394e+26
999.94044243, 806.329840558, 20.4425253266, -1.63186944598e+20
415.721169888, 2895.03416763, -3249.27888608, -2.15425631704e+24
126.73451169, 473.063463297, 1257.83418461, -2.39645513534e+20
-980.814166567, 3092.70537354, -84.7856614543, -6.35293632816e+23
-296.585391874, -1135.47432836, 6650.59613403, -7.58978790743e+25
-504.248103865, -5604.82264317, -541.177713287, -4.77737282761e+25
3213.51194135, -5681.3621996, 2257.74168886, -2.14861263385e+26
-1457.17735762, -3372.89992413, 1290.07979884, -1.96959559355e+24
-251.400858158, -1470.08482915, 3471.85034629, -3.36226217334e+23
482.75127011, -4434.80307421, 468.251925864, -1.15775596297e+25
1276.50342949, 3425.33629956, -2460.44410089, -3.92030200716e+24
2566.00430751, 1215.10862871, 1206.24365782, -4.65127379393e+23
1522.8056237, -3628.2261533, 3034.52963126, -1.14956553254e+25
-4136.72901671, -806.662097205, 252.755187836, -2.5858648811e+24
780.991258293, 3244.36157724, -4769.77001653, -1.14746569689e+25
-234.562984798, -193.902425445, -1077.16357359, -4.53726196839e+19
2423.67018264, 2065.32128268, -2958.97339165, -1.34730357856e+24
363.878536841, -4839.61890244, 233.847241946, -2.05031143215e+25
-2035.09621338, -3958.65130234, -3476.08883792, -8.43446634016e+24
-1926.448817, -966.630120325, -416.627270994, -2.35128137108e+22
-5442.30284048, -632.128129048, 2503.43239948, -3.86939322444e+25
1441.13981008, 4444.98713233, 352.19029522, -7.91502574737e+24
3317.83313146, 673.856541158, 4123.09318849, -3.41333318354e+25
2979.52690273, -1066.12380872, -398.963231056, -9.66554658183e+22
-1033.04545351, -3292.40430272, 1706.07111263, -2.03661397488e+24
2939.46733673, 4576.94967718, 6055.9005168, -2.5733878187e+26
3107.89923733, -1331.7111206, -1237.64693696, -6.17357295274e+23
5844.20844021, -3276.30516476, 2771.95231328, -1.1922450966e+26
-2769.46548197, 3763.93019544, -1261.47952317, -8.78783011612e+24
4052.31920845, 3741.63814052, 1916.66681942, -3.80007877956e+25
-2103.01106765, -77.7996604838, 3240.42099287, -3.10050847848e+24
-1087.99673683, -2539.36417608, 2631.93885184, -6.31414365325e+23
-863.145566298, 1668.76846421, 4958.44513885, -2.79191921477e+25
-1767.35103909, -353.816787777, -2929.71955436, -7.43837852978e+23
-747.889747095, 5549.54279715, -4327.25740722, -2.47629067664e+26
-205.383197634, -1022.17932366, -4655.79305172, -6.84867278862e+24
-2458.27360869, -3449.55039396, -80.6892170517, -1.93480656806e+24
-4357.72518754, 4706.98805928, 6283.93350913, -1.98058535344e+27
-3172.09514553, 1504.64088887, 1650.20915382, -1.53914323275e+24
-641.084543125, -1195.6389297, -1531.18208005, -3.25389605764e+21
-4101.80321057, -108.853556038, -6831.2232084, -5.84811370264e+26
204.125142988, 3543.12304714, 2474.38157963, -6.35484267184e+23
1613.61130182, -2864.14396836, -2534.88716373, -1.87765953442e+24
-2004.42140565, -55.1086594598, -895.656115017, -3.13146544447e+22
-3370.74699814, 2910.55535676, 3346.64401976, -3.87789574607e+25
290.110636688, 4023.27960809, -6257.99152439, -7.61836977451e+25
3618.06396365, 1836.8533005, -2916.99298812, -5.86765276179e+24
-3311.58668152, -4478.85729039, -6670.22533697, -5.3094156013e+26
1543.73152662, 488.39914819, -1553.8086578, -2.11973966447e+22
136.106605298, -736.303186019, -341.240308779, -2.38680778709e+18
1642.75411759, -546.102218647, -408.989240187, -1.38934809118e+21
-2902.0622001, 3424.0995326, -2320.8657289, -9.63643963274e+24
-3008.97524968, 487.756287624, -2545.43269216, -3.13203687249e+24
-1673.62266084, 619.377519375, 746.866711865, -5.20031532728e+21
-829.656632534, 994.625124922, 214.028417421, -1.00434611785e+20
1494.60654595, 83.8349634899, -2487.13028643, -3.05839559408e+23
4020.11222984, -3146.44650375, 912.976561514, -5.03992924486e+24
2269.47163456, -5078.60032301, 1466.46959865, -6.27241018772e+25
-709.189101592, -1845.78531584, -144.272610685, -7.19086174322e+21
2284.49041807, -2646.74093462, -162.230315494, -2.98330610295e+23
-4723.55799626, 1707.19709805, 4543.65300269, -2.91043244381e+26
-986.403096756, -3705.08109879, -80.3703871876, -2.01103643378e+24
257.468188737, -5572.52054228, -4965.99711594, -7.29903790719e+25
5950.26719856, 2573.78916797, -4068.32372709, -1.83456759072e+26
2260.63529463, -566.114769662, 3721.49242562, -4.11937009112e+24
-1174.56315177, 2927.23433698, -2544.59128608, -2.17344030849e+24
-2323.76854213, -998.365618135, -89.2409103088, -5.67185971053e+22
-5093.34418433, 3356.62313925, 1655.83757827, -3.11959830958e+25
537.535347893, 4238.10289429, -973.827254397, -9.48780411162e+24
711.406134508, -3234.85283194, 74.913524654, -8.3437253076e+23
1279.26804238, -631.540837027, 3078.54327119, -2.90719084167e+23
4632.42042639, 3372.22249526, 3645.56464843, -1.91295241398e+26
-1499.68996562, 4492.15094662, 946.850592487, -7.82961974477e+24
4283.28981205, -5301.67338225, 3353.96264315, -2.69216270852e+26
-1217.04041279, -3853.18709008, -4371.68721238, -1.10270879068e+25
-4128.56851605, -3308.75370185, -1637.72231565, -2.95306605592e+25
694.516137995, 943.191306326, -3376.91377836, -4.92453396044e+23
3375.32337287, -4108.03789844, -840.7091368, -8.1236900335e+24
3252.71867767, -2681.83451229, -913.778264394, -1.09699665764e+24
4471.54610513, -451.60751901, 979.02741566, -6.2787909231e+24
-2935.97800219, 3951.10053365, -3086.31825017, -3.14251449415e+25
596.17980628, -151.573121591, 5308.94547279, -1.13963777106e+25
-249.175966007, 2461.87036681, 2517.14927135, -2.73762991742e+23
1261.32209798, 2665.51828167, 812.26064859, -1.13874022947e+23
-6174.07006813, -720.771501857, -500.584884209, -7.75698292203e+25
-3800.16526772, 2008.09001052, -2086.52413378, -5.13353567255e+24
6210.71114626, 496.848293685, -875.722186792, -4.66518970126e+25
3366.86263835, 4688.87358343, -345.462002228, -2.39619730642e+25
-159.253859735, 78.5528377049, 2372.98515205, -3.17417415853e+22
-76.8514037117, 157.156354941, 1520.87035477, -9.82726924687e+20
-4511.29861038, 351.436154827, -1732.72638284, -1.38471097241e+25
-2651.99371776, -1364.30888146, 4870.27720271, -3.69778238342e+25
5872.113224, -1786.19151431, 2013.52568498, -7.14161684919e+25
487.704049808, -5929.06930728, -2368.31611299, -4.29772573038e+25
2170.15049281, 356.035579515, -2721.04661346, -1.15009010478e+24
3419.60774212, -1726.48196172, 732.899841289, -4.93008271847e+23
994.575866418, 521.441224034, -1383.30301736, -2.72272646232e+21
-4864.65663859, -1775.17978991, 727.038115559, -1.20622708053e+25
-1069.11930172, -1452.61813759, 2755.6585236, -1.5646987571e+23
582.532594871, -2318.59160474, -1003.12545553, -2.57795423012e+22
1355.72204649, -1143.76522504, -392.697210839, -1.10269046616e+21
5848.37934277, -1710.36804317, -2219.11208691, -7.11043699434e+25
1490.24677733, -620.055801135, 5266.54489307, -1.20484568593e+25
1672.90163267, -115.568346865, -2332.94312783, -3.17417444737e+23
-974.327065331, -1697.01516939, -2641.11838767, -1.74959894641e+23
1770.36677148, 84.7269723618, 4976.72780563, -1.2399063436e+25
56.7868065741, 270.275385221, -5004.66110816, -8.58309598673e+24
-1114.40464824, 3544.80049352, 6411.46346772, -3.08253458703e+26
-1761.98287851, 2029.05606156, -543.851753107, -6.66058520306e+22
-813.305348634, -380.934247144, 4144.20784285, -3.46978541589e+24
