-0.499695063744, -4.01259708795, -4.88089686112, 0.0
-0.499695058458, -4.01259708623, -4.88089681903, -8.42268146528e-13
-0.499695077936, -4.0125969238, -4.88089775655, -2.01808255053e-10
-0.499695069404, -4.01259708729, -4.88089687973, 0.0
-0.499695068131, -4.0125970736, -4.88089696762, -2.02145746526e-12
-0.499694887585, -4.01259708916, -4.88089684372, -8.25414649277e-12
-0.499695073508, -4.01259708483, -4.88089688589, 0.0
-0.499695057874, -4.01259709471, -4.88089687342, 0.0
-0.49969506757, -4.01259716034, -4.88089690598, -1.68454956144e-12
-0.499694893219, -4.01260068902, -4.88089689157, -3.29282650351e-09
-0.499695032999, -4.01259710048, -4.88089685998, -3.36908847553e-13
-0.499695073437, -4.01259708484, -4.88089688468, 0.0
-0.49969505303, -4.01259708792, -4.88089687414, 0.0
-0.499695065381, -4.01259708387, -4.88089688412, 0.0
-0.499695070425, -4.01259651222, -4.88089687267, -8.28777371024e-11
-0.499695093318, -4.01259707393, -4.88089687651, -1.68454699036e-13
-0.499695073435, -4.01259708484, -4.88089688471, 0.0
-0.499695050213, -4.01259708701, -4.88089687414, 0.0
-0.499695072859, -4.01259712446, -4.88089806999, -3.59822422727e-10
-0.499695049747, -4.01259704978, -4.88089669193, -9.09645011236e-12
-0.499695058655, -4.01259707774, -4.88089687933, 0.0
-0.49969510937, -4.01259705663, -4.88089702287, -6.06433393939e-12
-0.499695144987, -4.01259706952, -4.88089707865, -1.17917752472e-11
-0.499695059389, -4.01259706922, -4.88089687014, -1.68454026809e-13
-0.499695062518, -4.01259708301, -4.88089692592, -5.05365023963e-13
-0.499694172501, -4.01259706632, -4.88089709397, -2.13427431399e-10
-0.499695066896, -4.01259707374, -4.88089686679, 0.0
-0.499695063053, -4.01259707396, -4.88089686106, -1.68454104344e-13
-0.499695068886, -4.0125970564, -4.88089686946, -1.68453780719e-13
-0.499695027777, -4.01259708744, -4.88089681264, -1.51607924719e-12
-0.499695087369, -4.01259708007, -4.88089688016, -1.68454855369e-13
-0.499695058751, -4.01259707709, -4.88089694838, -1.34763929362e-12
-0.499695060005, -4.01259707857, -4.88089683845, -3.3690805823e-13
-0.499695060443, -4.01259709697, -4.88089686648, 0.0
-0.499695063931, -4.01259707706, -4.88089687816, 0.0
-0.499695066917, -4.01259708561, -4.8808968669, 0.0
-0.499694761085, -4.01259383063, -4.88089688085, -2.70123610947e-09
-0.499695077478, -4.01259710229, -4.88089689329, -1.68454899798e-13
-0.499695060443, -4.01259709697, -4.88089686648, 0.0
-0.49969506793, -4.01259708215, -4.88089687911, 0.0
-0.499695107596, -4.01259705938, -4.88089689637, -6.73818584699e-13
-0.49969508169, -4.01259708611, -4.88089687764, 0.0
-0.499695053144, -4.01259710342, -4.88089687991, -1.6845453139e-13
-0.499695060443, -4.01259709697, -4.88089686648, 0.0
-0.499695077592, -4.01259689553, -4.88089688089, -9.09644344044e-12
-0.49969507421, -4.01259709561, -4.88089695427, -1.51609316047e-12
-0.499695127229, -4.01259708903, -4.88089686049, -1.01072849607e-12
-0.499695059562, -4.01259707541, -4.88089688986, 0.0
-0.49969505769, -4.01259729503, -4.88089637994, -7.39516021613e-11
-0.499695101134, -4.01259708765, -4.88089688371, -3.36910049936e-13
-0.499695069489, -4.01259708732, -4.88089687905, 0.0
-0.499695085034, -4.01259709755, -4.88089688644, -1.68455126124e-13
-0.499695001767, -4.01259708873, -4.88089691225, -1.34762929818e-12
-0.499695065952, -4.01259708707, -4.88089687293, 0.0
-0.499695049922, -4.01259708494, -4.88089687783, 0.0
-0.499695034586, -4.01259709062, -4.8808969625, -2.02144969795e-12
-0.499695074804, -4.01259709092, -4.88089688592, 0.0
-0.499695080172, -4.01259709414, -4.88089688076, 0.0
-0.499695025827, -4.01259709389, -4.88089689699, -5.05363126242e-13
-0.499695080223, -4.01259708449, -4.88089686647, -1.68454402284e-13
-0.49969508166, -4.01259708198, -4.88089687548, 0.0
-0.499694984152, -4.01259709629, -4.8808969554, -3.200630742e-12
-0.49969487044, -4.01259708331, -4.88089689948, -9.77024870753e-12
-0.499695071678, -4.01259710127, -4.88089689206, -1.68454894929e-13
-0.499695080492, -4.01259708427, -4.88089687299, 0.0
-0.499695079474, -4.01259708549, -4.88089687803, 0.0
-0.499695048996, -4.01259708925, -4.8808969786, -2.69526816094e-12
-0.499695058532, -4.01259708653, -4.88089689985, -1.684550666e-13
-0.499695008741, -4.0125971514, -4.88089690328, -2.0214555856e-12
-0.499694825341, -4.01259704692, -4.8808968771, -1.499217919e-11
-0.357143460683, 4.9048261337, -4.84519600462, -356.709616896
-0.499695067601, -4.01259708734, -4.88089688302, 0.0
-0.499695053939, -4.01259709366, -4.88089685218, -1.68454181934e-13
-0.499695445374, -4.01259703755, -4.880846225, -6.48735517074e-07
-2.21091430437, 3.95283173729, -4.99998656121, -123.606509888
-0.499695059877, -4.01259682623, -4.88089689586, -1.70136780615e-11
-0.499695078234, -4.01259709835, -4.88089689152, -1.68454908053e-13
-0.499695071621, -4.0125970876, -4.88089685782, -1.68454352409e-13
-0.499765597643, -4.01259957049, -4.88088046813, -1.32742822367e-06
-0.499695360141, -4.01259707994, -4.88089687747, -2.18989947848e-11
-0.499695061197, -4.01259709526, -4.88089688941, 0.0
-0.499695052971, -4.01259709578, -4.88089687495, 0.0
-0.499695076545, -4.01259714417, -4.88089687754, -8.42273674684e-13
-0.499695044239, -4.01259705447, -4.88089682373, -1.01071755966e-12
-0.49969349423, -4.01259705518, -4.88089600376, -8.17674368618e-10
-0.499695553821, -4.01259710014, -4.88089698585, -6.3338807948e-11
-0.499695069969, -4.01259709642, -4.8808968804, 0.0
-0.499695070915, -4.01259705625, -4.88089683456, -6.73813902357e-13
-0.499695098504, -4.01259709218, -4.88089688668, -3.36910122276e-13
-0.499695055471, -4.01259702315, -4.88089687415, -1.01072010358e-12
-0.499695052006, -4.01259707751, -4.8808968727, 0.0
-0.49969539701, -4.01259711225, -4.88089689033, -2.79634192262e-11
-0.499695061024, -4.01259708527, -4.88089686404, 0.0
-0.499695095035, -4.01259709024, -4.88089687349, -1.68454899748e-13
-0.499695099644, -4.01259706713, -4.88089685015, -5.05360388138e-13
-0.499695052144, -4.01259708005, -4.88089686766, 0.0
-0.499695077492, -4.01259702104, -4.88089684164, -1.3476244067e-12
-0.499695105738, -4.01259708411, -4.88089686345, -5.05363512548e-13
-0.499695084286, -4.01259709162, -4.88089685934, -1.68454383137e-13
-0.499695050518, -4.01259708016, -4.8808968561, -1.68453866367e-13
-0.499695048611, -4.01259707023, -4.88089685948, -1.68453748284e-13
-0.4996950686, -4.01259706505, -4.88089687042, -1.68453946987e-13
-0.499695164083, -4.01259713958, -4.88089687617, -3.20064650807e-12
-0.49969509071, -4.01259709178, -4.88089683446, -6.73814958668e-13
-0.499695072332, -4.0125970783, -4.88089688611, 0.0
-0.499695056967, -4.01259708027, -4.88089687291, 0.0
-0.499694934975, -4.01259706878, -4.88089686141, -4.37975984427e-12
-0.499695072023, -4.01259715265, -4.88089694585, -2.35836634484e-12
-0.499695068454, -4.012597117, -4.88089682661, -1.01072458881e-12
-0.499695086928, -4.01259746558, -4.88089682783, -3.73971713926e-11
-0.499695060099, -4.01259705502, -4.88089686207, -3.36907721459e-13
-0.499695066898, -4.01259710962, -4.8808968864, -1.68454702418e-13
-0.499695059715, -4.0125970999, -4.88089687481, 0.0
-0.499695068584, -4.01259707146, -4.88089688069, 0.0
-0.499695054395, -4.01259708633, -4.88089689775, -1.68455018954e-13
-0.499695057154, -4.01259707471, -4.8808968623, -1.68453986629e-13
-0.499695060714, -4.01259708048, -4.88089688021, 0.0
-0.499695054948, -4.01259708906, -4.88089689999, -1.68455087287e-13
-0.499695068582, -4.0125970673, -4.88089688069, 0.0
-0.49969438602, -4.01259709369, -4.88089688661, -1.16737276953e-10
-0.499694653402, -4.01259708322, -4.88089728928, -8.57421503875e-11
-0.499696433241, -4.01259707417, -4.88089686354, -4.73191770276e-10
-0.49969505316, -4.01259708897, -4.88089688984, 0.0
-0.499695068582, -4.0125970673, -4.88089688069, 0.0
-0.499695005121, -4.0125970686, -4.88089681698, -1.85298314127e-12
-0.499695077604, -4.01259709001, -4.88089688144, 0.0
-0.499695039707, -4.0125970828, -4.88089686944, -1.68454095551e-13
-0.499695053153, -4.01259708897, -4.88089689015, 0.0
-0.497346494662, -4.01259705085, -4.88089690688, -0.00139596516238
-0.499695085696, -4.01259703004, -4.88089687515, -8.42270500251e-13
-0.499695079831, -4.01259709001, -4.88089687645, 0.0
-0.49969509049, -4.01259709282, -4.88089704109, -6.90660403272e-12
-0.49969504223, -4.01259708125, -4.88089686735, -1.68453883175e-13
-0.499695068218, -4.01259706466, -4.880896868, -1.68453869374e-13
-0.499695061073, -4.01259708522, -4.88089686277, 0.0
-0.499695076057, -4.01259708567, -4.88089618416, -1.21792085429e-10
-0.499695055861, -4.01259708432, -4.88089686318, 0.0
-0.499695059213, -4.012597085, -4.88089686804, 0.0
-0.499695053887, -4.01259710374, -4.88089685994, -1.68454320792e-13
-0.49969506224, -4.01259710842, -4.88089686811, -1.68454621228e-13
-0.499695079053, -4.01259610354, -4.88089654323, -2.71881068601e-10
-0.499695057703, -4.01259708184, -4.88089686326, 0.0
-0.499695066539, -4.01259710688, -4.88089687396, -1.68454398037e-13
-0.49969505862, -4.01259709644, -4.88089727321, -3.95863994055e-11
-0.499695066459, -4.01259701264, -4.88089688221, -1.34762807144e-12
-0.499695089076, -4.01259708277, -4.88089688082, -1.68454987655e-13
-0.499695027985, -4.01259674635, -4.88089666358, -4.09340818653e-11
-0.499695039341, -4.01259707784, -4.8808968817, -1.68454289989e-13
-0.49969508171, -4.01259703563, -4.8808969053, -8.42271133571e-13
-0.499695059664, -4.01259708603, -4.88089686603, 0.0
-0.499695059251, -4.01259708494, -4.880896879, 0.0
-0.499695071774, -4.0125971011, -4.88089698262, -2.86372766845e-12
-0.499695038154, -4.01259617379, -4.88089688609, -2.1005756928e-10
-0.499695173206, -4.01259711256, -4.88089699486, -6.56972523956e-12
-0.499694944488, -4.01259707304, -4.88089690805, -4.04286584224e-12
-0.499695138804, -4.01259709469, -4.88089687413, -1.34764047275e-12
-0.499695063505, -4.01259711524, -4.88089643719, -4.93566149642e-11
-0.499695054943, -4.01259707373, -4.8808968647, -1.68454063707e-13
-0.499695058922, -4.01259708673, -4.88089688224, 0.0
-0.499695064285, -4.01259707703, -4.88089685926, -1.68454105679e-13
-0.499695099834, -4.01259713262, -4.88089686646, -8.42270858601e-13
-0.499695073555, -4.01259709361, -4.88089689347, -1.68455081307e-13
-0.499695094373, -4.01259706828, -4.88089682286, -1.01072065984e-12
-0.499695069458, -4.01259707488, -4.88089688996, 0.0
-0.499695098487, -4.01259707196, -4.88089707266, -9.93875324019e-12
-0.499695066494, -4.01259706948, -4.8808968598, -1.68453964674e-13
-0.499695056085, -4.01259707389, -4.88089687373, 0.0
-0.49969506781, -4.01259707495, -4.88089686429, 0.0
-0.4996950694, -4.01259707517, -4.88089689, 0.0
-0.499695067021, -4.01259720055, -4.88089688153, -3.36909967431e-12
-0.499695053721, -4.0125970831, -4.88089687941, 0.0
-0.499695048776, -4.01259709125, -4.88089687323, -1.684543852e-13
-0.499695065723, -4.01259739268, -4.88089689205, -2.40891257922e-11
-0.49969517115, -4.01259707843, -4.88089686161, -2.86373485423e-12
-0.499695064623, -4.01259709032, -4.88089687859, 0.0
-0.499695217859, -4.01259707831, -4.88089680979, -7.07510160376e-12
-0.499695058197, -4.01259708164, -4.880897007, -4.211346083e-12
-0.499695071408, -4.01259709935, -4.8808968843, 0.0
-0.499695132776, -4.01259710529, -4.88089687503, -1.17918470558e-12
-0.499695046262, -4.01259540632, -4.88089687725, -7.12547963011e-10
-0.499695047929, -4.01259708278, -4.88089688298, -1.6845431796e-13
-0.49969500866, -4.01259702541, -4.88089689091, -1.68453206703e-12
-0.499695094653, -4.01259710293, -4.88089688756, -3.36909834403e-13
-0.499695070449, -4.01259708422, -4.88089687509, 0.0
-0.499694981319, -4.01259693564, -4.88089687903, -7.41189712309e-12
-0.499695001737, -4.01259708349, -4.88089688375, -1.01072345685e-12
-0.499695067201, -4.01259709431, -4.88089689114, 0.0
-0.499695053652, -4.01259709425, -4.88089687907, 0.0
-0.499695079571, -4.01259708777, -4.88089687473, 0.0
-0.499695083431, -4.01259708535, -4.88089687695, 0.0
-0.499695049089, -4.01259706369, -4.8808965773, -2.30778820509e-11
-0.499695067201, -4.01259708917, -4.88089689104, 0.0
-0.499695077733, -4.01259709727, -4.88089687852, 0.0
-0.499695079588, -4.01259708776, -4.88089687472, 0.0
-0.499695047262, -4.01259709453, -4.88089688483, -1.68454557537e-13
-0.499695071048, -4.01259728319, -4.88089687582, -9.93886737593e-12
-0.499695108936, -4.01259708667, -4.88089604262, -1.76876373817e-10
-0.49969507025, -4.01259710117, -4.8808968793, 0.0
-0.499695081858, -4.01259708123, -4.88089689603, -1.68455050843e-13
-0.499695059616, -4.0125970839, -4.88089688061, 0.0
-2732.63188526, -2378.87654659, 2919.51424435, -1.93091874522e+24
-3775.49320899, 5414.78917653, 1481.67590443, -5.521740946e+25
4995.54430584, -1118.62889548, -3688.46457156, -1.32844689564e+26
1865.90273733, -5627.21273296, -1070.90662852, -4.89709848848e+25
582.029551526, 138.041957948, 977.513119788, -1.12098744396e+20
-3583.89650485, -1839.49613964, -2258.88725812, -1.18022645622e+25
-555.429730639, -222.381185347, 6574.47409463, -1.02126987228e+26
-777.796651515, 6344.9890561, 164.135027358, -1.58291090108e+26
6336.38060602, 2362.16550963, -901.318626409, -1.02989681964e+26
2441.22020791, -4024.47240381, 3451.60174821, -3.42543551081e+25
-329.108365058, -1581.95054307, 3234.58064109, -2.19045984364e+23
1013.98819435, -2244.34076957, 4822.69305819, -4.62831714968e+24
2255.44044898, -876.683816141, 4202.22664234, -6.99473402827e+24
5102.41164556, 1495.30815662, 324.241979018, -2.37852774733e+25
-4088.14691952, -4114.15161042, 1120.80627748, -2.03157245935e+25
2490.2392871, -3445.54792147, 4885.59805336, -3.88743966434e+25
6415.45866299, -928.476860494, 2807.27538553, -2.65138465499e+26
794.436148287, 3282.17928918, 3310.7738414, -1.43273157452e+24
-7748.79465501, 2025.71590992, -2165.77255365, -5.18270492729e+26
4083.71043474, -2184.76421693, 237.978615105, -1.2593085503e+24
-3427.5222752, -1980.63463994, 654.575717601, -1.17904498545e+24
83.2450604206, 1461.02527413, -2578.60235187, -4.06281106456e+22
-2993.687029, -839.537195005, 2548.25218043, -2.05844382471e+24
-4415.17948594, 3292.61885902, 4036.70558331, -2.11718682135e+26
3576.97745247, -3528.39500906, 6317.85105951, -2.33082147483e+26
2778.80844283, -4670.19577203, 6418.13101823, -3.12451136431e+26
4909.42433894, -338.753238229, -3196.21433291, -5.96303914285e+25
3025.51485096, -218.258132398, -4144.34638502, -3.31527912656e+25
2055.20009877, -1127.48640364, 500.185700806, -1.00693612241e+22
-5475.67147261, -1614.71935348, -59.5109491578, -3.66046331215e+25
1597.57167846, -61.4112919528, -695.694011423, -2.21531036222e+21
-1314.18359661, 2006.51215742, 3612.19206037, -6.0386315421e+24
-3369.87334353, -220.014872652, -468.86102955, -6.6378555237e+23
679.696266105, -2365.91980346, -692.534664455, -3.78026301964e+22
-44.4659852956, -2844.06019904, 488.139944906, -3.57925951924e+23
-1424.21592359, -2795.1948534, -1870.88615838, -2.58855785553e+23
-243.627572714, 6470.64121799, 341.719958762, -1.69682917161e+26
-1139.24097129, -1191.35806395, 2773.05446445, -1.92227327833e+23
-376.873750853, -2790.89404143, -4983.16916424, -1.98038857845e+25
-3026.7467863, 6084.8398247, 1924.66471633, -9.22120361804e+25
3125.70499456, 111.601084404, -2464.5472252, -2.88811137341e+24
-3130.4590337, 4185.73765241, 3187.04423166, -4.01952172703e+25
3359.22956786, -841.001223734, -2597.61046577, -6.85611321962e+24
576.196549681, -5244.51806204, 5834.96079927, -2.74631803476e+26
689.96516788, -2336.71815644, 257.149024944, -7.73781729912e+22
-2554.87283882, -7138.96339723, -959.394583812, -3.23354841331e+26
-1760.92239493, 1397.38346992, -210.874315076, -5.66917885485e+21
401.204274321, -386.69492504, 2826.52091552, -6.07092838721e+22
-5644.09847391, 3548.18591689, -3363.40668565, -1.6193139754e+26
370.430053867, 3872.33092956, 6485.42242615, -1.83054454336e+26
2306.70371893, -1185.2602885, -2600.12870535, -2.25269954517e+24
-2541.4090988, 7502.56772978, 4547.24967583, -4.75035760873e+26
3573.77983931, 2657.66956297, -7033.3945945, -5.19691804698e+26
-105.670664223, -6431.32175399, 3472.08007625, -4.83685862425e+26
2215.57925977, -2241.59124949, 6353.91083624, -6.21931266607e+25
2.17619911341, -159.236508449, 4909.66512064, -7.57303355989e+24
5223.04927188, -1831.46760736, -801.235824072, -9.20549032409e+24
-2935.44132559, 1772.76768505, 365.773014769, -1.28153854557e+23
5382.54451059, 6630.97581123, -1257.05701511, -5.1657560402e+26
3387.65871832, 1307.24306765, 2162.49740804, -6.57314959416e+24
-1681.20378306, -165.175905803, 2295.86575731, -2.51326732971e+23
59.6524516182, 2534.09465246, -3409.43303417, -1.18145703479e+24
5340.57757419, 7544.91432657, 5873.1736154, -2.96011407802e+27
3109.70606445, -1997.4440055, 1255.53690219, -6.5883197299e+23
-3310.77235713, 3847.48820878, 2018.43486985, -1.05371062051e+25
3977.3488818, -1981.19622766, 2176.47045903, -7.23990369954e+24
-2663.65406955, -970.459744374, -573.013214774, -2.37453859077e+23
3715.88403527, -1281.86805779, 98.7467608347, -4.95092064227e+23
6183.89808005, -440.656843038, 3129.54563713, -2.86773859997e+26
3470.91380247, 332.623737079, 6851.48967681, -3.66650990167e+26
1993.83975545, 239.105496796, 1390.82561295, -8.63800387264e+22
-1943.60389688, 2700.35542341, -2329.23513658, -1.70066911534e+24
-6797.26444343, 4561.38346944, -7142.72541055, -3.89567975412e+27
-6848.03079511, 2735.61102903, -1002.86670724, -9.33229473467e+25
1545.8623872, 780.412670562, 730.034382024, -8.51198205353e+21
-1241.29160404, -3588.53343183, 4691.04424454, -1.78265221187e+25
-431.241931427, 6436.55206953, 2619.84736843, -8.16540908019e+25
-857.996874089, 2705.53705981, -2635.01984921, -1.28553442907e+24
2152.858719, 2090.54994199, -5473.35757808, -4.32845898689e+25
-1178.44207757, -1364.00789051, -1421.80481801, -1.62440622275e+22
4024.60391678, 5488.56048698, 1527.22585425, -9.2021606618e+25
1556.65862991, 3237.14664383, -6201.10033724, -6.30308472265e+25
-4022.05596997, -5007.70503003, -5605.91819989, -5.15221117669e+26
-2693.81946447, -5934.18804336, 4622.46940544, -3.51628480017e+26
1414.80589793, 3245.92101166, 5961.72416442, -7.47067217531e+25
-5160.49843635, 1683.01464472, -6267.83980374, -7.76404739895e+26
-679.417410132, 3129.3154423, -2453.33987904, -2.70779627905e+24
3149.77255654, 243.736838301, -544.999415224, -2.02718247437e+23
4999.82843722, -1661.32609747, 2592.90730679, -4.22707256925e+25
5653.60461572, 3490.28703377, 2826.58427315, -3.52244973112e+26
5029.17595558, -3216.06115104, -2755.68792381, -9.11779096764e+25
-4335.16901196, 6075.35859896, 485.601857811, -1.76391439617e+26
2504.20448805, -2739.56891541, -3772.9913455, -2.9498261985e+25
7289.37819244, -4722.35911066, -32.5691103681, -1.81335188892e+26
-3915.35833915, 1549.23316996, 3636.19619179, -5.80578342605e+25
6272.55562266, 2322.27827636, -5150.56361519, -5.92440317369e+26
-7257.28145108, 1421.03483902, 5754.74586805, -3.3361824703e+27
3135.3171866, -147.172109832, 6585.22840403, -2.10849935626e+26
-783.578504504, 3155.66321044, -4528.96190616, -9.63833023442e+24
2166.75614853, 1818.31713165, 5171.31952415, -3.33176478643e+25
-4926.53809606, -230.516539689, -1919.03085166, -3.42339768056e+25
-5355.0618978, -3903.71329067, -1950.14165062, -1.90900405318e+26
6167.42224794, 3053.53857062, 4865.78507315, -1.46672565108e+27
-2616.36818403, 2416.88712143, 5132.22957279, -1.47613239053e+26
-550.154638944, -2511.68789047, 98.3006685539, -9.98836515898e+22
-985.590488222, -2378.40962514, -2014.42996991, -7.79707614102e+22
-3395.88632522, 4102.91387867, 5934.11367031, -7.82967844626e+26
4244.89446087, 5377.61757357, -7679.85022103, -1.15436868183e+27
-5736.68374654, -1426.82752346, 113.213875504, -4.4126359272e+25
7160.33731874, 704.618140904, -150.654370197, -1.82534301693e+26
-2268.46256943, -2621.98921008, 1256.31722137, -4.29018180341e+23
-3979.95152226, 1728.15394572, 913.232415564, -1.66783501018e+24
-2663.87677564, 2977.90442644, 951.145755682, -8.20345118518e+23
284.399465773, 6901.61882571, -4026.10889494, -9.12984125223e+26
6491.76452786, -1981.29406563, -3279.81226783, -3.44739315258e+26
305.132735343, -49.3587700107, 171.122515747, -1.13375986851e+16
1548.82532924, -2331.40613788, 4513.30512969, -5.16892670823e+24
-331.534885046, -658.365959478, 1686.82133555, -1.63320056328e+21
244.031362605, 932.189805491, -4970.57404409, -7.13177789501e+24
4192.68207847, 2027.39002597, -5751.79668593, -2.6190970445e+26
-1278.70472365, -5995.66055803, 180.371357379, -1.03716884107e+26
2978.42282006, -279.02885746, 926.585404964, -3.60185483333e+23
4876.013256, -5635.99798968, 674.562533678, -1.73064331972e+26
-2278.10301704, -850.149673132, -1493.56514973, -2.87409651959e+23
3387.25653511, 1216.3104252, 668.769699939, -1.51945930794e+24
-529.089720335, 59.5811771322, -2488.40271701, -2.71516923273e+22
-6091.70909948, -3471.42698394, -5359.37572697, -1.90768755843e+27
-2499.34965041, 2882.83382334, 7073.40548919, -1.0094202726e+27
-6902.83336296, 1241.09824046, -2553.24385008, -3.41185697567e+26
847.204312074, 1997.13161963, -2026.66948047, -8.88344157577e+22
2562.43652643, -5493.24813972, 1560.27526967, -1.18725157016e+26
32.4106097721, -457.482388396, -1453.87053952, -8.58875837194e+20
-5041.62514966, 2268.87535267, 388.698867655, -5.91859510628e+24
-1647.2248702, -1223.69806468, 2670.12729632, -3.15831326375e+23
6847.3718011, -2501.45910677, -4512.0445523, -1.3229998753e+27
-4179.32057588, 5522.52676131, 2180.04017336, -8.57648952641e+25
6045.26207396, -7346.15333092, 1968.26707548, -1.81128402034e+27
6152.56189535, 2587.01862245, -3652.30749622, -1.59191238543e+26
188.697022348, 4364.92274233, 6668.52607232, -2.69273808412e+26
5830.38786229, 3224.35396635, -264.586245809, -9.95414189159e+25
16.5686992352, 1405.20370312, 2906.86720024, -2.82451690366e+23
-3212.96448909, 1622.09498003, 4489.13604434, -8.93207129215e+25
1845.2705022, -1584.34185983, 437.850804785, -1.55255173729e+22
-6017.75729751, 1968.89586948, -3835.98052994, -3.10607441714e+26
7331.29823032, 4556.93283757, -5766.00538924, -1.43234048241e+27
2407.03113653, 1481.58795835, -1114.90747181, -7.05026941037e+22
-1693.70261388, 385.603623022, 5304.29613961, -5.28596881289e+25
-573.837862762, 393.282111681, 802.944815404, -1.09895913865e+20
648.360101865, -1192.4472413, -1141.42787232, -2.28394452898e+21
-86.4534105456, 5403.52933096, 1787.0577419, -2.28008466679e+25
-829.72952757, 901.137053094, 1842.9037447, -3.41340588883e+22
-4065.27154576, 2321.68428246, 5452.69417057, -5.07954496309e+26
4582.57098696, 2345.25523634, -4988.65900643, -1.50744233933e+26
-5684.94248398, -1195.20272347, 338.757652264, -3.42004220393e+25
-2847.07056755, 2654.0991113, -6991.41087508, -1.84324736899e+26
2937.33587314, 4174.81833178, -978.103622683, -1.05577404385e+25
3130.38966883, 17.2201631897, 950.161241177, -6.0845169972e+23
-281.715145577, -2471.14060408, -2039.63279792, -5.40256322517e+22
2989.95632549, 1875.03605443, -5623.898957, -1.01965577737e+26
4062.0165391, -2842.34484203, 324.197864072, -2.40724157059e+24
1909.32174756, -410.818917904, 1276.40881667, -3.95476002746e+22
2621.79727662, 564.128134637, 4591.3528254, -2.27873211003e+25
4252.10229889, 58.6323830132, -4358.83201725, -1.08838932642e+26
746.85169213, 4230.96671546, -2801.02639491, -1.99626273505e+25
717.124810543, -5173.55789942, -1060.38575425, -2.14950770883e+25
1320.89872669, 4896.25992124, -1844.71071521, -3.84238081524e+25
-2576.75085901, -2822.36530057, -220.604616992, -8.51272198197e+23
429.503838514, 2265.21887137, 127.235511045, -3.67710587782e+22
-4291.6799197, -504.865905889, 1986.8044441, -5.85977056123e+24
-1662.28522068, -1062.47477708, -2029.81502631, -1.72522004541e+23
-55.8843792282, -1952.02374564, 2769.47327202, -1.69840358334e+23
-1713.91040899, 3270.18500664, 2589.82060106, -2.91756310133e+24
-1174.38823382, -4461.69112959, -2746.18707031, -3.88884106748e+24
997.095145488, 1287.37514581, 3211.41181974, -5.06421451525e+23
-178.633832366, -7722.44727034, -3628.54593146, -3.07543058264e+26
6127.85519896, -3916.2774702, 2814.48592602, -1.85447426227e+26
-554.086993233, -5921.7118094, 102.395497181, -9.25097002714e+25
-170.896991492, -4756.07832864, 2034.85394603, -3.50636580323e+25
5182.24913006, 6488.95828168, -7134.83599808, -1.81635434806e+27
-2816.99975742, 937.682346936, -2202.78594562, -1.2815960674e+24
3747.89855058, -5508.5555604, 2551.51403807, -2.18524342908e+26
4113.01193916, 5269.42197952, 2979.23149807, -1.39725859803e+26
609.156498398, -1184.56731198, -1209.68780004, -2.71082010341e+21
-2621.66062797, -5454.16114974, -616.08727788, -4.33818995461e+25
160.165574669, 5155.37305624, -655.159591688, -3.83786993555e+25
-157.291848072, 3770.06052054, -6526.72016549, -7.13885036668e+25
-2145.71641555, 507.443250322, -200.7361977, -8.50491577774e+21
-1259.82694558, 2681.01585032, -7552.68183752, -1.25050949969e+26
3578.70092569, 2132.74538536, -3386.33831617, -9.85799523252e+24
1004.43833759, -4042.20715209, 2393.27168993, -1.50951522089e+25
701.578319838, 4775.42254576, 4785.2921693, -2.81967225454e+25
6798.86380759, 1356.53075962, -4218.8675499, -4.86780225139e+26
-490.759730476, -972.352907872, -743.368335168, -7.13269414498e+19
6053.93616583, 2210.48581456, -2375.30107547, -7.02911616761e+25
-17.6294553609, 5036.71032184, 86.0921086552, -2.43092698709e+25
4167.99787183, 1553.31125179, 2115.83168182, -2.19521182257e+25
-9.20011937161, 431.937521935, 2265.81620576, -2.39721185056e+22
-2699.80707517, -256.185457632, 1105.17664637, -1.12472772167e+23
997.330864469, 7107.83908792, -2044.784376, -6.58118896445e+26
-2967.71142092, 7970.16730424, 1754.9234197, -7.80704401836e+26
4357.41420051, -2903.05581042, -2968.86220033, -5.91707631732e+25
636.486683589, 3730.10616689, -1423.8787622, -4.46528661196e+24
-2260.69793741, 115.737576375, -4184.84029455, -7.97902450658e+24
1130.91421959, 311.443917712, -2466.48816082, -1.42759512015e+23
-1222.25597709, -1928.74146825, -6223.36728987, -6.98239474765e+25
4017.06033522, 1048.13420059, -5434.6871765, -2.15345623272e+26
4368.16454448, 4152.16472225, 4267.14785636, -2.59346249204e+26
-887.977527988, 5311.43107659, 565.207906622, -3.31095594535e+25
-4258.90925873, 4302.40895656, 1329.78604018, -2.06935863522e+25
1649.64565247, 5739.72706761, 295.065159471, -6.36060455501e+25
-2361.10113861, 3822.0371251, -2714.03838389, -1.75392648033e+25
3813.53095523, -2958.4716417, 1954.96377015, -7.59325998637e+24
-1276.50944586, -4268.61909085, -3004.06420832, -3.3575112132e+24
2791.44145803, 620.811726603, -1979.86327628, -6.11785294919e+23
-538.115639636, -2227.95334972, -5232.30403071, -2.22334721488e+25
1924.62678926, -4876.48068809, 3775.14506623, -1.06811989062e+26
2383.51206419, 4291.3936791, -4780.43411932, -5.26805728994e+25
-2240.0968814, -962.496265578, 105.466165925, -3.4733279853e+22
3329.10632389, -396.331723241, 2065.20842469, -3.045029747e+24
-5497.1196074, 246.15806856, -3148.48454335, -1.50677703764e+26
4383.53247299, -7535.23743865, 3367.8333131, -2.3061551805e+27
-3870.52560212, 6368.91991606, 7680.31044498, -5.89432290791e+27
2896.20588063, 703.328675245, -1236.68396782, -2.03967274997e+23
-4593.78694205, -4951.34716165, 1314.95822239, -7.15604887803e+25
5366.10608482, 6920.60918742, -3645.7807275, -9.34445434345e+26
-2576.85063087, 1760.11027155, -1994.36318602, -6.44579808628e+23
1210.8167772, 2489.77766692, 3634.42521744, -2.14132684523e+24
3200.74856983, -4324.42861651, 2984.26252218, -5.32234181307e+25
1195.60955701, -4049.81516259, 3531.22865667, -2.62511108939e+25
5495.84053066, -714.509994282, 231.878311007, -1.60923831036e+25
-282.172233366, -5026.28470156, 7300.00802763, -3.52705491837e+26
14.3466719106, 843.315324759, -573.15359039, -5.50383586338e+19
594.820418997, -813.314878017, -138.515049269, -1.60146179106e+19
2153.80251334, 6641.16961378, 2027.57007473, -1.3429868022e+26
-6527.44147473, 3263.77228307, -1350.20400323, -8.40802383112e+25
-3690.43181042, -1339.42494595, 419.858061985, -1.39823087582e+24
-4146.2641028, -2307.90321131, 5766.96867955, -2.41621577593e+26
4982.3338745, 2560.59242933, -6597.59279584, -8.2969719366e+26
-6193.57477258, 5875.697425, -1874.24808265, -4.9498676743e+26
-2907.56637005, 851.137100854, 2877.73977462, -6.28100830573e+24
-568.254359839, -4304.08387009, 3963.84925576, -3.59874287223e+25
2582.44751137, 532.926153469, 3599.92008714, -7.28950807797e+24
3096.27122201, -156.304526753, -2676.36601149, -4.35842999031e+24
-5586.34148472, -958.94683978, 4075.80480416, -1.85377011562e+26
152.328985737, 7514.9937396, -2283.52189928, -1.09541075666e+27
1011.49300099, 3233.8032652, 5975.61761807, -7.39590745311e+25
-2322.93061045, 1281.53059375, 3006.63728238, -4.7573648816e+24
-1858.70929927, 779.706458285, -2231.82903418, -2.01621304554e+23
-3221.56280185, -486.561063542, -268.24059347, -4.63064618231e+23
248.885058172, -3125.78010105, -1250.09664153, -2.55457558692e+23
-3455.94127808, -556.916027796, 4875.8973292, -8.98943355834e+25
-1864.3765143, -3429.45230472, 2211.87538226, -3.53183204121e+24
5702.93676833, -2910.34257544, 3455.9806854, -1.66506497288e+26
2864.85017833, 5219.98155008, 5066.05901037, -1.30833978886e+26
247.376180133, 1056.2392492, -743.70972425, -3.21076041309e+20
-4099.09634777, -511.078255322, 220.144902963, -2.0765083994e+24
-605.779977243, -62.5958096022, -6492.78301112, -6.12563260137e+25
-1493.54076486, 2144.04541461, 2837.33798535, -2.00055134447e+24
-4295.56874466, 6844.12995125, -2858.0162931, -1.07207941808e+27
-2740.29293571, -655.562568526, 806.764777396, -9.12602047678e+22
-4688.8532785, -4488.7433885, 2178.65271529, -4.99110574603e+25
5249.7005153, 1227.20224822, -1394.79239002, -1.60075110723e+25
-5836.98406609, -7172.38494798, 1966.88783178, -1.02188888235e+27
6056.36265003, -5837.97322997, -3098.81201288, -5.85399850176e+26
-2939.7140579, -2049.82261126, -1990.87282131, -3.53170546721e+24
319.600359273, -16.7658096876, 874.183524824, -1.1530767252e+19
4479.62902237, 1967.75211734, -388.660724637, -8.36519494962e+24
-1096.40926135, -2569.67877119, -4801.27739658, -1.2733161288e+25
-3234.69792464, -841.034779921, 3242.17304168, -8.21842705799e+24
-2030.3803805, -3453.72535874, 5033.26132424, -2.59065121037e+25
-1913.91333179, -979.322103179, -1357.37579452, -1.00011394629e+23
-3399.45519777, 1823.81230488, 1196.47869244, -1.13296200313e+24
3729.11142525, 1160.27511103, 618.42995139, -2.70451481329e+24
-3625.4870817, -2938.70170506, -1592.32486901, -1.17802005845e+25
-830.044984965, 294.348554502, -1087.56938176, -4.68468130273e+20
2800.87671382, -3975.94711358, -224.2065372, -6.04035063126e+24
-1197.54066379, -465.511959188, -1313.15509946, -7.12462558269e+21
4040.71730731, 2215.480896, -26.9700739866, -5.66897582294e+24
1730.978113, -3779.8676961, -4416.89316761, -5.04708158426e+25
-5233.74108177, 6617.55678945, 2219.11937661, -3.6420364797e+26
-2029.97736648, 2069.99605222, -1311.79457758, -2.00926370036e+23
934.603650716, -3582.97506833, 4086.01315242, -1.53548221016e+25
-1669.03125832, 3441.57846217, 1679.62718775, -1.03264085352e+24
2992.9983859, 1017.91896856, -7191.62643499, -6.17522903164e+26
-690.30111975, 4363.62190918, 1990.41202396, -3.63322005949e+24
790.993127521, 258.005085364, 2406.98793153, -3.68955948288e+22
-5211.53307824, 2981.09340518, -2323.52641119, -4.29362719956e+25
-2581.50512489, 685.967640078, 417.089602756, -3.190435976e+22
5199.5931037, 5274.46918586, 1343.92561875, -2.24625478261e+26
6339.14365893, 3431.91054407, -95.0098295522, -2.01010706227e+26
6945.18612227, -1640.61168847, -3643.71037029, -5.98977677679e+26
2257.99023121, -3594.38476167, -609.085980842, -1.99470012231e+24
-4884.5697251, 6541.48304358, -5182.35699239, -1.82082535041e+27
1522.19196538, -1697.31151748, 1314.01959628, -4.62871288581e+22
-4153.14034913, -539.757462429, -976.237691458, -5.62552109727e+24
-2248.977199, -2398.09581987, -2415.5976643, -1.8655117081e+24
-2441.18880855, 1831.59076743, 4241.16556543, -3.82945929106e+25
1410.1205931, -1700.12662071, 749.328212886, -2.09974772772e+22
405.063453433, 4281.22141558, 329.276805505, -5.77275358081e+24
2393.23333484, -237.189652284, -6375.87229484, -2.67574142928e+26
-4594.99358651, 4617.71991303, 2193.80024364, -6.1418092194e+25
618.600857771, -1271.28280031, 58.7541907653, -6.11948074481e+20
-1249.2482061, -1539.38827232, 1325.11968725, -1.01876967493e+22
-5181.18391007, -4475.85266209, -3381.94100157, -3.84955030332e+26
-163.757370303, 5970.06752513, 2319.45969423, -4.55293560225e+25
-1373.33834652, -4681.33765192, -3644.27593501, -8.58175216579e+24
57.0189144064, 4589.91463342, 1202.32262889, -7.04957015226e+24
-3974.95349815, 295.377606258, 3003.53202558, -1.9128922702e+25
-6954.29812249, -4867.00465254, 1062.63576694, -5.05438149894e+26
1983.20823607, -10.9441259442, -777.287061737, -9.58280405276e+21
-6653.41395414, -3737.17257746, 5388.7486755, -7.48917817455e+26
-1346.14658823, 3398.14747304, -2607.66709255, -5.92957852194e+24
-4113.5291752, -425.94889327, 4012.35334111, -5.95906983921e+25
2931.73160669, -2708.91201055, -5474.42391626, -2.78704842908e+26
3710.47949967, 6989.34088022, 1522.75667748, -3.09003715474e+26
-2562.53399336, -482.984486303, 5432.84716042, -8.91331900702e+25
4329.12270356, -7340.65355529, -1858.2748698, -5.11264663939e+26
3368.51314095, 1954.80530991, 2605.84022107, -1.21446404457e+25
-1449.27865445, 865.512397349, -2445.46233596, -1.17375743803e+23
-3313.44876928, 948.587473148, 4248.67737374, -6.02331079709e+25
2306.12158695, 4734.39913625, 4.1985006845, -1.64643758728e+25
1540.51237516, 6807.10355398, -7666.1126191, -1.99177863972e+27
-2948.47766882, 607.427781317, -3670.85678307, -1.03822943444e+25
1683.17292615, 3692.10871325, -2354.57473464, -6.23823589324e+24
-5287.82225204, 1721.10817956, 3214.68386704, -1.20527241062e+26
-2880.50383083, -27.2277886758, 2431.01672283, -2.04262669762e+24
218.815008932, 316.478386779, -34.4521501516, -1.00046943437e+16
1840.45627597, 788.494396522, -433.783708075, -5.30700498862e+21
-461.978504262, -4515.65871266, -1789.8376149, -4.7194298877e+24
3264.57333746, 2668.95759207, 2118.49886445, -8.84671966817e+24
1566.04928853, 4928.86033471, 1887.96786853, -1.09758432307e+25
-3335.75019943, -3082.01886613, 937.476407072, -2.79033365156e+24
5684.00485946, -3974.32726978, -3237.78127368, -2.96060510155e+26
4539.13369656, -4880.33270242, 3426.73730831, -1.98848033881e+26
-3968.70646311, -2639.21194215, 3450.24769296, -1.52089193178e+25
-4796.14460932, -3234.92487849, -5284.55473818, -6.02606332262e+26
264.367485935, 2278.24288718, 7014.45996801, -2.26023377852e+26
2215.28618644, -6920.99082582, -1272.45866563, -2.5747745006e+26
3565.83631764, -2643.88658754, -1008.91307928, -1.79312860569e+24
-3862.8846813, 1223.6995746, 27.4587460611, -6.5226248348e+23
-5259.93510163, 3797.02275308, 4138.77799972, -4.71335231032e+26
-1069.83438705, 5512.75316909, -488.992500473, -6.72042423477e+25
-3739.20472903, -2548.51278792, 7517.29407042, -9.00006805257e+26
2389.15427546, 3434.33910228, -3152.19332855, -6.30512603551e+24
4168.2868331, 1680.07448495, 1449.4233497, -1.37336207559e+25
-1796.58425604, 134.102723197, -3148.86527216, -9.59484392306e+23
-1635.07424785, 1699.03700669, -700.767944846, -2.51200798585e+22
-2219.48348458, -117.326502782, 1261.43728451, -5.60315618548e+22
1375.7275571, -3410.32966045, 2730.61503677, -6.45650673465e+24
3824.07512492, 4916.04163113, 3746.5053224, -1.33104803623e+26
3838.11780083, -5332.26656633, -1851.92310959, -5.33233138322e+25
-241.797208885, -2509.43030467, 110.973007376, -1.0104676123e+23
5245.17125351, 4445.20228897, 2525.11911223, -2.66936060542e+26
-1308.40707391, -1337.83959684, -4963.12261584, -1.18756225307e+25
-1600.02740297, 5812.61906671, -5095.21721711, -4.71919807575e+26
-169.894943214, -5392.77225466, 2353.64241543, -9.74965736557e+25
-2014.04953167, -3941.70835933, -326.227851831, -3.49261851111e+24
2289.12106795, -2822.20409313, 2085.16005192, -2.15894301198e+24
-3075.27644696, -4632.86997007, 4574.70021017, -7.8452107262e+25
644.001821126, -7913.06385849, 243.906675346, -1.01530107328e+27
-2405.12536792, 87.3898427829, -5018.28583485, -2.44425084864e+25
-3926.54544709, -964.460441125, 3819.4879445, -3.42356324331e+25
-4660.08164386, -4287.45649003, -3188.68275094, -1.93862153748e+26
7503.7243492, -5794.17044834, -3299.16079404, -1.58156896386e+27
3804.88917221, 6199.9304191, -3797.20731003, -3.91241112524e+26
-3019.21342252, -1704.35775131, 3635.75315891, -8.56293742531e+24
357.498741956, 1984.80752646, -3989.94318726, -1.13655700991e+24
3818.94118486, 2821.48394112, 2592.36646205, -3.03044845689e+25
6221.42443533, -3420.38643986, -2274.25832866, -1.59102616193e+26
-739.219000344, 3982.2189082, 1438.35853598, -2.02405247652e+24
-2340.91457574, -5040.60712585, 1760.26556546, -4.66922304811e+25
5838.36085784, 385.893110546, 1965.3822903, -1.11726874731e+26
-5639.89016683, 2650.17521499, -4405.46252019, -3.11240544425e+26
5970.48568573, 5439.73986738, 1607.19871704, -5.36352066764e+26
2917.52326185, -811.338790801, 1136.7382057, -3.36590732138e+23
-479.491615592, 3374.99538597, -2223.78903045, -3.76759587897e+24
-2105.80965008, 2473.10802093, -486.931179904, -2.74401995714e+23
-2338.64811742, -5449.40554773, -1004.90988466, -3.67347413882e+25
257.574286557, -765.635858549, -2900.0904873, -2.47416812573e+23
3265.42602372, 2789.86512948, 3112.33965003, -2.14539752083e+25
-3524.65817958, 2216.20516679, -2368.33584087, -5.03234932057e+24
-6896.58392232, -1457.84147123, -3607.63000098, -1.04543753077e+27
-6854.13464893, -2331.38325474, 741.385193384, -1.891864254e+26
-3853.85211413, 6467.0034609, 2083.15265729, -1.81256165821e+26
-2712.23183794, -2841.91648619, -5559.73929595, -9.90716570991e+25
2551.87872446, -596.995762753, 1142.96736783, -1.56475877436e+23
-312.312377447, -1770.40152071, 4334.01120978, -1.97354421648e+24
3442.9379231, 3647.41834292, 3164.6521648, -3.74828705717e+25
3566.77720816, 5724.87954886, -4298.42709563, -2.61482895644e+26
1836.65135493, -3613.7490433, 5861.2863157, -5.94379100647e+25
-4502.39625903, 2454.41689893, 6742.98488634, -1.96747441497e+27
1635.07772293, 5879.49263192, 1240.43051859, -5.76437885643e+25
1083.94965545, -12.9680172069, -2012.459521, -4.69218723171e+22
-2001.5506583, 5057.53747913, 982.535440536, -2.20875129022e+25
-3516.09162761, 2365.12051771, 4765.32620831, -1.83827408414e+26
527.219017201, 1674.02228188, -1910.584527, -2.74676962017e+22
3913.61365255, 2344.60956694, -409.723816262, -4.13428869132e+24
183.122247968, -2329.52805777, -7061.84288903, -2.82778915075e+26
3833.75442761, 3052.95218577, -2534.52225849, -6.50471260163e+24
-1297.85487887, 2511.20266324, 1080.06219111, -8.22901698692e+22
4228.55791145, -6539.38986638, 1184.71937404, -4.76644433865e+26
-4845.37291806, 2139.78577152, 947.359909697, -6.79553802157e+24
-4320.96127595, -2123.70124981, 5340.24116972, -1.86345141456e+26
4043.7129344, -720.049092242, 1933.17532934, -7.53803183525e+24
3551.88296419, 6930.17212867, 1551.2326945, -2.75894079101e+26
145.425924845, -3275.81668867, -1228.03885939, -3.8330501637e+23
722.833571561, 391.373533149, 1160.2063479, -6.10927077006e+20
5601.79839471, 319.520320831, 4764.44042872, -5.49721996487e+26
-5394.0478695, 352.44096515, 6157.66088184, -1.33125937649e+27
126.979497881, 3240.37536171, -4705.42541038, -1.05565024983e+25
2057.99509325, -1646.96716279, -3938.63854533, -1.71974789484e+25
6586.64800072, 2136.549541, 2014.47502678, -4.07313598833e+26
-4845.90904132, 2179.67851971, 2896.76991143, -6.72897183134e+25
1625.99327323, -5487.34666027, -4633.35867853, -1.08915358329e+26
-3918.96149206, -1273.95612257, 3347.12866249, -1.70767315736e+25
-1058.2824908, 1363.43357227, -3126.57405658, -2.18431183801e+23
-450.333227306, 2884.38782975, -5631.18922799, -1.58175484128e+25
336.224009859, 6501.01478055, 5508.82732347, -1.55364170071e+26
-6020.18554749, 4841.4050731, 3293.63446789, -4.88604081921e+26
4482.365042, 1518.51414277, 1572.27375239, -2.22172871942e+25
4799.3767375, 1391.89169402, 585.786486139, -1.70950648363e+25
-5375.62181119, 447.628921847, 3722.07271808, -1.55833031127e+26
-5595.86104555, 548.103906114, -944.791995039, -3.10980203862e+25
121.755849753, 2247.56167459, 388.711396644, -2.77526305713e+22
-5242.94441752, 4078.92279683, 5318.44210151, -1.3270279285e+27
5885.06606238, 695.939520896, 3232.68470643, -2.87186414846e+26
-190.514333347, -3054.20730293, 3157.50342151, -2.88499437815e+24
639.473039404, 1327.30740402, 1377.59611085, -2.23861616571e+21
-2506.77263167, 397.669349404, -6052.18672797, -7.27696645299e+25
-2199.11990279, 248.808640546, -3254.21677257, -2.16938596162e+24
-3576.3070314, 2978.04445424, 4148.26392748, -1.17741552824e+26
-686.963172052, 4690.85476045, 3322.31862863, -9.42235194295e+24
-244.692337414, 1733.64011708, -3952.36298822, -7.35530334347e+23
-469.058025239, -2385.56728288, -6243.51169138, -8.92309254466e+25
1530.57146881, -5990.8644226, -2161.7432401, -5.58766750602e+25
1798.99991303, 1326.92557089, -1093.64668747, -1.16195614247e+22
4289.68702059, -5095.51187671, -932.470299285, -4.80853095475e+25
799.018686245, -2333.85195857, 1771.46553113, -2.71350406845e+23
345.364893963, 1837.56476911, -240.619869151, -9.80478002713e+21
6868.46783039, 1037.54968342, -5221.71797222, -1.16990175695e+27
-375.858493385, -3065.33582712, -1398.85567779, -1.92385283403e+23
-2125.10093403, -1078.5274568, 1326.00876686, -3.56154939805e+22
2685.24123838, 941.460082292, -455.631637035, -9.76723252849e+22
-3298.79028693, 3196.82362817, 4571.1237264, -1.60137020044e+26
-683.425537514, 718.175862292, -2930.44491978, -7.84944698015e+22
-227.419505258, -32.6168464992, 457.33566464, -2.63008536152e+17
5595.65457376, -1919.56806208, 364.024997848, -1.44089746136e+25
-379.766746361, 4236.80622303, -1046.79097823, -1.05392313002e+25
247.349042139, -2417.99270078, -382.208557573, -5.29280147564e+22
-851.825447509, 5698.80114337, -3082.82867527, -2.01873980355e+26
2867.06097397, 5902.13622584, 280.995124376, -8.97177084718e+25
5500.093697, 1568.47565152, -1939.02630353, -2.80156959734e+25
2499.32341805, 6417.12683524, 4733.7889194, -1.33635550333e+26
4127.66001018, 2118.12566327, -956.522824514, -4.17798333153e+24
-477.267872419, -1174.39867166, 437.783802547, -4.15952735246e+20
3887.89946735, 3628.16426427, 1611.25895107, -2.4415550696e+25
-3346.97856586, -5680.3998135, 3481.33559304, -1.92388416651e+26
-2415.25934805, 6335.01282026, -2879.14223692, -4.78515866836e+26
1062.20684904, -2000.46702383, -544.308505376, -1.37142554181e+22
-886.979361568, -2852.29484004, -3116.42834734, -7.86922791591e+23
-3335.04706807, -240.094185277, -553.902037449, -6.80640122797e+23
-2334.73631086, 469.44639256, -592.310186104, -3.42041158042e+22
6807.51135352, -1996.96226878, -6616.52044365, -5.25183892735e+27
-5320.85069309, 745.380963507, 1543.71843085, -1.69867239933e+25
6134.53597714, -3697.72674633, 2112.80300921, -1.08512638212e+26
3366.17437058, 5393.17791424, 1022.92836359, -5.05801480435e+25
-666.321821732, -271.650523016, -153.356586854, -4.17017742939e+18
-3845.95742041, -617.656040535, 1510.87350764, -1.7321754085e+24
4538.2949123, -1109.38707729, 4507.91566286, -1.35733380511e+26
-346.578938878, 2834.97442221, 3096.70064707, -1.33652213394e+24
-856.926140827, -687.499111361, -3403.88741925, -5.10793723338e+23
-3808.00893264, -5206.46221451, 1741.76495803, -7.17361812645e+25
1096.70618652, 315.530980081, -2164.23901454, -5.89068821122e+22
3079.78715042, -3828.78805315, 3562.61584342, -3.65924116944e+25
-2892.551994, -4858.7109925, -1848.85051952, -2.06692241556e+25
-2043.19384598, -2496.69562807, 1288.3828313, -2.79471078429e+23
-381.077730263, -111.748240088, -2467.90311997, -2.68893309017e+22
-204.275953514, -6233.69739617, -6.48401380312, -1.36263708102e+26
2717.42857348, 1758.34832819, 7145.10007443, -3.2711972623e+26
2163.56146162, -78.2765723627, -1952.61043199, -2.92958038882e+23
-2742.94201057, 2733.3189126, -3212.94090267, -6.75499356108e+24
-2621.30316257, -3302.71224379, -1084.07631121, -2.25696376788e+24
1093.18089643, 131.864101487, 2809.97131956, -1.5636862809e+23
3239.42186752, -1001.95702285, 4536.33374221, -3.42291969553e+25
-3030.49251017, -71.7478287388, -4345.53398854, -2.65229812601e+25
-2271.51022789, 2104.44943214, -3184.21722331, -2.30036397785e+24
-253.153000428, 5855.85640903, -234.917691795, -9.20083539011e+25
4693.16819997, 2732.2609515, 5113.44796353, -4.52306957536e+26
-3010.2926254, 2579.36378465, 3609.51141071, -3.5282140148e+25
4189.41711409, 2113.19164454, -1367.68782522, -4.34349573614e+24
-3979.81238152, -3649.3389569, 1161.36593995, -1.10853670791e+25
3907.37149646, 2074.3595249, 1513.5433749, -1.14848108643e+25
2143.32961063, -233.506367553, -1369.93071643, -7.81408722386e+22
-6125.07087458, -6849.95293117, 1360.00674125, -8.55227870515e+26
-5064.23565144, -2678.13783719, -5606.11145814, -8.39442121347e+26
-6225.2807763, -568.903272809, 997.895021353, -4.80888161771e+25
-3861.51153417, -7072.5646137, -1379.84141456, -3.57563975619e+26
-5140.65099875, 1489.98813443, 869.517020178, -8.22570065006e+24
-1020.49480936, 5419.65329379, 3334.31396539, -2.40854632617e+25
4414.83764949, -2215.04939455, 237.216010454, -2.18095709991e+24
-7389.02726447, 3891.63241056, 4720.71811849, -2.70805003336e+27
-2061.14825174, 2204.75339748, -3963.85109717, -4.50777663465e+24
5527.88914957, -661.419459146, -252.525142334, -1.41207518817e+25
-421.404810925, 1056.74683404, -6925.54748725, -8.04781639845e+25
-3191.06686557, -5457.84608322, 5284.91939087, -2.64955343467e+26
-3860.3567863, 3440.9099854, -320.650230605, -5.08168303073e+24
-3723.25765675, -3203.31253776, 2735.5002406, -7.42570969629e+24
183.367734303, -6253.9071763, -2673.07124923, -6.15952885946e+25
4292.51469968, -1872.69585588, -448.966583051, -1.74490250429e+24
1071.15579931, -1436.80510008, 2834.72386564, -1.40852902418e+23
-2250.3715535, 3085.63209386, 373.689411218, -7.52999495822e+23
2114.96185436, 950.175095977, 4049.67390255, -7.10613896333e+24
-2657.31154526, -930.536839561, 1298.66391881, -1.26868611214e+23
-344.924181659, 1556.32905518, -395.666576235, -3.85068374086e+21
3664.89789785, -4027.02487844, 3953.58355589, -7.59698710156e+25
-518.690175516, -555.534322909, -3445.22221462, -4.75726331955e+23
1640.66695292, -5605.04466562, -4771.87536471, -1.32628439452e+26
4154.35280689, 635.476397588, -6930.64452208, -1.01837196408e+27
-4921.00297011, 6400.4139461, -4300.03426235, -1.2446648509e+27
4276.33369169, 571.44676611, -5536.16348727, -3.19228435679e+26
-4851.15490463, -1833.74282886, 3253.71185295, -3.50089721379e+25
6865.92982427, 499.052926976, 2093.3987247, -3.66172691542e+26
122.223581054, 592.137403469, 3635.73061016, -8.99754107784e+23
5106.58090473, 3309.71063798, -384.071077504, -4.17307475023e+25
2711.81883995, 5779.88330515, -7754.5852191, -9.61503914266e+26
-2675.84546975, -4262.91153993, -2038.34087022, -9.46807886427e+24
-3729.28988276, -2451.20539507, 5796.03708398, -1.80727819607e+26
-2058.29339104, 2798.43324546, -1442.33134744, -1.16856705176e+24
-4367.41248872, -7998.81209715, 1685.87511489, -1.56481007313e+27
3075.60054738, -793.215294679, 934.844050729, -3.57466724296e+23
-1241.59995529, 1134.5923861, 5776.83228303, -8.68830981889e+25
-2800.64600584, -6460.59038768, -1040.4954174, -1.48843947607e+26
299.282070614, 1366.49572772, 6450.73734769, -9.29595761342e+25
-5004.94948832, -2271.02878022, 1981.04839291, -1.70512927906e+25
-4532.61388392, -6356.16801739, 689.693299834, -2.76710671224e+26
-878.176850522, 2465.77855337, 2817.70993409, -1.10461958938e+24
5044.65638917, 4547.39251332, 4962.44809268, -7.94827252107e+26
-1248.88882646, 711.791107072, 2984.95244947, -9.99701975845e+23
4324.060938, 1518.01363097, 1230.31825701, -1.3774818687e+25
2298.15977893, -2158.98235869, -7705.23645852, -1.34123859691e+27
3216.43702413, -5855.25513343, -4342.88872465, -2.59628281246e+26
358.163408478, 1712.21580934, -1252.70374365, -1.60891004447e+22
1842.66759735, 1367.35208564, 328.10381732, -2.48776449554e+22
3651.07035023, 933.496455092, -346.085899958, -1.02692264636e+24
-354.088238999, -967.796254703, -3725.85125228, -1.11465093408e+24
-1116.31987837, 3745.04747754, 901.734092022, -1.67458766651e+24
-526.519710551, 2218.3139392, -2126.92707715, -2.38769976242e+23
-923.622521615, 1192.89164547, 385.002312137, -3.83351049134e+20
-6171.4708372, 7673.58806424, -952.857875476, -1.8979062908e+27
35.289552256, -99.9659809533, 6458.87858645, -6.89497226273e+25
-2373.11106409, 951.705707734, 33.2431987809, -1.28391266389e+22
-360.634812495, -4320.51212515, -4324.41125019, -1.35627424895e+25
-1418.98318058, -983.308127912, 5039.88520149, -1.93242422206e+25
-3806.57551753, -2426.93780273, -2285.03980561, -2.05805126566e+25
-4253.34040786, 4230.19273771, 5668.09459414, -1.03852471035e+27
-1147.63549021, -5901.35347081, 3242.71626665, -2.33455403288e+26
-610.399551428, 5640.44183484, -2148.82941784, -1.35098182526e+26
948.023345428, -3856.03674104, -515.306051421, -2.50798484239e+24
5648.17209167, -2972.22477481, -1965.37576683, -6.37969169231e+25
-6551.76918441, 1908.4371567, -2179.88142473, -1.662013741e+26
379.897507748, -3396.22598141, -3099.24708081, -1.9040619695e+24
-2144.60053829, 5783.60765977, 6099.91964337, -6.72710717837e+26
3775.07080836, -268.443789529, 452.790328284, -1.1647347298e+24
1422.82194418, 7853.20811576, 4938.12496709, -3.24710147923e+26
1601.05708066, 3923.91641834, 2706.53255356, -2.49326249009e+24
-3102.8358986, -6016.78750616, -4769.24546312, -1.78272775776e+26
-2367.34725742, -1600.23221115, -3428.51167171, -5.68799449896e+24
-1049.58033582, 2402.95398032, 5058.49808426, -4.59570279002e+25
-2894.26513071, -142.102544887, -2349.60498567, -2.41381771003e+24
966.277863259, 1674.55211833, 3556.7840424, -1.14162157104e+24
-2927.55319993, 3641.11291639, 2610.07608832, -1.30200883388e+25
-7035.62283208, 1532.21057463, 2122.53603728, -1.81029155514e+26
424.530812985, 2664.81388815, -5611.28579367, -1.61904656234e+25
-567.114614489, -4927.96396732, 1101.89998703, -3.12872761356e+25
3312.88330479, -2976.35938575, 7843.38614041, -5.03650933941e+26
-455.005599872, -7410.78552182, -1808.98773335, -3.34085438192e+26
5589.15284115, 345.060005319, -2723.78065105, -5.84228117375e+25
-2364.3672171, 1052.99011044, 1375.85419856, -1.96720792216e+23
2646.16086415, -501.394808277, 1385.81238087, -3.03540082435e+23
3650.31241597, -3672.5118899, -545.987337755, -5.05087203401e+24
2611.9369736, -753.575882739, -166.304038433, -2.87523421053e+22
6412.11675297, 2937.38574804, -7323.58432687, -2.99460999093e+27
73.9869371322, -2511.83081948, -3068.12888824, -8.01856341399e+23
-1194.85623939, -5038.88240381, 2965.76225231, -6.99337090442e+25
-2170.4120399, 3293.88008708, 2930.29424077, -8.12393449338e+24
5218.52701742, 1533.18294978, 1482.5909785, -5.5764632512e+25
-1015.00856292, 1841.1388763, -5300.24398729, -7.68829727029e+24
4564.35755547, 3899.01761296, -3983.09327373, -5.5866082727e+25
1013.92117343, 5486.06470801, -754.658834754, -6.24747681397e+25
4858.68057856, 1329.09516597, 855.191856282, -2.14421699327e+25
3634.81144535, -3035.58487733, -1280.45098578, -3.66478725153e+24
-1750.32365628, -290.351762194, 3653.24903748, -3.89735830162e+24
-1627.44752767, 4945.80733101, -2758.28337493, -7.65337481251e+25
-4993.79080468, -1705.0713399, 2861.47805233, -2.83490424942e+25
-6805.58621052, 125.37181316, -6041.52039675, -2.799441323e+27
3316.33398581, 4956.84374687, -6724.461606, -3.79096459655e+26
-81.9132524997, 1325.76757988, -5235.05459479, -7.94704383526e+24
1971.24439132, -852.447654729, -2587.2553256, -1.22307534114e+24
-58.1031551895, -3330.21047701, -1108.0347348, -4.6732446459e+23
-2808.46221045, -6564.88870453, -6079.35439514, -3.88658195169e+26
2704.33940082, -3261.99120106, 855.474716595, -2.7201172022e+24
-1920.88104225, 3894.48851678, 2302.2569843, -3.94669247996e+24
-1432.53989133, -2024.61843003, 782.322375373, -3.8718636877e+22
-1651.78506084, 1677.59071155, 3441.39791344, -5.56951222092e+24
2455.75335595, 4030.68293011, 1080.47883436, -4.66592822693e+24
552.564705677, -3416.85578492, 1022.43625041, -2.14916339619e+24
4047.10075273, -3095.88199408, -4894.94137048, -3.58929255374e+26
-360.623560626, -1374.48683581, -5409.70408729, -2.30504948047e+25
-3490.38363783, -239.633773981, -7876.75572338, -7.72952551653e+26
2566.03638776, -5996.41601622, 3066.20527062, -3.56052698318e+26
-838.191534878, 2770.44801878, 938.331868838, -1.27488445939e+23
-1994.25154176, -1600.37273775, 6579.19521934, -1.63485206368e+26
6848.8069624, -3340.78880073, 132.385414494, -6.80251410301e+25
-1073.66756534, 4650.81593663, 3070.8298259, -9.18812564135e+24
-1743.11476563, 6419.89794458, -6080.70770522, -1.17894744723e+27
-3050.65662406, -5133.83681171, 411.436776324, -3.95632538361e+25
-1802.51172218, 1491.46865203, 1368.05055569, -8.94749446697e+22
-139.53197274, -2796.78035304, 3189.9426361, -1.73192009677e+24
639.05209604, -726.994879471, 803.728508519, -1.04316672939e+20
7413.44671109, 2125.20284446, -140.421196611, -3.76103927789e+26
2794.68742113, 154.696813811, 1417.71024132, -5.85238759608e+23
214.179282096, -4404.68760259, -5389.17758974, -7.61157432332e+25
1910.38618413, -925.166821235, 1883.52611945, -1.16497883733e+23
387.321048789, -2825.92355122, -67.5640320081, -2.45884946664e+23
-2121.20830901, -5586.81245842, -2506.7184885, -3.11983254111e+25
-414.968352972, -683.158169815, -6060.60298529, -4.43405334335e+25
3930.87473801, -1797.31834944, 213.542941372, -8.18099122904e+23
-842.242832515, -2266.17082495, -4207.53383331, -4.3679075954e+24
-5488.66114412, -1000.98410112, -4981.42500194, -6.3442572916e+26
-2006.87237891, 7664.06957238, 1902.40105149, -4.92728431151e+26
2508.83467364, 2468.16193369, -2218.23795895, -6.96777577602e+23
3488.36308923, -3815.53474579, 2823.28782949, -2.91742081684e+25
92.0627795068, -3761.38426243, 1421.08741929, -5.01212967902e+24
929.983195388, 1779.30137274, -697.276067613, -1.23047583519e+22
-356.08263524, 4319.6838871, 176.86573521, -6.9732548787e+24
-7030.2162005, -3479.45613919, -1851.39694185, -8.29346222821e+26
-25.1246980612, -7586.01279587, 5770.32127399, -2.68864377777e+27
-3967.67819637, -5269.94204786, 541.096313339, -6.76425672589e+25
-705.217955669, 1319.70482607, -5483.67694635, -1.00577927106e+25
4441.93780023, 3104.286355, 1705.0524151, -4.24974892884e+25
-1330.08768616, 429.715190377, 1360.80322699, -1.44228336801e+22
3854.32224051, 3110.46008688, 5370.06101838, -2.63752171591e+26
6095.2844152, 3614.32075016, 2963.19676431, -5.94919882866e+26
5830.95758517, -6665.39900103, -1303.47816776, -4.43376411906e+26
-211.916474274, -247.464363341, -3043.50497945, -1.67557116177e+23
-4080.99585327, 2260.30700674, -1783.382434, -5.72491880128e+24
-2304.70689086, -382.690891456, -6170.32230839, -7.88414564906e+25
-315.770733076, 4213.78518451, -81.7875052472, -6.43207085683e+24
1042.74424921, 566.60006169, -344.31880126, -7.00021508072e+19
2992.85481536, -6775.09467687, 2898.69444158, -8.19025859672e+26
-7566.13046648, -5244.67737231, -2335.78370943, -2.46523772405e+27
1340.22547177, 2658.93979152, 1388.28411236, -1.27801948658e+23
1647.7850714, 3274.12589029, 6043.85917097, -8.77068163824e+25
4083.71185639, 1950.36528412, -468.306516762, -4.16672216902e+24
-998.166886672, 7405.43005463, -2925.65078508, -1.24226269628e+27
-3492.86886384, 2499.03721571, -2746.72337065, -8.07120863462e+24
3498.71094671, -1581.12902695, -7073.4056238, -1.27836718541e+27
2917.42465198, -4814.2502386, 2604.75135612, -7.86872381437e+25
-339.562196744, 5765.01897112, -542.618163345, -9.08179616658e+25
6695.11732334, 252.875639166, 5104.20657563, -1.6348771833e+27
1177.48278902, -1080.5441755, -2741.88554056, -6.57181402371e+23
4681.5985563, -532.072811538, -372.33928113, -3.65630348001e+24
-2616.65352942, -3388.05186261, -212.126192983, -2.0309097738e+24
568.085645178, -2071.87214689, 1509.64704292, -9.34722188627e+22
-162.482492864, -1342.6902276, 157.009477027, -7.73756683589e+20
5053.6076521, -2276.67250026, 422.486048105, -6.55364141202e+24
-3801.54549979, 4732.41277664, 4553.47675185, -3.29595175373e+26
1956.13646298, 1096.41775708, -5354.20570035, -4.27815570304e+25
6432.07822904, 1703.02946884, 180.012648949, -1.29094189316e+26
-6387.94148942, -7203.76500004, -1175.49015009, -1.47572572521e+27
2191.53783184, -1112.83573444, 2088.20105994, -3.08609450988e+23
1546.07564921, -6267.78298463, -888.968933446, -1.2042654277e+26
-553.344372342, -55.5055297241, 4184.55555539, -3.39742477078e+24
1564.02325345, -6211.11133192, 1778.61466832, -2.65582220805e+26
3662.90407945, 2343.06345413, 5953.85832148, -2.9653298404e+26
742.031766497, -1388.00472509, -1057.20393576, -2.71748716459e+21
49.9015271461, -4077.4632758, 1565.85527519, -9.62074783428e+24
-552.552107989, 1610.58169041, 3323.65667329, -1.41211860901e+24
60.799642734, 592.886058229, 7175.61896427, -1.89947180797e+26
7064.17321202, -5483.8110929, 927.60081897, -3.46663050116e+26
-653.818153751, 5995.6943994, -2491.93494289, -2.34967560416e+26
1413.62121981, 646.089267561, -4297.21210058, -6.9591144692e+24
1699.42064801, -2541.68011291, -3731.6321851, -1.27109669441e+25
495.766354683, -307.34769464, -4153.32919172, -3.50043838495e+24
4158.40959759, -156.034284529, -211.053537774, -1.66514637232e+24
-6814.93229547, 3683.38612778, -2164.7225174, -2.02128011701e+26
597.520612866, -2989.13349383, -3903.51316515, -7.49876555605e+24
3310.63551107, -303.45472809, 3138.94099123, -1.02915617249e+25
-831.032478796, 2163.77218611, -1460.50844885, -1.34385896072e+23
2921.3409005, 5425.81760307, -558.192892383, -5.96311984965e+25
508.589399984, -4513.29582718, 5161.11336298, -8.73714630194e+25
4596.24224033, -1961.25270308, 1697.08896599, -1.04146574345e+25
632.746573971, 2652.19526506, 6180.53321443, -8.61945620207e+25
2753.27106763, -3848.31120108, 4181.90611694, -4.49810376598e+25
599.451428988, -1146.61080413, -6973.02388752, -2.31857726683e+26
3188.3861215, 2872.2923897, 6290.71163299, -2.77459380762e+26
588.87259921, -3332.28362042, -6031.65965464, -1.45582185945e+26
-962.354257247, -1624.71388972, -342.416948166, -3.10695777416e+21
-886.478736041, -860.475480115, 241.368531385, -8.50057579583e+19
-6511.23974678, 907.855598225, 622.740222535, -4.91887290231e+25
-2383.40358337, -2694.2727341, 3539.62367811, -3.74985198911e+24
-3381.4394918, -299.203710967, 287.054765972, -3.88089600104e+23
-4246.46874162, 249.303826432, 1511.227254, -3.63620258654e+24
-6979.25880189, 93.4160662237, 2009.79711959, -1.39411246296e+26
-5597.53053415, -1477.12676833, 3278.74906199, -7.99200761296e+25
-584.68885159, 717.73839162, 2256.29209513, -6.77640334356e+22
317.47487333, -1488.65965968, 4194.9572846, -1.12156570639e+24
-4639.60386756, 481.482146815, -150.600589845, -4.24579761945e+24
425.62788329, -1202.06277045, 5155.09784026, -6.5257125553e+24
4482.5083419, 2593.48624613, -2254.99212016, -1.013213769e+25
5322.7037824, -1728.91348692, 46.4490159009, -8.62924442586e+24
7113.84683497, -1721.25289005, 1285.77820958, -1.738848803e+26
-1408.90615261, -519.410588675, 2253.04461247, -1.15252162674e+23
971.430852507, -4706.47555033, 6257.52964521, -1.83918140293e+26
2010.07315308, 2788.77314784, 2077.97326982, -1.00069503688e+24
-659.358846971, -7071.6337511, 1026.6568128, -4.88381227603e+26
13.1396827607, 2414.99600316, 787.837770434, -3.65474068532e+22
2956.21451265, 1964.60687782, 350.511498016, -8.04919539823e+23
-5114.48642507, -2752.30619747, 124.354884567, -3.51577336805e+25
-2985.43320045, 86.1948431245, -98.4936396345, -1.45725683945e+23
-698.116280673, 6116.60071917, 230.027398155, -1.14862659477e+26
-4990.27083471, -1317.41055437, 1598.6323583, -1.18212828049e+25
1864.93673729, -2335.87236406, 635.119812132, -1.82966221974e+23
-2253.0159732, -1865.78365031, 7143.42434474, -3.21910996303e+26
1363.44576952, 2207.45441221, 1763.55379769, -1.03733175466e+23
1120.90469309, 3590.16371642, 240.23984865, -1.45967020984e+24
-855.555781794, 4152.81596283, 707.459376868, -4.14235457037e+24
5696.38742658, -3939.8768301, 3453.1181278, -2.02533145128e+26
-4068.46543303, 138.530044749, -1208.29838022, -4.53480024831e+24
5685.4211744, 1574.08179716, -1272.15631305, -3.21848457087e+25
1775.24677315, 4617.67169248, -5675.0209113, -1.13018654037e+26
-6881.42349736, 445.601622271, -528.353161756, -1.23685864249e+26
-3821.40126801, -1238.70602436, 382.334748899, -1.72529805663e+24
-914.010374004, -305.587767593, 4275.7017236, -4.93787923394e+24
-4995.14589697, -917.636011253, -2919.13722504, -9.54309913169e+25
238.182963776, 273.569025012, -4059.00459258, -1.81836434778e+24
-1663.05933241, -1568.34389602, 2083.62807312, -7.81184785123e+22
-2015.15852044, -2341.58301751, 2275.36274649, -4.05892233726e+23
5692.47685229, -4129.3049407, -1326.13271459, -5.7962693522e+25
-3078.57239349, -1613.79684083, 2722.65315111, -2.31980177186e+24
-192.776417036, -1312.39519924, -3445.52763157, -7.92842671028e+23
-219.316398049, 1353.12071762, -1156.03257742, -3.62012612048e+21
-182.436415178, 1591.03181632, 744.10738061, -1.08720050246e+21
-4835.9064928, 1685.61573514, 4565.3125288, -3.19360525753e+26
-1971.45210791, 3832.02305084, 2006.39790392, -2.92968718296e+24
-1932.80246956, 6863.0931926, -7355.69866308, -2.52639170286e+27
4641.69549019, 3245.49023064, -4151.78199017, -5.96744956304e+25
-1116.14478985, 2483.59038605, 529.159160409, -7.67468014669e+22
2801.68650363, -3427.93329004, -6937.740799, -1.16886198487e+27
3427.5239688, -136.53058283, -3840.44975222, -3.14578183459e+25
-3917.5400074, 2348.1294827, -1668.25350834, -4.19910787318e+24
-7290.61474498, -24.6727742074, 1936.06347828, -1.82764214406e+26
459.746429571, -1043.36355155, 928.276960433, -5.98066479321e+20
-993.657155979, 3123.05868549, 2076.89085929, -5.08727960526e+23
-2972.79786046, 5015.73906743, 5357.06254927, -4.48516797835e+26
-5216.81682896, 504.866262378, -847.361918674, -1.73415256119e+25
6653.58489956, -541.622081735, 4256.82684869, -8.69682237316e+26
-2076.00117663, -938.562225751, 4314.33322504, -1.19807813666e+25
4366.95667172, -2387.4049239, 2474.01566282, -1.69181253742e+25
-1086.00590876, 3689.98917106, 3091.33733335, -4.38494497463e+24
805.872702665, -83.7089635069, -1464.92392967, -4.15657809705e+21
-903.831122242, -532.418895682, -2249.23368013, -3.41937426297e+22
-852.757911148, -2208.21382045, 1327.48769137, -9.55285093585e+22
-3914.33143932, -276.821805328, 271.227589519, -1.23695454136e+24
7005.15866404, -7050.71926237, 3369.47498169, -2.63757889147e+27
-974.061287266, 3401.93318101, -754.274391197, -1.96109873558e+24
3446.525257, 4886.27605259, -1812.12126935, -4.36546749243e+25
-139.731368162, 5724.55392455, 142.147094716, -6.70635878705e+25
574.583345337, 2233.47458684, 1644.2178885, -1.86028128787e+22
2665.10980037, 2293.71413964, 2239.84247584, -3.11145758687e+24
5718.63195369, -7074.30708579, -1609.34543119, -6.07141270774e+26
2337.65174868, -2795.84888949, 2786.35839454, -3.62290855151e+24
-399.443527486, 557.491551761, -3070.04679029, -1.05144774349e+23
-4255.3506714, 145.474232492, 7966.10416303, -2.84758757659e+27
1992.46607722, 4404.11072988, 2352.13830953, -5.9097103967e+24
867.042326665, -21.7703624247, 5140.17054163, -9.06920543025e+24
-2076.20406329, -1019.06629941, 3458.09264187, -2.92544456276e+24
-4867.65717347, -3180.85174987, -1782.61693668, -7.79502141959e+25
1241.54413544, -6211.26877208, -4604.45882218, -1.21062797603e+26
-2521.64381552, -663.719216746, 4479.58317224, -2.48581673098e+25
1267.37639283, -1769.54803659, -4991.20705675, -3.97635612823e+25
-223.380345887, 3972.24999684, -600.777088331, -5.15566001954e+24
-3999.67669048, -1288.76833348, 1017.5959713, -2.08920351146e+24
-4113.27295478, 1873.83525012, -2398.62295727, -1.10747198304e+25
-1370.0980169, -1044.16891565, 4109.43243843, -4.21550943704e+24
1677.36523544, -4785.41867464, 3486.45818023, -8.11662818166e+25
-823.659498349, 1637.64767203, -4328.15167317, -1.53993416157e+24
-621.49092076, -3644.23639132, -1761.92560538, -7.49362043114e+23
-543.622572917, -1234.3442519, -1574.38363894, -3.10547900439e+21
-3843.22746054, 2570.44290513, 1015.25588579, -2.44499150618e+24
-4090.71340287, 1235.81180964, 4002.79698118, -9.27155346276e+25
-1798.71522628, -2518.41610201, -4455.65626391, -1.20276150394e+25
-1714.86701901, 2016.320407, -173.913779205, -4.33417127246e+22
4480.6739872, 1685.9585417, 721.423380949, -1.32792836414e+25
1593.16187593, 3460.5411453, -1005.15740193, -2.09456761989e+24
3154.84468207, 3673.75150154, -5912.45981766, -1.20860584659e+26
-6010.15610779, -2020.83461759, -599.909363924, -1.07572194927e+26
6230.95436136, 2213.85235396, -6282.4443216, -1.43602905928e+27
-2845.91584728, -2689.00005745, 2318.83450247, -1.40105845944e+24
3258.55246217, 3682.46264066, 3115.94485795, -2.87891097034e+25
-6975.24672043, -3152.56536082, -3010.68996162, -1.1920756192e+27
4312.31112448, -2388.43637822, -4389.38911274, -2.22363321102e+26
-6040.4934928, -7722.68474261, -506.470438626, -1.5349391529e+27
3119.91210808, -783.876155558, -668.783909396, -1.81243286359e+23
-894.182345898, 317.421299808, 2772.8635348, -3.20508762348e+23
-5860.72950369, -1759.33159631, -3705.73308538, -4.66771942926e+26
-287.152275062, 4913.80451487, -3321.7727704, -7.45197991975e+25
255.381862792, 4947.80367408, 3689.55191504, -1.07963209146e+25
-89.2322239299, -3712.55128278, 6939.78477447, -9.62245212977e+25
-237.178353551, -2997.27689579, 536.454406432, -5.42735085234e+23
489.327480634, -863.573500436, -2626.85304478, -1.753819704e+23
-1533.19936533, -2748.47609961, -1423.34976855, -2.13149546612e+23
-2135.66712587, -1565.64802967, 5547.42860281, -5.4666411405e+25
2657.45534957, 2013.19093521, -3423.14522895, -3.80688890548e+24
-333.46606952, 1893.48205618, 1230.47390814, -5.78357456754e+21
5276.27521673, -7267.09196978, -3305.15537728, -8.12681368332e+26
-6349.56937407, -1445.4188657, -1037.62837989, -1.59778395607e+26
-5450.11053171, -4073.7284343, -5268.95563512, -1.20849844903e+27
-338.998775013, 35.097350997, 2457.42847845, -5.19103094358e+22
-1156.46498509, 1219.25236602, 5065.30597302, -3.43107964516e+25
652.458956909, -5017.51898446, -947.411465085, -1.7324578303e+25
-45.6497270108, 3211.62207645, 6904.29902201, -2.84647774288e+26
2894.68104817, 3139.26030526, -1556.97520306, -2.07046669319e+24
-503.127582937, -5887.36569908, -4222.48249038, -3.74827916646e+25
1554.97502933, -139.318119108, -7019.56102066, -3.1067872356e+26
2361.01893507, 4447.07698649, -1114.14865723, -1.50440454634e+25
6192.45140797, 1154.01987175, 3135.60751311, -4.0183241634e+26
1369.97980583, -2306.17157275, -1794.65412129, -2.1363495111e+23
-1089.05958905, -481.780611178, -4572.0249856, -4.56315478543e+24
3911.80883487, -1853.10066627, -5440.90490509, -4.09309094109e+26
-5298.80263229, -2224.88177542, 2192.65072301, -2.65620375032e+25
-3810.40563488, -5520.29432227, 1084.96304975, -9.2835377617e+25
-7391.5268375, -5626.34625935, 681.734884321, -1.07870133015e+27
-7221.14779351, -5613.78033039, -1842.05900658, -1.7751764182e+27
-1596.06546878, 5932.24988664, 1917.57159259, -5.57243404171e+25
1825.95322868, -2469.33397354, 146.340315713, -1.7357225998e+23
-6515.30705467, 807.992707839, 1221.10200886, -5.71676776608e+25
282.646871316, -409.944135157, 6771.54387779, -8.43588058465e+25
1581.91331609, 4358.81717769, 4075.63465246, -1.19614927121e+25
-4143.36086599, -541.401783937, -4295.46890736, -9.9168686929e+25
5964.15559372, -3326.54446566, 2718.24699955, -1.29198573541e+26
5374.71347615, -931.436214949, 2351.61390273, -6.21313513244e+25
828.829888527, 2820.81674898, 1165.45664819, -1.18055451404e+23
-528.462053047, -3649.25604287, -640.273888378, -1.31789614977e+24
6916.80750936, -5262.67361536, -6658.62062658, -9.6361038609e+27
4914.43681121, 221.762473163, -68.5826478298, -8.12108797617e+24
1479.2322517, 1835.94557206, -939.056353349, -2.33830582987e+22
-609.150384604, 2925.21342235, 7888.24328726, -8.72365162674e+26
4582.52566464, 3579.11394068, 2661.45905902, -1.05275731419e+26
218.18101147, 3278.57212547, 3735.35935932, -3.55697059911e+24
3437.15999954, -2000.63869473, 1988.57163296, -2.6908173437e+24
-1016.16337213, 102.265633125, 956.332476739, -8.93175211151e+20
496.470725806, -2550.8061784, 1131.41767603, -2.77365030917e+23
-1259.49077348, 2097.66259932, 6035.75855166, -1.54542086883e+26
-2289.37699904, -3281.47248078, 1188.50354777, -1.76951754117e+24
-4430.84454785, -5106.47380876, -6211.90839931, -1.05975227277e+27
-2960.98323057, -1814.57373313, -3529.43732047, -1.57498683966e+25
3026.19291963, -1013.60387609, -3993.23231831, -3.5303235706e+25
-2118.68883587, 2237.61089555, -5425.20774573, -2.26426311134e+25
-2042.64862425, -240.309131957, 791.641772593, -1.08168662983e+22
-298.689906984, 5784.39680535, 1733.54861516, -4.21825555872e+25
400.170750451, -3555.46375819, 4601.48086329, -1.70385880705e+25
4700.19158685, -3604.78777986, 5507.51612481, -3.25395437861e+26
860.502427559, 973.662998387, -585.222200795, -1.84856922349e+20
5050.05579499, -1175.66693282, -4336.06689117, -2.65252899671e+26
-4812.2847781, 3414.4001536, -2321.31768357, -3.54408704119e+25
3000.06122262, -4016.7355229, 5597.08389947, -1.3223527385e+26
-831.164239995, -1187.29511903, 6307.82832588, -6.55468587318e+25
-1064.64674986, -3157.85705084, -1433.45345989, -2.96545266061e+23
-4016.62634221, -1753.28901933, 3630.60713272, -2.34523081058e+25
398.342296497, 1480.37122879, 629.422322955, -6.51731663118e+20
-258.032550645, 125.929511328, -1334.44818399, -1.58202441126e+20
7612.41673791, -2460.40235564, -1529.0883272, -2.2565084537e+26
965.653611959, 4033.51662104, -781.41599757, -5.89331461602e+24
379.71835434, 2035.83091646, -3493.11454519, -5.38620349437e+23
1362.79981943, 2221.86769964, -1521.03425329, -1.19896192802e+23
-3012.28336067, -6963.03164503, 3230.35278836, -7.44868592838e+26
-5242.69732768, 4794.79735658, 1297.36607626, -6.37459611005e+25
-1441.25397817, 4142.71021218, 1356.50014804, -3.39658527135e+24
-3681.95529004, -1921.63327407, -2633.36904314, -1.93362368139e+25
-232.803656513, -1703.99119422, 3636.74293486, -4.94576692882e+23
-2731.36909061, -906.260904406, 2215.56144892, -7.57955487658e+23
-1750.56370583, 454.970813115, 2634.22867537, -8.20259028569e+23
-4780.76226628, -5661.80800284, 1442.87712069, -1.6396839207e+26
722.82962848, -448.351363146, -2408.31937035, -1.05196496447e+23
5508.1765602, 3029.00560265, 505.12813141, -8.4632150926e+25
4355.03371335, 3531.94412524, -757.3016924, -1.65420160426e+25
739.80640771, 658.088834669, -81.0950690535, -1.59983836874e+19
2946.91919742, 4198.3999434, -28.7811559582, -9.15407741938e+24
4232.46082562, 218.14041916, 7326.46245703, -9.14644198112e+26
1150.69678721, 927.886170659, 23.2480438892, -5.01961520081e+20
478.901019132, 3332.86736859, -3740.84006218, -6.64458297008e+24
145.696168857, 545.121446765, 1447.88699679, -7.35632486917e+20
-1129.26782718, 3560.47209854, -97.8470584463, -1.95907069324e+24
-341.719909543, -1307.67036578, 7656.28113132, -2.33891501958e+26
-580.349935301, -6452.44747712, -622.875589414, -1.47436549409e+26
3699.25580089, -6540.50958846, 2599.16183023, -6.63179871265e+26
-1677.21486022, -3882.98960207, 1484.82762626, -6.07705838672e+24
-288.763373224, -1692.065677, 3996.91782218, -1.03502538956e+24
556.291239042, -5105.57156223, 538.95935943, -3.57404329687e+25
1470.12559229, 3942.99687215, -2832.66857149, -1.20853260306e+25
2953.75912505, 1398.2767609, 1388.97743358, -1.43455665716e+24
1753.31067832, -4176.7806933, 3493.22652186, -3.5482346807e+25
-4762.21138315, -928.542811791, 290.615475032, -7.97730071877e+24
899.507378154, 3734.72635537, -5491.18025827, -3.53995089455e+25
-270.383326231, -222.7523783, -1239.56893645, -1.40262962339e+20
2790.4336279, 2377.68395208, -3406.15234344, -4.15599829532e+24
418.90469752, -5571.56096599, 269.076760135, -6.3282032788e+25
-2342.89663649, -4557.25411604, -4002.11579111, -2.60318658701e+25
-2217.35245061, -1112.91023383, -479.437915776, -7.2417409469e+22
-6265.31328642, -728.106516822, 2882.03353874, -1.19422729528e+26
1658.86219446, 5116.98633574, 406.068461756, -2.44027374048e+25
3819.19421004, 775.426946397, 4746.80373019, -1.05274806798e+26
3430.33795279, -1227.91707664, -459.140821471, -2.98073744393e+23
-1189.71825977, -3790.17648035, 1964.10274012, -6.28371474685e+24
3384.3905528, 5269.33010692, 6971.73805408, -7.94056920315e+26
3578.02018396, -1533.20984422, -1425.191537, -1.90467051728e+24
6727.88223172, -3771.50703965, 3191.37298309, -3.67906820978e+26
-3188.60030597, 4333.21972858, -1452.41458937, -2.70985309161e+25
4665.26027549, 4307.32362627, 2205.97227484, -1.17239067601e+26
-2421.26371133, -88.8396244652, 3730.40076236, -9.56742038522e+24
-1252.58928772, -2923.29465568, 3029.97828078, -1.94814443132e+24
-994.24218348, 1921.65046001, 5708.4552486, -8.61243679475e+25
-2034.69495378, -407.341348059, -3372.90754948, -2.29600347595e+24
-861.258604323, 6388.88490213, -4981.72042798, -7.63833314767e+26
-236.634065501, -1176.20063735, -5359.58926211, -2.11449036344e+25
-2829.89079757, -3971.37445532, -92.9304769554, -5.96973570481e+24
-5016.78035761, 5418.57518069, 7234.18176968, -6.11001231274e+27
-3651.6823085, 1731.93618733, 1899.35218453, -4.74759683005e+24
-738.522717371, -1376.87385298, -1762.5994842, -1.00616502758e+22
-4722.1779457, -125.989373509, -7864.24600679, -1.80458896326e+27
234.418072894, 4078.94045746, 2848.42266148, -1.95911685968e+24
1857.06163808, -3297.08610281, -2917.99030064, -5.78766206394e+24
-2306.99038026, -63.0548681271, -1030.56191937, -9.63408028182e+22
-3880.39995311, 3350.57781277, 3852.67429227, -1.19638714567e+26
334.165788459, 4631.59744352, -7204.36789602, -2.35032459084e+26
4165.14403179, 2114.08467084, -3358.19459442, -1.80995746233e+25
-3811.96127022, -5156.28229857, -7678.88506405, -1.63785511351e+27
1777.21979708, 562.748332348, -1788.89337493, -6.53769684706e+22
157.177392091, -847.821248035, -392.846260704, -7.39780988387e+18
1891.51488706, -628.584636517, -471.163269105, -4.28691892975e+21
-3340.95677695, 3941.6207871, -2671.66822551, -2.96938878078e+25
-3463.68758818, 561.601777719, -2930.38465104, -9.65824988107e+24
-1926.83310881, 712.527339351, 859.480918056, -1.60495794627e+22
-955.769060564, 1145.10048345, 246.29844976, -3.09736548449e+20
1721.0335245, 96.7614662405, -2863.07434487, -9.43980261095e+23
4628.22310797, -3622.61695752, 1051.45288922, -1.55730920243e+25
2612.15296317, -5846.51669423, 1688.3135836, -1.93584239362e+26
-816.804190461, -2124.44708012, -166.528701079, -2.21472112175e+22
2629.90738047, -3046.77725861, -186.087791908, -9.21218577481e+23
-5437.87791898, 1965.6801749, 5230.84214524, -8.98154693614e+26
-1136.09610453, -4265.59656824, -92.0083083439, -6.20976890429e+24
296.750960447, -6415.26443504, -5717.10458713, -2.25398494431e+26
6849.94204694, 2962.76654773, -4683.85826852, -5.6592627497e+26
2602.15790995, -652.385922901, 4284.43430975, -1.27025854168e+25
-1351.67274723, 3370.27049189, -2929.55336329, -6.70386405928e+24
-2675.40299443, -1149.19319286, -102.586581292, -1.74999033546e+23
-5863.52320608, 3864.33384722, 1906.45830299, -9.63066545053e+25
619.177665142, 4879.2581698, -1121.6295961, -2.92796156053e+25
819.456895004, -3723.64004172, 86.0879647787, -2.57370621076e+24
1473.0907359, -727.482484865, 3543.81186262, -8.96461439145e+23
5333.06904362, 3882.53582506, 4197.13277389, -5.9042696613e+26
-1726.70751185, 5171.66760674, 1089.93240152, -2.41519057398e+25
4931.09756957, -6103.50466989, 3860.83861217, -8.30997620635e+26
-1400.56451526, -4435.61312011, -5032.95675302, -3.4046842116e+25
-4752.73599032, -3809.33988131, -1885.23095452, -9.10740070667e+25
799.917195654, 1086.18231335, -3887.64737657, -1.52218812162e+24
3885.66667517, -4729.08425049, -967.743022352, -2.50686145143e+25
3744.35647284, -3087.16634524, -1051.32047645, -3.37957041933e+24
5147.71314608, -520.14794707, 1127.37877178, -1.93748561975e+25
-3380.07905708, 4548.71660663, -3552.64520415, -9.68881578991e+25
686.83725599, -173.89478956, 6111.91621708, -3.51201220657e+25
-286.623099726, 2833.96245749, 2898.11931403, -8.4369653249e+23
1451.83108949, 3068.42703428, 934.816412533, -3.51143430497e+23
-7107.63984949, -829.748140891, -576.228993175, -2.39267028068e+26
-4374.59062193, 2312.25677713, -2401.91903181, -1.58282212928e+25
7149.8101112, 572.202170694, -1008.06455184, -1.4390333172e+26
3876.22889349, 5397.75495443, -397.871275773, -7.39202831403e+25
-183.933325491, 90.1287206208, 2731.65707219, -9.76705040027e+22
-87.8432213623, 181.232818317, 1750.75262355, -3.01543694413e+21
-5193.38599032, 404.562639244, -1994.79612749, -4.27118008097e+25
-3053.30662582, -1570.07595522, 5606.96678774, -1.14107697118e+26
6760.01626912, -2056.26906782, 2317.72278308, -2.20281422322e+26
561.412010748, -6825.78030306, -2726.57991155, -1.32640725473e+26
2498.76097184, 409.461418341, -3132.70091252, -3.55165985929e+24
3936.51802255, -1987.65018869, 843.630174267, -1.52086923674e+24
1144.5723927, 599.902283503, -1592.57045549, -8.39891203974e+21
-5600.23291945, -2043.48413545, 836.828105679, -3.72093570967e+25
-1230.32509854, -1672.60091903, 3172.37112256, -4.81951241509e+23
670.540314874, -2669.43584439, -1154.40083874, -7.96569251254e+22
1560.81921592, -1317.28470852, -452.258335142, -3.40561807875e+21
6732.66924351, -1968.86907373, -2554.93027352, -2.19282467422e+26
1715.44655778, -714.423667691, 6062.75668661, -3.71237391172e+25
1926.26097695, -133.229416948, -2685.98092473, -9.80462561199e+23
-1121.24350491, -1954.06104806, -3040.69968312, -5.40311076163e+23
2038.44211244, 97.0008475916, 5729.46176744, -3.82439315727e+25
65.3116439305, 311.830172933, -5761.32962259, -2.65053932317e+25
-1282.89294169, 4081.07580635, 7380.96559468, -9.50443403565e+26
-2028.57192198, 2335.54279214, -625.933958958, -2.0497248697e+23
-935.891479015, -438.437424337, 4771.17425123, -1.06932227169e+25
