-0.499686817009, -4.01259019367, -4.88099599605, -2.51312584982e-06
-0.499700087191, -4.01259700018, -4.880895049, -7.22489204446e-09
-0.499694460538, -4.01259710744, -4.88089720812, -1.20273740791e-10
-0.499740594632, -4.01298881905, -4.88060252014, -6.11340896869e-05
-0.499695859645, -4.01259726208, -4.88090423782, -1.38676111161e-08
-0.4996953333, -4.01259967671, -4.8808969221, -1.71762662376e-09
-0.500795117358, -4.01259519255, -4.88089522369, -0.000305338160645
-0.499694894902, -4.01259721352, -4.88046404393, -4.73486530757e-05
-0.499695143694, -4.01250603503, -4.88089687483, -2.09560604977e-06
-0.499695020355, -4.01259714185, -4.88089641616, -5.52528030739e-11
-0.499699331324, -4.01259605537, -4.88089669062, -4.87880401388e-09
-0.499695061591, -4.01259708906, -4.88089686855, 0.0
-0.499695679586, -4.01259497297, -4.88090524144, -1.89135084475e-08
-0.49969515433, -4.01259707562, -4.88089721327, -3.04898850085e-11
-0.49969678544, -4.01259771955, -4.88088241447, -5.37483534948e-08
-0.499678551964, -4.01259853923, -4.88089658131, -6.95155575708e-08
-0.499695054644, -4.01259714319, -4.88089686786, -8.42272546794e-13
-0.499695135485, -4.01259707871, -4.88089687024, -1.34763915192e-12
-0.49961977683, -4.01259377927, -4.88088953478, -1.44917106646e-06
-0.499696504819, -4.01259749121, -4.88089687504, -5.65683675718e-10
-0.499695058359, -4.01259708543, -4.88089686926, 0.0
-0.499711614543, -4.01150224102, -4.88091237688, -0.000303743064222
-0.499695258104, -4.01259708865, -4.88089686848, -9.43345042577e-12
-0.499701699424, -4.01262199755, -4.8808989799, -1.69213620915e-07
-0.499695050107, -4.01259708759, -4.88089697429, -2.35836236902e-12
-0.49969505803, -4.01259708819, -4.88089686864, 0.0
-0.499702903275, -4.01259680817, -4.88063646915, -1.71437946077e-05
-0.499697515769, -4.01259596503, -4.88090389889, -1.43024602406e-08
-0.499696420609, -4.01239011302, -4.88089623992, -1.08253063411e-05
-0.499695151233, -4.01259707637, -4.88089686035, -2.02146213893e-12
-0.499694909951, -4.01260114173, -4.8808968066, -4.16976561835e-09
-0.501503220503, -4.01256952257, -4.88090420114, -0.000826707617356
-0.499695149548, -4.01259726281, -4.88090485753, -1.61144933577e-08
-0.499694977669, -4.01259725819, -4.8808968321, -1.01072701861e-11
-0.499476301701, -4.01260268679, -4.88088044511, -1.21670957197e-05
-0.499696283618, -4.01259712046, -4.88089722824, -4.06659896506e-10
-0.499694052859, -4.01259771263, -4.88108986688, -9.41387637111e-06
-0.499693339338, -4.01259811706, -4.88089700021, -1.0265837068e-09
-0.499695055522, -4.01259728794, -4.88089687452, -1.04442442604e-11
-0.499694429399, -4.01259710518, -4.88089669788, -1.10505245977e-10
-0.499707724294, -4.01259677166, -4.88089487467, -4.15629179742e-08
-0.499707114319, -4.01259563672, -4.88092525342, -2.40843571249e-07
-0.499694352541, -4.01259708818, -4.88089689475, -1.28528566877e-10
-0.499695284061, -4.01259222768, -4.88089813205, -6.37540839269e-09
-0.499696337611, -4.0126572144, -4.88089560575, -9.15350125167e-07
-0.500317324282, -4.01285602549, -4.88088293707, -0.000114718356534
-0.499695385335, -4.01259702274, -4.88089961138, -1.9164518611e-09
-0.499694240078, -4.01259366315, -4.88090371507, -1.49546914363e-08
-0.499505839141, -4.03146937611, -4.89607069412, -0.146030485517
-0.499519380039, -4.01259928031, -4.88089635767, -7.8008676517e-06
-0.499814701187, -4.01260717569, -4.88090823867, -3.67628159184e-06
-0.499690705717, -4.01188151773, -4.88090100142, -0.000129497768931
-0.499694485325, -4.01259710258, -4.88089662098, -1.0191420681e-10
-0.50090061062, -4.01317250369, -4.88148929805, -0.00053843129084
-0.499695026387, -4.01261260103, -4.88089686896, -6.08922861243e-08
-0.499693956085, -4.01259720349, -4.88089687957, -3.14671670273e-10
-0.499690943529, -4.01259838852, -4.8808951787, -5.45661117411e-09
-0.504789957164, -4.01201788583, -4.88105468788, -0.0066654583009
-0.500242961237, -4.00814296807, -4.88067762491, -0.00512874808024
-0.499694731906, -4.0125957518, -4.88089635502, -5.4662841174e-10
-0.499697722524, -4.01259770808, -4.88089627252, -1.97631780081e-09
-0.499627995658, -4.01259956881, -4.88092350587, -1.3182683647e-06
-0.499688158849, -4.01259136127, -4.88088228129, -7.42229867668e-08
-0.500074505199, -4.86557433292, -4.88089231297, -90.1897873687
-0.499693260961, -4.01266723765, -4.88094395229, -1.80564653068e-06
-0.499939850955, -4.01256498725, -4.88095143231, -1.61488753836e-05
-0.499692615789, -4.01260213324, -4.88057468608, -2.62375055121e-05
-0.499664182358, -4.01260076701, -4.88089298631, -2.48410448236e-07
-0.529420023507, -3.9403024194, -4.90621787725, -1.80844200957
-0.499672814147, -4.0126201787, -4.88089843544, -2.6070744412e-07
-0.360117214082, 0.970535754921, -4.99983278156, -1065.23441842
-0.499646204612, -4.20976022151, -4.88108479034, -12.0042063462
-0.49970261859, -4.01233231406, -4.87996669977, -0.0002367148872
-0.902600969173, 4.9144305945, -4.94582389805, -234.232760213
-1.12056898413, 1.63296061955, -4.87769260634, -615.578066256
-0.499693929095, -4.01257496837, -4.88089234523, -1.2920757309e-07
-0.499695154423, -4.0125970464, -4.8808990501, -1.1955781413e-09
-0.523547767743, -4.05602875458, -4.87668342178, -0.620835313302
0.0348765558624, 4.90000922539, -4.96683069372, -390.493721829
-0.697008519749, -4.90273748939, -4.91986896467, -107.71804443
-0.49968703328, -4.01258721663, -4.8808971365, -4.09564152882e-08
-0.499680170228, -4.01257525855, -4.88089592971, -1.76787723642e-07
-0.499695680512, -4.01259747212, -4.88090202512, -6.83409215875e-09
-0.499695003433, -4.01259709128, -4.88089687021, -1.01072538662e-12
-0.499716901978, -4.01337359249, -4.88089177316, -0.000152303205968
-0.499695109201, -4.01259672288, -4.88089656941, -5.76110231748e-11
-0.660733891597, -4.00871850952, -4.88122503836, -6.87733388222
-0.499693909305, -4.01259777375, -4.8808969617, -4.59714804829e-10
-0.499688733733, -4.0125514559, -4.88089099867, -5.4528103753e-07
-0.499695282245, -4.0125971029, -4.88089620346, -1.27014117904e-10
-0.499695087378, -4.01259608763, -4.8808966387, -2.65984336902e-10
-0.499634703491, -4.01259985895, -4.88089939489, -9.24813147074e-07
-0.499245191312, -4.01255158344, -4.88091514287, -5.17931789498e-05
-0.499688313776, -4.01254518438, -4.88089231002, -6.97828348518e-07
-0.499689907911, -4.01295104409, -4.88095669621, -3.25583496536e-05
-0.499696419442, -4.01259849273, -4.88090661447, -2.49420858489e-08
-0.90798584699, -4.01499871851, -4.92014292856, -49.0792018108
-0.499582300448, -4.0125973897, -4.88089682493, -3.21494038129e-06
-0.499707027436, -4.01260704541, -4.88090182485, -6.74716463285e-08
-0.499770228119, -4.01151044972, -4.88089269099, -0.000300549894187
-0.503678172252, -4.01252799924, -4.88077526814, -0.00402503794467
-0.499695786673, -4.01259535455, -4.88090026866, -3.7961569237e-09
-0.499695009722, -4.01259706816, -4.88089688023, -8.42267924755e-13
-0.499695090132, -4.01259700929, -4.88089688778, -1.68453463837e-12
-0.499694793429, -4.01259709644, -4.88089687328, -1.86982057527e-11
-0.499695041609, -4.01259708473, -4.88089689315, -1.6845459942e-13
-0.499695302081, -4.01257432653, -4.88090826387, -1.63756781258e-07
-0.49969524141, -4.01259706986, -4.88089721598, -3.67229680609e-11
-0.499641851544, -4.01258980454, -4.88165331555, -0.000145277408033
-0.499686461101, -4.0126059574, -4.88135018916, -5.20081920594e-05
-0.499695201001, -4.01259855733, -4.88089736981, -6.14205025607e-10
-0.499695058252, -4.01259707535, -4.88089692603, -6.73819674426e-13
-0.499695090393, -4.0125970785, -4.88089689202, -1.68455009562e-13
-0.49969506062, -4.01259707783, -4.88089689096, 0.0
-0.499694912958, -4.01259698211, -4.88089703358, -1.46553364347e-11
-0.499695061423, -4.01259708278, -4.88089688257, 0.0
-0.49969503193, -4.01259695031, -4.88089685936, -4.88513894526e-12
-0.499694302706, -4.01259658727, -4.88089518513, -9.34426761245e-10
-0.499694786363, -4.01249925465, -4.88089673585, -2.41906296267e-06
-0.499694676641, -4.01260588043, -4.88089670834, -1.96110594172e-08
-0.499695077549, -4.01259708684, -4.88089687654, 0.0
-0.499695049621, -4.01259709335, -4.88089687717, 0.0
-0.499695065146, -4.01259692751, -4.88089686587, -6.23275361727e-12
-0.499696586928, -4.27313229801, -4.88091293282, -23.0703309255
-0.49969511669, -4.01259869625, -4.88089665672, -6.69806094082e-10
-0.499695067643, -4.01259708157, -4.88089687745, 0.0
-0.499695091771, -4.01259730017, -4.88089686989, -1.19603233167e-11
-0.499695063184, -4.01259709473, -4.88089688655, 0.0
-0.499695156238, -4.01259710043, -4.8808968834, -2.18991835141e-12
-0.499695065754, -4.01260684302, -4.88090200178, -3.07230368544e-08
-0.499695059355, -4.0125971016, -4.88089642999, -5.08726593679e-11
-0.499695081455, -4.01259703752, -4.8808968909, -6.7381704391e-13
-0.499695151696, -4.01259704457, -4.88089701498, -7.07504936082e-12
-0.499695069903, -4.01259705142, -4.88089686961, -3.36907889524e-13
-0.499692508124, -4.01259055797, -4.88089884999, -1.3409337023e-08
-0.499705731547, -4.01260981267, -4.88082021772, -1.55525393041e-06
-0.499695047844, -4.01259709027, -4.88089689421, -1.68454725109e-13
-0.499695596069, -4.01259544384, -4.8808974024, -8.21717312923e-10
-0.499696065198, -4.01259709191, -4.88089679003, -2.54704568554e-10
-0.499698474745, -4.01259641429, -4.88089694414, -3.0541657802e-09
-0.499695062259, -4.01259708948, -4.88089733778, -5.33998626354e-11
-0.499695134985, -4.01259707787, -4.88089754317, -1.13202995758e-10
-0.4997571437, -4.01284541868, -4.88089453774, -1.65524572319e-05
-0.499694898114, -4.01259713005, -4.88089715795, -2.74579835575e-11
-0.499695379684, -4.01259592473, -4.88089726184, -4.02601409931e-10
-0.499695030665, -4.01259707218, -4.8808976317, -1.44030076111e-10
-0.499695030493, -4.01259706677, -4.88089686645, -5.0536155731e-13
-0.499695059561, -4.01259706822, -4.8808968712, -1.68454055347e-13
-0.499695060816, -4.01265904037, -4.88089682604, -9.70889753354e-07
-0.499695060461, -4.01259707041, -4.88089699626, -3.53753468389e-12
-0.499695074186, -4.01259706406, -4.88089686591, -1.68453886356e-13
-0.49969516564, -4.01260407035, -4.8808944904, -1.37854804652e-08
-0.499602581893, -4.01263904583, -4.88086227179, -2.91004967048e-06
-0.499692053928, -4.01259871601, -4.88087577463, -1.15572843045e-07
-0.4996922157, -4.01259264026, -4.88090990739, -4.9977533498e-08
-0.499695104248, -4.01259718075, -4.88089682681, -3.36909033308e-12
-0.499693144442, -4.01259625237, -4.88090747845, -2.95277487743e-08
-0.499695155142, -4.01259710525, -4.8808968556, -2.18991784895e-12
-0.499695076211, -4.01259709116, -4.88089687105, 0.0
-0.499695057573, -4.01259706825, -4.88089685415, -1.68453765428e-13
-0.499693617183, -4.01259563323, -4.88088909589, -1.63780122449e-08
-0.499694472567, -4.01259718403, -4.88089687802, -9.13010104182e-11
-0.49969508727, -4.01259695525, -4.88089681727, -5.22203931335e-12
-0.499695187407, -4.01260471979, -4.88089699617, -1.47498108762e-08
-0.499690054701, -4.01259727059, -4.88089688404, -6.35816078554e-09
-0.499681244118, -4.01259933032, -4.88096791705, -1.32563462644e-06
-0.49969513529, -4.01259704868, -4.88089686391, -1.68454473314e-12
-0.499695186598, -4.01259704869, -4.8808940625, -2.00864839788e-09
-0.499691736998, -4.01259778886, -4.88089659974, -2.94663208353e-09
-0.499696005794, -4.01259929146, -4.88089530278, -2.08257677835e-09
-0.499694897297, -4.01259709388, -4.8808966597, -1.92035236778e-11
-0.499690988896, -4.01259872937, -4.88096384001, -1.13855081551e-06
-0.498646129399, -4.01261370165, -4.88089537464, -0.000278580060005
-0.499514714201, -4.01259695274, -4.88091500583, -8.30234027649e-06
-0.499701119349, -4.01318804873, -4.88093554438, -8.85381726547e-05
-0.499695526361, -4.0125910479, -4.88089511796, -1.00524482293e-08
-0.499692923037, -4.01134271342, -4.88091683642, -0.000398837520911
-0.499694714247, -4.01258026933, -4.88090006518, -7.4098688312e-08
-0.498830902667, -4.01982852721, -4.85641473609, -0.163924626209
-0.499693347793, -4.01260923157, -4.88089572023, -3.84015643562e-08
-0.49969475536, -4.01259471919, -4.88089520017, -2.15132412975e-09
-0.499694842142, -4.01259702161, -4.88089978785, -2.15504005212e-09
-0.49970548867, -4.01181040705, -4.8803207971, -0.000240534072184
-0.499679822136, -4.01235138552, -4.87585113705, -0.00647067665794
-0.499437792735, -4.01255853511, -4.8809365991, -1.75085566077e-05
-0.499712354463, -4.01259444285, -4.88145912427, -7.99789831549e-05
-0.528376652043, -4.01180644886, -4.88045503909, -0.210163220453
-0.499184392294, -4.01355024203, -4.87608521082, -0.00615843276561
-0.499696833253, -4.01259708219, -4.88089703205, -7.96306198358e-10
-0.499693434771, -4.01260515116, -4.88090404823, -3.01321944606e-08
-0.499695587566, -4.01259705351, -4.88089663279, -8.43950907489e-11
-0.494054084591, -4.76436070841, -4.88087428817, -90.4558638837
-0.499695217013, -4.0125988303, -4.88091517099, -8.53993480069e-08
-0.4997041433, -4.0125878932, -4.88089024594, -5.33189664204e-08
-0.499703584231, -3.97785636345, -4.89692796394, -0.387997091944
-0.499695075035, -4.01259706349, -4.88089686419, -1.68453814672e-13
-0.499695130801, -4.01259375296, -4.88089793362, -3.09018620336e-09
-0.499716493356, -3.99976744395, -4.88091434192, -0.0422538010281
-0.499695170051, -4.01259885383, -4.8808968536, -7.94303930494e-10
-0.499695059394, -4.01259708311, -4.88089683973, -3.36908051793e-13
-1055.73407975, -919.4462868, 1126.24195735, -9.518877919e+20
-1456.47396758, 2088.37993631, 571.442816125, -2.71663167139e+22
1926.33429372, -433.416357266, -1421.39143921, -6.50891266032e+22
718.580098661, -2170.66176082, -411.013696766, -2.39177774515e+22
225.676322862, 50.9899814885, 379.005179651, -5.73390228144e+16
-1383.11747303, -709.220257535, -870.435853351, -5.79532596615e+21
-216.832105595, -85.3592355948, 2535.07160441, -5.06899495418e+22
-300.672649823, 2445.89386323, 66.1781971222, -7.72883210997e+22
2443.54646928, 909.996100242, -347.401333144, -5.0326694294e+22
942.779854221, -1551.62499393, 1329.21527357, -1.65894064952e+22
-127.316777677, -607.631423655, 1245.83837856, -1.08007811892e+20
393.174518472, -866.119424838, 1858.57086299, -2.27516537376e+21
867.527684669, -336.155383736, 1619.22022331, -3.38980231559e+21
1968.0255166, 579.084419555, 127.081349987, -1.1700209016e+22
-1575.29006866, -1587.52259058, 430.030289595, -9.94157359928e+21
959.964866875, -1327.29930463, 1883.55734314, -1.8821430637e+22
2473.4046392, -360.214945077, 1081.61761886, -1.29046561644e+23
308.568916298, 1265.66850652, 1275.60880373, -7.07766449892e+20
-2988.06902514, 782.571301611, -836.792034613, -2.54027670641e+23
1574.65326111, -843.688227826, 89.0354696757, -6.1326780419e+20
-1322.38545378, -763.871463589, 253.737313558, -5.7812924429e+20
34.1122332739, 562.078188112, -995.985223833, -1.97607548057e+19
-1152.40361446, -321.655434768, 982.103799296, -9.95489446119e+20
-1702.3398191, 1267.82023166, 1557.89996002, -1.03480760501e+23
1377.52568247, -1362.10957327, 2436.60351421, -1.13554969294e+23
1071.39582564, -1799.68328167, 2474.50919295, -1.51571759257e+23
1892.72222289, -129.219072582, -1234.19626892, -2.93589656123e+22
1168.04390699, -82.0159474216, -1598.15061152, -1.62211794908e+22
792.506037168, -436.307394642, 191.777037781, -4.86559715722e+18
-2112.31442995, -625.00475285, -24.8357013517, -1.80524501321e+22
615.556597251, -25.6163321584, -266.851554998, -1.08924168126e+18
-504.712427532, 771.530256462, 1394.16712247, -2.96766156189e+21
-1298.29274956, -85.945061927, -180.451970304, -3.23155234232e+20
259.584355407, -912.623729461, -268.93047545, -1.82203138506e+19
-16.1380937545, -1094.8174243, 188.991187978, -1.71862409006e+20
-550.64580293, -1079.70594422, -719.689829326, -1.27954349014e+20
-94.890058302, 2495.55402011, 133.001189851, -8.32453801586e+22
-439.415742392, -458.70151108, 1067.34906037, -9.4158744784e+19
-142.497739163, -1076.53261962, -1922.43214392, -9.61423626039e+21
-1166.3337177, 2346.34330163, 741.555711674, -4.52614483534e+22
1205.2160267, 43.136518529, -952.460447211, -1.43073788075e+21
-1206.93870349, 1614.22862634, 1230.05298103, -1.96846432001e+22
1296.63690682, -323.414125858, -1002.72608518, -3.39044785762e+21
224.633947444, -2021.20036526, 2250.44854538, -1.33427611433e+23
264.1257149, -901.472391799, 101.393250737, -3.76311013828e+19
-985.525343437, -2752.84233482, -371.542386877, -1.57794447591e+23
-678.730722964, 537.108459338, -83.9960886689, -2.81020161098e+18
153.74665748, -148.442146983, 1090.63616701, -3.08385526709e+19
-2175.5809962, 1368.71820301, -1296.64678235, -7.92111580601e+22
144.251516119, 1492.80055616, 2500.73950702, -9.0246639489e+22
891.590265017, -455.95196798, -1002.95161202, -1.11093121674e+21
-981.183256256, 2892.8777641, 1753.33815084, -2.32953783761e+23
1379.39546695, 1026.00403874, -2712.31992097, -2.53695977229e+23
-43.5944804265, -2480.27460093, 1340.52409087, -2.36103609417e+23
852.763587284, -863.732789623, 2449.88895263, -3.03810859938e+22
-1.33833253211, -62.3205480267, 1891.96932131, -3.75802797267e+21
2013.91121817, -704.72852903, -306.895396624, -4.50525238134e+21
-1133.30606097, 684.89481774, 142.065612092, -6.31495250517e+19
2074.66764032, 2556.62803065, -482.902437362, -2.51988903322e+23
1307.94221424, 504.315064252, 833.305548837, -3.22639728506e+21
-649.244983449, -62.0553227751, 885.400508712, -1.24022785505e+20
24.7355728228, 978.187085191, -1314.85409792, -5.83229512658e+20
2058.22420951, 2909.37401681, 2264.04298108, -1.4417001122e+24
1198.37150489, -770.546636945, 483.444095443, -3.18236861003e+20
-1277.53420376, 1483.36899772, 777.049614029, -5.13027907313e+21
1533.44102461, -764.794139312, 837.846581333, -3.51480200194e+21
-1028.88218605, -375.166390586, -218.630211555, -1.17150259843e+20
1432.79707149, -492.434001323, 40.9163603121, -2.43494976784e+20
2384.63329313, -171.124737447, 1205.31104794, -1.39698464806e+23
1339.33819694, 129.894613915, 2641.96635506, -1.80003547015e+23
768.713093196, 94.3065627892, 536.765089036, -4.2336214962e+19
-748.263696668, 1042.61286018, -898.051297736, -8.44501970211e+20
-2620.63331976, 1757.8121851, -2754.38982074, -1.90481561501e+24
-2640.58011951, 1053.98664509, -384.538739782, -4.55031562525e+22
598.367107135, 302.475493469, 283.473142592, -4.29386944265e+18
-478.197453032, -1385.11018019, 1810.0463692, -8.77168899127e+21
-163.64077546, 2481.68998765, 1010.58863818, -3.99728224559e+22
-331.874075734, 1042.75320473, -1018.0480652, -6.35599453019e+20
831.024941928, 808.272511471, -2111.35452847, -2.10820371651e+22
-455.224216738, -528.211298485, -546.656127447, -7.97994296234e+18
1550.84300231, 2116.55294696, 591.301882712, -4.48742366069e+22
602.551284604, 1249.40669047, -2391.23972485, -3.07051582535e+22
-1552.27671823, -1930.88035444, -2162.39717797, -2.52943377377e+23
-1038.99009725, -2288.48642982, 1783.36686139, -1.71866259692e+23
547.49496535, 1249.7575324, 2299.32299184, -3.69213926324e+22
-1990.22483622, 651.301449022, -2416.46365395, -3.79225165493e+23
-263.6055471, 1206.19790034, -946.973763067, -1.33456127625e+21
1213.02347465, 95.2646325351, -207.643474947, -9.85998514796e+19
1928.80307628, -639.471916838, 1001.05486909, -2.07668095394e+22
2180.83610412, 1347.23592928, 1091.1081067, -1.7273423414e+23
1938.81775902, -1241.12065758, -1061.88807968, -4.46763419761e+22
-1671.73165259, 2342.93630728, 189.584023995, -8.66636800096e+22
967.500076589, -1054.42435071, -1455.45063155, -1.44707991869e+22
2810.64917224, -1820.18802957, -9.84937828282, -8.83623766034e+22
-1508.47691417, 595.416914676, 1402.49002471, -2.82258354399e+22
2418.7441389, 896.293922715, -1985.44149264, -2.89723290191e+23
-2798.25065357, 549.548898948, 2219.44035127, -1.62957869162e+24
1210.66063931, -56.5085753516, 2538.74243545, -1.03566844224e+23
-303.347765095, 1218.06960009, -1746.10220341, -4.76209306123e+21
835.237999316, 700.874939885, 1993.41252044, -1.63185524882e+22
-1900.3758489, -87.1346425156, -741.95699766, -1.68343018363e+22
-2063.9721691, -1503.82105825, -752.379997528, -9.31339749301e+22
2377.46796076, 1177.68777677, 1876.09113974, -7.1531117094e+23
-1007.01200833, 931.320325222, 1979.8543447, -7.22673338136e+22
-211.291436699, -969.649883613, 39.1661722917, -4.91760438475e+19
-379.405127885, -914.917255548, -776.322932355, -3.75097343974e+19
-1308.34782442, 1582.38322889, 2287.39538781, -3.82040390029e+23
1636.58664121, 2074.08261451, -2961.38413731, -5.63474261131e+23
-2212.45071673, -550.96784059, 44.4846286778, -2.1608947015e+22
2761.23309435, 269.105614574, -58.3758414908, -8.90378244067e+22
-876.45393228, -1012.83065532, 486.07146122, -2.12732608595e+20
-1535.2814762, 665.470873738, 352.760209032, -8.10821525663e+20
-1026.83043218, 1148.07540775, 367.151350979, -4.01535085591e+20
110.242190684, 2661.64129977, -1553.01835916, -4.48047870596e+23
2503.44246212, -765.33165924, -1263.44431119, -1.68920598547e+23
118.730162206, -19.6666534407, 67.8542333125, -6.13955424903e+12
599.122757866, -898.113357441, 1741.27941593, -2.53679735144e+21
-128.047786267, -255.535284952, 652.573791111, -8.51696780527e+17
91.8081262441, 361.053961564, -1916.42156502, -3.40314159965e+21
1615.70998482, 782.962056269, -2218.78224101, -1.27879087765e+23
-491.588988403, -2312.72704518, 72.3309190972, -5.08470528461e+22
1148.20850485, -108.032066744, 354.73560936, -1.73744607858e+20
1879.69941129, -2173.80923478, 258.910804365, -8.40396686637e+22
-877.824964754, -327.559629523, -576.398907123, -1.40435166161e+20
1304.49764786, 469.773423147, 257.389035048, -7.34850784462e+20
-202.884041789, 22.631745788, -961.529952204, -1.30862752722e+19
-2349.69334871, -1337.4758964, -2066.27652555, -9.33506668428e+23
-963.952441665, 1110.10737182, 2727.86076255, -4.9547959395e+23
-2661.46614334, 476.969157521, -984.671366482, -1.66919572117e+23
327.964701215, 770.2753074, -782.284974135, -4.37575562644e+19
990.148600138, -2118.00975927, 602.002680989, -5.77208363158e+22
13.850466678, -175.945181853, -561.047530281, -4.05832889483e+17
-1945.1680794, 875.976414457, 148.424252819, -2.88913613995e+21
-635.954084366, -474.320676497, 1031.14698508, -1.56721857755e+20
2640.50328284, -966.489078816, -1739.15788254, -6.48381703631e+23
-1611.45777168, 2129.85292273, 840.725565421, -4.20016873654e+22
2331.45903556, -2832.42244042, 759.218052034, -8.8060262933e+23
2372.2944891, 997.721591072, -1409.34800713, -7.81872482373e+22
73.5685358435, 1682.39996013, 2571.3386317, -1.32672116349e+23
2248.9089473, 1242.45711523, -104.577550726, -4.85460950363e+22
8.05452430569, 543.044553511, 1121.42209559, -1.41465016109e+20
-1238.46783163, 623.128106507, 1731.10583604, -4.3589923753e+22
710.262557186, -609.637788454, 169.776718538, -7.34618503977e+18
-2320.35088498, 759.05725468, -1479.17932871, -1.51863265766e+23
2827.01747854, 1757.50193284, -2223.35350992, -7.01405032984e+23
928.029859163, 570.246886948, -430.001991921, -3.45003880064e+19
-651.052731391, 151.474426604, 2045.3750251, -2.59889247041e+22
-219.951624599, 153.550956861, 308.81836971, -5.30951411532e+16
250.376402226, -457.330097189, -439.504445233, -1.09818787304e+18
-36.2703900888, 2083.62197428, 690.906167554, -1.11673987398e+22
-319.055549706, 348.779769201, 710.893841691, -1.68793207631e+19
-1566.45759598, 895.355361381, 2103.14807138, -2.48277965625e+23
1767.02118465, 905.199387763, -1924.10835269, -7.37915647071e+22
-2192.76731074, -459.906439386, 128.961088562, -1.67689824852e+22
-1098.95488551, 1023.70096778, -2695.41250003, -9.00986390012e+22
1134.50729159, 1609.2366844, -374.630006779, -5.15104015807e+21
1205.53368573, 8.22696017696, 365.604847987, -2.94171046349e+20
-106.340053143, -953.590920487, -787.867011447, -2.62631759936e+19
1152.1989344, 723.934153378, -2168.6105667, -4.95687343842e+22
1565.07288786, -1094.99635275, 125.003089894, -1.16013774811e+21
737.376093467, -156.448194411, 493.929044484, -1.9705058889e+19
1011.67316942, 218.306492058, 1770.40352725, -1.1185042689e+22
1638.93107704, 25.0707488551, -1681.66780871, -5.32395383888e+22
288.474014291, 1631.14284119, -1081.53396508, -9.79464492671e+21
276.201697972, -1995.53958615, -406.650798624, -1.05110310026e+22
510.199799452, 1888.89290641, -711.068129732, -1.88879242974e+22
-993.62337858, -1086.49011365, -85.9879321583, -4.14773952547e+20
167.571456598, 874.045672498, 50.9011450386, -1.80977528232e+19
-1653.4590458, -192.128964874, 766.961886611, -2.84302496144e+21
-640.277440766, -408.881799104, -781.981633698, -8.36405962386e+19
-22.1391516214, -753.173779822, 1066.67558315, -8.27119881966e+19
-660.620537015, 1259.31744513, 997.171211368, -1.41524219007e+21
-453.819495741, -1721.11328398, -1059.92038966, -1.90439413798e+21
385.292071336, 497.246771607, 1239.54598034, -2.53473334852e+20
-67.4239068774, -2977.7044032, -1398.29672337, -1.50022409885e+23
2363.10510109, -1509.33038757, 1083.57266771, -9.00557264605e+22
-212.456101184, -2283.34969376, 37.1231037457, -4.50034199518e+22
-63.9830957708, -1833.40123218, 784.735629973, -1.70425388182e+22
1997.82762073, 2501.46675241, -2750.78764371, -8.86367140636e+23
-1087.60417041, 360.800604931, -849.562773945, -6.31524289482e+20
1446.3874026, -2124.6104566, 985.475751478, -1.06522591873e+23
1585.93677333, 2032.71309394, 1149.83633186, -6.83161454315e+22
236.176216319, -455.873796876, -468.214152311, -1.34922452666e+18
-1009.45536792, -2103.05946645, -235.144167211, -2.12019093286e+22
60.3153535717, 1987.0286396, -250.794621308, -1.87306931382e+22
-61.9480290968, 1453.81964902, -2516.03943865, -3.47899232297e+22
-826.288604867, 198.115690599, -75.8538436371, -4.06717226922e+18
-487.644127818, 1032.02430841, -2912.33256352, -6.06508802118e+22
1380.16666552, 820.267415476, -1306.27859231, -4.84687259727e+21
388.570975281, -1557.18330043, 923.502476436, -7.29205765062e+21
268.985003197, 1842.02848915, 1845.62183023, -1.39745768443e+22
2621.89191566, 523.378113222, -1625.49149874, -2.38146055255e+23
-191.864841238, -376.083334375, -287.673699817, -3.69272420506e+16
2334.78671327, 850.720198148, -914.369935053, -3.44234906906e+22
-8.06150242771, 1941.4454008, 33.6039722917, -1.18884240921e+22
1607.58582431, 598.214668551, 815.66480808, -1.07181698515e+22
-5.67871433469, 167.829165028, 872.053106085, -1.20691194588e+19
-1039.87260511, -99.8102067257, 424.214959559, -5.35393711021e+19
382.680234074, 2740.37182939, -787.42640544, -3.21823156803e+23
-1144.70797588, 3073.23400645, 675.105282128, -3.83387372384e+23
1679.41005919, -1119.5786042, -1144.95367009, -2.90021157605e+22
247.293538698, 1439.10343318, -547.621709807, -2.19550039445e+21
-872.741486879, 43.1631780814, -1613.21190778, -3.9027420131e+21
435.257577251, 119.405780159, -950.129360198, -6.85222066238e+19
-470.90435598, -741.472131005, -2400.01202515, -3.37243888331e+22
1547.49025146, 402.328785402, -2096.20883254, -1.05191530122e+23
1684.10176829, 1602.5437881, 1645.1692274, -1.26613152809e+23
-342.207352088, 2047.79948827, 220.783572103, -1.61917998593e+22
-1643.61451662, 1658.21649971, 512.786743047, -1.01296183243e+22
634.702779903, 2212.92916079, 114.62509082, -3.10782737666e+22
-910.857487137, 1475.3141428, -1047.87332637, -8.71661941219e+21
1469.46097692, -1141.74302788, 754.612054438, -3.6902757393e+21
-491.521418753, -1644.93509897, -1159.52833107, -1.63072971021e+21
1078.0820897, 236.793514919, -762.387922009, -3.02542959116e+20
-206.63619666, -860.853925617, -2017.03910497, -1.07184023226e+22
740.590517443, -1879.81405241, 1455.02793018, -5.17230943056e+22
917.902770816, 1653.67121235, -1843.81334504, -2.56838140052e+22
-863.571948143, -372.069395081, 40.9749118546, -1.70173535965e+19
1285.20849249, -153.165561633, 794.114719159, -1.48624491912e+21
-2119.53022321, 95.3986495884, -1214.12512059, -7.36460262022e+22
1690.19251171, -2905.40517787, 1297.87550007, -1.12100288978e+24
-1492.83458584, 2455.31250821, 2961.65680018, -2.88663004328e+24
1117.69961849, 271.95896108, -474.997966066, -1.00417392842e+20
-1770.7375028, -1909.12316839, 508.51894405, -3.49418008877e+22
2069.33284217, 2668.90054653, -1406.78119047, -4.57560547799e+23
-995.34089624, 677.262490254, -768.283470453, -3.17514287946e+20
464.664537534, 960.944202815, 1402.51957226, -1.05898383083e+21
1233.07159871, -1666.4863729, 1149.35688684, -2.56640899355e+22
461.666589183, -1560.20925835, 1361.49972881, -1.26769811006e+22
2118.51397912, -273.571155576, 86.6738115487, -7.8287572851e+21
-110.394521906, -1937.73797162, 2814.95343162, -1.72104120369e+23
6.25604432382, 327.551597582, -218.89599666, -2.86306303181e+16
229.081746001, -311.234472674, -52.0662521744, -7.18489843266e+15
830.029164787, 2560.83325635, 781.709491363, -6.56865240791e+22
-2517.47767604, 1257.25530974, -522.199875056, -4.13293766293e+22
-1422.31697897, -517.503094268, 164.617267233, -6.80104270815e+20
-1597.71714173, -890.837335603, 2223.37210469, -1.17833305523e+23
1922.07070567, 986.544626143, -2544.27028045, -4.06256125059e+23
-2387.97827695, 2265.48491299, -721.845745951, -2.43036641335e+23
-1121.184848, 330.829071941, 1108.66307035, -3.05965915164e+21
-218.844186192, -1660.4982866, 1526.94891385, -1.75546798987e+22
997.453353966, 204.977221908, 1386.43492776, -3.568294803e+21
1195.02198688, -61.4032380744, -1032.04090059, -2.14853084996e+21
-2154.51032596, -371.963645906, 1572.35614266, -9.04575598707e+22
59.7907949241, 2897.8626425, -881.196049944, -5.37030852303e+23
388.807595279, 1246.7127381, 2304.32600951, -3.65779267885e+22
-897.677952555, 492.026485704, 1160.12113588, -2.3415555987e+21
-716.799855806, 298.330196623, -862.418481681, -9.95639994432e+19
-1240.75104749, -185.421493864, -100.898086202, -2.22428830433e+20
93.892918666, -1203.74041695, -482.999616286, -1.22443067462e+20
-1332.75219636, -215.564259083, 1880.81584423, -4.4064629001e+22
-719.391136132, -1321.63429689, 852.825796917, -1.71601284145e+21
2199.93587334, -1120.37384454, 1331.86955559, -8.13142241745e+22
1104.67320168, 2013.90994348, 1954.04943248, -6.41316329343e+22
98.0192895373, 409.455667214, -286.243565955, -1.64483791443e+17
-1581.51178646, -194.188412178, 85.4262348673, -1.0145554799e+21
-234.482184045, -21.267233713, -2503.85384891, -2.94797289095e+22
-573.460884109, 826.713056517, 1094.08039863, -9.74794756263e+20
-1656.30355486, 2639.33987652, -1100.30254187, -5.26313495838e+23
-1058.64854691, -255.527564647, 309.683789158, -4.50309595817e+19
-1807.41687472, -1730.6739694, 840.606542413, -2.43511065713e+22
2025.18830334, 471.400229994, -538.612211397, -7.86291000006e+21
-2250.03787884, -2765.36751386, 756.317880975, -4.9856368181e+23
2335.74686843, -2251.9674182, -1195.78168193, -2.87715933405e+23
-1133.09513099, -789.350544869, -766.55520812, -1.71908303034e+21
123.378674364, -3.981922936, 338.743896964, -6.11513667889e+15
1728.17960895, 760.572107384, -147.755667698, -4.11908134189e+21
-421.360528719, -989.982785124, -1852.31758142, -6.15937171992e+21
-1246.70334566, -325.185659171, 1249.77319918, -3.99364208807e+21
-783.093075433, -1331.78518128, 1941.48900315, -1.27293598148e+22
-739.036223032, -379.092213811, -522.245692993, -4.92290583303e+19
-1309.35558808, 703.846919749, 462.434983295, -5.48491760552e+20
1436.42327272, 448.812565969, 238.554618478, -1.31258994082e+21
-1397.59710496, -1132.97446193, -615.156729557, -5.77251797573e+21
-322.102879182, 113.98641359, -420.428384553, -2.36943597569e+17
1080.69922503, -1532.8671454, -86.2945112235, -2.92425345227e+21
-464.007772317, -181.333693626, -507.622619889, -3.59952076156e+18
1556.66172141, 852.325778844, -13.3299462705, -2.72964159763e+21
668.139702481, -1458.78127714, -1703.87848828, -2.46822746087e+22
-2017.02113377, 2551.65351879, 854.731864511, -1.77977575098e+23
-782.54316321, 799.399568282, -504.68837387, -1.00032667634e+20
362.08846829, -1382.67497059, 1575.42545343, -7.49542702417e+21
-644.710736727, 1328.22307449, 645.940469043, -5.09165889982e+20
1155.53628462, 391.193517699, -2772.67984072, -3.01142718828e+23
-266.094527187, 1683.80309884, 768.924753402, -1.79437138107e+21
302.76882212, 101.24880759, 926.652754499, -1.80335528022e+19
-2009.07447406, 1151.37404224, -897.506059804, -2.11152963534e+22
-997.374972477, 265.466111752, 160.545568727, -1.56207814594e+19
2004.82874501, 2033.82648054, 519.685532175, -1.09701435011e+23
2444.93513347, 1322.72452283, -34.6357613487, -9.84013484822e+22
2678.27279436, -633.225512695, -1404.4075459, -2.93693290229e+23
871.650452727, -1387.6109702, -236.361959007, -9.73752342196e+20
-1882.49736949, 2522.87193097, -1998.06706734, -8.94326495194e+23
586.809093957, -652.762576746, 506.366285295, -2.19385192386e+19
-1601.59269114, -207.727185225, -375.622880961, -2.74911784987e+21
-868.057358237, -926.261734887, -932.568539028, -9.21741748589e+20
-942.051642491, 704.536634505, 1635.17045281, -1.87542122172e+22
545.356549697, -653.324031227, 286.254972068, -9.80603717781e+18
157.469154884, 1650.64402549, 125.054468982, -2.83501354885e+21
921.030936779, -89.1446804864, -2458.28071998, -1.29492655661e+23
-1771.9245926, 1781.46574602, 844.434265528, -2.98938704226e+22
241.161256172, -492.424611168, 23.4788097925, -3.0396106927e+17
-481.344697063, -592.118587945, 513.247302519, -4.94237085493e+18
-1998.50601893, -1725.72589829, -1303.77092135, -1.88614768201e+23
-61.487727092, 2301.24414383, 892.353894237, -2.22850204651e+22
-527.077276166, -1804.90281705, -1406.5499322, -4.16789079551e+21
24.2140820928, 1768.59881214, 461.721364868, -3.44405617981e+21
-1533.52121981, 113.912264487, 1158.27679509, -9.33704802294e+21
-2681.9033416, -1877.45447985, 408.612127273, -2.47731170346e+23
764.892992725, -1.21772367656, -297.828154583, -4.68773974417e+18
-2565.75033761, -1440.64025448, 2077.93614978, -3.65526966946e+23
-518.410926445, 1311.46660869, -1005.10748317, -2.93639517121e+21
-1586.96733525, -162.7884935, 1547.22178512, -2.91664491433e+22
1128.77028562, -1045.86707488, -2110.23012715, -1.3541468626e+23
1432.26523758, 2695.17086461, 589.133130592, -1.51149677898e+23
-988.101439095, -184.771611303, 2094.05020099, -4.36963178965e+22
1669.87935693, -2830.67083926, -718.429347921, -2.48893751727e+23
1299.93272006, 753.117783507, 1003.3326612, -5.92706193719e+21
-560.95999034, 335.34152441, -941.902016172, -5.77235144751e+19
-1276.42736324, 363.769091103, 1637.23586151, -2.9231659121e+22
889.171342514, 1826.31262731, 0.807085705716, -8.08347539278e+21
592.220737169, 2624.29763545, -2955.81609484, -9.73839272468e+23
-1137.6092543, 232.598182011, -1413.96438023, -5.0672006777e+21
646.998278766, 1423.77016867, -906.994834847, -3.05432900179e+21
-2037.92528585, 665.486366752, 1240.30144797, -5.87244424631e+22
-1110.84084519, -8.94972763164, 937.671994422, -9.97839626261e+20
85.8211108116, 124.254664858, -11.8861265687, -5.60285010916e+12
708.978296329, 302.585447024, -165.507417394, -2.57235140022e+18
-176.095632176, -1740.29377557, -691.849726871, -2.28484560858e+21
1257.01875614, 1030.45397865, 814.785699011, -4.27013092244e+21
604.560941191, 1900.48049828, 729.066802508, -5.36597175632e+21
-1286.84956238, -1188.34024905, 362.199567564, -1.36653622378e+21
2191.62815405, -1532.69399256, -1247.30794821, -1.44840060703e+23
1749.26140087, -1882.20733646, 1321.83178541, -9.66263840201e+22
-1530.35072313, -1017.80471111, 1330.34018341, -7.41411762618e+21
-1850.60936404, -1248.9988723, -2038.26239775, -2.95932459449e+23
101.856107863, 876.734275511, 2704.41642253, -1.11434759249e+23
853.241936199, -2668.74814169, -492.212547611, -1.25144504217e+23
1376.09033873, -1019.11938388, -391.688767787, -8.92116126392e+20
-1489.5503558, 472.684781819, 12.5836756174, -3.1731916855e+20
-2028.04557034, 1465.38909929, 1594.76687503, -2.29304537925e+23
-414.137839402, 2125.05805191, -191.120476087, -3.30165910951e+22
-1440.62807557, -983.79171753, 2898.61149915, -4.40301726746e+23
921.600962702, 1323.73122273, -1214.51479864, -3.07463459593e+21
1606.86392787, 647.559754016, 557.933709532, -6.67491021457e+21
-691.081814183, 49.0585733432, -1213.8697915, -4.64494052235e+20
-631.476552348, 657.012079188, -268.528121452, -1.26986508028e+19
-856.382512603, -45.802887479, 484.050702933, -2.67563118068e+19
530.419466061, -1314.15807112, 1052.47583282, -3.11408430738e+21
1472.90149711, 1896.28267829, 1446.00219951, -6.48359458993e+22
1481.40158444, -2055.5495127, -715.128320024, -2.60226811575e+22
-90.9329379742, -967.663912705, 42.1412895531, -4.90612904427e+19
2023.42972263, 1714.67115523, 973.300542843, -1.30574486035e+23
-505.020909853, -515.312392171, -1912.67320751, -5.71714358632e+21
-616.994400748, 2241.14600075, -1965.44812026, -2.31736762621e+23
-67.2813720093, -2079.68636877, 907.295560348, -4.74993934157e+22
-777.329228606, -1518.84356661, -124.574652469, -1.70009387619e+21
884.408341329, -1086.36067216, 802.710250302, -1.03464724451e+21
-1186.978692, -1787.60033231, 1763.49690913, -3.84454134043e+22
247.426145768, -3051.27290566, 93.0726764887, -4.94529486444e+23
-929.247121734, 35.9151849801, -1935.02043426, -1.1962602848e+22
-1514.19228296, -372.266485647, 1472.54030744, -1.66909502096e+22
-1797.28316327, -1654.0127256, -1228.84412729, -9.4948573735e+22
2893.64156457, -2235.07300754, -1270.87665898, -7.74346098841e+23
1468.08059053, 2390.41781737, -1463.59235068, -1.91213465812e+23
-1165.05253648, -656.589498105, 1400.24934367, -4.17130939373e+21
137.75969188, 766.542476034, -1538.75751322, -5.49683146403e+20
1473.88040937, 1089.87865593, 997.912898203, -1.48301694976e+22
2398.75018663, -1320.46596877, -877.228027372, -7.82583587744e+22
-286.66462609, 1534.22218372, 553.770703301, -9.89719785299e+20
-904.745572, -1942.57906329, 678.624142965, -2.26999701882e+22
2250.71730313, 147.906674079, 756.832268538, -5.4337610759e+22
-2174.22991828, 1022.98274241, -1697.36168686, -1.51659661697e+23
2302.82714989, 2098.41588193, 620.23787139, -2.62469588786e+23
1125.65386449, -315.21286724, 438.332644874, -1.64523405429e+20
-185.873787976, 1301.87733053, -856.041161725, -1.85675169607e+21
-810.161416027, 953.097308915, -187.588965235, -1.3530718272e+20
-903.877521057, -2100.63719748, -389.492660941, -1.78997810213e+22
99.2439914256, -292.4627168, -1118.84543015, -1.18293656466e+20
1258.24865608, 1075.78464643, 1198.44637959, -1.04007159223e+22
-1358.05961912, 853.443737353, -912.060728803, -2.44928149996e+21
-2659.62278372, -563.003104654, -1389.87797529, -5.11037291885e+23
-2643.27841337, -898.363155754, 288.475784499, -9.23580081484e+22
-1486.28048384, 2493.69385125, 802.981938458, -8.89445349239e+22
-1044.50786482, -1094.82427392, -2144.45604508, -4.81921197813e+22
984.536923766, -232.208375022, 438.08369574, -7.55640143735e+19
-121.751759069, -682.767373491, 1672.19659842, -9.89339869263e+20
1327.18711067, 1406.768083, 1219.36499775, -1.82398397396e+22
1374.91533897, 2207.83475061, -1657.39622344, -1.28042320811e+23
706.046256844, -1394.2753544, 2259.37098021, -2.88923697427e+22
-1735.1951214, 946.221955279, 2599.78800948, -9.60577150406e+23
630.349595694, 2267.0230295, 476.342730919, -2.82455339356e+22
419.498534955, -4.34963649698, -776.428730898, -2.29935957497e+19
-773.276964817, 1949.83897835, 378.713629143, -1.08571447599e+22
-1357.012266, 913.874955609, 1837.00442092, -9.00766225787e+22
201.370424021, 647.602797428, -738.762547755, -1.38309610033e+19
1509.24473571, 901.894709131, -160.863649894, -2.00490810428e+21
69.7213221392, -900.006576705, -2722.6610697, -1.36763890016e+23
1477.9429985, 1178.94274844, -975.386415509, -3.18534528479e+21
-501.006193277, 967.745217131, 415.342970577, -4.03685972329e+19
1629.74349065, -2521.1873117, 457.860043954, -2.31503959088e+23
-1869.37489607, 823.455489992, 364.320079589, -3.29505488093e+21
-1666.71894049, -818.175619636, 2059.50561186, -9.13162743804e+22
1560.5681701, -277.767929354, 746.148255209, -3.70714013992e+21
1369.89235536, 2672.66327509, 596.530960414, -1.35070675043e+23
56.3877766395, -1264.97317153, -473.091683086, -1.88774937565e+20
281.03996691, 153.170466736, 446.230060847, -3.06235046471e+17
2160.8020214, 125.32978356, 1836.18821139, -2.68859583726e+23
-2079.16768662, 132.987950646, 2375.10249928, -6.49650284324e+23
48.0517307184, 1249.52369348, -1814.55535642, -5.1713956133e+21
794.084160051, -632.826311553, -1517.54434424, -8.33458392816e+21
2539.35540854, 822.720934359, 774.486408748, -1.97894184898e+23
-1867.9983142, 841.146596075, 1116.5494529, -3.26747608403e+22
625.835626119, -2115.13885026, -1786.31029804, -5.28394642605e+22
-1511.50357044, -492.499331024, 1289.6768234, -8.29514847219e+21
-408.323336369, 524.953795399, -1204.83808587, -1.06125185376e+20
-175.08098639, 1113.14043808, -2171.38920777, -7.70960724335e+21
130.298115742, 2507.04073089, 2124.19321785, -7.64942446593e+22
-2322.10166164, 1866.89710044, 1271.83628002, -2.39241229945e+23
1729.02428182, 584.386639493, 604.159564721, -1.08111272633e+22
1851.77623713, 536.848347119, 227.934372767, -8.40768669883e+21
-2073.41411866, 170.14617808, 1434.86298371, -7.5810051098e+22
-2157.8037877, 211.640240991, -365.567104064, -1.52451461177e+22
48.7840406609, 865.62896264, 152.24433327, -1.34516486168e+19
-2022.38459258, 1573.74765102, 2050.34492786, -6.48256751805e+23
2269.11969217, 269.285639146, 1247.87650768, -1.40592088074e+23
-74.0420779139, -1177.38318528, 1218.80441768, -1.40228654147e+21
245.723705862, 512.825469821, 528.897662528, -1.08109078311e+18
-968.155962848, 150.808506793, -2333.85599111, -3.5617819891e+22
-849.500642179, 95.4444669143, -1255.76670355, -1.07000149535e+21
-1377.73581973, 1147.29595431, 1599.06655937, -5.72419117765e+22
-264.503519278, 1807.54270912, 1279.70985477, -4.60437851214e+21
-96.426224284, 667.844802822, -1523.36064422, -3.52381009161e+20
-179.710798443, -919.750468215, -2407.97183956, -4.32001575753e+22
590.148569657, -2309.84459288, -832.631483808, -2.71905462038e+22
693.64117614, 511.910565191, -423.510601489, -5.74928487949e+18
1654.92124626, -1965.89671131, -360.371627892, -2.34773549487e+22
308.658374067, -898.006033529, 684.953031937, -1.29820261582e+20
135.727918772, 706.762684739, -91.0158552056, -4.71031874161e+18
2648.60083464, 398.376552779, -2012.85187565, -5.72984413672e+23
-143.446072877, -1182.98003367, -538.927481404, -9.43583317031e+19
-818.915379004, -415.779254238, 513.140934222, -1.73623079218e+19
1033.34493268, 364.641944467, -177.170986127, -4.71314393141e+19
-1271.98257446, 1231.46525725, 1763.26308345, -7.83723355008e+22
-260.713522102, 276.968576703, -1128.60931466, -3.69516630533e+19
-85.9009296465, -11.4742803347, 173.579774338, -1.21598875203e+14
2157.30303497, -738.292225221, 141.692314285, -7.05268098138e+21
-145.334014594, 1632.77676262, -401.492505013, -5.14196473153e+21
92.7320335449, -934.423605973, -148.722691363, -2.60151860943e+19
-331.192688257, 2196.8028132, -1186.93140951, -9.88221464197e+22
1107.05858632, 2276.03904371, 109.131051362, -4.39124044131e+22
2120.19836019, 605.837106389, -745.466614341, -1.36850978558e+22
964.802195901, 2473.95540642, 1826.34642589, -6.55269827362e+22
1591.49934634, 815.270453555, -370.182646, -2.03448540743e+21
-182.179687312, -455.021802109, 167.626072847, -2.0813451384e+17
1500.25804646, 1398.32730316, 621.938329932, -1.19518325548e+22
-1289.12575044, -2191.13764152, 1341.60409224, -9.40798571884e+22
-931.608220772, 2442.03679311, -1109.22818574, -2.34379738167e+23
409.160828141, -769.1542422, -208.505494033, -6.47517830642e+18
-343.561845484, -1101.38815025, -1202.95389519, -3.83584552987e+20
-1285.0915226, -94.6107619382, -216.154569667, -3.34966353743e+20
-900.167846963, 182.952707053, -230.823529843, -1.68800233384e+19
2625.12556564, -770.432824351, -2551.8421278, -2.57296300005e+24
-2051.1995259, 289.358042669, 595.040809254, -8.23903766062e+21
2365.98906971, -1426.84922454, 816.32995757, -5.31127163903e+22
1297.42197335, 2079.16403428, 395.666009365, -2.46480398614e+22
-259.666698556, -105.948439986, -60.6607381112, -2.26608702512e+15
-1481.82437487, -240.03043727, 584.956463825, -8.41823126173e+20
1750.48193482, -429.53015563, 1737.50923717, -6.62844401055e+22
-134.871258803, 1093.54554613, 1194.70850971, -6.66833736743e+20
-332.425360659, -262.968688788, -1312.5086723, -2.4562860703e+20
-1469.65618892, -2008.5319928, 669.881838883, -3.5150105782e+22
423.048764026, 123.798143998, -836.381120532, -2.88497078389e+19
1186.96048704, -1476.33267138, 1372.60822794, -1.77107794679e+22
-1117.26251143, -1874.45841118, -710.893122533, -1.01785366404e+22
-789.181365978, -961.620966557, 496.508106704, -1.35694051433e+20
-146.988137741, -44.244489764, -953.46764999, -1.29419807875e+19
-77.1668058145, -2404.39655956, -4.62967893759, -6.64641279047e+22
1047.16205003, 677.140728648, 2754.84289879, -1.6022904375e+23
835.11998373, -27.612572672, -753.253834938, -1.4416063418e+20
-1056.73340188, 1053.85250304, -1238.58267834, -3.31282286793e+21
-1009.35612033, -1272.676, -419.823314716, -1.09962216297e+21
422.323495836, 48.0477165718, 1084.37741335, -7.76361366717e+19
1249.3880324, -388.736029553, 1749.11147139, -1.67327151495e+22
-1168.76283898, -27.875008386, -1676.80428986, -1.30029728909e+22
-875.724000176, 810.482456304, -1228.95005547, -1.13096973377e+21
-94.6588701037, 2258.73016769, -89.5861929496, -4.51785101502e+22
1809.45082665, 1051.81868144, 1972.65495368, -2.2102801844e+23
-1160.24668642, 995.499645124, 1391.16825774, -1.7191366587e+22
1614.91425165, 815.439324482, -528.036602673, -2.12299572862e+21
-1533.97902329, -1408.41657199, 445.609499327, -5.43158477719e+21
1506.92130002, 800.555777874, 585.861786859, -5.63622172266e+21
824.66602895, -91.6412309738, -530.512080742, -3.88772802121e+19
-2362.07108502, -2641.76562324, 526.334566685, -4.18617595314e+23
-1952.56315209, -1031.37571523, -2162.15461785, -4.10265825543e+23
-2400.87142817, -217.910915686, 385.679432464, -2.34702561679e+22
-1490.32790448, -2726.93341223, -529.567932473, -1.74998710638e+23
-1982.99832955, 572.528376778, 333.882347184, -3.99300263285e+21
-394.082470512, 2089.69860441, 1285.9727628, -1.18364068797e+22
1702.76446114, -852.076100716, 93.971379609, -1.06773148656e+21
-2848.94688859, 1500.40586966, 1821.15205508, -1.32151694359e+24
-794.136424702, 851.113100686, -1528.20196196, -2.20814685786e+21
2132.18932935, -256.547831966, -99.9866323237, -6.90958262903e+21
-160.711376133, 404.941671532, -2670.05786868, -3.88585867877e+22
-1229.96506421, -2103.7279734, 2038.36094487, -1.29157032193e+23
-1487.49187044, 1327.19492417, -123.918890753, -2.50887421553e+21
-1434.23236912, -1236.57831392, 1052.87064353, -3.60867797604e+21
71.0718310951, -2412.10959295, -1029.82227805, -3.0101334048e+22
1655.4866416, -722.552104721, -171.194066908, -8.56553047993e+20
414.871816862, -552.258201386, 1091.7427271, -6.85137123256e+19
-866.359873498, 1191.27795971, 144.225240793, -3.74647147834e+20
816.538231998, 366.158461094, 1561.48075183, -3.49391087533e+21
-1024.42809531, -361.496600343, 499.256320617, -6.10882539493e+19
-133.7406854, 601.936860864, -152.096397075, -1.95711976682e+18
1414.80579352, -1551.81142121, 1523.09786569, -3.68231458766e+22
-199.241861181, -214.893852539, -1327.67291275, -2.26414303584e+20
631.769936793, -2160.70772853, -1840.61601834, -6.45409087204e+22
1601.57193057, 243.017693739, -2672.18597253, -4.96897865418e+23
-1897.08256509, 2468.55506445, -1658.78172966, -6.12386610652e+23
1649.6088566, 221.848301724, -2133.95342587, -1.55715274527e+23
-1869.40047035, -707.734510081, 1254.11572367, -1.69620028247e+22
2647.95510816, 194.563610827, 805.508940632, -1.78827618825e+23
45.6453964527, 227.005030419, 1403.30899259, -4.5365439041e+20
1969.02529188, 1276.43095723, -146.45879697, -2.04029485058e+22
1045.1396085, 2228.78768702, -2990.18555417, -4.69548141297e+23
-1030.88881459, -1642.35192141, -784.290598222, -4.60020297889e+21
-1437.3289754, -946.205172679, 2235.51423083, -8.84921780802e+22
-791.40730115, 1080.87150514, -557.842707677, -5.84170682502e+20
-1683.27710496, -3084.24059433, 650.223521913, -7.64108938623e+23
1184.48203868, -305.956273261, 361.929528731, -1.73880136682e+20
-477.622883526, 437.721490008, 2227.19996588, -4.27104357214e+22
-1079.50965329, -2490.61303901, -400.011059672, -7.2614424659e+22
114.543892972, 525.353019041, 2487.35920958, -4.59843469113e+22
-1930.62942122, -874.619130827, 764.321622298, -8.32896416688e+21
-1746.36800558, -2451.57873209, 266.059630406, -1.35312118182e+23
-338.33691708, 951.081391489, 1087.2839796, -5.46909746379e+20
1945.42454129, 1752.32109234, 1914.05354949, -3.88409469068e+23
-481.431984439, 276.35446753, 1149.0392406, -4.88743052769e+20
1667.46045522, 587.300453493, 473.26369984, -6.7235464168e+21
884.187041627, -832.966298558, -2971.27919102, -6.51304839374e+23
1239.05132653, -2257.94984594, -1675.75197906, -1.26950193122e+23
138.278331419, 657.850925091, -482.958366999, -7.74101664389e+18
709.140019199, 529.126556949, 123.762578337, -1.19340254175e+19
1407.40172384, 359.917797629, -133.274611517, -5.00629866918e+20
-138.545024626, -370.534432159, -1437.35778892, -5.32462435769e+20
-432.780399327, 1444.27179684, 348.351745487, -8.25944684875e+20
-201.284626011, 853.969232419, -819.731287353, -1.16601304688e+20
-358.273340105, 460.084783022, 145.633447623, -1.91598992095e+17
-2380.06565927, 2958.76011795, -368.192923849, -9.32560058531e+23
14.507536421, -38.8647879809, 2491.12261696, -3.41811697745e+22
-913.674103969, 365.947397326, 14.9995211097, -6.1609870763e+18
-136.209015301, -1666.80642325, -1667.1248875, -6.56951910078e+21
-545.181325086, -380.721847078, 1944.51549309, -9.52968987544e+21
-1466.5736277, -934.545155557, -882.640948679, -1.00492153693e+22
-1640.73656896, 1631.04779315, 2184.95959519, -5.07392292543e+23
-442.550372113, -2275.90920127, 1251.80162549, -1.14069029905e+23
-238.018319552, 2175.53495408, -830.529323373, -6.65883028364e+22
363.940983487, -1487.95486523, -201.097733538, -1.21967061893e+21
2177.12292722, -1144.46855583, -757.024775391, -3.11955650658e+22
-2526.02395497, 736.108804495, -838.526552852, -8.09154390246e+22
144.176643433, -1309.78313542, -1196.75217983, -9.22656514746e+20
-828.626147293, 2230.51915259, 2352.62099163, -3.31158893772e+23
1455.96111773, -104.589480755, 174.275791178, -5.6824362057e+20
546.706890339, 3028.12303913, 1905.04752472, -1.59024617104e+23
615.618150958, 1513.56502644, 1045.27424958, -1.21802123882e+21
-1197.07192197, -2319.31093499, -1840.23282334, -8.73533767087e+22
-912.322575778, -618.177458577, -1321.94838364, -2.7743144756e+21
-406.918999754, 924.822416645, 1950.00538595, -2.26674980324e+22
-1114.60162514, -54.6558327872, -907.715225487, -1.17928520602e+21
372.931129931, 644.193623027, 1371.15183359, -5.64979352065e+20
-1128.45044379, 1403.93078298, 1006.98780821, -6.35412516134e+21
-2712.45371178, 592.213351737, 819.367322077, -8.81576563563e+22
164.797369251, 1028.12647773, -2163.11940131, -7.82687635599e+21
-220.576321325, -1900.32891928, 424.998780459, -1.52491554082e+22
1279.17715635, -1149.53260893, 3024.21750146, -2.4717797945e+23
-177.324121607, -2857.64215772, -695.911141395, -1.6315641627e+23
2154.91871128, 130.746429144, -1051.72171579, -2.88110869595e+22
-912.142956649, 408.440465562, 532.572032767, -9.69768922043e+19
1019.72455073, -195.861138826, 535.086817987, -1.47683096022e+20
1408.97408362, -1417.17929842, -210.091122875, -2.47012804201e+21
1005.11552411, -293.286342736, -63.7500945181, -1.39047145993e+19
2472.10747635, 1131.57800723, -2823.88718608, -1.46377813821e+24
27.1540849021, -967.830245948, -1181.47449921, -3.80372417909e+20
-463.235511298, -1942.9866104, 1144.27032856, -3.41009516054e+22
-835.600147594, 1269.32998793, 1129.86097929, -3.95447748246e+21
2012.66157723, 591.416111896, 571.005022636, -2.72284800889e+22
-389.295865423, 711.488901249, -2043.46423338, -3.70372677566e+21
1758.77853254, 1503.46119556, -1534.99039877, -2.72423933845e+22
390.662374695, 2115.43317334, -293.236823112, -3.06717985272e+22
1872.35867703, 512.33061127, 330.346882349, -1.04284649059e+22
1402.26315944, -1168.89192263, -491.436395745, -1.78543261305e+21
-675.281794003, -110.878645598, 1410.23773167, -1.93488916453e+21
-628.038843953, 1907.62047862, -1065.08923523, -3.77596852981e+22
-1924.50720121, -658.912412745, 1103.19494814, -1.37393752606e+22
-2623.83356639, 45.4041640878, -2328.76278524, -1.36710560961e+24
1277.44594295, 1910.33318954, -2593.47754544, -1.84744530235e+23
-31.7903430231, 509.722507951, -2018.16309248, -3.81007903232e+21
760.242892603, -328.748026272, -998.078755034, -5.99391530871e+20
-19.809472413, -1283.04126829, -425.204692709, -2.26421056708e+20
-1084.56992625, -2530.79226155, -2344.47429388, -1.90077097251e+23
1042.21491664, -1257.93462344, 327.254934928, -1.30871648806e+21
-739.200750526, 1501.84652839, 886.84606957, -1.922227456e+21
-551.057745751, -778.789642559, 300.679908196, -1.85239063368e+19
-637.633805464, 647.812590269, 1325.7580885, -2.72913291099e+21
945.552899404, 1554.50902056, 418.148706812, -2.27319663743e+21
212.746042747, -1319.17251641, 392.954018084, -1.05041112415e+21
1559.31807179, -1192.98557711, -1886.48783079, -1.74636158426e+23
-140.256172171, -528.410071118, -2084.91994679, -1.10324969167e+22
-1344.85521886, -94.24395378, -3037.1180383, -3.76308837946e+23
988.224438603, -2312.40281835, 1182.85844204, -1.73200980582e+23
-324.483330769, 1068.64742214, 362.477098849, -6.31241582356e+19
-771.199496506, -617.055820138, 2536.79156601, -8.07513404058e+22
2640.40894794, -1288.54928736, 53.0282211703, -3.32453289511e+22
-413.094509933, 1792.26270216, 1183.94452532, -4.49380085187e+21
-669.951941927, 2475.52047745, -2345.32435661, -5.78425613285e+23
-1177.18958179, -1979.90692126, 158.194528785, -1.9356048024e+22
-693.105908139, 577.61392566, 526.092677994, -4.27937550716e+19
-54.1673582511, -1078.00179948, 1231.03823241, -8.41113998953e+20
248.452398669, -279.649969594, 307.594271952, -4.89272459428e+16
2858.55788542, 820.006878317, -54.2017511876, -1.83749595528e+23
1077.11408949, 57.4106906874, 547.773208902, -2.85173493532e+20
81.5937823075, -1697.9249513, -2077.9858247, -3.67808185014e+22
737.717336121, -354.900524733, 724.554029857, -5.67880559557e+19
150.244045821, -1090.45365166, -27.7187965317, -1.19575433023e+20
-819.458319199, -2153.43438039, -966.38081071, -1.52296737397e+22
-158.45377023, -263.525119038, -2336.62199837, -2.13764556007e+22
1516.47840402, -694.147359833, 84.1542718186, -4.0249928056e+20
-322.646885992, -872.74633046, -1623.03874144, -2.10547027025e+21
-2116.25407429, -387.305338567, -1921.85794942, -3.10725644209e+23
-774.362347974, 2955.3877935, 735.726721682, -2.41446517687e+23
968.953534348, 951.684041217, -857.201202459, -3.44191294517e+20
1344.54039566, -1472.48141761, 1086.88336114, -1.41554342231e+22
32.9882497043, -1449.20169717, 546.393078518, -2.41547211422e+21
360.806335187, 686.13674151, -270.151720672, -6.06454248478e+18
-138.4220229, 1664.26307561, 65.8019428186, -3.41297831721e+21
-2710.60817703, -1342.04804354, -715.939199188, -4.06552558007e+23
-12.0282427385, -2925.21906296, 2225.36214961, -1.31051488262e+24
-1531.37494331, -2032.41279585, 205.871347074, -3.31373710044e+22
-272.782497844, 509.402303257, -2114.9507802, -4.8434804668e+21
1713.13611985, 1196.99995264, 656.049040949, -2.0709188953e+22
-510.447671172, 166.672838346, 522.407076882, -6.79963103239e+18
1485.34882993, 1197.73825825, 2069.88813446, -1.2836537717e+23
2349.53447314, 1395.00846658, 1143.93122215, -2.90590428636e+23
2249.18891282, -2569.59661819, -503.516622886, -2.15796230978e+23
-82.3134330299, -93.0399463351, -1173.91169518, -7.94463453818e+19
-1573.34168525, 872.693519024, -687.432152716, -2.80554811455e+21
-888.200724033, -149.547804897, -2379.24931114, -3.83400249029e+22
-118.8593229, 1626.23163644, -30.6603848509, -3.17571867415e+21
404.613035299, 218.732761922, -131.877014145, -3.5939271205e+16
1155.01288183, -2612.18607376, 1117.77938404, -3.98289133656e+23
-2917.58244837, -2022.99998967, -900.253358628, -1.20656730147e+24
517.340373425, 1026.08182793, 534.64096814, -6.26730211248e+19
635.077417097, 1263.18752318, 2329.94701485, -4.31807173369e+22
1574.00366491, 753.102672878, -183.03489453, -2.02615099259e+21
-387.199711891, 2855.25314562, -1128.45958733, -6.09140760982e+23
-1345.22600917, 965.36601941, -1060.71950762, -3.96780108294e+21
1347.46284144, -611.865484482, -2727.82063131, -6.23070488505e+23
1124.55413204, -1857.04437692, 1003.57133053, -3.82355954604e+22
-131.550725147, 2222.51607815, -211.72155753, -4.45798065298e+22
2581.9889173, 97.1505750818, 1968.89044501, -8.00084914807e+23
456.499264525, -415.515976594, -1056.88132618, -3.20410236178e+20
1805.45974601, -203.917183247, -144.38498485, -1.79491735605e+21
-1009.77543554, -1306.60256872, -83.3564254896, -9.97095835654e+20
220.343685741, -800.51631941, 581.114545334, -4.5644971282e+19
-62.4345871168, -518.52391906, 62.2535052321, -3.8108556789e+17
1948.8774081, -876.42677361, 163.636970485, -3.20555212437e+21
-1465.09886612, 1824.54705529, 1756.75821648, -1.61151430014e+23
753.692293455, 421.981751352, -2064.14218284, -2.07253870089e+22
2480.04987768, 656.535802861, 67.3459026384, -6.28633676861e+22
-2463.6944598, -2777.63747836, -452.04440565, -7.22180144521e+23
842.983259974, -430.46905564, 803.329979611, -1.47698402605e+20
593.875662668, -2416.82676678, -341.251118704, -5.86460222025e+22
-211.977261331, -18.5527054377, 1612.49318842, -1.67968749594e+21
604.543875544, -2395.27916271, 687.055005803, -1.29529563757e+23
1411.07540108, 901.786490434, 2295.75278643, -1.44498260245e+23
284.254324969, -535.021753606, -408.861954911, -1.32431179307e+18
19.3183934165, -1572.39937451, 604.648356255, -4.68701649148e+21
-212.419737765, 618.874568103, 1282.70809825, -7.011995817e+20
20.8375024876, 227.044263996, 2767.03516459, -9.40963414939e+22
2723.92452548, -2114.32374535, 358.673888205, -1.68600816182e+23
-251.14253756, 2311.36120107, -960.782170504, -1.15049184623e+23
546.718227061, 249.226372989, -1655.80354334, -3.36574302778e+21
656.130063652, -980.74303588, -1438.04973111, -6.18299785576e+21
193.489330135, -119.827786017, -1602.8368082, -1.70622470404e+21
1604.09207017, -61.1812591836, -81.7424361538, -8.16050804107e+20
-2627.51001274, 1420.41915032, -832.775944966, -9.864635905e+22
232.782636879, -1153.97092616, -1504.14112518, -3.63523561436e+21
1275.22663038, -118.824252051, 1211.43856117, -5.01393793401e+21
-319.90386041, 833.596175056, -562.246474334, -6.60481805951e+19
1126.51102298, 2092.48998215, -212.511286999, -2.91435440132e+22
193.700977285, -1738.94580972, 1990.41935066, -4.22866877132e+22
1773.44776344, -756.565783747, 652.679982142, -5.07928826437e+21
242.055470014, 1022.9816061, 2382.40545775, -4.25916906644e+22
1060.36546319, -1484.39952331, 1613.80954822, -2.18736390877e+22
230.553839647, -440.590717297, -2688.48473851, -1.11951628343e+23
1230.92914911, 1109.11729316, 2424.9832921, -1.36210571928e+23
225.129754039, -1286.67097386, -2326.47835433, -7.05775023905e+22
-369.946955558, -626.958308442, -132.333213976, -1.52069014876e+18
-341.953339659, -332.348783013, 90.8801453657, -4.20495572803e+16
-2511.02037488, 351.22623208, 242.463802441, -2.39969351981e+22
-920.844891277, -1039.06136075, 1363.43756208, -1.83427611609e+21
-1302.69021199, -114.503294222, 113.570416201, -1.8720439208e+20
-1636.26400807, 97.0110388189, 585.117529304, -1.77032260851e+21
-2691.37109157, 38.2703937716, 776.274860302, -6.80250683332e+22
-2158.21887929, -570.682898491, 1263.57283746, -3.88057568038e+22
-226.230800277, 278.749129508, 870.046864959, -3.39750233692e+19
123.566846831, -572.44996202, 1617.64733781, -5.59691450597e+20
-1787.79481589, 183.351261316, -58.5367315237, -2.07032419075e+21
163.536250677, -465.762945689, 1986.95730605, -3.23430221465e+21
1728.49929109, 1002.10564412, -869.962825627, -4.97966489701e+21
2052.07904305, -665.361268631, 17.2029177663, -4.21850438545e+21
2743.10682845, -662.709894953, 493.280592901, -8.46574982393e+22
-544.049135364, -201.399454167, 870.837403406, -5.75637064888e+19
372.452832593, -1814.36388295, 2413.09501157, -8.93547542421e+22
773.787636312, 1073.38872245, 802.082282893, -4.8408229111e+20
-256.506976466, -2727.07616631, 398.379761484, -2.38711187853e+23
2.19831296866, 932.931751037, 305.620560811, -1.8223543892e+19
1139.88899066, 755.415363455, 137.260870365, -3.92114700773e+20
-1973.08356958, -1061.0293516, 49.9170711132, -1.7218373832e+22
-1151.80132821, 35.0827513933, -37.6608317362, -7.12642992805e+19
-270.734627506, 2358.85643002, 90.7076049848, -5.63250324815e+22
-1924.55004937, -507.935191605, 614.257595974, -5.75423532325e+21
717.228291967, -901.311090465, 246.641587891, -8.84601914644e+19
-870.82108327, -717.700623383, 2754.54292201, -1.59042300265e+23
526.674061264, 849.08092753, 681.442375279, -5.09214052048e+19
434.019702111, 1383.8832363, 90.4886662181, -7.15404347965e+20
-330.099439224, 1601.97711701, 272.824937162, -2.04412078873e+21
2196.13548713, -1519.75552085, 1330.51303622, -9.84732822979e+22
-1567.58089258, 53.1140900686, -463.632029367, -2.19522329593e+21
2192.43616062, 605.481834025, -488.612423886, -1.57421169871e+22
683.658520589, 1779.81379187, -2188.45290901, -5.51545392791e+22
-2653.14586111, 174.636717129, -205.06981216, -6.03897635248e+22
-1472.09927371, -479.963454048, 145.937405438, -8.42461218861e+20
-353.5936071, -116.636305728, 1649.65933685, -2.46632459385e+21
-1926.22253332, -353.014091895, -1124.54415796, -4.65759697538e+22
92.531799872, 105.719261901, -1565.40467142, -8.73640037064e+20
-641.961907884, -602.825823359, 803.076706743, -3.81664892282e+19
-779.335361315, -902.069574108, 878.31402766, -1.98739363461e+20
2194.1400453, -1592.88978912, -512.963900258, -2.84777645403e+22
-1187.7729818, -623.528841428, 1051.6112041, -1.14011276782e+21
-74.2552644066, -506.104475521, -1326.97182287, -3.76040935127e+20
-82.1455797687, 519.335634478, -443.941434389, -1.73360369001e+18
-70.5064829563, 614.009137015, 287.978919851, -5.42400461988e+17
-1864.75737601, 648.290220944, 1760.37506978, -1.55681265371e+23
-759.941582209, 1476.68952919, 773.73916153, -1.43075581883e+21
-743.028332905, 2646.23328858, -2836.10083339, -1.23775644462e+24
1791.05506075, 1252.99972438, -1602.14850735, -2.93967451197e+22
-430.432802878, 956.630074478, 201.365508089, -3.78710271413e+19
1079.68374715, -1321.12542358, -2675.4175596, -5.6910511941e+23
1323.10982137, -50.5108683239, -1479.53846426, -1.53495494719e+22
-1511.25255171, 906.839518023, -644.876224359, -2.07915942275e+21
-2811.51662791, -6.66689759286, 745.138396569, -8.89079597986e+22
177.868011312, -404.254759715, 360.339896551, -2.96341430554e+17
-381.054091669, 1204.40568913, 800.853708574, -2.48920895652e+20
-1147.62473758, 1933.89495853, 2065.55033805, -2.19935880533e+23
-2010.71370832, 196.870334342, -326.10632841, -8.42725111673e+21
2565.30442758, -206.147311099, 1641.68160259, -4.25224600701e+23
-798.949203742, -360.848926147, 1663.9369177, -5.88216911587e+21
1684.47432577, -920.637545426, 955.675682632, -8.29921974728e+21
-419.841232863, 1421.83450232, 1191.63870311, -2.15563373816e+21
312.603705187, -30.6999209558, -565.905719734, -2.0540488032e+18
-347.504326113, -204.253555554, -868.069235687, -1.6491685839e+19
-327.233538891, -853.422476876, 510.806551513, -4.71334160528e+19
-1510.90775511, -104.614062593, 105.138897718, -6.06894058505e+20
2700.84626111, -2718.88201439, 1299.36269468, -1.28312506376e+24
-373.693455406, 1310.23701417, -289.598602227, -9.55507018319e+20
1330.64383519, 1885.23221644, -700.718248177, -2.1483268706e+22
-54.8332098417, 2206.82028261, 56.961581839, -3.27632356154e+22
223.217134922, 859.13209003, 633.174860259, -9.08096438915e+18
1029.34966138, 886.194615661, 863.822134376, -1.5329885136e+21
2205.54167035, -2727.92235731, -621.535531696, -2.95915250737e+23
901.867501458, -1077.07295887, 1076.15067494, -1.75551200456e+21
-155.296813434, 216.750357123, -1184.56726764, -5.00571420583e+19
-1640.88717921, 59.0239075022, 3071.78157445, -1.39693862655e+24
766.552431125, 1698.10154121, 909.083767449, -2.87618504036e+21
333.197107448, -9.83143639798, 1981.77987532, -4.49282648779e+21
-801.982254444, -394.625519109, 1333.21729717, -1.43813427168e+21
-1876.73824643, -1225.9206798, -688.697616298, -3.81853095663e+22
476.176769799, -2394.61608842, -1775.96903802, -5.87298526804e+22
-973.633225749, -253.731881887, 1728.28718221, -1.22953873811e+22
486.836175831, -681.576914969, -1923.60958638, -1.91408838073e+22
-84.9017851871, 1532.12289556, -231.517920288, -2.53751374483e+21
-1541.22077899, -497.548287218, 390.188431028, -1.01476493006e+21
-1587.01966084, 722.400581607, -926.550349446, -5.46306441665e+21
-530.325253059, -404.031104588, 1583.39071281, -2.07950064451e+21
648.60626368, -1844.8931037, 1345.08799289, -3.94463318444e+22
-320.23311742, 630.711717498, -1668.55917141, -7.4506148443e+20
-237.929583218, -1405.69167743, -679.438111704, -3.65964411023e+20
-209.865636594, -474.82181989, -608.05478929, -1.4977127924e+18
-1483.15629403, 993.038761592, 391.277454741, -1.19512346284e+21
-1577.22718795, 474.353507931, 1542.02490021, -4.49701347915e+22
-694.559845083, -971.911360156, -1719.47452255, -5.888843142e+21
-659.076110126, 779.4137135, -66.2334922859, -2.18084098292e+19
1729.08602832, 650.533867257, 280.602167218, -6.54264584635e+21
612.536198244, 1335.87186459, -387.083844657, -1.03339539862e+21
1215.93391963, 1415.05846593, -2280.00571946, -5.88547704858e+22
-2317.8633938, -778.528371958, -232.33592197, -5.27216120728e+22
2402.28469455, 852.526287855, -2422.27509287, -7.02259333949e+23
-1095.46449703, -1036.81209103, 894.109182983, -6.80050304619e+20
1256.67088781, 1420.91784898, 1201.86603179, -1.40794855893e+22
-2689.67247174, -1214.12168938, -1159.79469227, -5.81964831624e+23
1664.12444903, -919.147405836, -1691.64354654, -1.08726528918e+23
-2329.05296862, -2977.78218086, -196.543713494, -7.50510545647e+23
1202.8712453, -302.398596767, -258.644148032, -8.97518215391e+19
-345.823085392, 124.296619102, 1067.37890273, -1.5806317725e+20
-2259.94520429, -680.439969163, -1430.35632926, -2.29079107688e+23
-110.542229835, 1893.71492673, -1282.31579964, -3.64981917764e+22
97.3714413039, 1908.52676269, 1424.14907094, -5.35079244775e+21
-34.4391511815, -1432.95312446, 2675.64821731, -4.73459525142e+22
-92.2751010341, -1156.04440587, 207.04387289, -2.64398293115e+20
188.051899519, -332.489697593, -1011.55230919, -8.31936212181e+19
-589.677743394, -1058.94753191, -549.524108842, -1.03467176219e+20
-823.913817861, -605.846092168, 2138.57674235, -2.68357631027e+22
1022.85341044, 776.725650911, -1321.12802954, -1.85787003407e+21
-130.869573086, 730.912056801, 475.638603629, -2.92610673189e+18
2035.48902939, -2802.35831586, -1274.87820752, -3.97896615496e+23
-2447.98653329, -557.631102554, -399.570565243, -7.8049703926e+22
-2100.71188034, -1571.99492467, -2030.97045829, -5.89693898902e+23
-133.41016547, 15.751780465, 947.496912882, -2.64346321274e+19
-445.678507417, 470.587154278, 1952.21148643, -1.68655255512e+22
250.92469638, -1933.62755859, -367.892937918, -8.36544406759e+21
-16.0731777056, 1238.78782784, 2662.69809607, -1.40424519135e+23
1115.05615521, 1211.75160917, -601.114758148, -1.01693243776e+21
-193.381433609, -2269.8476283, -1627.38693638, -1.81803767986e+22
601.267950944, -55.0867538128, -2706.7890671, -1.5124169137e+23
911.219603827, 1715.0090347, -427.868336087, -7.35931370263e+21
2388.09856502, 447.595283885, 1207.18507502, -1.96099633207e+23
529.968726008, -889.425519301, -693.914817866, -1.06358447849e+20
-422.5038022, -183.133035871, -1762.44736078, -2.19714650753e+21
1509.37229063, -715.852672314, -2097.88352694, -2.00386009951e+23
-2043.20133923, -856.270774554, 844.544459987, -1.29205039471e+22
-1468.06495012, -2128.72043872, 419.468531901, -4.53584748772e+22
-2850.37422375, -2169.2807518, 261.41011985, -5.28118055796e+23
-2784.40205366, -2164.79711266, -711.721147055, -8.69622947851e+23
-613.012642959, 2287.29325723, 738.180825338, -2.73384669513e+22
702.97342206, -951.089557819, 57.5617697602, -8.29484205122e+19
-2511.70603076, 309.46877399, 469.710476463, -2.77523401752e+22
111.67501643, -158.841400949, 2610.93084116, -4.16549504318e+22
612.370750916, 1681.34463939, 1572.91507996, -5.93459628097e+21
-1598.42194804, -206.302761807, -1656.92513029, -4.85802362631e+22
2300.42092884, -1284.16647368, 1049.04202956, -6.32404085677e+22
2072.72481238, -359.179842835, 906.701703043, -3.03620692504e+22
319.53244726, 1086.94710501, 449.245624645, -5.74934965271e+19
-204.250945377, -1407.80088571, -247.013936963, -6.44331355627e+20
2667.1662233, -2030.13017991, -2568.00775658, -4.72031322475e+24
1894.80256471, 84.8893779895, -28.6931591008, -3.9510854224e+21
572.188522726, 709.837106933, -361.840285439, -1.16791830027e+19
-235.662884006, 1126.00710495, 3041.51896499, -4.29410971818e+23
1768.34916623, 1378.98133663, 1024.87792616, -5.14179740023e+22
83.7246875142, 1265.50132796, 1439.00619341, -1.75833355843e+21
1326.90245662, -769.910405144, 765.674662681, -1.31227680492e+21
-389.794886126, 40.4880631519, 368.390939255, -4.2564313494e+17
191.565656926, -983.845684633, 438.450122745, -1.35044626194e+20
-487.330007171, 807.292909772, 2327.77257056, -7.63041748304e+22
-884.689518046, -1264.57036658, 456.886460115, -8.60807861828e+20
-1709.32042241, -1969.98181682, -2395.80157421, -5.1944548797e+23
-1140.59806489, -698.610651666, -1362.16847939, -7.68682436854e+21
1168.28581119, -388.822744352, -1538.89148605, -1.72264140251e+22
-814.818507873, 864.550272794, -2092.35693139, -1.1014530146e+22
-788.615250423, -91.0912748069, 303.664294622, -5.21869162537e+18
-114.375401169, 2230.65843366, 670.332100184, -2.06654916635e+22
156.609489062, -1370.3005889, 1774.47794607, -8.2763149963e+21
1811.3598863, -1391.59414878, 2123.22730641, -1.58430075455e+23
332.422910904, 376.653070465, -223.991326264, -9.21373998449e+16
1947.17841036, -455.419203121, -1671.2931668, -1.29861920715e+23
-1856.52351845, 1316.84325046, -895.864832549, -1.74804589137e+22
1157.00940898, -1547.79546193, 2158.07924215, -6.41965060916e+22
-319.502663807, -460.230773025, 2432.55021868, -3.23410381275e+22
-409.389950413, -1217.0134452, -551.00813749, -1.44149619317e+20
-1547.22230658, -675.581973705, 1400.24844318, -1.14038547476e+22
151.302008661, 569.229213572, 240.539522433, -3.13183937018e+17
-99.3596127329, 47.356487659, -514.369966918, -7.31855795584e+16
2935.32270409, -948.82756096, -590.572992896, -1.10978927081e+23
372.165466086, 1555.1316433, -300.690624377, -2.8844197375e+21
144.371462254, 786.474265044, -1348.22420961, -2.63449323295e+20
526.074414695, 857.042060741, -587.281170016, -5.90101963124e+19
-1161.21659555, -2684.99781555, 1246.17686511, -3.63791402766e+23
-2021.60798402, 1848.29538946, 497.769430625, -3.10544680421e+22
-556.245787717, 1596.93434892, 523.27675004, -1.66744941593e+21
-1419.08167681, -740.863516642, -1013.37087181, -9.39598251275e+21
-87.9131159724, -657.046915666, 1401.55123517, -2.44442320612e+20
-1054.50907586, -347.17533973, 854.03575047, -3.71102389514e+20
-673.328347069, 172.898959606, 1016.87052453, -4.00748379379e+20
-1843.94185845, -2183.9207138, 555.460999944, -8.03283764108e+22
281.27978266, -174.161906344, -928.932970354, -5.14133090536e+19
2123.71280016, 1167.47263126, 196.513639846, -4.13313206136e+22
1678.57355506, 1361.33533027, -294.412258944, -8.03654322459e+21
282.482542793, 252.422111778, -30.1702225317, -7.29510015153e+15
1138.04747973, 1618.92006024, -10.3802900063, -4.48398246991e+21
1632.52116379, 82.0505638797, 2825.3296943, -4.47820240247e+23
445.54614227, 359.316239543, 10.1254570643, -2.52991787261e+17
183.382369439, 1284.93788022, -1441.602303, -3.25488955294e+21
57.0045466224, 208.076040221, 558.930294679, -3.79217370807e+17
-434.88780172, 1372.53096548, -36.753427355, -9.61840488092e+20
-130.606843027, -502.237287538, 2952.27066014, -1.15645390914e+23
-224.389756004, -2487.75067315, -240.74036237, -7.1788923304e+22
1427.22807079, -2521.91696312, 1002.19665285, -3.2246115794e+23
-648.007186755, -1497.08626977, 573.910368975, -2.96621548007e+21
-114.00322211, -653.768162875, 1540.95704787, -5.17636647551e+20
212.313965003, -1968.10605375, 208.23104114, -1.73493234976e+22
564.473540513, 1521.68129069, -1091.61862837, -5.95318651064e+21
1140.06723656, 541.522594166, 534.254934043, -7.03080401347e+20
675.141874449, -1610.96107073, 1347.70880774, -1.7250791127e+22
-1836.56805626, -358.455598405, 113.527034923, -3.89981163395e+21
345.157785257, 1441.0846512, -2116.8420308, -1.7304879666e+22
-102.836567913, -87.8090504325, -479.930948859, -6.71482535399e+16
1074.92719039, 916.632756521, -1314.50885924, -2.03393471445e+21
161.524268537, -2147.96099133, 104.293529895, -3.07797333523e+22
-903.184979993, -1757.33772938, -1541.6671391, -1.26656937457e+22
-856.674164366, -428.696799692, -185.646190181, -3.60174026131e+19
-2415.74829735, -279.175348199, 1111.15724222, -5.81087090912e+22
640.483299781, 1973.76425527, 154.057682795, -1.20065985885e+22
1474.11819733, 300.339567051, 1829.44797063, -5.15961127292e+22
1321.70562187, -471.142113774, -177.664995333, -1.46267398748e+20
-456.893843375, -1461.88726238, 757.180611563, -3.06771327583e+21
1303.29809053, 2030.77648391, 2687.98183131, -3.87293757141e+23
1379.06736909, -590.715814411, -547.966794901, -9.30433866632e+20
2594.56933598, -1455.24020546, 1229.56662427, -1.79326383781e+23
-1228.13096792, 1670.41384777, -559.331215233, -1.33078095735e+22
1798.27786512, 1661.37538647, 852.7693382, -5.72732647564e+22
-932.662636046, -37.2010832619, 1438.55990506, -4.66515519174e+21
-482.720904508, -1127.49079948, 1168.18095188, -9.51164094899e+20
-381.048328918, 738.815318383, 2200.3434449, -4.21347283821e+22
-784.215352773, -156.984533835, -1299.93144328, -1.11584172505e+21
-330.984917292, 2462.92989494, -1920.52242765, -3.73901092535e+23
-90.4606512849, -455.778363632, -2067.63924575, -1.02506609586e+22
-1091.68136573, -1530.58449088, -35.6729709542, -2.91368068378e+21
-1934.10294921, 2090.18380636, 2789.47216386, -2.98718004174e+24
-1408.45203008, 668.780759072, 734.005750554, -2.32421382437e+21
-282.763515252, -529.16211507, -680.163238982, -4.79952158748e+18
-1820.42515233, -45.8379692094, -3032.3651756, -8.79810558472e+23
92.7253362359, 1572.69773176, 1098.87566574, -9.64732110356e+20
718.342323314, -1272.03418363, -1126.05627314, -2.85487046556e+21
-891.748402255, -25.8871179088, -399.550899015, -4.84716981838e+19
-1496.53935729, 1292.40826043, 1485.75850152, -5.84541732627e+22
128.101368885, 1786.23982619, -2777.76873839, -1.14864364013e+23
1606.22113242, 817.357293432, -1294.5096617, -8.85875028943e+21
-1471.49948434, -1987.68145388, -2960.96053417, -8.0112737255e+23
685.097241731, 214.986019354, -689.303569014, -3.20541826546e+19
58.6204861263, -326.204506347, -151.463582343, -3.44823270071e+15
727.956449212, -242.779778738, -180.349262877, -2.09167959625e+18
-1288.06278849, 1520.95685476, -1030.81783817, -1.46936564259e+22
-1336.8072952, 216.19545308, -1129.80290789, -4.74212171917e+21
-742.461658599, 276.826568495, 332.737050386, -7.81290471713e+18
-365.888348813, 441.264129029, 95.3579759164, -1.52069606389e+17
661.939592578, 36.2987920845, -1104.62632958, -4.59115828038e+20
1783.83351672, -1395.36806085, 403.741033811, -7.48503045886e+21
1009.2886842, -2254.64979658, 650.656234661, -9.4213788459e+22
-313.443290913, -821.029150439, -62.4276331068, -1.10164003928e+19
1014.24739506, -1175.63961416, -74.496369973, -4.45895488096e+20
-2096.70408691, 756.646428367, 2016.57034944, -4.37565812136e+23
-435.919132673, -1643.83066274, -37.5728706774, -3.00611650992e+21
113.008963738, -2473.39783984, -2203.85996385, -1.09036810314e+23
2641.78549804, 1143.35622305, -1804.74509085, -2.7683081737e+23
1004.71341897, -248.859560977, 1651.3190453, -6.23848147864e+21
-523.256897491, 1298.00460604, -1128.92429245, -3.28326016275e+21
-1030.6612014, -443.709375603, -40.1632815324, -8.54250443489e+19
-2261.07294308, 1489.55795511, 734.200074425, -4.67323620657e+22
237.302310266, 1880.3060747, -430.29606234, -1.42624697948e+22
314.058176555, -1437.37728628, 33.8204222598, -1.2598514112e+21
566.500717837, -278.723164332, 1367.55554786, -4.40367919695e+20
2055.84164046, 1495.58637926, 1617.21734834, -2.87161100228e+23
-664.85124724, 1993.28322876, 420.678778625, -1.18187621404e+22
1901.02902633, -2353.0034858, 1489.96714417, -4.03811970453e+23
-542.145326278, -1711.36233452, -1939.92180485, -1.64989607005e+22
-1833.24296549, -1467.88839674, -727.529256564, -4.46624677914e+22
306.912248536, 417.353409535, -1498.73215915, -7.29020694225e+20
1498.57703541, -1824.19002314, -373.55226735, -1.22181616639e+22
1444.76033412, -1191.25938465, -407.977871665, -1.67635242463e+21
1984.99634161, -199.555622276, 433.477267344, -9.44595814997e+21
-1302.83218743, 1753.41562011, -1371.43848394, -4.76621417985e+22
262.794346056, -69.4869877707, 2356.08531639, -1.73634187849e+22
-111.467151685, 1093.53171076, 1116.16266279, -4.16932629074e+20
560.74064531, 1183.85383659, 361.571710219, -1.72461060378e+20
-2740.94248505, -320.018700248, -222.409773816, -1.1714067238e+23
-1687.76235222, 889.541255907, -926.684831342, -7.78209657275e+21
2757.25043652, 219.740487908, -389.043812098, -7.04332237166e+22
1493.70931299, 2082.01950944, -152.731125319, -3.6145599825e+22
-68.4971146975, 35.9834618203, 1053.99809088, -4.90778609532e+19
-36.4298807386, 68.6171025233, 675.496850233, -1.56060575981e+18
-2002.97727768, 156.067792776, -768.98603156, -2.09115494661e+22
-1176.19786232, -607.617061805, 2161.16066424, -5.56211031316e+22
2606.92138067, -793.003091759, 894.86538874, -1.07868751804e+23
216.64896764, -2631.48693568, -1050.82988603, -6.45500850014e+22
961.711957016, 159.566365769, -1207.2211266, -1.7176617509e+21
1518.71187218, -766.05686897, 325.697971627, -7.43755371825e+20
442.975737508, 232.907005342, -613.738890045, -4.11212143313e+18
-2159.63418641, -788.512196627, 323.294280926, -1.82023377519e+22
-476.297984413, -643.649199387, 1223.23154676, -2.39586244425e+20
258.891301954, -1028.39020731, -446.822433417, -3.82957020982e+19
601.493745997, -505.661318044, -173.66597953, -1.64604400444e+18
2596.47454649, -759.751350155, -984.167787773, -1.07573188388e+23
662.092746015, -273.025582189, 2338.54023299, -1.83842520304e+22
741.193076282, -50.6211859135, -1034.67510051, -4.73042325346e+20
-434.053706893, -751.749680084, -1171.69039794, -2.61299859937e+20
784.541324083, 39.5907860332, 2208.60936542, -1.87322485797e+22
25.4374046828, 117.461004603, -2222.073668, -1.28209907303e+22
-494.802536833, 1572.69127858, 2846.19758149, -4.67279539837e+23
-781.623170303, 901.97582651, -242.001060623, -1.02834674916e+20
-362.504740136, -169.47095037, 1838.58943782, -5.28469236244e+21
