-0.49964603703, -4.0125538747, -4.88094075133, -1.56646353876e-06
-0.641401074563, -4.03744361321, -4.9998764395, -11.7014314138
-0.530950970053, -3.99141180181, -4.88256483786, -0.372578234267
0.945036923559, -0.924694532494, -4.99861622013, -1118.4791019
-0.498370539488, -4.01027087067, -4.8808632886, -0.00181595225074
-0.486236088048, -4.02066204146, -4.88135236135, -0.061287466976
-0.499331205137, -3.84003917015, -4.89572942612, -10.5511626889
-0.503763590484, -4.00977444371, -4.87863991635, -0.00753565821067
-0.50029609535, -4.01934796353, -4.90124151437, -0.115541330053
-0.500134350691, -4.01402922572, -4.88144460716, -0.000641978303048
-0.500387278554, -4.01248762786, -4.88087093334, -0.000124217621606
-0.499703551713, -4.01266458522, -4.88075715482, -6.10304373804e-06
-0.50161821378, -4.04364762674, -4.87764584877, -0.241671506572
-0.499652084044, -4.01258870425, -4.88092686529, -7.12172381944e-07
-0.497611885745, -4.01115118983, -4.89417854689, -0.0463991312434
-0.505227139023, -4.01256983191, -4.86825570915, -0.0479852092225
-0.61924797002, -4.01257454531, -4.88085875929, -3.6602672646
-0.4996937577, -4.01243952102, -4.88058706723, -3.05238906106e-05
-0.499645540301, -4.01263481981, -4.88071807711, -9.05786909527e-06
-0.499792734511, -4.01261567354, -4.8809277929, -2.74033208366e-06
-0.500524228368, -4.01123785871, -4.89132460384, -0.0281697409587
-0.499449661611, -3.89967668135, -4.88322039559, -3.78399492772
-0.49963422197, -4.01233815442, -4.88094678608, -1.85060404658e-05
-0.510257942418, -4.00499030903, -4.88245017848, -0.0440010513486
-0.497173854967, -4.01928925245, -4.86533456214, -0.07328046662
-0.499376600283, -4.01206608815, -4.88136269222, -0.000151774119599
-0.497419402337, -4.01401232389, -4.875657234, -0.00874068263249
-0.496214778873, -3.98926607726, -4.88060630476, -0.144744221535
-0.506669653819, -4.01435220248, -4.87120015195, -0.0367474069151
-0.501078113058, -4.01170521205, -4.88094260266, -0.000685202718097
-0.499037910423, -4.19739712801, -4.88415236224, -10.3757179832
-0.180360331548, -4.01384003516, -4.88116809652, -27.7757498011
-0.499586958109, -4.01261469665, -4.88094522356, -3.62429764785e-06
-0.499696908338, -4.01220409121, -4.88107170688, -4.67537495916e-05
-0.457140318385, -4.01298154412, -4.88467988829, -0.447108667169
-0.516434672022, -4.01334664283, -4.88115463916, -0.0714771548593
-0.503232477462, -3.9655487459, -4.94325891072, -1.66144394885
-0.515333821985, -4.00885080087, -4.8805758572, -0.0659368503415
-0.499305613246, -4.01289455813, -4.88122536313, -8.79495216719e-05
-0.577692575517, -4.01625402257, -4.88148707008, -1.55619910828
-0.499690140772, -4.01243369711, -4.88091883197, -6.87251880068e-06
-0.499417238721, -4.01515684171, -4.88094158589, -0.00167199342275
0.136109560698, -4.00452368802, -4.88911402606, -80.59862644
-0.499784001147, -4.01255069219, -4.88050817129, -4.07057526921e-05
-0.497650696409, -4.14433291689, -4.89039598988, -4.8767984952
-1.47021842995, -4.90000314816, -4.96068156362, -150.026719657
-0.494410828846, -4.01141198964, -4.88263475467, -0.00817973231803
-0.50014823242, -4.0130637037, -4.8797454341, -0.000442235079427
-0.500514353256, -4.01087940914, -4.8782439995, -0.00270856424402
-0.501364642182, -4.01523151905, -4.79630005474, -1.94552906652
-0.686550550338, -4.00585936872, -4.85697654741, -9.3220121216
0.0324536699481, -4.9887523861, -4.89104231932, -98.3400117846
-0.50268959745, -3.99975529619, -4.88029874173, -0.0448714087981
-0.50171642664, -4.01146914386, -4.90263832433, -0.121304332845
-0.511565963466, -3.99867174742, -4.90147387195, -0.195343548567
-0.504930270506, -4.04152254455, -4.92348172845, -0.662865584138
-0.460783744961, -3.98832541694, -4.95002540273, -1.77766786739
-0.471386603535, -4.03433734158, -4.9742541818, -2.57421773932
-0.48354199422, -3.99417902615, -4.98500070257, -3.19209163441
-0.484530486297, -3.9915312762, -4.99006902304, -3.57195978386
-0.486522854952, -4.01917939784, -4.99652894845, -3.81616411327
-0.486360845087, -4.02065866012, -4.99834587816, -3.96608088359
-0.481146778422, -4.0094930976, -4.99897519282, -4.06154864424
-0.488171462106, -4.01481445962, -4.99938311735, -4.02017381135
-0.776899917152, -4.90074500724, -4.99999385247, -102.698678714
-0.350599687556, -4.99782665871, -4.999999958, -101.202762402
-0.221907872893, -4.46620121083, -4.88528462474, -53.882560278
-0.0793154350671, -4.31023080999, -4.89482731222, -51.1050270499
-0.993546923071, -4.99900500665, -4.83294021534, -116.036812112
-1.07142145452, -4.90497885763, -4.91196429364, -114.606474269
-1.32131147675, 4.90901067975, -4.98580105144, -148.190629526
-0.384646816392, -4.01184146517, -4.8766682544, -3.31270135265
4.9009241408, -1.74167802157, -4.87235679936, -1721.70799782
-2.53173443566, -1.17675270008, -4.99849797222, -710.503829649
-1.10734739984, -4.90000496656, -4.87320636197, -119.092472164
-0.147036671387, -3.60808507246, -4.85947586516, -74.989952512
-0.477292895595, -4.00934977989, -4.94172012534, -1.06596729912
-0.794186980273, -4.96241974866, -4.98919614246, -101.563228179
-1.3288454999, 4.60914947944, -4.8965898116, -91.1287215009
-1.06869675124, -3.69801052181, -4.90967702706, -108.793351332
-0.505154386549, -4.01198887722, -4.86942365188, -0.0409056679296
-0.502535767343, -4.14262122275, -4.87664794235, -4.80240877525
-0.49636908362, -4.0098015084, -4.87994440357, -0.00501514996399
-0.502677983209, -3.9729377587, -4.8837104756, -0.422432842594
0.410505466827, -4.21740951535, -4.99999365757, -117.430731916
-0.501416905505, -4.01261931257, -4.87826604317, -0.00250909987491
-0.418123758715, -4.04565938483, -4.82664450609, -2.71489310475
-0.251546469151, -4.01914331188, -4.88143249252, -16.7752346067
0.126122209259, -4.02906297512, -4.86921441203, -76.3426224398
-0.499706673485, -4.01294384203, -4.88137740759, -8.87480783319e-05
-0.536218088678, -4.0114889757, -4.88235328118, -0.3416011621
-0.504209972608, -4.0258244441, -4.88010957596, -0.0490781411353
-0.399874465861, -4.0207132434, -4.84003615018, -3.09738830822
-0.54183139025, -3.75542542078, -4.85848921269, -26.5376539244
-0.499754744024, -4.01483494574, -4.88007265109, -0.00143469820976
-0.493847646894, -4.01085800456, -4.83598276574, -0.520941093141
-0.400807466564, 2.1963333791, -4.83130997307, -803.027127707
-0.499656474844, -4.01252703361, -4.88097785759, -3.27425023166e-06
-0.329334186843, -4.01393697149, -4.87765572017, -7.53894097986
-4.94600398767, 4.40815525728, -4.8596669919, -515.69310606
-1.39630756797, -4.01400166286, -4.93744816943, -131.333936789
-0.509345832894, -4.01266815206, -4.88105579841, -0.0235615382394
-0.500533955757, -4.01296211287, -4.88039760895, -0.000273914319515
-0.499137229063, -4.01381320736, -4.83294142631, -0.583619509654
-0.499879649345, -4.01305309433, -4.88089870322, -6.10812548634e-05
-0.499666107428, -4.01277063175, -4.88195336883, -0.000289634444291
-0.563601534046, -4.05218869436, -4.86716211701, -1.46875654893
-0.499736834605, -4.01273696986, -4.88097268206, -6.83883383785e-06
-0.499900848383, -4.01250500055, -4.86458535757, -0.0671621630865
-0.527649527985, -4.01372056, -4.88041059544, -0.199347711797
-0.49919457219, -4.01263377526, -4.88069161086, -7.43744331324e-05
-0.480698175169, -4.01208063184, -4.88594856588, -0.0966416501556
-0.500641333055, -4.0120208223, -4.88044043973, -0.00036257776013
-0.47219500533, -4.01189048648, -4.87981841508, -0.187449982716
-0.499681536848, -4.01264372789, -4.88099088814, -2.83119891781e-06
-0.479029305557, -4.06916170341, -4.88090373591, -0.919193972298
-0.499694949062, -4.01268340554, -4.88089984239, -1.88651264177e-06
-0.499750478578, -4.00740463258, -4.88053035894, -0.00688531840966
-0.499544751461, -4.01259584549, -4.88075351453, -1.09030862727e-05
-0.497459305599, -4.01430304949, -4.88405595066, -0.00450147190876
-0.499676377266, -4.01206798129, -4.87791182111, -0.00233167194497
-0.498221433271, -4.01439643993, -4.88109503631, -0.00137492591867
-0.499687546594, -4.01234083514, -4.88085669006, -1.70160563884e-05
-0.500768665238, -4.01251445032, -4.88084691634, -0.000293234734603
-0.49390198071, -4.01528775208, -4.87377283835, -0.0230157668997
-0.499759314499, -4.01264801607, -4.87672777216, -0.0044043417698
-0.499812217803, -4.01280337346, -4.88091908032, -1.43408018369e-05
-0.474042790016, -4.00750672083, -4.88040556123, -0.170387590611
-0.499741433541, -4.01259677202, -4.88083390725, -1.54613315275e-06
-0.499787061525, -4.01262913849, -4.88436436948, -0.0030377170653
-0.499476637726, -4.01267840056, -4.88081389357, -1.54703784619e-05
-0.499737280609, -4.01265656244, -4.88085075539, -1.88320584176e-06
-0.495090835439, -4.02052994855, -4.87940436758, -0.0215912931006
-0.499733090059, -4.01256128293, -4.88099581058, -3.1639380588e-06
-0.510513050678, -4.01472473135, -4.99812227286, -4.00375722093
-0.836983749727, -4.08764666848, -4.80921469956, -35.8244854145
-0.499609011511, -4.01256183233, -4.88104987057, -8.10232648109e-06
-0.500278327655, -4.0112130839, -4.88079662515, -0.000574573706186
-0.499696392503, -4.01204523943, -4.88040366808, -0.000138498752604
-0.49665891982, -4.01301151124, -4.86274161784, -0.0855065599716
-0.49971969278, -4.01257152109, -4.88092056851, -4.6045589603e-07
-0.499736077663, -4.01282395624, -4.88093821795, -1.38633434256e-05
-0.50121138999, -4.01280514831, -4.88994313345, -0.0212783826518
-0.500007087129, -4.01302727074, -4.88088864571, -7.13106685913e-05
-0.49184924937, -4.01231055213, -4.88222594822, -0.0160210220262
-0.499578126555, -4.01569033581, -4.88113564889, -0.00242480952108
-0.499728277608, -4.01291446486, -4.88022937901, -0.000138452765291
-0.513236201237, -4.01254219957, -4.88087544954, -0.0464533340896
-0.499739278217, -4.01263299206, -4.87959329597, -0.000430785192241
-0.499881062759, -4.01318433978, -4.88089591336, -9.57471131774e-05
-0.499574936117, -4.0124770325, -4.88090013073, -7.29339031965e-06
-0.499548011126, -4.01247266573, -4.88180006377, -0.000215521799166
-0.508579410714, -4.18508585528, -4.88100456531, -9.08568465357
-0.500215408626, -4.00031739718, -4.88011423801, -0.0388862687749
4.90973847463, -4.08615418241, -4.85684650354, -1833.64778
-0.499472868164, -4.01374829888, -4.8810405043, -0.000352574476206
-0.616212030385, -3.99303417378, -4.99957476828, -8.53590201241
-0.500231275958, -4.00500120719, -4.88269284646, -0.0155488403759
-0.500168520741, -4.01238824059, -4.88085375089, -6.814196047e-05
-0.499702998595, -4.01255753723, -4.88091806443, -5.2483964847e-07
-0.499742284998, -4.01198899503, -4.88168401226, -0.000250884627642
-0.505855629368, -4.02972733952, -4.87335007706, -0.0963275227914
-0.500193390478, -4.01154551561, -4.88101047886, -0.000346240234398
-0.49960050789, -4.01259039964, -4.87966614954, -0.000385710143256
-0.499693693469, -4.01267497552, -4.88093368069, -1.87699626339e-06
-0.435987517555, -4.0494008221, -4.87267857425, -1.33203431713
-0.501928566159, -4.01323999535, -4.88052369744, -0.00140025442437
-0.499723914274, -4.03300631753, -4.88077923969, -0.103498340973
-0.48132573702, -4.00284467445, -4.88241143647, -0.109062210094
-0.499110313202, -4.01293959157, -4.88150990387, -0.000211073756802
-0.498916477765, -4.01220712117, -4.88081804249, -0.000193515806642
-0.502013325937, -4.03312089899, -4.88045754554, -0.106192444366
-0.505831302155, -4.00912615752, -4.88085465847, -0.0126336542412
-0.496072073746, -3.97800809815, -4.88141905358, -0.319567523908
-0.499885106887, -4.01186747357, -4.88087869232, -0.000143823941823
4.8559934856, -4.01290004497, -4.88192710951, -1790.38329663
-0.509492857409, -3.99938754755, -4.8524111702, -0.275294653221
-0.488110871433, -3.93576052685, -4.89753988451, -1.7417325799
-0.495079630613, -4.05796698644, -4.86154126227, -0.612187848944
-0.497990736495, -4.01453766436, -4.88156264513, -0.00179197043933
-0.45903574526, -3.98954125538, -4.8745154068, -0.564247878172
-0.571844342376, -3.54553554378, -4.88016686629, -59.4243393317
-0.519999376915, -4.00251923147, -4.90717995154, -0.312651247536
-0.504875753982, -4.04673409748, -4.87144624905, -0.317744139726
-0.505175279098, -4.03768749093, -4.84963982238, -0.409145062299
-0.306242248674, -3.9989831183, -4.88019644414, -10.021540639
-2.4958511544, -0.43481507626, -4.79740046492, -717.741247195
-0.835282266651, 4.41789637032, -4.86596645755, -184.652429185
-0.44449679807, -4.01367589717, -4.88593498711, -0.751568341423
-0.933355638278, 3.95722270225, -4.99998585104, -125.913838456
-0.481527081377, -4.01321053432, -4.87818931368, -0.084464448313
-0.924916500522, 4.90000853291, -4.93360783896, -205.488525578
-0.485516476724, -4.02606246517, -4.85694361904, -0.240047257889
-1.39259530111, -3.10405791744, -4.99883251295, -225.488877168
-1.02801156062, -0.57115674107, -4.90457294751, -837.484475311
-0.289803393063, -4.09202547135, -4.898379649, -11.7695794517
-0.359407924411, -0.185588252085, -4.9984536892, -1214.51144085
-0.78060263298, 2.80387885615, -4.8918620449, -333.148081399
-0.504058408552, -4.01252575418, -4.86972140949, -0.0362725855922
-0.501455573968, -4.01679731881, -4.88127818046, -0.00526489014046
-368.453796896, -321.295559637, 391.265335284, -2.05526491986e+17
-506.018790799, 725.043735394, 198.381767123, -5.82366108065e+18
668.411766582, -152.580479537, -492.22649039, -1.37781134382e+19
248.347371877, -753.98668259, -140.55511587, -5.0133619692e+18
79.6241621491, 15.311535964, 133.705373644, -1.3886532347e+13
-481.123308266, -245.974181716, -301.37596726, -1.23433744803e+18
-78.057118385, -29.2004857457, 879.51353946, -1.11629263349e+19
-105.122320066, 847.841055112, 26.0303731046, -1.61840726732e+19
848.0597689, 314.82124871, -120.377102604, -1.05609791375e+19
328.640753595, -538.123001311, 459.350472138, -3.38789039376e+18
-44.6120482677, -208.30457274, 430.747953727, -2.34627281372e+16
138.732657226, -301.252351529, 643.718810581, -4.86841069007e+17
298.68856156, -114.618607499, 560.569316587, -6.93915571539e+17
683.390413491, 203.568089882, 46.2746291227, -2.50533196651e+18
-545.390117964, -551.978085891, 146.914219683, -2.09553464971e+18
332.778503511, -459.130413391, 653.164303289, -3.84125419922e+18
857.745059007, -127.311539349, 374.352957841, -2.67521255257e+19
109.435154222, 439.197092146, 441.491901597, -1.5371925435e+17
-1036.87507241, 273.065728156, -292.106422868, -5.38085808305e+19
546.310616556, -294.045260862, 27.9907913521, -1.27586636009e+17
-459.590460956, -265.178378504, 89.4528051026, -1.2256645505e+17
13.9750351527, 193.642732166, -347.346085644, -4.11003729579e+15
-397.749525351, -109.400447321, 340.214413531, -2.02707959433e+17
-590.476467964, 437.952025763, 541.95598042, -2.17434733581e+19
476.075498905, -474.252685303, 845.865604023, -2.36155592412e+19
371.608979584, -623.197374285, 858.20704584, -3.11139498481e+19
656.320173364, -43.3410303076, -430.058816093, -6.30691372562e+18
406.755323063, -26.1767858944, -554.586629473, -3.4215734267e+18
274.988076945, -153.026145634, 65.375063575, -9.8706873621e+14
-733.835090301, -219.368029833, -10.623974172, -3.89651047613e+18
213.075539338, -10.9456885382, -91.0895235965, -2.33622515176e+14
-172.948874493, 265.370186711, 485.104684875, -6.35249177112e+17
-449.250850952, -30.9962528025, -62.2468780413, -6.7031701354e+16
87.4005575248, -316.98711194, -95.3153595623, -3.67672838661e+15
-4.52784461063, -377.886395444, 66.3844068135, -3.42038023256e+16
-192.61115249, -376.609011986, -247.869461951, -2.78396493706e+16
-33.9296583065, 866.355720284, 47.4573397363, -1.76869967829e+19
-152.590820993, -158.42059877, 368.261919392, -1.99978520612e+16
-46.438211219, -373.897790588, -667.982291256, -1.98002717825e+18
-403.839297462, 814.112214343, 256.655863461, -9.6335179617e+18
418.099365988, 15.0761644364, -332.728329337, -3.13356722921e+17
-418.579632192, 560.289951612, 427.975778802, -4.16250596014e+18
451.278732446, -111.279906434, -349.059186344, -7.38559911636e+17
80.5452355907, -700.116461954, 781.328252166, -2.7516349363e+19
89.5944711176, -313.233733582, 37.5564014064, -7.79788849262e+15
-342.324793606, -955.180894465, -130.609860842, -3.29812213062e+19
-235.19206726, 184.522839238, -31.9947663188, -6.18164521221e+14
52.3256046662, -50.7937177502, 379.179954815, -7.31169537952e+15
-754.001419131, 475.458529139, -449.580654491, -1.66792968255e+19
51.5517410421, 517.544757798, 867.608379569, -1.94704405376e+19
311.602878982, -157.043336122, -348.345039782, -2.40233871702e+17
-341.721236059, 1003.58611314, 608.247318922, -4.94415772959e+19
480.022167537, 357.262306645, -941.317887282, -5.31158936136e+19
-18.1524188902, -860.92916677, 466.901145139, -4.93987440923e+19
294.210562897, -299.014445479, 849.816929403, -6.37515641934e+18
-2.77877111786, -22.5993268094, 655.160008477, -8.27544310742e+17
698.638873001, -242.932020078, -104.288876606, -9.50065271552e+17
-394.696927888, 239.027711534, 50.3786372021, -1.36168049935e+16
718.926972312, 886.747560969, -165.613467565, -5.26011023299e+19
455.565794838, 175.233242168, 288.533318859, -6.86349448509e+17
-226.294381834, -19.7911232285, 307.318199927, -2.69125186194e+16
10.4248126465, 340.494919691, -456.386277741, -1.26498987839e+17
712.944406845, 1009.48754503, 784.83279007, -2.99502184586e+20
415.006798712, -267.70003072, 167.000147063, -6.4465197557e+16
-444.207039428, 514.429498406, 268.26511509, -1.06574181842e+18
531.799971809, -266.249046946, 289.208617666, -7.22979378933e+17
-358.867305715, -131.18408992, -73.3855521075, -2.53095361932e+16
497.068818357, -168.882703302, 17.2144424624, -5.21307095273e+16
827.4961982, -60.6564064864, 416.659236016, -2.90376527398e+19
465.707209846, 46.8056333874, 916.683890185, -3.83225339297e+19
266.592214875, 34.9603987037, 186.726490072, -8.9644141749e+15
-258.350865841, 363.183395839, -311.47742881, -1.86264492343e+17
-908.831795178, 608.7622794, -955.820751418, -4.00500754376e+20
-916.147133259, 364.769163588, -131.115651643, -9.48532616124e+18
210.034066241, 106.59188197, 100.449028697, -9.92084522361e+14
-165.441623653, -482.032276073, 629.263003548, -1.88228807883e+18
-53.9638484823, 860.780996462, 351.030380267, -8.43733999555e+18
-116.241480547, 361.257555753, -355.328595111, -1.38384212177e+17
289.268438223, 282.728264086, -733.430125871, -4.38607722068e+18
-158.811773286, -185.658212492, -187.974496633, -1.70422129045e+15
536.96660781, 734.528181788, 207.711368271, -9.35762864705e+18
211.508274115, 434.727064264, -829.759907357, -6.39254448909e+18
-540.032217017, -669.836940607, -751.062453713, -5.38495387073e+19
-360.754612757, -794.28754191, 619.75439013, -3.61013251441e+19
192.025657021, 431.625505432, 798.279752632, -8.02426715378e+18
-690.881173499, 228.451508717, -837.96860142, -7.94777933952e+19
-93.1841332851, 418.003912695, -329.586271199, -2.87745178385e+17
419.242570153, 34.4129698765, -69.3773949906, -2.03929667984e+16
670.136524412, -220.662715713, 348.63061876, -4.43025281918e+18
757.514231385, 468.901683494, 379.819352773, -3.66412091235e+19
672.227601609, -431.686918394, -367.680458826, -9.45771738751e+18
-580.115946676, 813.194757193, 68.2604586084, -1.84949009985e+19
337.678367062, -363.764115326, -505.601432535, -3.07693253187e+18
975.032155087, -630.726778607, -0.537645723728, -1.83884134579e+19
-522.011226693, 204.493208077, 487.000600564, -5.83612075807e+18
839.250959352, 311.851074326, -688.209174436, -6.09652965076e+19
-970.706996658, 192.368454544, 770.487548338, -3.41629521212e+20
421.835886931, -19.3499247666, 880.28119119, -2.20827871143e+19
-106.524131998, 423.94256373, -605.540985331, -1.03501262249e+18
289.512334218, 242.888780502, 690.940290353, -3.45063315295e+18
-660.096543656, -28.3692541175, -259.53066932, -3.60129622627e+18
-715.111748275, -520.219906835, -261.474728874, -1.94470846552e+19
824.146794786, 408.866170618, 650.758453733, -1.49206355303e+20
-347.413812178, 322.457480666, 687.846369439, -1.5268523637e+19
-72.4076020842, -337.642188192, 14.9297679122, -1.05696856239e+16
-130.95871419, -315.101663675, -268.882018442, -7.51353292403e+15
-452.765542323, 549.338154689, 792.77981587, -7.98570071486e+19
567.565899362, 720.121488438, -1027.51035325, -1.17912664518e+20
-768.03599713, -191.994808004, 16.3157945106, -4.56424474236e+18
958.250476273, 90.6098402364, -20.5552819424, -1.85838414135e+19
-305.936106612, -353.313454545, 170.38452898, -4.66952038069e+16
-533.3280386, 229.927860985, 123.049432758, -1.67564082924e+17
-355.883359387, 398.115928169, 127.799949643, -8.4831921524e+16
38.8634454252, 923.877111793, -539.416720845, -9.52800483834e+19
868.819822373, -266.966771496, -437.031434378, -3.5756214008e+19
42.332654398, -7.49727364459, 25.5294988368, -42444.4817741
209.885053739, -310.675134129, 605.158532265, -5.40426395551e+17
-44.6481477533, -90.4342400228, 228.685142354, -2.2046362458e+14
29.4190953811, 126.972669866, -664.670401177, -6.64612627307e+17
559.53225974, 272.930494304, -770.768438958, -2.67845827342e+19
-168.987859474, -803.268580804, 28.0503059688, -1.07792191479e+19
398.091110633, -37.9486530119, 120.361702984, -3.50351931875e+16
651.653539961, -754.823498783, 88.5550217111, -1.73032898243e+19
-303.917900959, -113.374941699, -200.496289464, -2.94599780831e+16
450.874300971, 163.80357797, 88.783757615, -1.49354199468e+17
-69.1879213202, 7.48793944396, -335.737764854, -2.64117611584e+15
-816.019898151, -462.87131274, -716.592517872, -1.96742297192e+20
-334.666492071, 383.551505973, 946.829623355, -1.05474461717e+20
-923.13238633, 163.789158997, -341.788456948, -3.51555806925e+19
115.153195681, 267.4455282, -272.271225724, -9.43068584361e+15
345.74290818, -734.660826981, 209.252536268, -1.192746131e+19
6.24355088774, -60.5565336539, -195.122040781, -7.81158349207e+13
-676.078285081, 305.093696925, 49.9471692997, -6.04899615797e+17
-221.482511058, -167.186692769, 359.407271315, -3.46113750845e+16
916.308895065, -337.378210218, -602.684134139, -1.37321030436e+20
-559.013509068, 739.358029276, 291.804504432, -8.87929332546e+18
809.348627708, -982.45982914, 263.686629617, -1.81954793851e+20
822.943512742, 346.344679687, -490.066088452, -1.6669912213e+19
26.3828704385, 582.96205136, 892.097276726, -2.85691231796e+19
781.031874755, 430.172297431, -38.9976323473, -1.01265542427e+19
4.56497083702, 189.686714855, 389.653461563, -3.21017966046e+16
-429.215999614, 213.699318937, 600.721041307, -9.1191616079e+18
245.077034895, -210.153164127, 59.9059600373, -1.39801548655e+15
-804.960670576, 263.202216496, -513.239131952, -3.19230515222e+19
980.928027558, 610.148970896, -771.389784008, -1.48183424027e+20
321.857907061, 196.731728622, -149.291962724, -7.27626474553e+15
-223.720365758, 55.5160564456, 709.698982108, -5.56456013541e+18
-74.9105654107, 55.296611634, 106.299550587, -1.10688882613e+13
87.2619006998, -156.040706106, -151.819572656, -2.22018864055e+14
-15.7027679114, 722.950584752, 241.646014913, -2.36138394682e+18
-109.754687842, 122.394911961, 246.937073561, -3.69985867921e+15
-542.313159416, 310.771291264, 730.329177526, -5.21750081832e+19
613.061856802, 314.989305981, -668.095473915, -1.55786523263e+19
-761.491574716, -158.543627385, 42.9755018628, -3.5558381438e+18
-382.485798096, 355.478674471, -934.688042867, -1.89343020342e+19
395.614001028, 557.727358968, -127.295007552, -1.07606057555e+18
416.627194133, 4.54107598653, 126.023114424, -5.97324871497e+16
-34.4621827457, -331.61981864, -274.828029013, -5.44632604577e+15
398.989993821, 252.152487527, -752.452960429, -1.02477782627e+19
541.694997306, -378.84170099, 43.362670132, -2.33480823916e+17
257.05156923, -52.1937895116, 173.227975294, -4.3881071289e+15
351.76023484, 76.5707252468, 614.231204064, -2.38001954138e+18
567.917059021, 11.3154386977, -584.426123243, -1.12142068003e+19
100.606906921, 565.599263163, -376.796181035, -2.08210327967e+18
95.4883828687, -693.021735591, -138.716077894, -2.21141211046e+18
177.933047009, 656.316868808, -246.442203074, -4.03760597778e+18
-344.775071332, -375.037820288, -30.8149854676, -8.62840490152e+16
60.2178892314, 303.870253061, 19.6153359169, -3.88701206155e+15
-572.178372353, -63.9530363396, 267.006710338, -5.84014523978e+17
-221.405286636, -141.005268231, -270.554351603, -1.71342125647e+16
-8.30859528199, -261.822463782, 368.780175684, -1.72380559071e+16
-228.927348107, 435.158917451, 344.420328499, -2.9089913493e+17
-158.49280112, -597.881378784, -368.800252564, -4.02569704109e+17
134.543225181, 173.410905925, 431.372394927, -5.7316962435e+16
-21.8442723915, -1033.0610212, -484.224141525, -3.13230753262e+19
820.113927976, -522.83779016, 374.154031785, -1.85426533752e+19
-72.4379227684, -792.158915326, 10.3710686038, -9.31760638653e+18
-20.1641986082, -635.53554536, 272.37186694, -3.51919778654e+18
692.685406074, 867.184509872, -953.975707336, -1.85286417377e+20
-378.807555446, 124.364344169, -294.941257278, -1.3596670247e+17
503.107956731, -737.69305445, 343.631488204, -2.21913517504e+19
550.209414722, 706.140782218, 400.05466768, -1.43609395204e+19
83.3094209048, -157.217144379, -164.319534128, -3.02891864199e+14
-348.689468235, -729.603012996, -79.0137888475, -4.45192659248e+18
19.3915191123, 688.475657018, -85.0647418218, -3.91732901851e+18
-22.8711535367, 504.503193307, -872.253052086, -7.25141787838e+18
-285.518191819, 71.3371045452, -24.6705339915, -7.98345668338e+14
-171.163288223, 356.181469556, -1010.47512708, -1.24517563045e+19
479.09252539, 282.345410085, -453.761503524, -1.03758772863e+18
136.156371615, -538.69076615, 321.114306178, -1.47772779957e+18
91.6856734208, 639.770432451, 640.791425257, -3.06477895901e+18
909.950726462, 181.908654207, -562.590575312, -5.01686632797e+19
-69.3621083088, -131.700927897, -100.906243358, -9.28996588007e+12
810.485065723, 293.417246004, -315.604068636, -7.27304804393e+18
-4.14005570829, 672.844211494, 12.0915932501, -2.50210427747e+18
558.19527085, 206.7662167, 282.788532732, -2.2434579653e+18
-4.23545867424, 59.5837694871, 300.81621006, -2.78498055105e+15
-359.544782897, -35.7194634972, 145.121302699, -1.03797480572e+16
130.764310681, 950.355691907, -272.095453959, -6.76978673661e+19
-397.545972792, 1066.21503908, 232.539424758, -8.1700792305e+19
581.824125409, -388.616517707, -397.420715827, -6.14597448242e+18
87.7818655216, 500.130884197, -188.485814441, -4.69729528738e+17
-303.884458879, 13.4184000617, -559.224312814, -8.21787506274e+17
150.141160294, 40.6985237821, -328.646344377, -1.36763623416e+16
-162.961228511, -254.867161258, -833.001394493, -6.83206048459e+18
535.331478211, 137.644004398, -727.926082698, -2.2063402085e+19
584.032689574, 557.575996373, 570.54547405, -2.64946898512e+19
-118.52223566, 710.19284715, 79.6204950981, -3.40722633013e+18
-571.730169117, 574.488359757, 177.937770036, -2.13829959019e+18
218.726193709, 767.463220646, 40.6713286929, -6.52160241112e+18
-316.471911756, 513.504526413, -364.991884073, -1.92654739416e+18
508.7387001, -397.152778278, 262.645242874, -7.61694693031e+17
-169.792335724, -569.612398846, -403.541212909, -3.36081990224e+17
375.857954507, 79.4027995891, -263.402949225, -6.59601830703e+16
-70.7786121495, -300.545196131, -699.255647723, -2.15969888806e+18
255.31062673, -651.623588919, 504.122778859, -1.05594780033e+19
317.219553039, 572.594812186, -640.232810954, -5.35549611493e+18
-299.400152839, -130.08163338, 14.5430284128, -3.59794001218e+15
447.512435491, -53.5033712595, 273.154146253, -3.10765471844e+17
-735.217726831, 33.6095675271, -421.323623186, -1.54653142625e+19
586.321158127, -1007.85816261, 449.498701827, -2.31508102481e+20
-518.332652067, 851.311836615, 1027.70614378, -6.10054380677e+20
388.774884443, 95.1611274906, -162.819269782, -2.15737561015e+16
-613.704432131, -662.2609209, 177.998018148, -7.31560184359e+18
718.143020546, 926.328335092, -489.122266925, -9.66357415829e+19
-347.155625694, 233.454926688, -265.771981115, -6.82973383712e+16
158.852388076, 334.348418514, 487.768096008, -2.31182547543e+17
426.614830253, -577.122852368, 397.316744668, -5.17108477848e+18
160.858436852, -539.83875967, 472.231517985, -2.56634181073e+18
734.309205283, -92.8513950818, 27.1614255637, -1.62107465865e+18
-39.9910460755, -671.890247827, 976.743863206, -3.59870408425e+19
2.94008267247, 116.16469068, -73.7027365705, -449279.666081
79.1829401223, -105.455705558, -16.6350210499, -1.17481311389e+12
287.477723408, 888.498355178, 271.090769509, -1.38261540905e+19
-873.985124058, 434.879880279, -182.840547649, -8.83183622261e+18
-492.725087467, -180.636601361, 60.0062616987, -1.40676020053e+17
-553.189520245, -310.049745166, 771.021193216, -2.45955404629e+19
667.815062085, 341.417644736, -883.007062314, -8.58291748142e+19
-828.24611717, 785.831312012, -249.531093667, -5.17599067633e+19
-389.032421226, 117.579672899, 383.603061513, -6.36729066782e+17
-75.6376519681, -577.018875038, 528.179906717, -3.66579770407e+18
347.839985021, 70.5666253274, 479.233128448, -7.52854342716e+17
415.790773278, -22.507734537, -358.110608835, -4.63716513276e+17
-747.96671803, -131.387282703, 546.312159224, -1.89090700107e+19
21.8638122856, 1005.52122733, -306.44969199, -1.13848263659e+20
133.598601412, 432.299280688, 799.639005411, -7.96915056158e+18
-313.534991288, 168.446476889, 403.322399971, -5.0311860399e+17
-248.785739075, 101.03706869, -301.162531099, -2.15760671749e+16
-428.910959002, -61.9987736814, -32.3123886422, -4.42599698176e+16
30.3690467108, -415.988191739, -168.603200027, -2.42512286269e+16
-462.558444637, -75.6604799854, 653.275058276, -9.34457734089e+18
-250.116340744, -457.740413885, 295.816311692, -3.5405012675e+17
764.223191255, -386.751192267, 461.297900421, -1.70352119894e+19
383.260765932, 699.894388455, 678.585408443, -1.35903630708e+19
36.80503684, 144.369982381, -98.7500468902, -4.00155580329e+13
-549.674173154, -64.3104074997, 30.2114901109, -2.12763544834e+17
-82.3049604289, -4.32862526977, -868.982389322, -5.90697626143e+18
-196.364105398, 286.801469356, 379.602412356, -2.03373921844e+17
-574.59486623, 915.997343432, -379.899664514, -1.12042732139e+20
-369.422866377, -91.5723315304, 105.954044225, -9.75960596419e+15
-626.45377721, -600.273104037, 292.205352345, -5.08585404334e+18
703.614825338, 161.633097402, -187.704867254, -1.6770048749e+18
-779.920032636, -959.141649238, 260.16310311, -1.04126306145e+20
810.844242679, -782.23498697, -415.820482251, -6.14734204208e+19
-392.648358977, -272.743274309, -264.765920351, -3.56448092203e+17
42.9567818299, 1.25758138783, 119.292778551, -266408.774777
600.491967584, 265.806704286, -49.0201960855, -8.84668045593e+17
-144.690309237, -342.540883444, -643.67986407, -1.25382005258e+18
-431.919360577, -113.763753524, 433.183707079, -8.24958468123e+17
-271.88960853, -462.103295735, 674.319263672, -2.72062747423e+18
-257.510235602, -133.086663095, -179.965769608, -1.05648858441e+16
-452.72362982, 244.82662397, 161.585541911, -1.1195988144e+17
496.759951091, 157.218064741, 82.861871196, -2.69687526861e+17
-484.491459324, -392.893148494, -214.662201466, -1.22164268365e+18
-113.921681147, 40.0645903198, -146.999167964, -5.52666982551e+13
375.680668056, -531.565404744, -29.7709616607, -5.96661954908e+17
-163.36769069, -64.8626015337, -177.473347474, -8.36204048107e+14
538.566033002, 293.633632307, -7.73950968924, -5.47440495583e+17
232.533023884, -507.478863067, -591.943407889, -5.19787566035e+18
-698.641332417, 885.234050221, 295.534618171, -3.73749777566e+19
-271.279489754, 278.642782748, -173.894107126, -2.22485981299e+16
127.44185165, -480.877098019, 546.455519659, -1.56870738169e+18
-224.890700292, 462.059684077, 222.281675956, -1.10108469495e+17
402.448369214, 134.328702371, -961.564783368, -6.2851089167e+19
-92.2325148651, 585.473418941, 268.295487836, -3.89342878238e+17
102.669008281, 37.0018996546, 319.934100663, -3.81231888581e+15
-696.539716099, 401.459505315, -313.048457658, -4.52008040329e+18
-348.11571789, 93.1226282209, 55.4004276867, -3.30078125297e+15
695.447490615, 705.641884078, 181.868905559, -2.29797667865e+19
848.885136836, 458.269956486, -9.89131566139, -2.0762276777e+19
929.468908238, -220.346055433, -486.624319356, -6.22928356957e+19
303.456021349, -483.1598399, -83.6001924224, -2.03940380084e+17
-652.091359702, 875.835258208, -692.978782783, -1.90666338801e+20
203.440350595, -224.651877885, 175.347785423, -4.19739146282e+15
-555.83522737, -71.6438400859, -129.459569467, -5.76954935176e+17
-302.084300347, -323.02727247, -324.745764532, -2.00094130839e+17
-327.626951772, 242.610999729, 567.097579064, -3.96652416196e+18
190.931089545, -224.28966943, 96.4633778016, -1.79105444779e+15
55.9920827692, 572.496050828, 41.3534916491, -6.04380618558e+17
317.645520429, -28.4681206166, -852.647128702, -2.63957370427e+19
-614.883507419, 619.0206884, 291.393628194, -6.20303281498e+18
86.466798768, -173.207855816, 9.0211167041, -6.73298440526e+13
-166.617741637, -203.878007946, 180.49960592, -1.01945930323e+15
-694.078430052, -598.58034781, -452.028307193, -3.99066566053e+19
-19.5722871159, 797.56874814, 307.451418576, -4.70189391856e+18
-180.235300531, -625.989623646, -489.412969475, -8.58675864612e+17
10.7689488491, 612.276268644, 158.184295084, -7.22558866709e+17
-532.894788486, 39.5382918992, 401.994848409, -1.95420020395e+18
-930.852869824, -652.180714486, 140.559088751, -5.24687599209e+19
265.56378954, 2.76866385383, -101.320858647, -9.88940158919e+14
-890.412343046, -499.401391072, 720.99229687, -7.64507203872e+19
-179.161630579, 456.235830796, -348.294874797, -6.42106536637e+17
-551.450364391, -54.9316202942, 536.882152316, -6.15551301455e+18
389.822591471, -364.264421446, -731.407845106, -2.7940755146e+19
498.534072038, 935.195764614, 206.48545029, -3.18205103598e+19
-342.81676661, -62.5484034212, 725.636865897, -9.2699350754e+18
579.982576441, -982.24442559, -251.261134029, -5.16520293048e+19
452.120449036, 260.603486971, 346.541385429, -1.23895275043e+18
-196.880616674, 118.04981688, -325.664486091, -1.23707933382e+16
-441.549624407, 124.079980827, 566.930768812, -6.01215169314e+18
308.431143807, 634.426925123, -0.582893241253, -1.72149638263e+18
203.561307212, 909.965357504, -1025.29062283, -2.04774608104e+20
-395.420820368, 78.9734398327, -488.972025968, -1.05953474386e+18
222.319802597, 494.086587832, -313.701003996, -6.45209764453e+17
-705.94781005, 232.837426724, 431.096436801, -1.22191410344e+19
-385.540547625, -1.45842379484, 325.621347112, -2.09535644362e+17
31.3132668531, 45.4713463176, -2.63739178007, -43930.9558446
245.239538171, 103.434586934, -55.5537849573, -5.26043710791e+14
-58.9259033214, -602.804303816, -241.836956999, -4.661954974e+17
434.218060742, 358.909640538, 280.45596815, -8.6277942651e+17
210.492810655, 659.292309161, 254.088631607, -1.12800719388e+18
-447.10309439, -412.211870023, 126.421079648, -2.88695603478e+17
760.26981961, -531.985181406, -431.508043391, -3.0513608795e+19
605.826056037, -653.419009126, 459.131590809, -1.99356262669e+19
-530.985217872, -353.267363215, 461.491391323, -1.54579604736e+18
-643.375214248, -435.062696365, -707.762285814, -6.30557434105e+19
35.2504593136, 302.322864226, 937.935521128, -2.40430100367e+19
295.005080929, -925.957051445, -172.42694653, -2.58407404421e+19
478.618095159, -353.204943756, -138.71801549, -1.98163665077e+17
-516.834021411, 164.879704185, 6.48709502174, -6.56879322083e+16
-703.448481658, 509.763877641, 552.098276136, -4.74887976812e+19
-145.399155832, 736.60369846, -69.0369665846, -7.04643010079e+18
-498.551338786, -342.487318238, 1005.63420886, -9.27888958209e+19
320.120984272, 458.693904607, -420.352957803, -6.41594283534e+17
557.059072134, 224.381302718, 192.5547043, -1.37763990503e+18
-237.989187766, 14.2030400041, -420.807604358, -9.47384169073e+16
-220.149812121, 229.935852744, -91.3736716671, -2.95881186292e+15
-297.712557585, -16.4887751974, 165.437089203, -5.24082966134e+15
183.968071111, -455.037498555, 364.686760063, -6.2811741057e+17
509.267773783, 658.627777414, 503.135894962, -1.34748859309e+19
515.496218908, -712.579764616, -249.21045553, -5.44470791599e+18
-29.1008821131, -335.767539249, 13.9304574206, -1.01055812168e+16
702.991814403, 595.556917167, 337.284262187, -2.74873535947e+19
-175.751309607, -178.197794, -662.439755423, -1.14735485189e+18
-214.096145651, 777.369847602, -682.705317999, -4.93742693233e+19
-25.2249723826, -721.810774157, 314.507095603, -9.88013485162e+18
-270.456670896, -525.827060431, -41.9266416954, -3.52668839005e+17
308.68371643, -374.921398149, 277.095356241, -2.04646163433e+17
-413.055671248, -621.460264033, 611.319004473, -8.14225686808e+18
84.8887261134, -1058.65710627, 31.2530276961, -1.02773612409e+20
-324.355150882, 14.8181823732, -671.337274998, -2.52396947924e+18
-525.483991062, -129.554480249, 510.63861579, -3.48101464619e+18
-623.958859896, -574.689961058, -425.59992291, -2.00651299962e+19
1004.1889159, -776.369031803, -439.579910036, -1.63499420524e+20
510.334413202, 829.080632824, -507.155086557, -4.01528756413e+19
-405.12058713, -227.159356889, 484.023149449, -8.68135305078e+17
47.6991550995, 267.233844527, -534.13363105, -1.12265678036e+17
512.752052124, 380.176391264, 344.422570557, -3.1260163378e+18
832.018671899, -459.8089087, -304.652061525, -1.67592223174e+19
-101.184212602, 530.905299602, 191.220419168, -2.0833243262e+17
-316.128522191, -672.8453943, 235.311008226, -4.69099232833e+18
780.313639323, 50.3674055371, 261.505363069, -1.12378765739e+19
-753.821382909, 356.07430045, -587.440557147, -3.15545955455e+19
799.629168695, 728.966839614, 215.729780957, -5.5322022134e+19
391.25221985, -111.874557682, 152.089577581, -3.45533518598e+16
-65.533870451, 452.205299923, -295.466665776, -4.0017163434e+17
-279.137115176, 330.117549114, -64.9028949865, -2.92138241097e+16
-315.833611613, -728.137065756, -137.262547572, -3.72542667051e+18
34.3519689876, -98.5316557486, -388.798194906, -2.32936485457e+16
435.60256254, 373.264960764, 414.03298008, -2.13003766274e+18
-470.074396309, 294.9129446, -315.203145927, -5.078334564e+17
-923.09486879, -196.251616482, -480.927391357, -1.07358741028e+20
-917.449650817, -311.036691539, 102.849859282, -1.93229734721e+19
-515.92600285, 865.224099902, 278.301131529, -1.89146702527e+19
-360.987497511, -378.774657861, -744.694633884, -9.97467312062e+18
342.15841235, -82.6994555182, 149.185560186, -1.52890749229e+16
-43.650067202, -236.998107243, 581.245979376, -2.25000747107e+17
460.041950107, 488.432607012, 422.084740117, -3.77888749987e+18
476.575893072, 766.366143644, -574.963865968, -2.70486551822e+19
242.665251126, -484.619142994, 783.117995418, -5.97028314333e+18
-601.051600958, 328.084914337, 901.689585068, -2.01130160397e+20
218.559545517, 786.444355004, 163.179657349, -5.9790792334e+18
147.171770299, -0.817374058221, -269.838771606, -4.90076027415e+15
-269.866268767, 676.141858811, 131.235921223, -2.32116527111e+18
-472.108803505, 319.078744935, 636.825245, -1.9074711996e+19
67.820655782, 226.92249641, -258.488711926, -3.196032236e+15
523.808805267, 310.59482652, -58.8677590477, -4.1105337729e+17
23.2437013071, -314.1140288, -944.237782169, -2.7821471507e+19
512.408462034, 410.875826337, -336.371134051, -6.73170915797e+17
-174.415993075, 335.155761384, 142.906324524, -8.60265097084e+15
564.61363937, -874.318087326, 159.955136255, -4.76926733625e+19
-649.655509714, 283.954606133, 125.359912767, -6.75561068333e+17
-578.871835505, -283.103046088, 714.88887091, -1.9342999465e+19
542.845783937, -96.4980143183, 259.642577533, -7.93300534729e+17
475.598667407, 927.713833621, 205.244338363, -2.85119787189e+19
19.8952942225, -440.82449849, -163.674909351, -4.06178643343e+16
99.9698786979, 55.5424119295, 153.605296894, -6.94717136155e+13
750.50202997, 45.7403613886, 636.037548923, -5.65723075956e+19
-720.556695413, 43.0446461796, 824.812561212, -1.35830830729e+20
15.7030103838, 433.568724038, -629.725856475, -1.09527258293e+18
276.067462307, -217.178435579, -525.253518962, -1.70789919518e+18
880.563567807, 284.245367501, 266.274324903, -4.08012372753e+19
-647.495001403, 292.546319983, 386.922151668, -6.72849315004e+18
215.918797353, -733.032003996, -619.441208103, -1.08538507053e+19
-524.801604532, -172.217532715, 446.425626295, -1.71071216541e+18
-141.936136128, 181.30100015, -417.210338267, -2.19408325958e+16
-62.2682452855, 387.190768193, -753.382499971, -1.60952285448e+18
45.8989315523, 870.101613003, 736.993426783, -1.64366920172e+19
-806.433783307, 647.788414104, 443.197810903, -5.05322846084e+19
600.561467789, 201.532411547, 207.375818838, -2.23959989186e+18
643.695637969, 186.406935973, 81.2678908335, -1.79937882129e+18
-719.99697571, 56.4192604371, 497.445003907, -1.56993078853e+19
-748.708399262, 73.7398619843, -128.170498501, -3.23080393386e+18
18.8763829442, 299.240777251, 55.3277831573, -2.75733517774e+15
-702.431009152, 546.996064166, 710.908056684, -1.35953074007e+20
787.116056694, 94.420599926, 434.398467596, -2.96692764906e+19
-26.3056658351, -408.162660217, 424.224333349, -2.8983795661e+17
84.3446686665, 179.008243588, 181.056722132, -2.19983640692e+14
-337.550510405, 49.6320432204, -809.889895995, -7.51634401624e+18
-296.356196449, 32.5878203813, -436.6975127, -2.31082626856e+17
-476.646534951, 396.95962331, 554.272367116, -1.18346807045e+19
-91.3574941012, 625.81087331, 442.542120857, -9.67524264472e+17
-35.6590291491, 231.026230672, -527.828649041, -6.99174928896e+16
-61.1211961304, -318.982197378, -835.967328861, -8.81704750171e+18
204.71415976, -801.170455766, -287.892084183, -5.63563029657e+18
240.607447522, 177.874858422, -148.853841128, -1.25617677472e+15
575.056653037, -683.216998195, -125.895719223, -4.91693527907e+18
107.683113116, -309.521398241, 239.643475617, -2.55512772217e+16
49.8077397774, 243.300943756, -29.7003184556, -9.39691150694e+14
919.078992042, 136.410028302, -697.690992726, -1.21120139118e+20
-48.1913271312, -411.492339015, -186.484003871, -2.00473225207e+16
-283.572333791, -144.15043427, 179.985251092, -3.62723533302e+15
356.31156995, 128.231752019, -63.0432710753, -9.51626103584e+15
-441.290940577, 425.958772225, 612.455174617, -1.65368639595e+19
-87.4640655388, 96.1387926589, -390.12299768, -6.92727854554e+15
-27.8992277211, -2.80895272443, 57.2817936818, -57680.1217283
748.087034843, -254.143704893, 50.5687710716, -1.4876346773e+18
-49.2512398012, 565.509515795, -137.015495301, -1.07433408891e+18
29.3619098256, -326.379523767, -53.0279915168, -5.57152098342e+15
-117.810197765, 761.501034531, -409.893712414, -2.08582930215e+19
385.717706252, 789.875075464, 38.6921800581, -9.26233749132e+18
734.940764013, 211.297564739, -256.283529906, -2.86884805465e+18
335.875271355, 857.837855305, 634.724674855, -1.39008119405e+19
552.048276238, 281.292357752, -129.869824067, -4.22469412316e+17
-61.2371405093, -160.183597444, 56.9013284572, -4.70991326818e+13
521.677917307, 484.42368166, 216.463080283, -2.52156880283e+18
-445.710212294, -761.055805519, 464.630393394, -1.97903329138e+19
-323.530517375, 846.491938633, -383.824988408, -4.95506881255e+19
141.508468836, -264.497969137, -70.8758854427, -1.22595179765e+15
-120.840971897, -383.77516212, -418.712149277, -8.00934670887e+16
-444.912698056, -34.9840583827, -77.728021296, -7.18337215786e+16
-312.206781958, 65.5326349628, -82.6674224487, -3.65131607929e+15
910.965479181, -267.737012646, -885.924709673, -5.44353452004e+20
-711.125747032, 102.456037676, 206.223183063, -1.69016087376e+18
821.441765774, -496.125038266, 284.967603399, -1.12034811414e+19
449.539217435, 720.908099238, 138.581143001, -5.12909366516e+18
-92.9981948697, -38.0350739365, -22.6691390204, -269192.510979
-512.879205465, -85.2597466713, 205.467310891, -1.73807011872e+17
607.890606118, -150.889289213, 602.0520223, -1.38829256395e+19
-48.1023968221, 379.817060958, 415.172815975, -1.49397401929e+17
-117.457553221, -88.9739540184, -455.352456796, -4.9253695478e+16
-511.277133361, -697.853202418, 230.568166406, -7.43959457212e+18
146.948776088, 45.2160161064, -292.155619143, -6.1298166109e+15
411.181283129, -512.173618362, 475.028752039, -3.60990666824e+18
-389.656181625, -651.355875386, -244.49876081, -2.18722498963e+18
-275.221571217, -332.46721366, 171.95649544, -2.79426558706e+16
-51.0459993273, -16.5779280546, -332.772915497, -2.60454562208e+15
-25.0708398607, -834.949123082, -3.86967568235, -1.38726755384e+19
362.599612831, 234.005397211, 955.486263251, -3.38836459701e+19
290.655299196, -6.8478200894, -261.694874964, -3.0982236665e+16
-365.637065709, 365.519472128, -429.387583445, -7.03289234608e+17
-348.696051786, -440.661145407, -147.57775162, -2.28673704588e+17
147.37110308, 13.6953854143, 377.138925677, -1.7131056889e+16
433.768253676, -137.406046092, 606.76224512, -3.51581628209e+18
-405.728806251, -9.89363570942, -583.01950695, -2.75633869778e+18
-303.657920642, 280.14722286, -427.579472388, -2.41877512726e+17
-29.6996994488, 784.440003754, -30.0217559844, -9.62425430175e+18
627.552868714, 363.085691938, 685.39397624, -4.63898466384e+19
-402.001257241, 346.349416509, 481.97539898, -3.57949751794e+18
559.748546452, 283.552659316, -183.903687815, -4.45873174374e+17
-531.548799617, -489.969564976, 152.255135487, -1.14939128791e+18
523.091465818, 278.484488452, 205.649431563, -1.1983239522e+18
284.208836854, -33.4974902673, -186.474492127, -8.63283447503e+15
-819.797279639, -917.030726586, 184.652177897, -8.83040480723e+19
-677.237280427, -356.446609085, -750.641272471, -8.61406273477e+19
-833.428779089, -74.0559200574, 134.761516229, -4.90661866108e+18
-518.493037527, -945.866831136, -181.081460998, -3.69027780653e+19
-688.827383359, 196.505461329, 114.35128909, -8.21675432491e+17
-137.345984836, 724.909293302, 446.455580265, -2.52962439015e+18
591.215252907, -293.45847487, 35.2622501198, -2.25563515414e+17
-988.18488232, 520.356371123, 632.758476377, -2.76240120419e+20
-274.848818745, 296.320624365, -529.945764671, -4.67338248025e+17
740.454230625, -90.610298067, -37.4683858566, -1.4571142833e+18
-53.8655939924, 137.797880788, -925.936015164, -7.86665358702e+18
-426.203143654, -729.035230855, 707.751768979, -2.6912498627e+19
-514.967924622, 460.884120753, -43.2881150099, -5.4364616133e+17
-496.07028079, -430.507932523, 363.241173209, -7.45365746056e+17
25.0471062333, -837.540337113, -356.333044545, -6.3206804774e+18
574.69484636, -251.163138729, -57.3483854149, -1.82305461289e+17
145.892371841, -189.724694136, 377.378043712, -1.42302003703e+16
-299.119618441, 414.872718517, 50.1788418797, -8.31562150703e+16
284.376432096, 126.79794867, 541.689273314, -7.4738292413e+17
-355.187193661, -128.27419688, 171.617344411, -1.22803539008e+16
-47.1866613172, 210.777104377, -52.2686192129, -4.64341072471e+14
492.600556669, -537.339698833, 526.957917778, -7.53990728064e+18
-68.3152614135, -75.2816006435, -459.790637301, -4.38983277305e+16
218.271258261, -749.038599635, -639.232877363, -1.33821776486e+19
555.30902954, 82.1676239845, -926.847296062, -1.03858809279e+20
-657.722083818, 857.073985866, -576.25852415, -1.31243370368e+20
573.039860147, 78.5645961235, -739.550090366, -3.2521321e+19
-647.321805659, -246.237504552, 434.576817483, -3.46937144976e+18
919.208820567, 69.7679896274, 277.664457706, -3.74598116497e+19
14.2596577393, 77.3547179172, 488.346043916, -1.04911124711e+17
683.091168779, 443.086772801, -49.0728770666, -4.28816498321e+18
362.047430886, 773.363276048, -1037.48579003, -9.83954888853e+19
-356.699683013, -568.309752639, -270.315314331, -9.48558719439e+17
-497.963716817, -329.377495327, 776.226046688, -1.87025261485e+19
-272.171228838, 376.925018468, -195.333077982, -1.31463651627e+17
-583.17826787, -1069.99256953, 225.759420752, -1.60014324086e+20
409.402925758, -106.252083201, 127.119241882, -3.59786933479e+16
-164.505187119, 152.107408459, 772.375292054, -9.1379592871e+18
-374.098103868, -863.509022213, -137.507125863, -1.51638695917e+19
38.8285413473, 180.608815287, 862.959893866, -1.00238836529e+19
-670.612526717, -302.297540535, 265.643458183, -1.74583646231e+18
-604.418955927, -851.274158012, 92.432431902, -2.84591866879e+19
-117.082323669, 330.279401991, 378.065066236, -1.19800965962e+17
675.197498211, 606.754874486, 664.662288441, -8.15197551725e+19
-166.888096478, 97.88979556, 396.586142184, -1.02994126314e+17
578.646858339, 205.845594546, 162.983211385, -1.40595589936e+18
304.667180819, -289.49567687, -1031.05631095, -1.3412788937e+20
428.615415, -783.586299536, -582.620071509, -2.67071812483e+19
48.1579451571, 225.71714002, -167.476518046, -1.55277953433e+15
244.561228547, 185.57796588, 40.0128685666, -2.36628924764e+15
487.829163664, 124.835313389, -46.0534332, -1.04282345348e+17
-50.20416041, -125.74535021, -499.41366994, -1.04420153436e+17
-152.630228606, 501.29378386, 121.54676405, -1.78513021002e+17
-67.9863056475, 294.789529936, -283.97419518, -2.44493686206e+16
-126.563724826, 159.742265999, 47.5275878811, -4.3862764348e+13
-826.149842502, 1026.37743257, -128.566697369, -1.99060388008e+20
5.98998116253, -13.8223285951, 864.929037348, -7.50117249356e+18
-315.520630657, 125.873055326, 7.52230937452, -1.22276456473e+15
-44.2276048254, -579.179258735, -578.030181223, -1.3438933661e+18
-187.051697613, -133.750524096, 675.87135645, -2.06049137057e+18
-507.518665957, -322.884720852, -307.864668399, -2.10387551408e+18
-569.9550941, 565.782475977, 757.388994638, -1.06463998767e+20
-153.569673462, -790.012830696, 435.820846457, -2.39364777411e+19
-85.3970461916, 755.435188169, -290.221107317, -1.43526879936e+19
124.553532682, -517.391258991, -72.3187579324, -2.52451054521e+17
754.50573272, -395.358617801, -261.77944294, -6.56175537563e+18
-876.06334862, 255.627430585, -288.769285166, -1.6789099953e+19
47.5659246591, -454.649909879, -417.010427316, -1.89004596743e+17
-289.271125957, 774.277951621, 816.782332391, -7.11147795863e+19
505.468870137, -37.4334290804, 60.1259907486, -1.18654194823e+17
187.629193396, 1050.55122446, 661.934011396, -3.36157150179e+19
211.733821147, 525.677165326, 364.403851102, -2.5569450062e+17
-415.990331553, -803.891965918, -639.770500046, -1.84889703714e+19
-315.977484584, -215.680141266, -458.568750301, -5.78994287756e+17
-143.522826547, 319.006918626, 675.982762796, -4.89845604222e+18
-385.20259231, -18.8156039858, -316.753510969, -2.47305776867e+17
129.746655976, 221.898909683, 475.365627811, -1.23422439031e+17
-391.084191033, 487.016726334, 349.958522971, -1.32965580275e+18
-940.593264444, 206.953406196, 285.260735353, -1.83089260669e+19
58.3450415734, 357.326514442, -749.880761687, -1.59250219189e+18
-78.5468336836, -659.445983338, 147.569320425, -3.17616034751e+18
445.658183197, -400.803604841, 1049.07055189, -5.25692503647e+19
-63.5157521898, -991.526256766, -239.71423277, -3.41847021441e+19
747.390240323, 42.9095348694, -366.424654634, -6.21982737092e+18
-316.945624288, 144.270364805, 186.950967774, -2.09528177537e+16
353.126022271, -70.6374871106, 186.415060193, -3.05826099263e+16
490.356599626, -492.8262363, -72.4233146086, -5.20053852237e+17
346.556191119, -104.63565442, -21.7181332685, -2.8305155597e+15
857.285940316, 391.463701628, -979.67633823, -3.07565527713e+20
7.95953659893, -335.018188226, -408.225015622, -7.30052903379e+16
-163.379134069, -674.126856645, 397.727825822, -7.11249877203e+18
-288.524534589, 439.563641873, 391.949415968, -8.21405672407e+17
698.730519973, 205.430885729, 197.389497868, -5.70002908062e+18
-132.846129306, 248.499354826, -708.665831777, -7.45216342348e+17
608.905750729, 521.637087546, -531.630008638, -5.68307464042e+18
135.218374426, 733.972367012, -104.121988784, -6.53146164266e+18
648.408025768, 177.577847962, 115.238006333, -2.15676170907e+18
487.248295467, -403.823677158, -168.057016972, -3.71585209405e+17
-234.673503652, -37.3211909141, 490.934575793, -4.27116408893e+17
-218.428979492, 662.412862277, -371.129863693, -8.16269955588e+18
-666.554512489, -230.141857377, 382.558720216, -2.81257570936e+18
-909.932975306, 12.6292458474, -807.08084791, -2.86348668525e+20
441.803158878, 661.714084267, -900.384570863, -3.84682252678e+19
-11.2473574642, 175.264626255, -699.712979216, -7.55107141923e+17
263.911243866, -114.108572639, -346.75121478, -1.27184685125e+17
-4.11472163957, -444.004430034, -145.345286294, -4.63208297011e+16
-378.028852141, -877.408891814, -813.725405086, -4.00064383895e+19
360.989512283, -436.567592616, 110.76288648, -2.61966158924e+17
-254.886463473, 521.216905558, 306.736768555, -4.00114491083e+17
-189.78033436, -268.183952324, 103.277675343, -3.64485206883e+15
-221.98166533, 225.755744503, 458.658416412, -5.78534132455e+17
326.593894552, 539.643654675, 146.691235816, -4.72740668368e+17
73.4706104524, -459.43237877, 134.95932976, -2.20751545858e+17
539.694825213, -413.079262369, -653.466478566, -3.61840199997e+19
-49.9381095133, -181.64363357, -722.249796595, -2.17393837873e+18
-465.505640242, -34.6556136779, -1053.58180481, -7.8087068606e+19
341.554713629, -802.50184267, 410.964569432, -3.58536902217e+19
-113.938884552, 371.160675143, 126.461744844, -1.38176006084e+16
-269.92890456, -214.041201691, 880.003467696, -1.75240297577e+19
915.58769276, -447.434373501, 20.5034995716, -6.97999507704e+18
-142.357178849, 620.678322317, 410.600402125, -9.46892328989e+17
-230.113779698, 858.908628857, -814.36921078, -1.22908553775e+20
-409.344961506, -687.261764187, 54.4026322574, -4.07763409203e+18
-238.413475979, 203.068540269, 181.014375412, -8.43589198309e+15
-19.1804817707, -373.556599202, 428.176920164, -1.73474679335e+17
88.3642468407, -96.3046666297, 104.25255529, -9.121821064e+12
991.726603179, 285.069418302, -18.8645203539, -3.85359936876e+19
373.162852088, 17.5377574665, 191.227587736, -5.93313326724e+16
27.2533213107, -588.552278453, -720.886539713, -7.4634859202e+18
257.096409252, -121.175618975, 249.546749788, -1.1834968317e+16
53.0775106149, -379.167466225, -11.3881384449, -2.47540291168e+16
-285.933200222, -746.256764178, -335.069998927, -3.1870857434e+18
-53.3206998651, -91.5375829564, -810.340135753, -4.3071303114e+18
526.932714417, -242.010284287, 31.1240387799, -8.62501021234e+16
-109.689335496, -301.64821252, -563.777698868, -4.24116999237e+17
-734.065560943, -135.787737362, -667.88761065, -6.56657776645e+19
-269.21537963, 1025.52412846, 257.562661388, -5.11138349344e+19
337.829835879, 330.152215337, -299.377270734, -7.47645815667e+16
465.889912383, -512.175817096, 375.214140609, -2.90731110007e+18
8.77642271137, -501.548547278, 187.897663976, -4.86141495533e+17
127.527937311, 238.100794127, -95.0938602513, -1.30843969968e+15
-49.2133384337, 575.932969618, 20.2822013065, -7.20230382135e+17
-940.207253126, -466.026597448, -250.569326335, -8.61477747332e+19
-6.66063149296, -1014.98241972, 772.452794197, -2.72951833931e+20
-532.850654369, -705.504255121, 68.4786515407, -7.00960201883e+18
-95.5478668529, 177.298018043, -734.270893386, -9.73249816423e+17
594.730702076, 415.294392655, 226.112682674, -4.30886599682e+18
-174.516394094, 58.8643472681, 178.788556245, -1.28599806672e+15
514.419826183, 413.804976761, 717.30496233, -2.66095390184e+19
814.330556004, 485.418407492, 398.301206838, -6.09028358306e+19
781.193082575, -890.922932212, -175.650610404, -4.47561047136e+19
-29.1953392788, -29.7487567048, -407.654743209, -1.52386379516e+16
-545.57406565, 303.977055093, -238.254500484, -5.94217359175e+17
-307.642531521, -53.9935940515, -825.469639366, -7.9300208569e+18
-38.1547449355, 565.717078809, -9.70582122054, -6.88077118458e+17
143.0735427, 76.1585779778, -44.8072767653, -8.7400088515e+12
401.769291344, -906.008754652, 387.867399864, -8.23627540825e+19
-1012.36473848, -702.588372743, -311.898062144, -2.54433451316e+20
180.079091738, 356.851371908, 184.773433169, -1.33011782577e+16
220.016940062, 438.99997567, 807.791884848, -9.27706676707e+18
545.394199242, 262.401937632, -66.1156877829, -4.18884305565e+17
-136.793460946, 990.353052863, -391.876791012, -1.29218484265e+20
-465.009824403, 336.787479844, -369.707086908, -8.48749878021e+17
465.769036718, -214.610672989, -946.772989064, -1.29779009571e+20
389.742175103, -645.026999134, 347.32414762, -7.88892867939e+18
-46.2967624034, 770.613414633, -76.1028501224, -9.48881758792e+18
896.214122317, 33.3263123634, 683.874178669, -1.68671696047e+20
161.002568772, -142.952695073, -366.278613686, -6.70478742322e+16
626.667878933, -69.4218715538, -50.9574112027, -3.82060445369e+17
-351.192886725, -453.515961569, -30.5798508322, -2.12323788846e+17
77.8208728097, -279.44831524, 200.553442873, -9.57312287202e+15
-21.4297311653, -180.737530536, 23.4175601419, -8.22438903593e+13
676.396835187, -302.532958549, 57.5471022191, -6.74927018887e+17
-507.501034, 632.75184339, 610.516925129, -3.38991769322e+19
260.867885058, 145.56265935, -715.702356944, -4.24057082402e+18
860.302297226, 227.628054047, 21.1691869093, -1.30520888149e+19
-855.33311564, -963.579301993, -155.538563592, -1.52232288856e+20
290.275179287, -150.799559696, 276.722719101, -2.90725805409e+16
203.614387396, -838.503824287, -116.76775818, -1.21828764663e+19
-72.0671941578, -3.40750848883, 558.327725705, -3.66065394951e+17
211.299125586, -831.351889418, 239.676858409, -2.70281423412e+19
488.158425507, 311.075931916, 796.470123794, -3.00706424586e+19
96.6332257817, -185.424791895, -143.137556848, -2.77856400853e+14
6.78382826235, -545.693381475, 210.695569776, -9.7497918486e+17
-73.0157318411, 212.421205661, 446.220800497, -1.54958012241e+17
4.45893072159, 77.1031936508, 960.16732157, -2.05992867199e+19
945.063980063, -733.331886644, 125.497924464, -3.48784650184e+19
-86.1050436334, 801.329072488, -333.235812562, -2.4297893631e+19
191.416113776, 86.5712359028, -573.216390818, -6.85974267997e+17
228.535104942, -340.989514652, -498.019878041, -1.28164917867e+18
69.6004215512, -42.9723357836, -557.511851007, -3.56253521595e+17
557.199369276, -22.3055364805, -28.7439945048, -1.72804119626e+17
-911.285707697, 492.937118177, -286.874689662, -2.06243560776e+19
83.2939688881, -401.825479704, -520.753175797, -7.46092803174e+17
441.009788643, -43.1530421676, 421.447417429, -1.04262531753e+18
-110.416663121, 288.420588261, -194.091812858, -1.41252710709e+16
390.896018988, 726.318267563, -70.8329147433, -6.11961445375e+18
64.643259214, -601.872305029, 690.903381084, -8.62158883673e+18
616.519189661, -262.822179371, 224.626644919, -1.05962756631e+18
81.9298549927, 355.244776413, 825.734377175, -9.25396694855e+18
366.524348468, -515.545081976, 561.26947671, -4.52366986931e+18
79.3603449017, -151.22681964, -932.456870536, -2.2659719707e+19
428.661069778, 386.476071328, 840.605962233, -2.89947529475e+19
76.0489426194, -448.272096059, -807.901584936, -1.44637762125e+19
-127.147509742, -218.025971682, -46.2299298145, -3.20821328304e+14
-118.778398876, -115.894885482, 29.202146761, -9.16646736837e+12
-871.521597826, 123.090452458, 86.6066686887, -5.01044815375e+18
-321.411969196, -360.669310193, 471.522858365, -3.86730570889e+17
-450.710211597, -38.8034189848, 42.4674708756, -3.77431644668e+16
-566.46581186, 34.593502221, 205.549405684, -3.67551766015e+17
-933.97080832, 15.6688176729, 270.713027925, -1.42129782681e+19
-748.609373456, -199.174869079, 437.648394703, -7.98898296013e+18
-79.3159733348, 98.828407302, 301.891184415, -7.7466254521e+15
44.0932123246, -196.939386426, 561.331142864, -1.25598210421e+17
-618.974554323, 61.1616570127, -20.8041551084, -4.31688691428e+17
56.1174140586, -163.988830321, 688.487885132, -7.09637512621e+17
599.762576675, 349.87477669, -302.305498999, -1.06369217755e+18
711.606243471, -229.462034336, 5.21633961465, -8.86621932707e+17
951.749347941, -228.863701888, 168.473687936, -1.7567309489e+19
-189.585569673, -71.0618857375, 304.336714765, -1.29804940362e+16
126.960363348, -629.025504985, 837.444954829, -1.84331597075e+19
267.093276732, 370.334613126, 279.15553357, -9.85129570853e+16
-91.3972443176, -946.449609394, 140.87901927, -5.01446471403e+19
-2.28603169487, 325.504431939, 107.982768492, -4.07784643697e+15
395.463949136, 259.825540817, 49.8596278994, -8.1497571209e+16
-685.572645552, -367.855787178, 19.4085682593, -3.63759965367e+18
-400.283240678, 14.1343472946, -12.7283705681, -1.4984551878e+16
-95.5713095583, 818.736603132, 33.607078917, -1.19510751959e+19
-668.057589564, -176.169919772, 210.809417522, -1.19391315943e+18
246.83744147, -313.35297242, 87.4229265274, -1.79866798151e+16
-304.325443653, -247.156249785, 955.75014185, -3.45364709156e+19
183.721321721, 292.348543661, 237.936610033, -1.08484666631e+16
152.498365907, 479.63429076, 29.1128121378, -1.51578716246e+17
-114.739992417, 556.51016148, 94.6890485727, -4.4229275514e+17
761.549470562, -527.863437452, 460.558634158, -2.03505274714e+19
-542.587819837, 18.1061716969, -158.428874731, -4.47540509009e+17
760.828509652, 208.498991993, -167.475223992, -3.31285800396e+18
236.268655502, 616.711440479, -759.475284425, -1.1535056347e+19
-920.176898863, 63.5811500949, -72.5714146902, -1.2640949899e+19
-509.232643539, -168.991129664, 49.0494301873, -1.76427744003e+17
-123.905552882, -39.1941302248, 573.370043364, -5.54191496639e+17
-668.4174897, -121.602546621, -389.02621126, -9.73747196057e+18
32.8363474741, 36.9256644094, -543.397216051, -1.74451123505e+17
-223.462864927, -207.106100967, 278.239890573, -8.04569703431e+15
-272.830500038, -312.081798289, 305.730513343, -4.20624373365e+16
760.338950021, -553.334416655, -179.684859113, -6.07953546212e+18
-412.824651485, -217.665306698, 366.730957837, -2.43901666249e+17
-25.6791072699, -175.644435062, -458.677028373, -7.21401663091e+16
-25.9258158233, 177.606969859, -152.089300889, -3.42906984811e+14
-24.6317521146, 213.574226087, 101.033659087, -1.22100580055e+14
-647.025324211, 223.14005946, 610.765234364, -3.24453946192e+19
-263.401307636, 511.350864154, 268.531243466, -3.001452632e+17
-255.396765569, 917.9439092, -983.733644082, -2.61863566896e+20
622.713761585, 436.373073532, -557.175572525, -6.32681965437e+18
-149.392224964, 330.802005892, 67.0185530489, -8.20802547672e+15
373.917100161, -457.64554925, -928.494931436, -1.18164703677e+20
460.611018087, -15.2554976497, -511.913739338, -3.21042054268e+18
-525.030303861, 316.123631023, -225.44277595, -4.54432279041e+17
-975.748335593, 0.712850852093, 257.035111849, -1.84034706124e+19
62.3395167354, -142.314604637, 127.569631945, -6.52321587509e+13
-129.977367775, 418.041505405, 277.867053699, -5.26230714439e+16
-399.573487218, 670.794318821, 716.516761822, -4.6673807283e+19
-696.685237198, 70.6375204874, -112.468569248, -1.73855473881e+18
889.713613441, -68.6522326909, 569.858526361, -8.93956811558e+19
-275.546621749, -124.071849659, 577.666115876, -1.25483428858e+18
585.052989887, -319.479683905, 333.380675973, -1.76274829928e+18
-146.812163727, 492.226283406, 413.043008349, -4.61510900103e+17
110.436313118, -8.97404735855, -197.441113492, -4.51446035925e+14
-119.492555483, -69.7542634429, -301.995926436, -3.33008584837e+15
-111.846209965, -298.158241482, 176.087975967, -1.01985263145e+16
-525.859230355, -34.0343374923, 37.0670792065, -1.28912841802e+17
936.714281197, -943.468915714, 450.922584925, -2.65628350013e+20
-127.631368653, 452.950703429, -99.150200048, -1.98851647269e+17
463.445144082, 655.247747637, -245.207256249, -4.60750592783e+18
-20.0375114561, 765.069351525, 22.0481105516, -6.87273178774e+18
79.208914693, 295.854771141, 218.796633904, -1.90595767461e+15
358.929742346, 309.319618642, 299.857147135, -3.29870387882e+17
765.693830088, -946.546941493, -216.679454662, -6.16315202625e+19
313.408144962, -372.628833606, 375.218249959, -3.59305107252e+17
-55.2327414684, 77.0968231626, -411.799305648, -9.74187794114e+15
-569.343521322, 23.5920501667, 1065.83261204, -2.96802877411e+20
264.109005729, 589.037676696, 317.644664486, -5.96392854377e+17
114.399460952, -4.93824110032, 687.306459373, -9.84402271731e+17
-279.739621459, -138.697081074, 462.332426828, -3.08016151482e+17
-650.90349407, -424.68784714, -240.352357898, -8.0739143413e+18
162.489258365, -830.352525469, -616.706229934, -1.20600674962e+19
-339.177653982, -85.6976638556, 600.662421764, -2.68096897689e+18
166.930037633, -235.669539013, -666.347963058, -3.83917425545e+18
-28.1460401122, 532.031393954, -80.1762317113, -5.4461519023e+17
-533.61717389, -173.264997323, 133.044059844, -2.09176774885e+17
-551.629148243, 250.482530277, -323.218127913, -1.18004015896e+18
-186.142524232, -141.6692037, 548.086911963, -4.49973756591e+17
226.967118603, -639.712180048, 467.442674723, -8.14238138938e+18
-113.902699227, 218.016784409, -578.51928891, -1.52289953198e+17
-80.7261187676, -488.219164156, -235.77821282, -7.67113798796e+16
-73.074616387, -163.529867461, -212.002768152, -3.03761923484e+14
-515.875894755, 346.536176655, 135.538511572, -2.5132918862e+17
-547.069290997, 162.268135014, 533.472007905, -9.2298159906e+18
-242.019314465, -338.072963494, -598.044370424, -1.24420986412e+18
-226.357865694, 272.46476326, -22.1004879921, -5.0097903108e+15
601.341603796, 226.162769159, 99.9306155807, -1.40786029419e+18
210.624590443, 465.071450032, -133.765027094, -2.23468339424e+17
421.267045569, 489.328118329, -791.236355073, -1.22308918523e+19
-804.56904009, -269.366403304, -81.6851319677, -1.11639700164e+19
833.095944406, 294.583781943, -840.176177454, -1.47768029414e+20
-378.03813082, -359.659190501, 310.182352534, -1.39947028987e+17
436.195286884, 494.018702829, 417.376581852, -2.96205872869e+18
-933.220365876, -419.646253594, -401.201163157, -1.21772557172e+20
578.759269737, -316.956063459, -585.96654601, -2.28743200331e+19
-807.910842457, -1033.07334767, -69.5195581692, -1.57794106819e+20
417.167798095, -105.063951982, -90.5474576597, -1.9629044848e+16
-121.0768269, 45.1440406062, 368.382245639, -3.42232736532e+16
-784.155777149, -238.253844146, -497.788121823, -4.87132658812e+19
-38.1582112979, 655.924514247, -446.439839204, -7.71591470042e+18
32.6105197877, 662.872383248, 495.668693459, -1.17395258921e+18
-11.9820888531, -498.654765978, 927.982396844, -1.01568239337e+19
-32.886181776, -401.411188321, 72.0342354972, -5.50222852006e+16
64.5734347461, -114.823823718, -349.517721993, -1.59992576944e+16
-202.973315091, -366.490503176, -191.384725159, -2.12756452946e+16
-286.288816747, -212.469140443, 741.451250775, -5.71781548419e+18
352.90818218, 269.95761321, -459.611620717, -3.88920087579e+17
-47.8349499165, 254.430165431, 166.267680793, -6.87551393915e+14
707.245626495, -972.477330604, -442.764608881, -8.40349024963e+19
-848.914157163, -193.769319825, -138.061155496, -1.63609335263e+19
-727.953418295, -546.653900033, -703.875055767, -1.23210051237e+20
-49.1492181099, 7.82295549825, 328.648113597, -6.30838478861e+15
-154.361093907, 163.745057642, 676.302810151, -3.60810409786e+18
86.3549896022, -669.68782148, -130.375984912, -1.69324363242e+18
-3.95116340913, 430.217337772, 924.268554008, -3.03571909112e+19
385.672947845, 421.75789727, -209.353235899, -2.16867291604e+17
-66.4312876777, -787.199827864, -563.781270896, -3.73196324226e+18
210.388990737, -20.5643420267, -939.189921606, -3.14004951773e+19
317.016134078, 595.264928356, -146.594825156, -1.54986904326e+18
828.87611904, 158.065600584, 416.816863939, -4.09861714376e+19
185.688322849, -308.769008725, -242.774374293, -2.37105638852e+16
-149.314435371, -60.731665105, -610.935743115, -4.41834474984e+17
524.728347371, -249.749060998, -727.738804467, -4.23201052172e+19
-708.885932425, -295.342521983, 292.020119672, -2.6739922774e+18
-508.051428095, -738.676364276, 146.714128527, -9.51562740278e+18
-989.172758413, -752.394790079, 89.139083377, -1.11474826145e+20
-965.991977037, -751.223695349, -248.449669653, -1.83893984873e+20
-210.106263117, 793.399702719, 254.804904967, -5.80966632374e+18
242.717658953, -328.833718469, 21.1756859016, -1.62700664985e+16
-870.821276127, 105.147634599, 161.750991263, -5.70975446914e+18
41.6018227031, -55.9263887021, 905.694365065, -9.03213115083e+18
215.001581346, 583.976584286, 547.16991527, -1.3052054861e+18
-555.373091026, -68.9616847563, -575.512114269, -1.02729246242e+19
798.831154864, -447.093326236, 364.9146724, -1.33407716314e+19
719.397438859, -124.639300175, 314.501234994, -6.37226000992e+18
110.795761972, 376.316787871, 155.704948987, -1.19517087705e+16
-71.3723042044, -489.135520802, -85.8354741167, -1.35520457597e+17
925.441321815, -705.265087162, -891.461003946, -9.98253830068e+20
657.198775013, 28.7916365196, -12.3443637202, -8.18307589691e+17
200.434639718, 248.299056204, -125.267000463, -2.62222212169e+15
-82.5882039585, 388.598407375, 1055.07825754, -9.21897433934e+19
614.952690038, 477.252111727, 354.121520973, -1.07734547932e+19
28.617465085, 440.439799122, 497.840757924, -3.82751870169e+17
462.008724737, -265.49368744, 264.467628558, -2.73910743473e+17
-133.076373637, 15.168389153, 127.421796799, -8.39136544353e+13
66.5996385476, -341.623452703, 154.435834895, -2.80582485339e+16
-170.858205412, 278.432032087, 808.046296537, -1.65390790348e+19
-308.975240119, -437.938564111, 157.03157493, -1.78284333002e+17
-593.897726666, -684.48362111, -831.76173259, -1.10044961424e+20
-394.509169401, -241.23070892, -473.90854059, -1.60704906765e+18
406.818464286, -132.754812525, -532.974455288, -3.60345894018e+18
-280.424363591, 301.798332826, -726.380637046, -2.28168504434e+18
-274.646892281, -29.9340052753, 103.665643553, -1.05493985682e+15
-38.8336923822, 774.150884278, 234.570454637, -4.37218337649e+18
56.7853661681, -474.706620003, 615.824533693, -1.70657373193e+18
627.365810014, -484.511832993, 736.169032064, -3.28809157055e+19
115.988350383, 131.967228085, -75.9400515789, -2.06011480941e+13
675.457235967, -160.224074494, -579.129748739, -2.74225680075e+19
-645.098214007, 457.154903946, -311.639821686, -3.77485709928e+18
401.630537585, -535.894904925, 748.595559935, -1.32093188945e+19
-109.797032581, -162.241839095, 844.258895925, -6.99829317961e+18
-140.831498622, -421.554391068, -189.335965943, -2.97841180856e+16
-535.131588537, -233.88135205, 486.130990126, -2.3597117407e+18
50.0519990654, 195.795638864, 81.1550445841, -6.28459401299e+13
-34.3271573917, 15.1531597315, -178.259091742, -1.31981827573e+13
1018.40534639, -329.305280577, -205.920402679, -2.37567431797e+19
128.923033886, 539.36006621, -103.664264526, -6.08580766733e+17
47.9140168281, 274.422671953, -469.136150895, -5.57649909188e+16
183.140652755, 297.665247161, -204.580398941, -1.26737441896e+16
-402.552778511, -931.636167219, 432.95796455, -7.62293681924e+19
-701.437376173, 640.66502658, 170.052972908, -6.46266090831e+18
-193.523219017, 553.542468012, 181.778293325, -3.55207324098e+17
-491.637910204, -256.922414089, -349.411030163, -1.93820160835e+18
-28.5294067457, -227.954482289, 485.452962193, -5.33211780701e+16
-367.244281636, -118.032881695, 296.011424799, -7.84725513657e+16
-231.821047321, 57.2911851628, 353.992701126, -8.43564030251e+16
-640.279504104, -758.500898779, 191.751535678, -1.69901485179e+19
100.309599546, -61.784749664, -322.603174887, -1.08692822378e+16
736.582825611, 404.519216387, 70.0273063583, -8.65702061942e+18
581.620426139, 471.706503955, -104.695998532, -1.65679051428e+18
95.0473429849, 86.1587061401, -9.29856129715, -283962.274438
396.677396421, 561.714512061, -2.8386543058, -9.48042299645e+17
566.930129981, 26.2738350161, 980.53045362, -9.45491497612e+19
156.538587299, 126.286592899, 4.7471357647, -5.8213578092e+13
62.2633957714, 445.589439673, -499.254610561, -6.88958791286e+17
20.6540886423, 69.9372332036, 194.589419725, -9.44892389784e+13
-150.294609019, 475.798441982, -11.714067223, -2.04923750739e+17
-44.0816847303, -172.128754979, 1024.32154092, -2.51734820364e+19
-78.498687445, -862.810899304, -84.1213924687, -1.49048486801e+19
496.032469089, -874.887867417, 347.676934829, -6.66563562514e+19
-226.184140291, -519.218500079, 200.568911803, -6.20583921824e+17
-42.3773867766, -228.219625066, 534.376080274, -1.16886488278e+17
71.3341167271, -682.208860123, 72.6813067469, -3.56914686077e+18
193.290039491, 529.299732181, -378.045449715, -1.28116551658e+18
396.721595569, 190.37999972, 183.945022902, -1.48864680342e+17
233.252000154, -559.35421064, 468.36361654, -3.56553895881e+18
-637.486653323, -124.804090258, 40.9469451839, -8.19328429779e+17
117.956375755, 501.030514325, -733.862028206, -3.64224125936e+18
-34.1671576077, -32.5022283706, -168.591635717, -1.34072104427e+13
371.823074129, 317.817685237, -457.244140589, -4.29417324138e+17
56.0363291701, -744.790952452, 36.7567576985, -6.3698021715e+18
-313.1159661, -609.7857916, -533.246804874, -2.62397120345e+18
-298.997152465, -148.270406981, -65.2350001828, -7.97268404815e+15
-837.995553056, -95.1799135714, 385.3596665, -1.20385804067e+19
223.098452306, 685.507717851, 50.7705063929, -2.57378052923e+18
512.983595081, 105.623951477, 633.763245524, -1.09266648923e+19
457.477986739, -160.976217662, -62.3015040289, -3.11110415078e+16
-156.544131827, -507.632765159, 262.520901732, -6.42191351292e+17
450.357731605, 703.448102465, 932.274847403, -8.08369717071e+19
477.821683398, -204.432547023, -188.434289767, -1.95197010028e+17
900.521883151, -505.913108883, 425.51593927, -3.73434095958e+19
-424.628263858, 579.056954747, -193.299014602, -2.83623258962e+18
623.238768849, 576.927634989, 298.156114907, -1.20082115252e+19
-322.556185487, -16.0369126801, 499.243849255, -9.74359008886e+17
-167.188641044, -391.476608178, 405.119189497, -1.99326586467e+17
-129.729468329, 254.02771354, 762.536045555, -8.88458071186e+18
-271.7035163, -54.3752385464, -450.317590886, -2.30345431683e+17
-113.65107118, 853.868532391, -665.883641302, -7.8897004848e+19
-30.5511534388, -160.511697755, -718.426234117, -2.10154730207e+18
-379.272376911, -530.221313335, -12.2058551941, -6.09308493075e+17
-670.660779862, 726.035223388, 967.798079111, -6.28022119065e+20
-489.059127794, 233.044150053, 256.385931309, -4.90929324617e+17
-95.9695959596, -181.725580123, -236.524344392, -9.36570991546e+14
-631.135337505, -12.9877384819, -1052.00810588, -1.83356065053e+20
34.6522540195, 545.508594917, 381.819951224, -2.07606635706e+17
251.635687904, -442.062165527, -391.628139697, -6.17689975731e+17
-311.708340335, -10.6538330903, -140.92963353, -1.11138733095e+16
-519.508807672, 448.862906959, 515.672817828, -1.22694212162e+19
43.6454097294, 620.063699285, -963.517260979, -2.41365794645e+19
557.440909624, 285.890703284, -448.703817346, -1.86968996588e+18
-512.256033184, -689.0233737, -1027.30870714, -1.68665435322e+20
237.48839146, 72.4548644716, -238.634249546, -6.82293008063e+15
18.2267197408, -112.418728473, -52.5323565318, -416385.349059
251.069444143, -84.656802544, -61.1584977635, -4.37465040025e+14
-446.679636566, 528.842376081, -358.311669563, -3.20510378666e+18
-465.100692357, 74.629905247, -391.830489024, -1.00980165685e+18
-257.044394274, 98.2536417199, 116.849908562, -1.62579602309e+15
-124.124431484, 152.79523894, 33.4946881144, -3.27455983315e+13
227.867596832, 11.5180310511, -383.922512484, -9.51936006013e+16
618.054137448, -482.525163293, 138.274894055, -1.49338438031e+18
352.351206317, -782.515186314, 225.370069974, -1.95307927103e+19
-107.139710409, -286.820422609, -19.7615796325, -2.44304437981e+15
352.065568523, -408.749702742, -28.760378323, -9.10275630826e+16
-727.316585296, 261.121267228, 699.193928705, -9.10134091486e+19
-148.95004864, -569.294094579, -15.2623858801, -6.13153231692e+17
37.7018990776, -857.815077667, -763.948867013, -2.21967475514e+19
917.063208044, 397.666868303, -624.734172707, -5.82957877287e+19
349.997253209, -83.4733870261, 572.130917208, -1.32968295615e+18
-183.728825086, 448.681839035, -390.93247622, -6.94246755455e+17
-356.560131547, -154.56526922, -14.5789537492, -1.78635428626e+16
-784.600717064, 516.250791452, 253.747440844, -9.6015317435e+18
80.7898495481, 651.178910606, -146.951481017, -2.96534033251e+18
106.919391457, -500.34742789, 12.3984540945, -2.66040452216e+17
194.932789253, -94.7981620247, 475.612073045, -9.41197582718e+16
712.662724491, 517.28985763, 559.833292151, -5.9398235797e+19
-229.647103321, 690.61534576, 146.383697714, -2.49205146187e+18
659.14871698, -815.852261579, 518.26021738, -8.33144487466e+19
-190.320318773, -594.822111074, -672.234574866, -3.37954801478e+18
-636.682277481, -508.239315374, -253.042649321, -9.47469568525e+18
104.853078092, 143.232400682, -519.629961666, -1.44168482457e+17
520.223054975, -633.612684633, -130.021869241, -2.54530334867e+18
502.265759031, -414.217714095, -144.302478964, -3.68891767888e+17
688.749848352, -68.160147286, 149.080197546, -1.96830743409e+18
-451.467953165, 607.755314308, -477.466074481, -1.02104286532e+19
88.9994194229, -26.6952187615, 816.749696004, -3.78006341019e+18
-39.6790981031, 380.212311112, 385.823779129, -9.07398313318e+16
195.525251438, 411.457333893, 126.626098236, -3.67698324321e+16
-951.241890358, -111.104959058, -77.3961824331, -2.47244050636e+19
-586.559829857, 306.438145731, -322.056824056, -1.66404327134e+18
956.950116649, 75.2832858992, -135.336789701, -1.48552146287e+19
517.228381468, 723.057987156, -52.2598912409, -7.60161024437e+18
-21.1853278105, 13.7919074745, 366.405838436, -1.1269487309e+16
-15.3580091135, 22.4613017643, 234.800887967, -3.92299980434e+14
-695.381194477, 54.2216291006, -266.585046432, -4.41414578365e+18
-406.860674518, -213.151150809, 748.889386034, -1.15960248244e+19
904.766234272, -275.250731129, 311.704131552, -2.27832970488e+19
75.3470701696, -912.446501364, -364.020023357, -1.33805014622e+19
331.74901104, 57.1463245182, -418.058968034, -3.49735785025e+17
527.768661787, -265.384138915, 113.422310249, -1.56518799535e+17
155.424793113, 82.4931770511, -212.562603121, -8.76529700642e+14
-749.497168736, -274.159165543, 112.821304476, -3.83225661087e+18
-167.2583002, -221.931056163, 424.372370859, -5.31969696341e+16
90.176041486, -355.804015165, -156.819855474, -7.66789991643e+15
208.312075565, -173.015672291, -59.4842850135, -3.36471058278e+14
901.245981019, -264.191770839, -340.387301003, -2.28505962949e+19
230.373351242, -92.1175983772, 812.161863818, -4.02121102103e+18
255.490370197, -16.7640193022, -357.883747928, -9.56870847388e+16
-152.407444849, -258.979700696, -405.672799288, -5.32838966132e+16
270.627306392, 16.0611450398, 765.580203607, -3.96320448758e+18
9.09485933602, 37.798370095, -771.501769367, -2.61078438425e+18
-171.801937404, 544.624319419, 987.612858844, -9.99561282391e+19
-270.558460258, 314.425227789, -84.6453111571, -2.34001870506e+16
-127.500914153, -59.2344447841, 636.663051232, -1.14945139289e+18
