-0.500326976137, -4.01263047555, -4.88089290042, -0.000101176427121
-0.499695150876, -4.01259709188, -4.88089690449, -2.02145466429e-12
-0.49969491698, -4.01259709413, -4.8808969123, -5.89584121702e-12
-0.499694801405, -4.01259706098, -4.88089687828, -1.7687419359e-11
-0.499694932616, -4.01259710873, -4.88089685897, -4.71667352761e-12
-0.499695038887, -4.01259709455, -4.88089688089, -1.6845462239e-13
-0.494657795442, -4.01259730236, -4.88088543437, -0.00641851154606
-0.499695353885, -4.01259730851, -4.88088986933, -1.24550157424e-08
-0.499695058424, -4.01259708349, -4.88089688204, 0.0
-0.499695071565, -4.01259709619, -4.88089608378, -1.59525123029e-10
-0.499695514275, -4.01259638514, -4.88089666778, -1.85968597142e-10
-0.49969506463, -4.01259708793, -4.880896886, 0.0
-0.499695065554, -4.01259706709, -4.88089688083, 0.0
-0.49969505349, -4.01259707981, -4.88089688983, 0.0
-0.499695047463, -4.01259709384, -4.88089688665, -1.6845456106e-13
-0.499695069837, -4.01259707765, -4.88089686829, 0.0
-0.499695094071, -4.01259708115, -4.88089693576, -1.01073137922e-12
-0.499695064515, -4.01259707596, -4.88089688181, 0.0
-0.499226861568, -4.01259711716, -4.88089776546, -5.54398036634e-05
-0.499695059567, -4.01259707583, -4.8808968745, 0.0
-0.499695065587, -4.01259708703, -4.88089687008, 0.0
-0.499695087952, -4.01259708488, -4.88089686529, -1.68454459867e-13
-0.499695065712, -4.01259707577, -4.88089688203, 0.0
-0.49969470737, -4.01259541928, -4.88089213705, -6.41777313767e-09
-0.499695042612, -4.01259710298, -4.88089687798, -1.68454510084e-13
-0.499695069195, -4.01259707986, -4.88089683198, -5.05361062214e-13
-0.49969500839, -4.01259714451, -4.88089661276, -1.95405636555e-11
-0.499695067018, -4.01259700518, -4.88089695348, -3.03216096551e-12
-0.499695077009, -4.01259728418, -4.88089590853, -2.47796716222e-10
-0.499695045119, -4.01259703941, -4.8808968903, -6.73815454922e-13
-0.499695076052, -4.01259711761, -4.8808968103, -1.51608341359e-12
-0.499696775747, -4.01259573091, -4.88089409595, -3.16046146482e-09
-0.499695061494, -4.01259697732, -4.88089688305, -2.86370312932e-12
-0.499695066943, -4.01259709536, -4.88089686546, 0.0
-0.499692845246, -4.01259732146, -4.88087873552, -8.44873714431e-08
-0.49969507121, -4.01259706594, -4.88089688552, -1.68454309364e-13
-0.499695099316, -4.01259707648, -4.88089729508, -4.43031612153e-11
-0.499695055362, -4.01259707238, -4.88089690896, -3.36909881728e-13
-0.499695068894, -4.01259715755, -4.88089689303, -1.34763858836e-12
-0.499694965158, -4.0125970658, -4.88089688328, -2.69524146999e-12
-0.499695128428, -4.01259708448, -4.8808968528, -1.17918347885e-12
-0.499695022577, -4.01259707291, -4.88089684707, -6.73813612363e-13
-0.499695055464, -4.01259707387, -4.88089688714, 0.0
-0.499695052826, -4.0125970696, -4.8808968551, -1.6845361543e-13
-0.499695099985, -4.01259711062, -4.88089685109, -6.73815988501e-13
-0.499703348196, -4.01259717719, -4.88089602946, -1.75330466769e-08
-0.499696308106, -4.01259780251, -4.88089696031, -5.22564466534e-10
-0.499656609555, -4.01259568095, -4.88085942685, -7.28966623912e-07
-0.499697147145, -4.01259761109, -4.88108090532, -8.5610863884e-06
-0.499695861705, -4.01259714102, -4.88089722339, -1.91366899795e-10
-0.499695126961, -4.01259710034, -4.88089687022, -1.01072906842e-12
-0.499697529527, -4.01266207525, -4.88087927503, -1.1482614315e-06
-0.49969506035, -4.01259709505, -4.88089685757, -1.68454406827e-13
-0.499693012699, -4.0125971723, -4.88089686319, -1.06752961261e-09
-0.499695056903, -4.01259706421, -4.88089683767, -5.05360288406e-13
-0.499695062111, -4.01259709493, -4.88089686957, 0.0
-0.499695117023, -4.01259712621, -4.88089678564, -3.2006355647e-12
-0.499806867994, -4.01259778791, -4.88089720902, -3.15933460881e-06
-0.499695116921, -4.01259708615, -4.88089703691, -7.07506039098e-12
-0.499695062524, -4.01259711394, -4.88089688681, -1.68454642426e-13
-0.499695042331, -4.01259707729, -4.88089688722, -1.68454216813e-13
-0.499695730379, -4.01259699783, -4.88089694954, -1.15054224672e-10
-0.49969540102, -4.01259699226, -4.88089749163, -1.25836476636e-10
-0.499652162082, -4.01259961229, -4.88089774297, -4.67238941517e-07
-0.499694772527, -4.01259835374, -4.88090933641, -3.96824662815e-08
-0.499696005627, -4.01259700641, -4.88089718933, -2.4965308871e-10
-0.499334936849, -4.01260249491, -4.88090269732, -3.2813485743e-05
-0.499693930824, -4.01259704974, -4.88089342561, -3.33977436354e-09
-0.499631055275, -4.01259881061, -4.88083528683, -1.99532698686e-06
-0.499691019945, -4.01259720298, -4.88089551112, -4.61459357032e-09
-3.0543047269, 0.294621347556, -4.98518808022, -634.181830255
-0.499734892908, -4.01419578572, -4.88133438472, -0.000694194757293
-0.499686951349, -4.01260776355, -4.88089498043, -4.64047347153e-08
-0.22585952444, -0.173961103889, -4.97729688161, -899.217885859
-0.958399586512, -0.950125049025, -4.98813851189, -805.021375398
-0.499695157296, -4.0125957329, -4.88089669928, -4.72339257747e-10
-0.499695356498, -4.01259802208, -4.88089392011, -2.45613585695e-09
-0.499689004696, -4.01254761671, -4.88089677466, -6.27983110622e-07
-1.44169862727, 0.36006364282, -4.87138536611, -745.636517433
-1.1691812061, -4.900999901, -4.87941080076, -122.851140266
-0.499693511437, -4.01259712518, -4.88089595255, -8.27615057085e-10
-0.49967107184, -4.01260020179, -4.88089167605, -1.54867977372e-07
-0.499695056549, -4.0125970873, -4.88089687643, 0.0
-0.499694967573, -4.01259708369, -4.88089687729, -2.35834223614e-12
-0.499531513361, -4.01311601038, -4.88089907823, -7.47288189631e-05
-0.499695100471, -4.01259713231, -4.88089543068, -5.30628865953e-10
-0.499709751235, -4.01258185317, -4.88102624103, -4.3442208889e-06
-0.499695056492, -4.01259708619, -4.88089699185, -3.36908735984e-12
-0.499695033242, -4.01259723613, -4.88089678138, -8.42270740385e-12
-0.499695047333, -4.01259707067, -4.88089686008, -1.68453653775e-13
-0.499695103949, -4.01259715403, -4.880896641, -1.58346240129e-11
-0.499695159601, -4.01259663289, -4.88089761081, -1.89678117398e-10
-0.499560030568, -4.01260520975, -4.8808162918, -6.26467701891e-06
-0.499695045464, -4.01259710717, -4.88089691483, -5.05364300232e-13
-0.499691277129, -4.01260340131, -4.88089641393, -1.37745590758e-08
-0.499695132375, -4.01259711571, -4.88089684092, -1.68454698235e-12
-0.505331656958, -4.01254673359, -4.87651798582, -0.0128748684222
-0.499695095326, -4.01259717481, -4.88089699737, -5.89592524722e-12
-0.499695069066, -4.01259706674, -4.88089686346, -1.6845400306e-13
-0.499754072086, -4.01259559995, -4.88089710547, -8.80857629872e-07
-0.499704236961, -4.01264925146, -4.88089652984, -7.09631130075e-07
-0.499694784843, -4.01259703412, -4.88089686168, -2.05510529379e-11
-0.49969506144, -4.01259709366, -4.88089687921, 0.0
-0.499694985299, -4.01259704561, -4.8808969142, -2.35833788405e-12
-0.499695095091, -4.01259831868, -4.88089687695, -3.85264188662e-10
-0.499695049656, -4.01259708141, -4.88089687262, 0.0
-0.499695346103, -4.01259724297, -4.88089695595, -2.77951707914e-11
-0.499694815497, -4.01259709715, -4.88089687732, -1.58344944319e-11
-0.499695045581, -4.01258355313, -4.88091577058, -1.36544343314e-07
-0.499693869974, -4.01259081477, -4.86168152526, -0.0930594897745
-0.499695068155, -4.01259710354, -4.88089684547, -3.36909042741e-13
-0.499695061466, -4.01259709847, -4.88089692466, -6.73819996301e-13
-0.499695030465, -4.01259708866, -4.88089689643, -3.36908767124e-13
-0.499695171152, -4.01259710115, -4.88089689142, -2.86373516566e-12
-0.499695069514, -4.01259708661, -4.88089687375, 0.0
-0.499695069944, -4.0125970994, -4.88089688135, 0.0
-0.499695061713, -4.0125970894, -4.88089687666, 0.0
-0.499694971062, -4.01259712014, -4.88089719177, -2.7458034977e-11
-0.499695049623, -4.01259708603, -4.88089688573, 0.0
-0.499695082379, -4.01259708757, -4.8808968798, 0.0
-0.49969506492, -4.01259708989, -4.88089687529, 0.0
-0.499695061777, -4.01259709077, -4.88089686812, 0.0
-0.499695049535, -4.01259685377, -4.88089687632, -1.36446546312e-11
-0.499708458246, -4.0133230733, -4.88090563686, -0.000133088837357
-0.499695065132, -4.01259771246, -4.88089686859, -9.97262346468e-11
-0.499695065102, -4.01259708978, -4.88089687528, 0.0
-0.499695103604, -4.01259710655, -4.88089689139, -5.05364918692e-13
-0.49969505537, -4.01259712305, -4.88089687593, -3.36909298559e-13
-0.49969503865, -4.01259709044, -4.88089690406, -3.36909313737e-13
-0.499695062939, -4.01259708301, -4.88089687031, 0.0
-0.499695579681, -4.01259708006, -4.88089688186, -6.68760164858e-11
-0.499695058182, -4.01259710575, -4.88089687124, -1.68454632013e-13
-0.499695058858, -4.0125971031, -4.88089687815, -1.68454573128e-13
-0.499695067559, -4.01259709443, -4.88089687111, 0.0
-0.499695240443, -4.01259476804, -4.88089717413, -1.38717891634e-09
-0.499695044951, -4.01259707045, -4.88089688335, -1.68454279194e-13
-0.499695057584, -4.01259706788, -4.88089688453, -1.68454227295e-13
-0.49969505682, -4.01259706366, -4.88089687516, -1.68453931189e-13
-0.499695057318, -4.01259706164, -4.88089688086, -1.68453970578e-13
-0.499695055473, -4.01259695804, -4.8808968691, -4.04287517321e-12
-0.4996955869, -4.01259708572, -4.88089697049, -7.09192489243e-11
-0.499695057481, -4.01259708532, -4.88089687784, 0.0
-0.499695095839, -4.012597044, -4.88089705042, -8.25420875373e-12
-0.499694207463, -4.01259709025, -4.88089685546, -1.86307163573e-10
-0.499695056476, -4.01259708599, -4.88089693365, -8.42274660742e-13
-0.499695062859, -4.01259709492, -4.88089688605, 0.0
-0.499695057103, -4.0125971197, -4.88089686727, -3.36909069564e-13
-0.499695063424, -4.01259708704, -4.88089690823, -1.68455211981e-13
-0.4996950392, -4.01259768373, -4.88089558232, -5.15308574611e-10
-0.499695054209, -4.01259707323, -4.88089689492, -1.68454598373e-13
-0.499695057102, -4.01259708747, -4.88089689234, 0.0
-0.499695076592, -4.01259684175, -4.88089716752, -3.62168803489e-11
-0.499694626093, -4.01259764151, -4.88089640797, -1.83110873823e-10
-0.499695258569, -4.01259673829, -4.88089741782, -1.13536559277e-10
-0.499695075871, -4.0125971044, -4.88089688118, -1.68454689428e-13
-0.499695066978, -4.01259709904, -4.880897151, -1.88667583085e-11
-0.499695244254, -4.01259512828, -4.88076694772, -4.26776582289e-06
-0.499695058286, -4.0125970697, -4.88089685928, -1.68453779891e-13
-0.499695024312, -4.01259703921, -4.88089687884, -1.01072122363e-12
-0.499695066384, -4.01259707391, -4.88089688461, 0.0
-0.499694997674, -4.01259769394, -4.88089811806, -4.8397735044e-10
-0.499695062077, -4.01259707986, -4.88089687882, 0.0
-0.49969504354, -4.0125971009, -4.8808968834, -1.68454472211e-13
-0.499695118463, -4.01259704313, -4.88089686781, -1.1791772392e-12
-0.499694916813, -4.0125970703, -4.88089688322, -5.55892319154e-12
-0.499695082143, -4.01259709832, -4.88089689699, -1.68455012047e-13
-0.49969502892, -4.0125970812, -4.88089689559, -3.36908315246e-13
-0.499694996347, -4.01259708384, -4.88089688569, -1.179177432e-12
-0.499695051471, -4.01259697764, -4.88089686886, -3.03215431056e-12
-0.499695067475, -4.01259714707, -4.88089688996, -1.01072949276e-12
-0.499695023503, -4.01259707951, -4.88089694695, -1.68454525174e-12
-0.49969506285, -4.01259707279, -4.88089688183, 0.0
-0.499695045279, -4.01259707033, -4.88089681698, -1.17917136574e-12
-0.499695642617, -4.01259700909, -4.88089684052, -8.60793767324e-11
-0.499698431974, -4.0125978141, -4.88089828753, -3.5034246089e-09
-0.499695032632, -4.01259707435, -4.88089688201, -3.36908366926e-13
-0.499695057833, -4.01259708616, -4.8808972303, -3.13321892141e-11
-0.499695058979, -4.01259707317, -4.88089688066, 0.0
-0.499511704067, -4.01339925499, -4.88145427793, -0.00024960139572
-0.49969505885, -4.01259707475, -4.88089687949, 0.0
-0.499695058922, -4.01259707434, -4.88089688082, 0.0
-0.49969503841, -4.0125970249, -4.88089688597, -1.1791749063e-12
-0.499694033474, -4.01259751336, -4.88089688255, -3.15681719567e-10
-0.499651717095, -4.01258444541, -4.88089813888, -5.15926531426e-07
-0.499695608555, -4.01259543675, -4.88090487703, -1.69438643465e-08
-0.499695411425, -4.01259499743, -4.88905251697, -0.016813668255
-0.499695802461, -4.01260272269, -4.88089036869, -1.88908614234e-08
-0.499770482311, -4.01271758012, -4.88083290712, -6.14088176815e-06
-0.499695126121, -4.01259710477, -4.88089690098, -1.17918390779e-12
-0.499695141415, -4.01259709584, -4.88083732768, -8.96495474434e-07
-0.499695058383, -4.01258989921, -4.8808968939, -1.30563134926e-08
-0.49975849306, -4.01251900199, -4.88123739291, -3.18694609526e-05
-0.49969507525, -4.01259709528, -4.8808968945, -1.6845509922e-13
-0.499695061985, -4.01259713729, -4.88089745516, -8.49016443234e-11
-0.499688571183, -4.01259972292, -4.8808960018, -1.26203481402e-08
-0.499695064932, -4.01259565889, -4.88089686964, -5.14113225067e-10
-0.499694556251, -4.01259709421, -4.88089677151, -6.83919443494e-11
-0.499695537312, -4.0128016342, -4.8808847025, -1.06104098697e-05
-0.499695061269, -4.01259709291, -4.88089688283, 0.0
-0.499695062623, -4.01259707946, -4.88089704115, -6.73813084801e-12
-1437.37289066, -1251.59248385, 1534.36599508, -1.12713262607e+22
-1984.25076045, 2845.42479788, 778.599312085, -3.219619452e+23
2624.84415855, -589.361279756, -1937.34601416, -7.72783234629e+23
979.694906082, -2957.32508552, -561.196226062, -2.84360730848e+23
306.777402489, 70.8018106139, 515.217331544, -6.68166723848e+17
-1883.9844251, -966.455458291, -1186.42824202, -6.87418147729e+22
-293.892254743, -116.5435414, 3454.38389529, -5.98464932881e+23
-409.259491588, 3333.2741485, 88.4718205551, -9.19004616343e+23
3329.50182454, 1240.4898279, -473.465268853, -5.98211004365e+23
1283.80421058, -2114.41095618, 1812.2411609, -1.9795637408e+23
-173.241759633, -829.37301635, 1698.44868659, -1.27865647681e+21
534.463148155, -1179.78359295, 2533.16419018, -2.69735593346e+22
1183.3974862, -459.172199387, 2207.0768566, -4.04376035982e+22
2681.36856664, 787.604304542, 171.952389697, -1.38676549366e+23
-2147.18162782, -2162.54850544, 587.241376493, -1.1809800701e+23
1308.23421769, -1809.3834726, 2566.78040133, -2.24617613255e+23
3370.56176185, -489.54351893, 1474.35352438, -1.53656883023e+24
419.145596682, 1724.59854671, 1738.78429506, -8.37320358065e+21
-4071.54451332, 1065.49386764, -1139.24966998, -3.01553872303e+24
2145.68006615, -1148.89862535, 122.932875187, -7.30019792023e+21
-1801.48555796, -1040.78997959, 344.962605512, -6.86179982233e+21
45.2941870384, 766.666145621, -1356.16705297, -2.35338166339e+20
-1571.4543226, -439.518180201, 1338.53756879, -1.18858684056e+22
-2319.74470879, 1728.63647099, 2122.04192945, -1.22989736095e+24
1878.09056806, -1855.12625866, 3319.92192108, -1.35153319549e+24
1459.9793868, -2452.9723312, 3372.0231256, -1.80735733525e+24
2579.28201482, -176.906158557, -1680.72451797, -3.47838672516e+23
1590.77867355, -113.02278952, -2177.62964962, -1.92702034274e+23
1079.87778912, -593.610203586, 261.966595573, -5.81162635638e+19
-2877.76810173, -850.250144717, -32.7273094731, -2.13728118158e+23
839.049684698, -33.762771284, -364.450183012, -1.29118891887e+19
-688.936900493, 1052.59510289, 1898.95900489, -3.518674749e+22
-1769.75591923, -116.457501609, -246.089894132, -3.84743058366e+21
355.196031635, -1243.37387044, -365.336946051, -2.17857601271e+20
-22.5851311397, -1492.92095235, 257.073318865, -2.05840010838e+21
-749.45831315, -1470.12755803, -981.686235248, -1.51335187725e+21
-128.74066503, 3400.22903756, 180.502702776, -9.87801716254e+23
-598.686311727, -625.444036905, 1455.54408337, -1.11795826739e+21
-195.838486651, -1466.69763286, -2619.01367268, -1.14601537234e+23
-1589.73807124, 3197.17354481, 1010.81500239, -5.36959398797e+23
1642.29282628, 58.7181093834, -1296.59054151, -1.69057691182e+22
-1644.70539933, 2199.46861158, 1675.43719669, -2.33756984855e+23
1766.05454692, -441.209810202, -1365.6997718, -4.00925980089e+22
304.644746573, -2754.7830135, 3066.23409282, -1.58996044152e+24
361.040900751, -1228.11453134, 136.841116591, -4.48213359151e+20
-1342.68718721, -3751.0629904, -505.329438593, -1.87673350594e+24
-925.022620723, 732.895185883, -112.871822955, -3.31949552794e+19
210.064597865, -202.665193024, 1485.69959254, -3.60435450376e+20
-2964.96773251, 1864.73499306, -1767.01282931, -9.41120234674e+23
195.726631607, 2034.34884804, 3407.59837827, -1.06860196227e+24
1213.65056832, -621.932482305, -1366.44708843, -1.3152317231e+22
-1336.26913766, 3941.97961836, 2389.19387722, -2.76474607511e+24
1878.80708273, 1397.34860632, -3695.73691563, -3.01683836393e+24
-57.7221636354, -3379.47843576, 1825.63683237, -2.80774452612e+24
1162.92163688, -1177.31437015, 3338.39048476, -3.61171400161e+23
-0.538473605887, -84.3772838469, 2578.75526185, -4.43722188059e+22
2744.26677522, -961.158802029, -419.400459423, -5.35160759305e+22
-1543.44719016, 932.479677196, 192.978331322, -7.47892618273e+20
2827.49479011, 3483.89338761, -659.089341264, -2.99753897144e+24
1781.25700483, 687.050402957, 1135.81128231, -3.82766656875e+22
-884.104572326, -85.5241451194, 1206.4029446, -1.46785688314e+21
32.6821728245, 1332.29018671, -1791.55137306, -6.90185454711e+21
2805.24256147, 3964.35905282, 3085.43133234, -1.71614263183e+25
1633.36488741, -1049.77155531, 659.161768702, -3.80174724882e+21
-1740.2711628, 2021.40992161, 1059.5717757, -6.10765626234e+22
2089.64074383, -1041.63047666, 1142.49891212, -4.18972323156e+22
-1400.93371816, -510.646946965, -299.282895046, -1.38675491752e+21
1952.39617359, -672.09830383, 54.0777618103, -2.88622994239e+21
3249.29355498, -232.466526996, 1643.24029927, -1.66277446672e+24
1824.45540372, 176.032966084, 3599.9958007, -2.13530168252e+24
1047.53502323, 127.260802942, 731.137484133, -5.02584134509e+20
-1020.30663879, 1419.89220215, -1223.76899899, -9.96850143879e+21
-3571.1769548, 2395.86633946, -3753.11447221, -2.26356776301e+25
-3598.13785947, 1436.70116005, -525.261656513, -5.41388836918e+23
814.003963978, 411.247402738, 385.104321221, -5.0342205185e+19
-651.867156365, -1886.57892022, 2465.72174773, -1.0395020745e+23
-224.543107507, 3381.76204767, 1376.83372851, -4.74765635186e+23
-451.612367773, 1421.1798752, -1386.04854018, -7.51665788552e+21
1131.8560774, 1100.10116807, -2876.50005011, -2.50942192165e+23
-619.818626443, -718.427074601, -745.827898404, -9.46340184007e+19
2113.8368656, 2883.97535262, 804.305269337, -5.33877418351e+23
819.692956293, 1701.78888675, -3258.31145043, -3.65457731105e+23
-2114.36441, -2631.12321164, -2946.09506572, -3.0005523359e+24
-1415.606436, -3118.19783152, 2429.50744038, -2.04267945949e+24
744.882970697, 1704.05680699, 3132.83498284, -4.36719224881e+23
-2711.7353797, 886.105141836, -3292.98374321, -4.50855192771e+24
-358.23859179, 1643.87292713, -1289.8019136, -1.58043519717e+22
1653.80085191, 129.054858675, -284.421033768, -1.17438298228e+21
2627.72608946, -872.031833809, 1363.33852732, -2.46273655005e+23
2971.1903171, 1834.96480133, 1486.07854458, -2.05008624757e+24
2642.14065892, -1690.58987333, -1447.37356144, -5.30417058351e+23
-2277.89325851, 3192.38413918, 256.953599967, -1.02771149256e+24
1317.23280472, -1437.94001026, -1982.89093197, -1.71713772142e+23
3829.94612166, -2480.68213768, -15.0200759298, -1.05159724969e+24
-2056.24992813, 812.492338293, 1910.8507386, -3.36245665984e+23
3295.81847659, 1220.82829285, -2705.77963088, -3.44263735754e+24
-3813.06455921, 747.887078413, 3024.02712406, -1.9373430073e+25
1648.68592249, -77.1423452678, 3459.6668283, -1.22829942264e+24
-412.641657513, 1659.03918038, -2379.44268748, -5.63335292321e+22
1138.27316431, 955.189369735, 2716.66032129, -1.93775408212e+23
-2589.08863618, -119.766384631, -1009.84277133, -1.99557283321e+23
-2812.97879701, -2050.00342839, -1024.97402892, -1.10781920685e+24
3240.00928129, 1604.60554365, 2556.50424183, -8.50986268247e+24
-1373.2792759, 1269.41483746, 2697.29146558, -8.58296254302e+23
-288.412027555, -1320.59646448, 52.6243679927, -5.82627721754e+20
-517.364554721, -1247.98793277, -1058.09901676, -4.48879696323e+20
-1783.44279357, 2156.02123884, 3117.33816935, -4.54398783691e+24
2230.20152431, 2825.9216052, -4035.24193567, -6.70087008848e+24
-3014.51754421, -750.301423588, 60.1264572659, -2.56617842353e+23
3762.40853852, 368.222258498, -79.3771618169, -1.05916960873e+24
-1193.25589798, -1379.05294709, 661.368772151, -2.51267651138e+21
-2091.65465909, 907.322883224, 480.315952587, -9.65927784378e+21
-1399.3996, 1564.51925338, 500.060422394, -4.76927736341e+21
149.877984325, 3626.60170222, -2115.85965351, -5.31587315227e+24
3411.12955295, -1042.06793104, -1722.34184615, -2.0054963304e+24
161.152816782, -26.4241696256, 91.3566700046, -6.98159380853e+13
815.261963764, -1224.31102471, 2372.15423355, -3.00962014347e+22
-174.358643231, -347.213990189, 887.954266743, -9.84023935259e+18
126.452035209, 491.036601906, -2611.50454301, -4.08695259739e+22
2202.19328889, 1066.17669765, -3022.84759744, -1.52056374456e+24
-670.725672977, -3150.91191362, 96.9194326373, -6.03543421641e+23
1564.74003865, -146.948577735, 484.880735256, -2.07684132806e+21
2561.61911388, -2961.75564107, 353.50740483, -1.00165933807e+24
-1196.50893528, -446.49391531, -785.133293371, -1.66934474048e+21
1778.50484289, 639.674947753, 351.013600161, -8.77413426466e+21
-277.123954837, 31.0409267146, -1309.02513316, -1.56472484995e+20
-3201.32451957, -1823.13373012, -2815.74048174, -1.10894692602e+25
-1313.38766848, 1513.55546079, 3716.84680378, -5.87804209324e+24
-3626.74282091, 650.874397085, -1341.65682827, -1.98308496325e+24
446.136474721, 1049.49088191, -1065.48972385, -5.18308117305e+20
1347.97964543, -2886.16745965, 820.09230462, -6.87616172176e+23
18.0744992443, -240.01916679, -764.241732384, -4.89317738764e+18
-2649.87899884, 1192.98100039, 203.107441023, -3.43568484599e+22
-866.105366659, -644.868633808, 1404.15629729, -1.85038485526e+21
3597.92853183, -1315.82708518, -2370.22864186, -7.69725441751e+24
-2195.86792712, 2901.97869289, 1145.53509688, -4.98774789757e+23
3176.66938223, -3859.68533274, 1034.38093323, -1.0490416838e+25
3232.63120914, 1359.42367408, -1919.81464948, -9.27323924175e+23
99.7701913929, 2292.90514504, 3503.80198026, -1.57137475448e+24
3064.00414864, 1693.50950204, -140.99332271, -5.77537159641e+23
9.99223308276, 739.260084111, 1527.76477458, -1.66358626656e+21
-1687.83603643, 850.479188066, 2358.79546965, -5.18419448428e+23
968.574710189, -831.466990904, 230.786682994, -8.85461467382e+19
-3161.82958576, 1034.39983598, -2015.55477451, -1.80470399962e+24
3852.12964963, 2394.61379391, -3029.61221349, -8.32961671366e+24
1264.63014987, 777.655544577, -585.877032172, -4.0983423632e+20
-888.345463268, 204.75900234, 2787.06052013, -3.08092272797e+23
-300.491251215, 208.110461061, 421.274733213, -6.33891012231e+17
340.952002834, -624.632619641, -599.252535535, -1.31420823647e+19
-47.6913533652, 2839.18709684, 940.375146544, -1.32608523656e+23
-435.277903289, 474.488668294, 968.523681686, -1.9957819249e+20
-2135.15318455, 1219.96815032, 2865.45856292, -2.95081174197e+24
2407.80148448, 1232.93623606, -2621.55781182, -8.76450198597e+23
-2987.53821224, -627.249731626, 176.707892715, -1.99033071664e+23
-1496.8019028, 1394.75709699, -3673.12247504, -1.07081241984e+24
1544.80621015, 2193.12768001, -511.972277985, -6.12693671278e+22
1643.60435775, 10.2736891385, 498.641820231, -3.51288449129e+21
-146.253005214, -1298.96429675, -1072.75163871, -3.12858021843e+20
1570.44716824, 985.90906879, -2954.98654518, -5.9051439696e+23
2133.34282228, -1492.66876755, 170.337072983, -1.3872851998e+22
1004.09475957, -214.339462516, 672.010647809, -2.32259966239e+20
1378.11520761, 297.010727955, 2412.41267786, -1.32694105936e+23
2233.65280339, 32.7089138704, -2290.95345617, -6.32545984301e+23
392.794451316, 2222.82689534, -1472.86672498, -1.16218629788e+23
376.549716695, -2718.81271952, -555.43185749, -1.24901253329e+23
694.703693237, 2573.32815806, -969.069545737, -2.23934226062e+23
-1353.92135688, -1481.55136309, -116.624832845, -4.93642223985e+21
227.183653862, 1190.65750396, 68.2737938539, -2.14447647759e+20
-2253.88172744, -263.303579036, 1044.58122728, -3.38982101543e+22
-872.872314815, -557.630545814, -1065.97130236, -9.97604665998e+20
-29.8190999733, -1026.01549618, 1454.20885027, -9.84542235373e+20
-900.33478374, 1716.96316602, 1359.63624488, -1.68754333402e+22
-617.811001648, -2344.83100057, -1443.69142733, -2.26153155163e+22
524.53001235, 677.069091252, 1688.31544724, -2.9817141094e+21
-92.7337519886, -4057.54243504, -1905.87068107, -1.78458266377e+24
3219.91029578, -2057.11834431, 1477.50465063, -1.0733505296e+24
-290.206580065, -3111.39072697, 51.9782001826, -5.35972247691e+23
-88.3152237625, -2498.56222655, 1069.2453157, -2.03046648736e+23
2722.5580332, 3408.96482459, -3748.53657953, -1.05420042997e+25
-1481.19075228, 492.090932422, -1157.53770267, -7.47948746235e+21
1970.1795949, -2894.74968712, 1341.88446498, -1.26752415703e+24
2161.06422486, 2769.34339204, 1566.18143865, -8.11847271631e+23
321.061383964, -621.714389969, -636.963327312, -1.59068584675e+19
-1376.37104779, -2865.72398747, -321.841564811, -2.52001239055e+23
83.039886649, 2708.10012753, -342.822511118, -2.22761701769e+23
-83.6469672083, 1980.96412323, -3428.81505234, -4.14006274979e+23
-1126.57217557, 268.514376605, -104.275344907, -4.87997888419e+19
-663.382286343, 1407.31203864, -3968.41205346, -7.2325896682e+23
1880.52273852, 1118.96929828, -1779.67149498, -5.74582058648e+22
528.733892221, -2122.74045287, 1258.00167675, -8.71095566117e+22
367.43727526, 2509.62851583, 2514.65025223, -1.65093481262e+23
3572.51310486, 712.992163781, -2215.70811728, -2.82929099612e+24
-259.88919534, -511.786064895, -391.38351338, -4.2804089565e+17
3181.21383006, 1160.18409705, -1246.85771184, -4.08788501048e+23
-10.2390365435, 2645.88500352, 45.5495481538, -1.41262068458e+23
2190.3002903, 815.581477151, 1111.56485521, -1.27447949459e+23
-6.48013754999, 227.936584186, 1189.25436325, -1.41606622295e+20
-1417.65079485, -135.399056932, 579.192446901, -6.43649278067e+20
522.566239612, 3734.3471365, -1073.58373667, -3.82417408466e+24
-1559.5984151, 4187.70848112, 920.856996196, -4.54738721759e+24
2288.88686377, -1525.47341665, -1560.05009422, -3.44278957455e+23
335.868530294, 1960.50405534, -747.045728628, -2.60270516569e+22
-1188.62123079, 59.6801101068, -2198.47905787, -4.63704837321e+22
593.579433782, 163.111011464, -1295.23170793, -8.20759743504e+20
-641.901621473, -1011.67825603, -3270.15494747, -4.02893011031e+23
2109.53033949, 549.305190238, -2856.00045565, -1.25054857027e+24
2294.9574346, 2182.80234553, 2241.89539813, -1.50560226489e+24
-466.417116259, 2790.55702216, 299.169799959, -1.92398569433e+23
-2238.81952689, 2259.99823127, 698.724514119, -1.20314476461e+23
865.689778487, 3015.57971889, 155.690761616, -3.69428409027e+23
-1240.91293885, 2009.39592498, -1427.06951187, -1.02855365109e+23
2002.93897199, -1555.20540206, 1027.79554836, -4.39684756072e+22
-670.173866301, -2242.04938677, -1579.31925486, -1.94346482184e+22
1468.01904939, 324.190763096, -1039.46851988, -3.57752849598e+21
-282.076345751, -1171.986898, -2748.78905359, -1.28152344598e+23
1010.06084137, -2561.81404536, 1983.05458873, -6.17226781686e+23
1251.45523069, 2253.9804634, -2512.14772815, -3.05591418582e+23
-1176.8500364, -506.442406987, 55.6522317466, -2.02049739918e+20
1750.37144722, -208.506825999, 1083.39811421, -1.76752573701e+22
-2888.22297961, 129.709413906, -1654.35864439, -8.75313591647e+23
2303.15953738, -3959.09114067, 1768.96934718, -1.33552479196e+25
-2033.9642654, 3345.99557344, 4035.55728486, -3.42792659143e+25
1522.46311263, 370.132758097, -648.347194051, -1.18974496836e+21
-2413.22461656, -2601.49138754, 692.0534005, -4.15475117262e+23
2819.63295946, 3636.53078894, -1916.34660235, -5.43397917958e+24
-1355.27069791, 923.703709446, -1047.32230227, -3.76105529224e+21
634.478495527, 1308.88561189, 1910.47051219, -1.25218361698e+22
1680.88773697, -2271.39736627, 1566.9561004, -3.06820888898e+23
628.701885309, -2126.80922276, 1855.3001055, -1.51458689736e+23
2887.14691843, -373.92275335, 119.720352805, -9.32359394223e+22
-149.488759686, -2640.64860671, 3835.68999485, -2.04696828299e+24
8.09735956772, 444.932307905, -299.520138682, -3.31186294091e+17
312.318823303, -425.501047683, -71.7408059959, -8.86041473553e+16
1131.30171998, 3489.4615308, 1065.25017585, -7.80471839016e+23
-3430.09012677, 1713.91089677, -710.642193881, -4.90010093968e+23
-1938.50863027, -704.561170859, 222.706551556, -8.10034328865e+21
-2177.7312777, -1213.34198318, 3029.84580793, -1.4018287831e+24
2618.54439237, 1344.77619514, -3466.75057705, -4.8247157165e+24
-3254.07954837, 3087.11948469, -984.11662258, -2.88289193987e+24
-1527.74064267, 449.244002659, 1511.28052719, -3.64173224919e+22
-298.365122263, -2262.14190215, 2081.55381925, -2.08821471514e+23
1358.1761622, 279.613875298, 1890.1936192, -4.2382642535e+22
1627.72008867, -83.0014623945, -1406.26661549, -2.54412000143e+22
-2935.54776209, -505.552924512, 2142.10652769, -1.0758793094e+24
80.8512107643, 3948.65799563, -1200.34607083, -6.3744052877e+24
530.522204854, 1698.94713392, 3139.86134111, -4.32520828583e+23
-1222.04579884, 671.706730983, 1580.36274163, -2.77453581208e+22
-976.682694665, 407.884794105, -1174.07743501, -1.17810172929e+21
-1691.55648124, -253.956706274, -138.982932684, -2.66367375244e+21
129.166991795, -1641.17013816, -657.580318584, -1.46761533307e+21
-1815.96074599, -293.251213342, 2562.45507874, -5.23060372081e+23
-979.974015302, -1801.34460212, 1162.12673703, -2.04478483047e+22
2997.17055978, -1527.74603847, 1815.28795065, -9.66801189016e+23
1505.26520326, 2743.56761946, 2662.29988814, -7.6127638544e+23
132.010857742, 556.65468932, -390.356553705, -1.91543260798e+18
-2154.47930731, -266.308169583, 116.086345537, -1.20603728098e+22
-318.984440428, -30.6730475361, -3411.67910651, -3.5273399307e+23
-782.858374211, 1126.51973112, 1490.82178044, -1.16006365791e+22
-2256.9639084, 3596.29210043, -1500.33394732, -6.24348841722e+24
-1441.36761471, -346.570013806, 422.812565792, -5.32985589764e+20
-2463.19205627, -2358.37252685, 1145.12739555, -2.89647518528e+23
2759.04280675, 643.410344486, -733.467010669, -9.32523820104e+22
-3066.37735594, -3768.34389542, 1031.82690426, -5.93025951462e+24
3182.50770149, -3068.09287881, -1628.88513656, -3.41139023354e+24
-1544.25667987, -1076.21660136, -1045.19300974, -2.04685119977e+22
168.036023343, -6.8913592312, 460.602570891, -7.01212119999e+16
2354.37154442, 1035.30962689, -202.582335829, -4.88000632604e+22
-574.992309248, -1349.49980264, -2523.46016004, -7.35351021768e+22
-1699.14349122, -442.585803894, 1703.21592195, -4.75843289646e+22
-1066.9584621, -1814.70949753, 2645.1337383, -1.50943266271e+23
-1006.42204778, -515.696257599, -712.309785065, -5.83317256759e+20
-1785.03343028, 958.735593608, 629.493206756, -6.54595384191e+21
1958.20747295, 610.731627949, 325.009004589, -1.56484420492e+22
-1904.63413415, -1543.93307589, -837.546719916, -6.85328226696e+22
-437.70349636, 155.034349108, -572.260473573, -2.77471317519e+18
1472.1878949, -2088.8784485, -117.681386101, -3.4899704334e+22
-630.949740721, -246.008747168, -690.950701446, -4.21728568408e+19
2121.99850992, 1162.56108137, -16.434251199, -3.26540056842e+22
910.027064875, -1987.02853111, -2321.32320841, -2.932811009e+23
-2749.10222538, 3476.99702177, 1165.24764313, -2.11548077401e+24
-1066.44198188, 1088.56980256, -688.374613336, -1.17945219557e+21
492.385027049, -1883.43292387, 2146.80058492, -8.91341574333e+22
-877.831958882, 1809.193611, 881.193308473, -6.02839912931e+21
1573.71731456, 533.827585826, -3778.37113459, -3.58265518801e+24
-362.638096529, 2293.69289706, 1046.91840808, -2.12305678162e+22
413.881939901, 136.924374256, 1263.55662237, -2.14307411941e+20
-2737.90988053, 1567.79293174, -1222.04862253, -2.50294303253e+23
-1357.9011451, 361.166459578, 218.931452334, -1.85516917358e+20
2731.91304734, 2771.35206175, 707.271207051, -1.30429923127e+24
3331.20328065, 1802.74616904, -48.3760665261, -1.16874742305e+24
3649.36341382, -862.492711319, -1914.0419818, -3.4858392178e+24
1187.16226438, -1889.84224688, -321.188805356, -1.15793206241e+22
-2565.72762973, 3437.45239108, -2722.76753304, -1.06068868412e+25
799.68933366, -890.487508084, 690.17703883, -2.64238881725e+20
-2182.28974434, -283.292696589, -512.314527488, -3.26767488286e+22
-1182.33566682, -1261.23087147, -1270.08551237, -1.09039379333e+22
-1283.23458373, 961.038609585, 2228.25899568, -2.22705585963e+23
742.164918196, -891.561861936, 391.644054461, -1.18870373921e+20
213.81820214, 2249.32715565, 171.532655915, -3.36254582173e+22
1256.08389634, -122.837674068, -3349.87052667, -1.54567020292e+24
-2414.41615673, 2426.95807368, 1151.5313502, -3.55938723945e+23
327.061303433, -669.681992144, 31.5069999449, -3.587273299e+18
-656.108943946, -807.704102319, 698.018259044, -5.89269842938e+19
-2722.83960795, -2351.61681695, -1776.73376719, -2.23938444948e+24
-84.7628872711, 3136.21774095, 1217.1434901, -2.64700898907e+23
-719.674623213, -2459.5397105, -1915.82550526, -4.96733088185e+22
31.680009447, 2410.69137836, 630.271997369, -4.09415670522e+22
-2089.15753143, 155.211273304, 1578.23143375, -1.11037411628e+23
-3654.24146415, -2557.83486398, 557.458886645, -2.94083030788e+24
1042.16473776, -3.4313186754, -406.946388625, -5.56927083036e+19
-3496.04619516, -1963.29933488, 2831.43141425, -4.34707895742e+24
-706.792146025, 1786.36639161, -1369.827946, -3.47025259103e+22
-2161.97796089, -222.680170689, 2108.25172545, -3.46441386203e+23
1539.09941386, -1424.35316369, -2875.87423088, -1.61358567231e+24
1950.75537999, 3672.46473023, 801.612972298, -1.7958586871e+24
-1346.42057213, -252.640748372, 2853.91433659, -5.18663323933e+23
2275.08646341, -3857.08069877, -977.842466692, -2.96329765347e+24
1770.71309171, 1026.60528952, 1368.04127827, -7.04910133776e+22
-763.12906562, 456.001102389, -1284.09160619, -6.84219645066e+20
-1740.02533841, 496.865688396, 2231.56392981, -3.48493674353e+23
1211.64967401, 2488.1530052, 1.57892497675, -9.58880488084e+22
808.038834091, 3576.24656863, -4027.81461416, -1.15727300766e+25
-1549.73792795, 317.90422875, -1927.60196157, -6.02632174795e+22
882.817336446, 1940.01273399, -1236.44405342, -3.62742538684e+22
-2777.55700919, 905.731331047, 1689.64365369, -6.98910188764e+23
-1513.59173158, -13.1095622141, 1277.53665675, -1.18620815904e+22
116.088687625, 168.002132606, -17.0218422807, -6.27682317323e+13
966.487077902, 413.171621737, -226.56340079, -3.06846176482e+19
-241.158630651, -2371.92855436, -941.736625526, -2.72683074908e+22
1713.91048844, 1403.35480101, 1111.49283322, -5.10286467735e+22
823.382427138, 2589.69797829, 992.816700293, -6.37694637968e+22
-1753.15108668, -1619.31538259, 493.124641383, -1.62278774988e+22
2986.44492149, -2088.37604876, -1700.31222229, -1.7207724783e+24
2384.19785437, -2564.53931629, 1800.87924924, -1.15133825148e+24
-2085.28685705, -1386.81463265, 1812.80189248, -8.821858315e+22
-2520.97255779, -1700.96823922, -2777.07375799, -3.51006345947e+24
138.841455976, 1195.69830437, 3685.3228846, -1.31946837912e+24
1163.22442074, -3636.49992497, -669.785802058, -1.49099202425e+24
1874.44632014, -1388.89398885, -532.160507645, -1.05215642191e+22
-2029.68851264, 643.605389832, 15.969036477, -3.77910272114e+21
-2763.57904988, 1996.03675843, 2173.7487172, -2.7308509507e+24
-563.365329557, 2896.05073375, -258.912040258, -3.9153884949e+23
-1963.75241739, -1339.90065079, 3949.75994641, -5.2309886395e+24
1255.59585457, 1804.07646428, -1655.50370544, -3.65792534859e+22
2189.80845113, 882.545865193, 760.824455226, -7.95275318361e+22
-942.67892164, 68.4134488272, -1654.24807331, -5.54362744676e+21
-859.881545118, 894.162579929, -366.899943328, -1.48739272412e+20
-1166.60549243, -62.0806757892, 660.973166326, -3.21221751428e+20
722.79992816, -1791.21781214, 1434.39716889, -3.72254208691e+22
2007.99618482, 2583.53816411, 1969.56497921, -7.71738111856e+23
2017.75768886, -2801.28511801, -973.847134202, -3.09489373101e+23
-125.267565147, -1318.54867777, 57.8064391266, -5.84781297617e+20
2756.65365724, 2336.10237877, 1326.47304484, -1.55138982823e+24
-687.860519605, -702.508238752, -2606.91341768, -6.83964492729e+22
-840.719152978, 3053.96400886, -2677.74039747, -2.74871562523e+24
-90.6348054558, -2833.69901866, 1236.46415495, -5.65335648391e+23
-1058.78971137, -2070.25417461, -170.46813922, -2.02420703823e+22
1204.10158256, -1481.4146921, 1094.57813619, -1.24024085145e+22
-1616.72921554, -2435.14445677, 2403.28800523, -4.56416499921e+23
337.68129947, -4157.74946734, 127.40041416, -5.88648290984e+24
-1265.13665362, 47.6301071007, -2636.72911163, -1.42096522818e+23
-2063.21058928, -507.041661721, 2006.67321794, -1.98592813773e+23
-2448.81661058, -2253.34820302, -1674.87636577, -1.12749611656e+24
3942.83281901, -3045.07449407, -1732.48615179, -9.1965381109e+24
1999.90599188, 3257.41034053, -1994.69092764, -2.27270397239e+24
-1587.03397951, -895.047100558, 1909.01917749, -4.96483078491e+22
187.769268794, 1043.80279786, -2096.61356317, -6.56254504212e+21
2007.58389621, 1483.96813463, 1360.78853687, -1.76168134114e+23
3268.7381191, -1798.37890357, -1195.17285456, -9.27579192394e+23
-389.65975954, 2091.35247274, 755.090692808, -1.1760759786e+22
-1231.59782802, -2647.64751891, 924.790811533, -2.70421783611e+23
3067.21549144, 202.069104448, 1031.88158384, -6.47216674407e+23
-2962.96638864, 1393.30930514, -2313.68808341, -1.80492041674e+24
3137.53564425, 2858.85513379, 844.856546606, -3.11791693205e+24
1533.45862389, -428.124284326, 597.280117337, -1.95538203742e+21
-252.69715564, 1773.69040522, -1167.32171116, -2.19891192659e+22
-1105.03308309, 1299.03078131, -255.715124436, -1.60202217927e+21
-1230.41151885, -2862.77068409, -529.553132547, -2.13026761357e+23
135.277782731, -400.150397336, -1524.23223626, -1.41936522104e+21
1715.05453975, 1465.88572188, 1634.02208942, -1.24054790674e+23
-1851.14756736, 1163.58944198, -1243.48885776, -2.9163863555e+22
-3623.89669802, -766.655974288, -1894.60774665, -6.07355953124e+24
-3601.61121181, -1224.49876449, 391.551718935, -1.09827954566e+24
-2025.10713073, 3397.96431413, 1094.33113654, -1.05531556306e+24
-1424.05883801, -1492.43836361, -2921.72740562, -5.73967493686e+23
1341.2422991, -315.228952919, 598.505496973, -9.02813641667e+20
-165.12072739, -930.297903547, 2277.98888928, -1.16299150003e+22
1808.70281281, 1916.70917664, 1662.08552542, -2.17201983991e+23
1873.75286782, 3008.26563573, -2258.45842194, -1.52060030743e+24
963.356382614, -1899.39695257, 3079.11722897, -3.44209622671e+23
-2364.97193204, 1289.46632176, 3542.72247111, -1.14221910795e+25
859.011859134, 3089.17128384, 650.238572252, -3.35341089483e+23
570.718445136, -6.31106107235, -1057.73229002, -2.72942457769e+20
-1052.81511575, 2657.10829232, 516.13514484, -1.28723084114e+23
-1848.38894829, 1244.15842836, 2503.45006908, -1.06940989019e+24
275.529069366, 881.20171458, -1005.45306717, -1.62265334809e+20
2056.44593748, 1230.23671125, -217.500791206, -2.39102356031e+22
95.5298087071, -1225.34594826, -3710.199001, -1.63291515191e+24
2014.09318581, 1605.44144797, -1330.22422805, -3.78274975763e+22
-682.3579631, 1319.0148428, 566.62389663, -4.7900213755e+20
2221.19780711, -3435.67478966, 623.283201835, -2.75903199956e+24
-2546.67099762, 1123.03410579, 497.011902993, -3.92981896118e+22
-2270.7878858, -1115.29524581, 2806.15577331, -1.08409467148e+24
2125.69766818, -378.425021598, 1016.29924449, -4.39433016879e+22
1866.48332151, 3641.6135659, 813.807906793, -1.60421722902e+24
76.6516310586, -1722.61342026, -644.907247347, -2.23624977612e+21
381.586097624, 207.382199092, 608.72121583, -3.60015249422e+18
2943.92533395, 169.524871353, 2502.61802637, -3.19460819327e+24
-2833.58869376, 182.932429809, 3235.96061393, -7.72655727559e+24
66.0146018658, 1702.61407315, -2472.47750663, -6.14017570213e+22
1081.73285519, -863.630781144, -2068.55199, -9.94214327472e+22
3460.46337779, 1121.73020346, 1056.69071492, -2.35815433264e+24
-2545.72972106, 1145.77799939, 1521.70307449, -3.8945014099e+23
853.457711323, -2882.60683461, -2434.25923981, -6.30037065621e+23
-2059.40778708, -670.348118066, 1757.92448333, -9.88536900624e+22
-556.245074965, 715.780227376, -1642.1986861, -1.26454311608e+21
-237.72459984, 1516.25191342, -2958.79197099, -9.17374526962e+22
177.164008886, 3416.0141353, 2894.48925568, -9.06279050953e+23
-3163.73454601, 2543.85408732, 1731.96966071, -2.84125648993e+24
2355.64666172, 796.981174723, 824.489000536, -1.28741232392e+23
2522.60945446, 731.444419173, 309.376577879, -9.96598106415e+22
-2824.95104179, 233.297423213, 1955.40037153, -9.02855845217e+23
-2940.25819811, 288.214730295, -497.390699941, -1.80960447762e+23
65.3914179027, 1180.13778674, 206.060975279, -1.60453722442e+20
-2755.33958722, 2143.89096007, 2794.11876738, -7.70654273581e+24
3092.05921091, 366.386177751, 1699.59147705, -1.66983452219e+24
-100.549556737, -1604.52246723, 1660.02557027, -1.67064800041e+22
335.335623151, 698.190323811, 722.04972318, -1.29149694225e+19
-1318.32389437, 206.990629594, -3180.0967795, -4.23067587841e+23
-1156.65537046, 130.348037465, -1710.58637443, -1.2667394893e+22
-1878.10030239, 1563.94906119, 2179.22871901, -6.81907177032e+23
-360.649509219, 2463.74476218, 1744.57943779, -5.47284101544e+22
-130.169546582, 910.405115723, -2076.16807423, -4.2242749175e+21
-245.562236266, -1253.35015707, -3280.88780583, -5.15564869024e+23
804.175850153, -3147.59393343, -1135.11898697, -3.23785504237e+23
945.20557833, 697.396738902, -576.024331402, -6.79679089895e+19
2254.5575949, -2678.15395585, -490.573394485, -2.79163926104e+23
420.257617529, -1224.7847613, 932.228290374, -1.55730618591e+21
183.438402781, 964.117641871, -125.063665276, -5.64021157351e+19
3608.98435781, 543.843541131, -2743.14553901, -6.80405414449e+24
-196.339934096, -1611.37824873, -734.635277823, -1.11977906104e+21
-1116.18519497, -566.611603788, 698.138440959, -2.06580773753e+20
1409.29374708, 495.917796524, -240.544789437, -5.63292857097e+20
-1733.25605385, 1678.75371408, 2402.29343667, -9.30943721234e+23
-356.916946299, 377.381269285, -1538.68224548, -4.46374255479e+20
-118.108605475, -16.2860367722, 238.158701096, -1.4763018187e+15
2939.82441966, -1007.13431223, 192.292166406, -8.37720308559e+22
-198.687670789, 2225.41795016, -548.353536848, -6.11614299288e+22
127.920732052, -1272.06346893, -201.860854017, -3.08434258596e+20
-449.681523121, 2993.80932972, -1618.41147689, -1.17374533198e+24
1507.61085385, 3101.28874723, 148.244943841, -5.21599003945e+23
2889.4159196, 824.920361488, -1017.10433671, -1.62694022045e+23
1314.03806025, 3371.36683505, 2488.04023476, -7.77725878531e+23
2168.69453191, 1111.78232887, -503.625583179, -2.42195467959e+22
-249.33768806, -618.742055179, 229.110245813, -2.448582161e+18
2043.65230087, 1905.80743914, 847.094057502, -1.41958053626e+23
-1757.46466705, -2985.24558411, 1828.57746829, -1.1179315901e+24
-1269.26675319, 3328.02444067, -1512.03621118, -2.78312459301e+24
557.785094966, -1049.38404767, -284.929627649, -7.81182858041e+19
-467.23617673, -1499.87036241, -1638.43428774, -4.56415954523e+21
-1751.6331295, -127.720782422, -293.021234749, -3.96938943312e+21
-1226.65584219, 248.154718237, -313.092906785, -1.99788431221e+20
3576.97888288, -1049.57400825, -3476.90684796, -3.05494331861e+25
-2795.32703292, 393.142569481, 810.946750721, -9.82502597571e+22
3223.65836588, -1943.66962605, 1111.38934174, -6.30876297752e+23
1768.24148444, 2833.38788282, 538.422269293, -2.93331362412e+23
-352.215795555, -143.659948538, -81.7570347217, -2.57319625882e+16
-2019.8684473, -325.972815944, 795.682411728, -1.00300212103e+22
2384.9497159, -584.256213664, 2368.01552715, -7.88112751033e+23
-183.053006683, 1489.87073862, 1627.5756858, -7.85496677392e+21
-451.794503732, -359.585957373, -1788.4776285, -2.93983603754e+21
-2001.83302025, -2736.33680188, 913.827652205, -4.17318943272e+23
576.363901559, 167.4338929, -1138.58326193, -3.42553475353e+20
1617.74172767, -2011.71906861, 1871.02375422, -2.11394135477e+23
-1521.29391091, -2553.63313658, -969.876530124, -1.20583273041e+23
-1074.5773097, -1310.98278607, 676.727871612, -1.61739022132e+21
-200.263700177, -59.6074122516, -1298.13227419, -1.54835552949e+20
-106.095094601, -3275.89261203, -5.05169997595, -7.90654194437e+23
1427.29167261, 923.208665095, 3754.00487669, -1.90259994404e+24
1137.45494077, -39.1430001878, -1026.21085358, -1.708305875e+21
-1440.49122317, 1436.0758928, -1687.91937767, -3.93160919404e+22
-1376.21303339, -1734.68424859, -570.998134608, -1.30874867583e+22
575.001387005, 67.1231696905, 1477.0987851, -9.16461846352e+20
1702.29228453, -528.296669408, 2383.44481578, -1.98861171129e+23
-1592.46683311, -37.859857156, -2284.17035921, -1.5434214048e+23
-1193.38569338, 1104.97149218, -1673.94189366, -1.34077785369e+22
-130.729948039, 3077.38648468, -122.661637514, -5.35890941358e+23
2465.74512541, 1434.26416359, 2687.45612144, -2.62723218953e+24
-1581.29162425, 1355.96527688, 1896.03256152, -2.04596904601e+23
2200.83559276, 1110.78985249, -719.129639529, -2.52324218637e+22
-2090.61695999, -1918.41959752, 608.50579271, -6.44872802982e+22
2053.23065507, 1090.45594099, 796.98932069, -6.68711744807e+22
1124.77567168, -123.927779299, -721.552184036, -4.58516353873e+20
-3218.47793367, -3599.49101056, 716.06685469, -4.9722906239e+24
-2660.73689332, -1406.15606023, -2945.95169185, -4.87630211057e+24
-3271.25424533, -297.791934893, 525.011256142, -2.79128443969e+23
-2029.97659261, -3715.93913394, -723.078449085, -2.07872448796e+24
-2701.63652323, 781.329563002, 455.785410693, -4.75988102053e+22
-536.645278664, 2847.55036131, 1752.14696753, -1.40346792456e+23
2319.9949109, -1162.27002276, 126.571881801, -1.26811502642e+22
-3882.20656034, 2044.61604793, 2481.0532971, -1.57174293068e+25
-1082.49084051, 1159.18296134, -2082.52210997, -2.62189658218e+22
2905.0037712, -348.691029876, -134.702293223, -8.20816591964e+22
-220.04160612, 553.283536103, -3638.54860946, -4.64288028417e+23
-1676.28478452, -2867.0789915, 2777.23286707, -1.53684284886e+24
-2027.52319612, 1808.24731742, -168.692230167, -2.96889733317e+22
-1955.18295182, -1684.1798959, 1435.81393114, -4.29964306557e+22
96.6288297563, -3286.44973261, -1403.80307839, -3.57786394149e+23
2255.63785482, -984.308958433, -234.411260237, -1.01613563498e+22
564.232999073, -753.568874883, 1488.42119311, -8.15951756798e+20
-1181.34184205, 1622.40683162, 196.448120958, -4.41856969161e+21
1112.04153916, 499.072591792, 2127.75919303, -4.14197233234e+22
-1396.04984599, -491.002309958, 681.190463655, -7.30748471335e+20
-181.803136273, 819.14336026, -207.529610264, -2.28695111641e+19
1926.89572071, -2115.1358632, 2076.24288484, -4.39239185531e+23
-271.94389134, -292.418925106, -1809.59792628, -2.7221310899e+21
861.380981843, -2944.59130732, -2507.73021441, -7.68541207738e+23
2182.54964725, 332.335881512, -3641.35240105, -5.9101328689e+24
-2585.28514002, 3363.39191338, -2259.89437503, -7.25763012368e+24
2247.41519838, 301.41209017, -2908.24950881, -1.85232348981e+24
-2548.00665195, -963.998472285, 1709.19622206, -2.02364565722e+23
3607.90797458, 263.86117933, 1098.61489149, -2.12618621757e+24
63.0735350171, 310.104122216, 1911.37736073, -5.31961787594e+21
2683.08967273, 1739.17736733, -200.536074609, -2.42465055035e+23
1424.4528129, 3036.96806908, -4074.49720205, -5.58278457184e+24
-1405.25826025, -2238.75514494, -1069.69514288, -5.48164782776e+22
-1958.94766466, -1288.72246467, 3045.84012155, -1.05092998197e+24
-1079.73310092, 1471.76486673, -759.140122243, -6.8756510156e+21
-2294.14929575, -4202.72928118, 885.923539625, -9.08541963662e+24
1614.87452687, -416.849705721, 492.316971668, -2.07094394956e+21
-651.493527445, 596.319693945, 3035.04732082, -5.06357422062e+23
-1471.21654732, -3394.12512526, -545.776465225, -8.63746702747e+23
156.58775409, 716.785497568, 3389.36940653, -5.43701407907e+23
-2630.30226408, -1192.42270621, 1041.23185285, -9.90194447495e+22
-2380.47913651, -3340.20939702, 362.472810345, -1.60790083343e+24
-461.197039863, 1295.80557316, 1481.1050589, -6.46367980127e+21
2650.76696184, 2388.44079505, 2607.8261007, -4.6167872875e+24
-656.094576072, 375.453840667, 1566.867764, -5.80796516107e+21
2272.06608234, 799.117935264, 645.55887492, -7.99591307636e+22
1205.98773357, -1134.74926397, -4048.66256914, -7.76278711348e+24
1689.07703702, -3076.64691137, -2282.75551427, -1.50856741929e+24
188.32114206, 897.809829781, -658.141797547, -9.26301968216e+19
967.115261123, 719.895125548, 170.26782583, -1.4299495093e+20
1918.02975605, 490.456388638, -181.707525438, -5.95687361267e+21
-187.599687208, -506.462984876, -1958.18733575, -6.39144118814e+21
-588.344556627, 1967.89660693, 474.293934698, -9.77797698535e+21
-275.303645251, 1164.47526913, -1117.23101882, -1.38634339315e+21
-486.939015897, 626.861517234, 200.110499547, -2.25448548303e+18
-3242.93718252, 4031.78992641, -501.254602495, -1.1058424285e+25
19.2372365765, -52.7705767263, 3394.12914795, -4.03766206255e+23
-1245.82182593, 499.25790935, 19.1515305108, -7.38116355665e+19
-187.285231214, -2270.75323817, -2271.88661142, -7.83847488015e+22
-744.046574956, -517.862173061, 2648.97894397, -1.12823119327e+23
-1999.12578194, -1274.19313733, -1201.80758508, -1.19489774522e+23
-2235.32916678, 2222.57733226, 2977.67307771, -6.03156131228e+24
-603.01801968, -3101.01031089, 1704.90633693, -1.35593610482e+24
-322.767151634, 2964.09996832, -1130.55624142, -7.88549882869e+23
496.870072756, -2026.89763697, -272.60721278, -1.45276110723e+22
2967.08584051, -1560.44066084, -1032.02879413, -3.70698748693e+23
-3442.22804167, 1002.91456741, -1143.80042024, -9.63348713279e+23
197.823460829, -1784.62874865, -1629.73377799, -1.1006814343e+22
-1128.12376731, 3039.15308871, 3205.45447789, -3.92374554079e+24
1983.75849559, -141.880461373, 237.661858244, -6.75916378431e+21
746.098592248, 4126.24584967, 2595.33411505, -1.88841997663e+24
839.890459098, 2062.12775701, 1423.35372566, -1.44794468472e+22
-1630.79751665, -3160.80560291, -2506.83569998, -1.03709517706e+24
-1243.46612401, -841.679574681, -1801.37313196, -3.30034955757e+22
-553.179855549, 1261.22477252, 2657.45544832, -2.68348777285e+23
-1519.62849192, -74.5574982995, -1235.86944677, -1.40189092542e+22
507.968662343, 878.689004716, 1868.57157766, -6.67870055046e+21
-1537.90141588, 1913.08257886, 1371.8285892, -7.55693728334e+22
-3696.34737364, 806.143754189, 1115.95054692, -1.04944918876e+24
223.909118515, 1400.61395734, -2947.8745113, -9.34656479809e+22
-299.443657011, -2589.37689573, 579.052158507, -1.81462030938e+23
1742.02062462, -1565.29318573, 4120.99381239, -2.93259463878e+24
-240.520595971, -3893.87478541, -949.232020944, -1.93985692363e+24
2936.50303049, 179.521243032, -1432.25926657, -3.41108137793e+23
-1242.64916765, 555.131074395, 724.491422223, -1.14829598145e+21
1389.87902206, -265.396387736, 728.700221954, -1.75875308977e+21
1919.07177306, -1930.46188821, -286.53646833, -2.93506377336e+22
1370.80592296, -398.04189322, -87.0899576159, -1.66020568207e+20
3368.79924275, 1542.55494134, -3847.95619053, -1.73968924496e+25
37.8125960993, -1319.22347992, -1610.85101533, -4.57968328527e+21
-629.742297693, -2647.56979097, 1558.81676638, -4.05713459528e+23
-1139.38492309, 1730.08966567, 1539.61475604, -4.70825244881e+22
2742.27233258, 805.74925431, 778.469412591, -3.23762776512e+23
-531.699444853, 968.581654191, -2784.66238427, -4.42960443651e+22
2397.28962052, 2048.65679401, -2092.14484617, -3.24108280608e+23
532.507480613, 2882.54241916, -398.25010852, -3.63842237394e+23
2552.00435117, 698.214958202, 449.794359175, -1.24212789638e+23
1910.36035555, -1593.72549163, -671.005233477, -2.1249971457e+22
-919.946493694, -151.724251444, 1920.71616679, -2.28409181581e+22
-855.490475421, 2599.0699002, -1450.43686703, -4.46966939067e+23
-2623.03381441, -897.003754788, 1503.35593047, -1.6389600548e+23
-3575.54278885, 63.6036980145, -3173.73520717, -1.62545969765e+25
1741.46873891, 2603.67697155, -3533.63253853, -2.19854324851e+24
-43.1976258695, 695.443110528, -2750.28322749, -4.56630494515e+22
1035.85013024, -447.934838266, -1359.75342282, -7.11548043353e+21
-28.5245864242, -1748.94874338, -580.607391945, -2.70129532616e+21
-1476.90403231, -3448.89696926, -3194.48148934, -2.25853613299e+24
1420.49152338, -1714.03025835, 447.470471445, -1.56610462753e+22
-1008.13488588, 2046.37884299, 1208.97407085, -2.28804535508e+22
-751.670923711, -1062.32309074, 410.295090381, -2.22211179736e+20
-868.440642893, 882.175886836, 1807.24853142, -3.24000443768e+22
1289.25369296, 2118.05204825, 568.885908255, -2.70555931976e+22
290.084083276, -1796.57629476, 536.215491649, -1.24844933113e+22
2125.50309573, -1626.05855476, -2571.17036051, -2.07969454913e+24
-190.408750233, -720.965472737, -2841.59495808, -1.32320694312e+23
-1833.14789352, -127.332671481, -4138.5528218, -4.48020323591e+24
1347.31267531, -3150.83340821, 1611.48220302, -2.06279895547e+24
-441.396232394, 1455.95376483, 493.533701674, -7.46032926146e+20
-1049.54927232, -840.845187594, 3456.78688022, -9.55385781499e+23
3598.18228916, -1755.61069385, 71.0888237888, -3.95149327408e+23
-563.431825991, 2442.82999, 1613.37359373, -5.3393974686e+22
-914.188998357, 3373.20638376, -3195.44608423, -6.86348622392e+24
-1603.56483968, -2697.69786185, 215.828971329, -2.29956443193e+23
-945.591369267, 785.59465649, 717.710677745, -5.13392686133e+20
-73.5951670659, -1469.17209098, 1676.85785532, -1.00243832389e+22
337.347502209, -381.459500808, 420.507580964, -5.91914978045e+17
3895.18775609, 1117.05147751, -73.8241077323, -2.18433747538e+24
1468.0100891, 79.5516704327, 745.758878348, -3.39388162167e+21
111.768413294, -2313.94679607, -2831.56739881, -4.39314732325e+23
1004.60059119, -484.685268075, 988.320091627, -6.75723554259e+20
204.199501669, -1485.42266328, -36.7870225367, -1.42427886918e+21
-1115.71866171, -2934.82387401, -1316.94042014, -1.81107427514e+23
-216.83295113, -359.027813353, -3184.14870574, -2.55580625506e+23
2065.96170762, -945.213860917, 113.601348338, -4.77024427883e+21
-440.89975658, -1189.87052576, -2211.23417614, -2.51747854069e+22
-2883.76740742, -526.970160389, -2618.17320965, -3.68980324291e+24
-1054.86463088, 4027.01881904, 1001.24570709, -2.86649557026e+24
1319.40924191, 1296.81349261, -1166.95439532, -4.07200122122e+21
1832.44487075, -2005.72803713, 1482.06506773, -1.6877634488e+23
46.4327978663, -1975.42255685, 745.461445727, -2.88842810419e+22
490.343137854, 934.925933446, -367.359330666, -7.18174626964e+19
-187.958576053, 2268.60022581, 91.0785300524, -4.05399468581e+22
-3693.69138237, -1828.49264462, -974.353719931, -4.82587988573e+24
-15.0088153292, -3985.95142976, 3032.14595033, -1.55944759074e+25
-2085.84395952, -2769.22979803, 282.163925603, -3.93457735467e+23
-371.198843418, 693.815980864, -2881.62639043, -5.79364879286e+22
2334.17374366, 1631.07203042, 894.787739895, -2.46457054285e+23
-696.986433203, 226.537649498, 713.214476563, -8.20803037749e+19
2024.49450268, 1633.04736408, 2820.96196321, -1.52848817332e+24
3202.01549444, 1900.09333112, 1557.97096622, -3.45474440994e+24
3064.35005894, -3501.74474669, -685.576836548, -2.56948744627e+24
-111.809297589, -128.184813654, -1599.40533919, -9.56712620267e+20
-2144.04918556, 1188.49520933, -936.855320181, -3.33066444924e+22
-1210.57798959, -202.607955631, -3242.04523465, -4.56685902441e+23
-163.673643836, 2215.12313359, -42.2962122515, -3.75795730946e+22
549.842897776, 297.90256118, -180.22583466, -4.1818235273e+17
1573.28035636, -3559.6066524, 1523.09108679, -4.74421438539e+24
-3975.52785938, -2756.20932503, -1226.96026605, -1.43320836723e+25
704.61767167, 1397.69777826, 728.918373377, -7.43818040308e+20
865.555710835, 1720.84935845, 3175.18219521, -5.11602083597e+23
2145.17863263, 1025.58312923, -247.958780969, -2.41350742414e+22
-526.247413737, 3890.81064905, -1537.4755151, -7.22972900627e+24
-1833.99990023, 1314.4084296, -1444.43073162, -4.70403123706e+22
1837.05723781, -832.456497594, -3716.8158365, -7.41439390348e+24
1532.58673313, -2530.063642, 1367.97781911, -4.5559485208e+23
-178.891266959, 3028.74087449, -287.029060923, -5.28860746456e+23
3518.08020971, 132.591451735, 2682.4451506, -9.50411634806e+24
620.5851701, -566.867221862, -1440.36504394, -3.81200054596e+21
2460.02926835, -278.600877962, -196.264238486, -2.12928602279e+22
-1375.47872587, -1780.31171837, -112.662648436, -1.18278688223e+22
299.484959268, -1089.8593698, 792.435734441, -5.42704549012e+20
-85.2041104936, -706.092803071, 83.8186574336, -4.5140322789e+18
2655.47118777, -1195.10338726, 222.547450219, -3.80868746144e+22
-1996.8418931, 2486.33718498, 2393.2527797, -1.9150355397e+24
1027.352001, 575.474083689, -2812.91525924, -2.47272763127e+23
3379.47701972, 894.703326842, 92.9873000745, -7.48357355221e+23
-3356.7989562, -3784.96305226, -616.690678524, -8.57879336935e+24
1149.89567978, -585.766299781, 1095.74891513, -1.77153111387e+21
810.583245811, -3293.25128532, -465.904138611, -6.98129457157e+23
-289.667707285, -26.9626585512, 2197.85910642, -1.98640975679e+22
822.908147756, -3263.70993226, 935.478928996, -1.54093572764e+24
1923.56054857, 1229.80124769, 3128.28714958, -1.71966177449e+24
388.43815649, -729.148912633, -556.415647106, -1.57574612196e+19
26.2786928171, -2142.51736584, 823.405792978, -5.57851276882e+22
-289.829173747, 844.573430421, 1747.19984291, -8.27670781867e+21
29.9323344058, 310.30481027, 3770.36802934, -1.11187010928e+24
3711.70526104, -2881.17258996, 488.153810379, -2.0081823803e+24
-342.785953659, 3149.86461862, -1309.25142215, -1.36634413833e+24
744.013390929, 339.546893822, -2256.95169775, -4.01842764055e+22
893.568610436, -1335.99078445, -1960.03746202, -7.36376368271e+22
262.283411584, -162.504730738, -2183.29369548, -2.03021588777e+22
2185.41950745, -82.7684994346, -111.171859281, -9.68781929088e+21
-3580.50956674, 1935.43922105, -1135.90861317, -1.17320468879e+24
315.791969345, -1571.62861397, -2050.20510669, -4.33580133212e+22
1738.45761702, -160.843601771, 1650.11152801, -5.96760611414e+22
-436.229683905, 1136.32588792, -766.678509913, -7.83108058929e+20
1534.98954683, 2851.10937174, -291.183652362, -3.46392933165e+23
265.365239003, -2370.3496068, 2712.02557416, -5.04732472933e+23
2415.87685128, -1030.73591022, 890.373061225, -6.04261431974e+22
330.971376431, 1393.76816297, 3246.8069472, -5.03824040054e+23
1445.64742834, -2022.39321549, 2198.27290524, -2.60549135402e+23
314.509842738, -601.271150851, -3663.58675173, -1.33761892619e+24
1676.41935662, 1510.39162548, 3304.76974209, -1.61583318478e+24
307.912608457, -1752.22419687, -3169.72651233, -8.41801983521e+23
-504.770686287, -854.033716594, -180.145374171, -1.80629814222e+19
-465.87980918, -452.543134767, 125.129226322, -4.97176214965e+17
-3421.41512848, 477.907398168, 329.009470462, -2.85444181254e+23
-1253.70307637, -1415.76463882, 1858.70750573, -2.1792868221e+22
-1775.78487567, -156.538561481, 153.053061321, -2.23774110567e+21
-2230.3106026, 131.670776689, 795.887328717, -2.10764114542e+22
-3667.23519116, 50.8207881917, 1057.00751242, -8.0909292946e+23
-2940.95877315, -776.977020593, 1722.19915063, -4.62537007014e+23
-307.810908507, 378.65703054, 1185.53715872, -3.99342250627e+20
167.697639069, -780.966651833, 2204.20753259, -6.59219269352e+21
-2436.82722076, 251.201738705, -79.4891958312, -2.46316784562e+22
223.184691202, -633.334629944, 2707.98239315, -3.82087763837e+22
2355.27376473, 1364.28191906, -1185.17638921, -5.90437980813e+22
2796.42812166, -907.411083829, 23.8589263073, -5.01341557332e+22
3737.82696786, -903.619680044, 673.642119457, -1.00789237098e+24
-740.878663428, -273.77440202, 1185.40869926, -6.77718733202e+20
508.77196816, -2472.56860725, 3288.0353075, -1.06477122511e+24
1055.14916771, 1463.78655719, 1092.45747302, -5.77927693864e+21
-348.190505615, -3715.83754768, 541.366952473, -2.8371303063e+24
4.68841781788, 1270.22913256, 415.366546449, -2.14718551061e+20
1553.2596267, 1030.61067362, 185.793771831, -4.66715704483e+21
-2688.02352979, -1445.94063376, 66.8580907268, -2.04470343633e+23
-1569.11065086, 46.715158477, -51.5055397406, -8.46812930405e+20
-368.000796848, 3214.06719927, 122.414868258, -6.68493247821e+23
-2622.26581431, -692.160618994, 838.287714297, -6.85121273307e+22
978.430903661, -1227.79744928, 335.053873408, -1.05632903335e+21
-1185.38957546, -978.988484684, 3753.39179753, -1.88146786273e+24
717.111760385, 1158.22799646, 927.716009346, -6.04073631721e+20
590.345251782, 1886.00224212, 124.569969806, -8.49265658419e+21
-449.686055119, 2182.51285433, 371.741740681, -2.419437876e+22
2992.74454921, -2070.54174985, 1813.58867775, -1.17305657395e+24
-2136.74771903, 72.5535832028, -633.107819562, -2.62001930667e+22
2987.39137065, 825.921825634, -666.936205558, -1.87043696112e+23
932.088950482, 2425.67110718, -2981.94769574, -6.55963912879e+23
-3615.44353005, 236.304592092, -278.644643447, -7.18084442589e+23
-2006.76800345, -652.642797636, 199.738180157, -1.00171047761e+22
-481.136733361, -159.639052221, 2247.3103628, -2.90387011401e+22
-2624.66716091, -481.514252852, -1532.96878702, -5.53921525111e+23
125.679995795, 143.919552816, -2132.913619, -1.04605664156e+22
-874.349597603, -822.564419207, 1094.51253495, -4.53658164468e+20
-1060.5916665, -1229.68297847, 1196.26304643, -2.360171544e+21
2990.31324965, -2170.14289259, -698.029906279, -3.37705253608e+23
-1618.09284791, -848.900179223, 1431.91730238, -1.351793401e+22
-101.229043971, -689.605122987, -1809.12590347, -4.52782555909e+21
-113.363765998, 709.093618917, -606.003556596, -2.07866543021e+19
-95.9801916689, 836.36602265, 391.787466093, -6.3887923706e+18
-2540.94993363, 884.371200037, 2398.74014666, -1.85243319465e+24
-1035.66466737, 2012.73095136, 1054.27528911, -1.70106714729e+22
-1013.80451573, 3605.93243915, -3864.69896015, -1.46960413948e+25
2439.82150331, 1706.46308098, -2182.40992068, -3.48202472699e+23
-586.491393017, 1304.14517987, 275.966822065, -4.48234022255e+20
1471.58782276, -1800.60583457, -3645.46353822, -6.7752702384e+24
1802.04545492, -70.0877688666, -2016.84930911, -1.82564999493e+23
-2058.89038646, 1234.85723412, -877.782778644, -2.45731556503e+22
-3830.89757869, -10.7647867534, 1016.17651861, -1.0588700922e+24
242.01965133, -549.707105443, 489.594538676, -3.50097184636e+18
-520.474099409, 1641.06464693, 1091.26216356, -2.95693096888e+21
-1563.00896555, 2635.28016952, 2814.65311715, -2.61031061906e+24
-2740.37855647, 266.965959344, -444.736911022, -1.00411795023e+23
3495.74067293, -282.496741658, 2236.85258963, -5.05317582684e+24
-1089.58861826, -492.328504678, 2267.13056006, -6.97733203987e+22
2294.97030795, -1254.45356949, 1301.2289195, -9.84834920401e+22
-571.451124619, 1938.03522003, 1623.98390861, -2.55557082308e+22
424.864925303, -42.7640478813, -770.509864065, -2.42913207455e+19
-474.116631439, -278.939460549, -1182.4032127, -1.97137858832e+20
-446.835637404, -1161.7542999, 696.671914376, -5.57904799254e+20
-2057.89383497, -143.80616956, 142.938393093, -7.20129960725e+21
3680.44839419, -3704.74842255, 1770.49169793, -1.52814606921e+25
-510.328893002, 1786.27821076, -395.352402475, -1.13719400531e+22
1812.18926222, 2568.22839984, -953.658246098, -2.54581844984e+23
-74.1548596663, 3007.40793905, 76.3486295971, -3.89479881805e+23
303.183237982, 1171.91348586, 863.274308067, -1.07982848385e+20
1401.62610681, 1206.52664526, 1176.9853845, -1.81572140188e+22
3005.07256242, -3717.09957138, -846.347439856, -3.52133993935e+24
1228.6321922, -1468.24265342, 1465.37036285, -2.0942924443e+22
-210.861238012, 294.298353144, -1613.67640038, -6.0171546812e+20
-2235.90300847, 78.6988090515, 4185.66188771, -1.65765877173e+25
1045.55346782, 2313.95190829, 1237.50307703, -3.42475193477e+22
454.69291596, -12.5485712868, 2700.58602696, -5.30871663088e+22
-1091.97756266, -536.73962773, 1816.809617, -1.70494519436e+22
-2557.43014017, -1670.83602678, -937.658565074, -4.53405885747e+23
650.363825426, -3263.23359574, -2419.69429924, -7.00288688736e+23
-1325.93908411, -347.039344303, 2354.44420063, -1.45380522335e+23
664.476363148, -929.184135752, -2621.75245895, -2.29001537038e+23
-116.417595553, 2087.46216689, -315.556213705, -3.0068302003e+22
-2100.73143471, -677.619056366, 532.977733296, -1.20934691489e+22
-2161.96006567, 984.451230302, -1261.57377054, -6.46720982188e+22
-721.445951038, -549.717640898, 2158.2829676, -2.46162744382e+22
882.737615875, -2514.11616467, 1832.43431138, -4.69989979858e+23
-434.806017907, 859.876451978, -2273.84574078, -8.89368426683e+21
-325.222853141, -1915.15357783, -925.797334402, -4.35111235364e+21
-285.824111757, -647.678649244, -827.977906798, -1.79020377485e+19
-2020.27593882, 1352.03418736, 533.28633905, -1.42037184776e+22
-2149.26198169, 647.650914526, 2102.06268415, -5.36259953076e+23
-945.850380113, -1323.8745083, -2342.19174645, -6.99378530907e+22
-899.359558356, 1060.91661616, -90.7400403433, -2.5595643855e+20
2355.30949483, 886.182241441, 380.926995171, -7.74929678476e+22
835.713076613, 1819.4172871, -527.748861139, -1.22324099139e+22
1657.20326557, 1929.10584645, -3106.70216939, -7.00620798007e+23
-3158.17828733, -1061.26013821, -315.99056738, -6.25876597903e+23
3273.63710148, 1162.34532359, -3300.79636562, -8.34463620762e+24
-1493.84308019, -1412.82728338, 1218.35701431, -8.10686401256e+21
1712.27152197, 1935.61424984, 1637.48397154, -1.67297396684e+23
-3665.01005938, -1655.28473184, -1581.03292599, -6.92039548119e+24
2266.81520965, -1253.5373099, -2305.61322713, -1.29202177907e+24
-3173.72563964, -4057.65655698, -267.078761283, -8.91865138471e+24
1639.16330373, -411.976248078, -351.986300618, -1.06069849754e+21
-470.622089507, 168.249132642, 1455.52368106, -1.87125333152e+21
-3079.43404484, -925.980822237, -1948.20069444, -2.71787012826e+24
-150.736240128, 2581.04566058, -1746.46807574, -4.33404254011e+23
133.332433781, 2600.22426666, 1939.72351132, -6.32128205949e+22
-46.9092987725, -1951.75822256, 3646.10688205, -5.61092805719e+23
-125.253082641, -1575.08352426, 282.01316673, -3.14690212665e+21
256.618066255, -453.357045826, -1379.1724766, -1.00161937931e+21
-804.410250456, -1443.46093008, -748.394776224, -1.23341270595e+21
-1122.45077761, -824.283774496, 2914.38440714, -3.18345184616e+23
1394.86626555, 1058.12809492, -1799.51815079, -2.20953372393e+22
-176.97774124, 995.496953211, 647.428707415, -3.42572290308e+19
2773.04726513, -3818.47011296, -1736.94128753, -4.7255924742e+24
-3335.93297291, -759.679352098, -544.783723059, -9.27882446829e+23
-2862.98881479, -2141.35496479, -2767.89122267, -7.0137851812e+24
-180.199297297, 20.1545654827, 1291.13651056, -3.08637498794e+20
-607.443705784, 640.973030054, 2660.70885234, -1.99956163042e+23
342.308355673, -2635.47871068, -499.783361342, -9.99503372868e+22
-22.8043923751, 1687.77769132, 3628.02796197, -1.66228173192e+24
1520.0742343, 1650.42600207, -818.655411127, -1.20609926451e+22
-263.875384835, -3093.14484441, -2217.99489005, -2.16796843571e+23
818.318527405, -74.256650742, -3688.31647722, -1.80066162915e+24
1241.17393438, 2336.79001684, -584.056271243, -8.74355994696e+22
3253.91679824, 608.367776295, 1646.067423, -2.332280145e+24
721.143661415, -1211.85737974, -944.427900715, -1.25398292615e+21
-574.202705415, -251.101104734, -2401.86847539, -2.62826860402e+22
2056.13371104, -974.674629559, -2858.70908197, -2.37994123386e+24
-2784.13128869, -1167.74776096, 1151.35485088, -1.53884458077e+23
-2001.14938183, -2900.59587429, 570.925904929, -5.39186733831e+23
-3883.87792206, -2956.06117766, 357.070238661, -6.27233678301e+24
-3794.14418756, -2949.73812084, -968.970453017, -1.03256396797e+25
-836.741906766, 3116.83511082, 1006.59389651, -3.24398943334e+23
958.54813667, -1296.62104553, 77.7665422875, -9.95518896871e+20
-3422.87040172, 422.925945141, 640.716825216, -3.30818169647e+23
150.585852369, -215.988919769, 3557.82898053, -4.92893386298e+23
833.025265749, 2290.70045845, 2142.49953439, -7.00784885128e+22
-2177.61494316, -282.566677188, -2257.42130024, -5.76829251136e+23
3134.2364043, -1748.98353393, 1428.93005721, -7.51160510781e+23
2824.21188758, -489.417499936, 1235.54378987, -3.60894553508e+23
435.4415201, 1481.55192053, 612.245374831, -6.84391224496e+20
-278.036921606, -1917.92516286, -336.51447763, -7.65706560317e+21
3634.32596426, -2765.81247901, -3498.97482354, -5.6048450958e+25
2582.02966908, 116.039806546, -37.7714565357, -4.70537361312e+22
778.619164492, 966.123861065, -493.206700894, -1.37513807305e+20
-320.663487591, 1535.48164615, 4144.56656937, -5.08805932838e+24
2408.81692104, 1879.70117066, 1397.34121847, -6.1131539559e+23
114.325092277, 1723.64847498, 1961.62450013, -2.07956963189e+22
1807.16796639, -1050.00718829, 1043.98914557, -1.56116554734e+22
-532.347713975, 54.5477859734, 502.198323648, -5.11337590561e+18
260.957845016, -1340.46427977, 596.159979701, -1.60770775275e+21
-663.06314709, 1100.96325291, 3171.65903522, -9.02923353491e+23
-1204.37701372, -1723.58946843, 623.392417994, -1.02518574178e+22
-2328.7017751, -2683.80413223, -3264.29485164, -6.16621327479e+24
-1554.89261984, -952.588456413, -1855.40897426, -9.14185317465e+22
1591.11984277, -531.014312266, -2097.46560649, -2.04885244116e+23
-1111.56141011, 1177.03993177, -2850.86780638, -1.3117934558e+23
-1074.01594929, -125.051200917, 414.721237885, -6.23742300463e+19
-156.322840424, 3039.44026997, 912.305513937, -2.45368471523e+23
212.040672689, -1867.61358605, 2417.86481689, -9.86308889399e+22
2468.81813539, -1895.28649241, 2893.44476163, -1.88615177687e+24
452.606525039, 512.52429544, -306.202490812, -1.08578493587e+18
2653.35050479, -619.33765195, -2277.75891097, -1.54233806728e+24
-2529.21401203, 1794.21826979, -1220.27824002, -2.06945610891e+23
1576.46258036, -2109.69216546, 2940.74926761, -7.65234517937e+23
-435.949781147, -625.700589702, 3314.51006377, -3.82809179117e+23
-558.517359941, -1658.72267959, -751.84052121, -1.71732612505e+21
-2109.22460435, -920.853232364, 1907.84731735, -1.35839253493e+23
207.52497072, 776.592568759, 329.043883931, -3.74932366672e+18
-135.471384809, 65.2386240803, -701.0084577, -8.90547713195e+17
3999.76479455, -1292.84113492, -804.166137945, -1.31547583463e+24
507.235182043, 2119.17787961, -410.097088621, -3.42617344459e+22
197.933168729, 1070.8106064, -1836.37166529, -3.12986727246e+21
716.501575772, 1167.65755097, -799.790492415, -6.99234266981e+20
-1582.49385933, -3658.61930778, 1697.7479373, -4.32521198801e+24
-2754.68348982, 2518.87859577, 679.746598251, -3.69614019726e+23
-757.661444855, 2176.31782124, 712.906902687, -1.97802836735e+22
-1934.08049913, -1009.59042695, -1382.0601108, -1.1195731313e+23
-120.888204509, -895.316992853, 1910.25003579, -2.89107373816e+21
-1436.13928611, -474.415502725, 1163.90021977, -4.4072696441e+21
-918.492256304, 237.094622818, 1384.95893127, -4.76357608368e+21
-2512.3216754, -2975.43988992, 757.424668804, -9.53774964273e+23
381.770437226, -236.563644788, -1265.62090966, -6.11001162476e+20
2893.97006969, 1591.13185923, 266.750041375, -4.91415195465e+23
2287.69897039, 1855.33595257, -399.759509317, -9.57674680717e+22
386.563146533, 344.746262505, -41.7600151884, -8.93645838551e+16
1549.72173272, 2205.97410261, -14.5680732919, -5.32434623404e+22
2224.23156959, 113.02273784, 3849.72542651, -5.31853288781e+24
606.028702843, 488.714913521, 13.1119768245, -2.96734409423e+18
250.63833799, 1751.01838447, -1964.87710336, -3.8647516216e+22
77.1895365103, 284.782925848, 761.244578607, -4.40359880614e+18
-592.91911786, 1870.47618887, -50.6574951206, -1.14094773846e+22
-178.653265061, -685.542746724, 4022.83856048, -1.36762202864e+24
-305.401383017, -3390.06098026, -327.709069215, -8.54640491082e+23
1944.31024384, -3436.49321579, 1365.64390012, -3.84120062622e+24
-882.240657268, -2040.08495919, 781.222572356, -3.52751665159e+22
-153.776222018, -890.070355745, 2099.89984478, -6.09114733503e+21
290.59844806, -2682.14992809, 283.500244613, -2.0681536276e+23
770.587455744, 2072.73931958, -1487.85758094, -7.05163822564e+22
1552.83849394, 736.508025217, 728.777985662, -8.3465382286e+21
920.518222915, -2194.90622621, 1835.99904613, -2.05502910752e+23
-2502.40412376, -488.199584899, 153.829921293, -4.63469743358e+22
471.320106399, 1963.08586664, -2884.79486877, -2.05653799046e+23
-140.967899117, -118.520290568, -652.814077069, -8.0509806678e+17
1465.35279341, 1249.1478562, -1790.53806599, -2.41599442524e+22
220.100504098, -2927.12512349, 141.795920226, -3.66600501667e+23
-1230.84349492, -2394.56007945, -2101.63131507, -1.50832862242e+23
-1166.34577434, -584.414339875, -252.509134626, -4.24868303003e+20
-3291.85619141, -381.345890024, 1514.18426142, -6.91985293303e+23
872.252289604, 2689.118246, 211.411860076, -1.42293199811e+23
2007.82515195, 408.462901661, 2493.39790212, -6.12512238417e+23
1801.60125581, -643.373657048, -241.725010937, -1.73544017368e+21
-623.674572624, -1991.77377406, 1031.85944082, -3.64790082725e+22
1776.92603022, 2767.82661881, 3662.90566132, -4.6073020059e+24
1879.51869937, -805.214455677, -747.61104655, -1.10610259199e+22
3535.25433984, -1982.39058841, 1676.04669214, -2.13390633217e+24
-1674.30674831, 2276.43173788, -762.584672794, -1.57843310897e+23
2450.76351713, 2263.55671001, 1160.73966171, -6.80866629968e+23
-1271.44770835, -48.953302984, 1960.15127258, -5.55022634178e+22
-657.932329653, -1536.19098745, 1591.90034397, -1.13099669041e+22
-520.60279237, 1008.01228165, 2998.74130368, -5.00570183476e+23
-1068.80726197, -213.962291555, -1771.71221228, -1.329487247e+22
-451.667894341, 3356.42310348, -2617.2088691, -4.44103911755e+24
-123.727704175, -619.736536271, -2816.84166327, -1.22263469273e+23
-1487.27385711, -2086.07462072, -48.7039895613, -3.46513921844e+22
-2635.67780768, 2847.67977431, 3801.02676381, -3.5499437652e+25
-1918.98030034, 910.740270329, 999.222525182, -2.76044482985e+22
-386.48802332, -722.089614042, -926.510798237, -5.76476446771e+19
-2480.82406392, -64.0793232913, -4132.03460615, -1.04682656081e+25
124.972648717, 2143.08400726, 1497.04843028, -1.14288232341e+22
977.49913288, -1732.90806869, -1533.87574147, -3.37955892028e+22
-1213.83795587, -34.3459851999, -543.160303647, -5.6893402953e+20
-2039.07314806, 1760.819262, 2024.43588838, -6.94851906076e+23
174.998788512, 2433.80397358, -3785.20165013, -1.36524322209e+24
2188.59668883, 1112.47455863, -1764.17588776, -1.05224880771e+23
-2004.15630458, -2708.8113013, -4034.69508235, -9.51858700877e+24
933.649271568, 294.13192507, -939.555042084, -3.80430073555e+20
81.0506785183, -444.917282041, -206.398950522, -4.18151483314e+16
992.766300584, -330.583642922, -246.534519467, -2.48784270937e+19
-1755.27314448, 2071.86657729, -1404.25275391, -1.73708072328e+23
-1820.8559136, 294.805168342, -1539.59047702, -5.62512155082e+22
-1012.00826451, 375.986054276, 452.616689235, -9.30164582354e+19
-500.137062521, 601.447575209, 129.709945826, -1.80348274472e+18
902.974763292, 50.0592627545, -1504.82484341, -5.46818732474e+21
2431.17735473, -1902.25918905, 551.151318146, -8.96108265093e+22
1374.07848562, -3072.1091595, 886.812734764, -1.12184039835e+24
-428.001288741, -1117.66909306, -86.1196003004, -1.2994105302e+20
1381.94932277, -1601.48473324, -99.8930384133, -5.32189705026e+21
-2857.10916593, 1031.80583275, 2748.09427538, -5.20792120455e+24
-595.269753855, -2240.50842054, -49.9616254567, -3.58776343421e+22
154.826107817, -3370.51230633, -3003.42598156, -1.3017356726e+24
3599.50388503, 1557.42891763, -2459.99153818, -3.28906736975e+24
1368.2697514, -340.69659507, 2250.57976066, -7.39925807194e+22
-711.792918466, 1769.62373868, -1538.72263271, -3.89881413053e+22
-1404.9817474, -604.267761599, -54.3699635466, -1.01587638301e+21
-3080.94093397, 2030.02419263, 1000.98987817, -5.571718772e+23
324.211873789, 2562.82620669, -587.634038988, -1.69762898823e+23
429.079953857, -1957.69915476, 45.7157940055, -1.49637319501e+22
772.828101258, -380.854595901, 1862.84146777, -5.22234569796e+21
2801.69339428, 2038.82314968, 2204.37051415, -3.42032472273e+24
-906.515086772, 2716.6396734, 572.991672111, -1.40396866752e+23
2590.63083272, -3206.56582425, 2029.54478861, -4.81154327824e+24
-737.509693427, -2331.36423745, -2643.8538965, -1.96820765642e+23
-2497.67930907, -2000.77045874, -991.00619472, -5.30066488447e+23
419.113374432, 569.569642817, -2042.41631208, -8.74097458636e+21
2041.84571204, -2485.30388178, -508.781887454, -1.4539360871e+23
1968.11669672, -1622.74165844, -554.393774823, -1.97966469226e+22
2704.78706263, -272.518013436, 591.399678699, -1.1239163807e+23
-1775.58492328, 2389.58756877, -1867.85104785, -5.64901213721e+23
359.300663489, -93.2487633503, 3210.86062482, -2.05345365094e+23
-151.330229515, 1489.62974277, 1521.7114179, -4.93165077492e+21
763.540539503, 1612.75670227, 492.034297642, -2.04545769246e+21
-3734.74257488, -436.026090188, -302.934147877, -1.39126050016e+24
-2299.24740671, 1213.33168487, -1262.42778731, -9.22571940938e+22
3756.93643144, 299.95590537, -529.924394246, -8.36620682678e+23
2035.93790717, 2836.63516244, -208.521642319, -4.29522390312e+23
-94.7688040506, 48.3061758921, 1435.8101349, -5.76303135739e+20
-48.130847915, 94.2468861178, 920.210233126, -1.80926251838e+19
-2729.07029504, 212.621792317, -1047.96350167, -2.48359683774e+23
-1603.40192574, -826.659430652, 2945.37860958, -6.61841731407e+23
3552.10849321, -1080.50500355, 1218.68810607, -1.28101964598e+24
295.112280899, -3586.05025377, -1432.20747805, -7.68640295597e+23
1311.52311211, 216.439032906, -1645.43376753, -2.05082505508e+22
2068.97120296, -1044.07465898, 443.572197055, -8.83766323297e+21
602.649459035, 316.430068647, -836.507453216, -4.88282951861e+19
-2942.66700152, -1074.12649995, 440.167496215, -2.16261804728e+23
-647.904155214, -877.824418341, 1666.82882953, -2.82654019316e+21
352.576939377, -1401.8695592, -607.857518766, -4.58402388437e+20
819.822990876, -690.375606911, -237.069757015, -1.96559464025e+19
3537.81540857, -1034.92986655, -1341.65166384, -1.27650867283e+24
901.821544555, -373.4816982, 3186.12052933, -2.17264548728e+23
1010.89818471, -69.4216798731, -1410.48952947, -5.65371293338e+21
-590.448626441, -1025.37916383, -1597.05113181, -3.11975967969e+21
1069.91184833, 52.6565241809, 3009.90680864, -2.22430722591e+23
34.5122315461, 161.696746361, -3027.55950594, -1.53067067164e+23
-674.161042767, 2143.56499869, 3878.24823277, -5.53965002583e+24
-1065.41150689, 1228.23589455, -329.378892657, -1.20847579118e+21
-492.999653123, -230.684009963, 2506.0052919, -6.25085971411e+22
