-0.499695049999, -4.01259708135, -4.88089686974, 0.0
-0.499695073453, -4.01259708488, -4.88089688471, 0.0
-0.499695043494, -4.01259706817, -4.88089866933, -8.11806338025e-10
-0.499695067502, -4.01259626757, -4.88089680398, -1.70303628833e-10
-0.499695046832, -4.01259651912, -4.88089682605, -8.16988369648e-11
-0.499695049801, -4.01259708047, -4.88089686832, -1.68454087159e-13
-0.499695073437, -4.01259708484, -4.88089688472, 0.0
-0.499695050694, -4.01259708676, -4.88089687414, 0.0
-0.499695066619, -4.01259710957, -4.88089687151, -1.68454467357e-13
-0.499695673083, -4.01259740901, -4.88089689544, -1.20109196506e-10
-0.499695045444, -4.01259706998, -4.88089586953, -2.57227469e-10
-0.499695073435, -4.01259708484, -4.88089688473, 0.0
-0.499695050312, -4.01259708702, -4.88089687414, 0.0
-0.499695060322, -4.0125971067, -4.88089688677, -1.68454657461e-13
-0.499695143475, -4.01259695086, -4.8808969055, -6.23273984568e-12
-0.499695058617, -4.01259707787, -4.88089687933, 0.0
-0.499695073435, -4.01259708484, -4.88089688471, 0.0
-0.499695050217, -4.01259708701, -4.88089687414, 0.0
-0.499695055929, -4.01259709554, -4.88089687437, 0.0
-0.499694644087, -4.01259713233, -4.8808968873, -4.54821300457e-11
-0.499695058662, -4.01259707772, -4.88089687932, 0.0
-0.499695055634, -4.0125971464, -4.8808969129, -1.34763876007e-12
-0.499694715153, -4.01259688483, -4.8808968261, -4.17759900546e-11
-0.499695061437, -4.01259709483, -4.88089681905, -8.42268010907e-13
-0.499695051884, -4.01259710695, -4.88089687781, -1.68454696502e-13
-0.499695506068, -4.01259708824, -4.88089687452, -4.91884524912e-11
-0.499695071044, -4.01259708228, -4.88089687398, 0.0
-0.499695053422, -4.01259708374, -4.88089684475, -3.36907961338e-13
-0.499695060472, -4.01259709689, -4.88089691492, -3.3691026209e-13
-0.499695066407, -4.01259708878, -4.88089687797, 0.0
-0.499695113511, -4.0125970239, -4.88089686719, -1.51608331923e-12
-0.499694900294, -4.01259709158, -4.88089698649, -9.93873579804e-12
-0.49969508368, -4.01259709025, -4.88089685645, -1.68454313258e-13
-0.49969506374, -4.01259706595, -4.88089686827, -1.68454018905e-13
-0.499695067962, -4.0125970835, -4.88089687871, 0.0
-0.499695067932, -4.01259708174, -4.88089687568, 0.0
-0.499695059859, -4.0125974559, -4.88089687588, -3.48703088116e-11
-0.499695071209, -4.01259708382, -4.88089690522, -1.68455212794e-13
-0.499695066198, -4.01259707069, -4.88089687765, 0.0
-0.499695067963, -4.01259708357, -4.88089687892, 0.0
-0.499695542919, -4.0125971131, -4.88089687955, -5.79481083103e-11
-0.49969506769, -4.01259708831, -4.88089688195, 0.0
-0.499695061096, -4.01259708454, -4.8808968498, -1.6845400059e-13
-0.499695067383, -4.01259709947, -4.88089687378, 0.0
-0.499694891567, -4.01259673154, -4.88089687012, -3.92492589721e-11
-0.499694881733, -4.01259709152, -4.88089704421, -1.5497753792e-11
-0.499695155862, -4.01259708858, -4.88089688184, -2.02146273067e-12
-0.499695059488, -4.01259708602, -4.88089687566, 0.0
-0.49969506681, -4.01259708785, -4.8808968767, 0.0
-0.499695050536, -4.01259708899, -4.88089687512, 0.0
-0.499695059081, -4.01259715931, -4.88089686711, -1.51609188477e-12
-0.499694764765, -4.01259709062, -4.88089680026, -2.44254973339e-11
-0.499695074486, -4.01259719237, -4.88089688017, -3.0321851492e-12
-0.499695066414, -4.01259703318, -4.88089689394, -6.73816887792e-13
-0.499695015142, -4.01259706962, -4.88089687643, -6.73815241759e-13
-0.499695081387, -4.0125970785, -4.88089689472, -1.68454881233e-13
-0.49969507326, -4.01259708368, -4.88089684767, -1.68453982841e-13
-0.499695077064, -4.01259709699, -4.88089688023, 0.0
-0.499695060336, -4.01259707399, -4.8808968031, -1.51607430422e-12
-0.49969507161, -4.012597087, -4.88089686205, 0.0
-0.499695068126, -4.01259708296, -4.8808968572, -1.68454083739e-13
-0.49969507074, -4.01259709678, -4.88089687682, 0.0
-0.499695093371, -4.01259708496, -4.88089686985, -1.68454726251e-13
-0.499695070207, -4.0125970586, -4.88089686704, -1.68453746666e-13
-0.499695072462, -4.01259708747, -4.88089686702, 0.0
-0.499695072734, -4.01259708786, -4.88089686883, 0.0
-0.499695041571, -4.01259709057, -4.88089686265, -1.68454220703e-13
-0.49969505208, -4.01259708365, -4.88089687625, 0.0
-0.49969511104, -4.01259697869, -4.88089687607, -3.36905717211e-12
-0.499695510561, -4.0125970719, -4.88089686072, -5.01991221825e-11
-0.926751714847, 1.65508331904, -4.99998038982, -810.487053831
-0.499695077936, -4.0125970809, -4.88089690863, -3.3691020445e-13
-0.499695055213, -4.01259705506, -4.88089711799, -1.48238359939e-11
-0.499695679941, -4.01259574275, -4.88089684512, -5.51181132349e-10
-1.27604852177, -4.90031686944, -4.94769974755, -136.46458546
-0.499695061676, -4.012599972, -4.88089687427, -2.10816068989e-09
-0.499695068642, -4.01259710754, -4.88089691256, -5.05365557597e-13
-0.499695055788, -4.01259709337, -4.88089689658, -1.6845499549e-13
-0.499708876564, -4.01259264524, -4.88084132249, -8.33612966697e-07
-0.499695079399, -4.01259707758, -4.88089687744, 0.0
-0.499695061197, -4.01259709526, -4.88089688941, 0.0
-0.499695158394, -4.01259712524, -4.88089687961, -2.52682365214e-12
-0.499695061488, -4.01259708883, -4.88089681211, -1.17917353994e-12
-0.499695767583, -4.01259706181, -4.88089636284, -1.91868869318e-10
-0.499693949531, -4.01259710243, -4.88089687029, -3.15007121052e-10
-0.49969443895, -4.01259711812, -4.88089689473, -9.95550980854e-11
-0.499695044138, -4.01259708472, -4.88089688295, -1.68454478749e-13
-0.499695080852, -4.01259707369, -4.8808968588, -1.68454234398e-13
-0.499695070728, -4.01259709875, -4.88089688312, 0.0
-0.499695075471, -4.01259705991, -4.88089687507, -1.68454130833e-13
-0.49969505214, -4.01259708001, -4.88089686853, 0.0
-0.49969515655, -4.01259708051, -4.8808968814, -2.18991561196e-12
-0.499695018698, -4.01259709406, -4.88089686353, -6.73817483949e-13
-0.499695058218, -4.01259698919, -4.88089687781, -2.35834433761e-12
-0.499695084074, -4.01259710295, -4.88089687814, -1.68454800747e-13
-0.499695036274, -4.01259703531, -4.88089689022, -8.42268261181e-13
-0.499695065273, -4.0125970486, -4.88089687217, -3.36907757674e-13
-0.499695090925, -4.01259708373, -4.88089681481, -1.17917586734e-12
-0.499695138414, -4.01259711282, -4.88089707184, -1.11179808448e-11
-0.499695077755, -4.01259709232, -4.88089688508, 0.0
-0.499695069003, -4.0125970763, -4.88089687248, 0.0
-0.499695068069, -4.01259707102, -4.88089687418, 0.0
-0.499695059436, -4.01259708023, -4.88089690133, -1.68454814784e-13
-0.499695071657, -4.01259703482, -4.88089689212, -6.73816999479e-13
-0.499695077303, -4.01259710055, -4.88089688632, -1.68454797559e-13
-0.499695060781, -4.01259686825, -4.88089688412, -1.17916642567e-11
-0.499695076025, -4.01259591712, -4.88089687118, -3.44817606723e-10
-0.499695054244, -4.01259707999, -4.8808968957, -1.68454812806e-13
-0.499695068454, -4.01259708387, -4.88089688102, 0.0
-0.499695135454, -4.01259709933, -4.8808968869, -1.34763772892e-12
-0.499695070633, -4.01259708123, -4.88089686243, 0.0
-0.49969507191, -4.01259704916, -4.8808968677, -3.36907727243e-13
-0.499695063037, -4.01259708934, -4.88089697278, -2.35836674433e-12
-0.499695068588, -4.0125970713, -4.88089688069, 0.0
-0.499695063682, -4.01259709275, -4.88089688639, 0.0
-0.499695068143, -4.01259708291, -4.88089686231, 0.0
-0.499695063944, -4.01259708921, -4.88089687608, 0.0
-0.499695045241, -4.01259672539, -4.88089688095, -3.28481779375e-11
-0.49969506858, -4.0125970673, -4.88089688069, 0.0
-0.499695877355, -4.01259712473, -4.88089688576, -1.67109188885e-10
-0.499694710305, -4.01259708553, -4.88089443727, -1.53832578713e-09
-0.499694440531, -4.01259713126, -4.88089677267, -1.02082480004e-10
-0.499695077921, -4.0125970945, -4.88089688298, 0.0
-0.499695068582, -4.0125970673, -4.88089688069, 0.0
-0.499695065341, -4.01259708779, -4.8808968915, 0.0
-0.499695082941, -4.01259708997, -4.88089687691, -1.68455164757e-13
-0.499695063829, -4.01259708266, -4.88089686625, 0.0
-0.499695050512, -4.01259709716, -4.88089688241, -1.68454511994e-13
-0.497901599938, -4.01259709783, -4.8808968733, -0.000814359857243
-0.499695064178, -4.01259705093, -4.88089688701, -3.36908126589e-13
-0.499695079958, -4.01259708991, -4.8808968767, 0.0
-0.499695059033, -4.01259708292, -4.88089760703, -1.34428156688e-10
-0.499695062107, -4.01259709245, -4.88089702356, -5.39051106277e-12
-0.499695052788, -4.01259708146, -4.88089692269, -5.05365243935e-13
-0.499695063709, -4.01259729752, -4.88089695937, -1.31395303573e-11
-0.499695077112, -4.01259708589, -4.88089695264, -1.51609408932e-12
-0.499695058016, -4.012597083, -4.88089686221, 0.0
-0.499695059671, -4.01259707604, -4.88089687026, 0.0
-0.499695061509, -4.01259707765, -4.8808968793, 0.0
-0.499695064867, -4.01259708494, -4.88089687953, 0.0
-0.499695072463, -4.01259705643, -4.88089694886, -1.51609105247e-12
-0.49969505771, -4.01259708239, -4.88089686306, 0.0
-0.499695059816, -4.01259707848, -4.88089685337, -1.68453861987e-13
-0.499695137835, -4.01259689508, -4.88089685407, -1.06125107492e-11
-0.499695043072, -4.01259735307, -4.88089686913, -1.8361612894e-11
-0.499695055304, -4.01259708057, -4.88089686138, -1.68453936211e-13
-0.499695070819, -4.01259716664, -4.88089694373, -2.8637310419e-12
-0.499695068804, -4.01259707056, -4.88089690211, -1.68454843469e-13
-0.499695084516, -4.01259674716, -4.88089687763, -2.8973668965e-11
-0.499695058825, -4.01259708183, -4.88089687326, 0.0
-0.499695072672, -4.01259707278, -4.88089686542, -1.68454183521e-13
-0.499695071842, -4.01259709779, -4.88089690023, -1.68455096986e-13
-0.499695019555, -4.01259563365, -4.88089682794, -5.33654885083e-10
-0.499695078347, -4.01259708686, -4.88089686718, 0.0
-0.499695064182, -4.01259708119, -4.88089687779, 0.0
-0.499695071029, -4.01259708108, -4.88089686917, 0.0
-0.499695081137, -4.01259709024, -4.88089305259, -3.70062405526e-09
-0.499695181762, -4.01259706362, -4.88089686131, -3.53754621957e-12
-0.499695069101, -4.01259707447, -4.8808969226, -5.05364921369e-13
-0.499695064387, -4.01259708149, -4.88089688442, 0.0
-0.499695067588, -4.01259709345, -4.88089686836, 0.0
-0.499695076782, -4.01259706679, -4.8808968951, -1.68454643678e-13
-0.499695023188, -4.01259704318, -4.88089667708, -1.11178158838e-11
-0.499695069399, -4.01259707516, -4.88089689, 0.0
-0.499695067591, -4.01259705096, -4.88089612118, -1.45038312453e-10
-0.499695163288, -4.01259708806, -4.88089685923, -2.52682659159e-12
-0.499695057481, -4.01259707162, -4.88089687966, 0.0
-0.499695075118, -4.01259707645, -4.88089689303, -1.68454807076e-13
-0.4996950694, -4.01259707511, -4.88089689, 0.0
-0.499695067382, -4.01259711152, -4.88089687858, -1.68454419941e-13
-0.499695063769, -4.01259708281, -4.88089687195, 0.0
-0.499695060404, -4.01259708132, -4.88089686467, 0.0
-0.499695086931, -4.01259703941, -4.8808969127, -1.0107258137e-12
-0.499695059802, -4.01259703738, -4.88089681887, -1.51607539127e-12
-0.499695067478, -4.01259709809, -4.88089687858, 0.0
-0.499695095415, -4.01259709104, -4.88089687513, -1.68454942517e-13
-0.499695049079, -4.01259708388, -4.88089613934, -1.37963386431e-10
-0.499695061356, -4.01259708001, -4.88089684143, -3.36907984169e-13
-0.499695043104, -4.01259692914, -4.88089671399, -1.29708140582e-11
-0.499695074133, -4.01259694742, -4.88089670681, -1.2128572599e-11
-0.499695051286, -4.01259708423, -4.88089688371, 0.0
-0.499695074651, -4.01259709594, -4.88089689105, -1.68455038689e-13
-0.499695072702, -4.01259702593, -4.8808968889, -8.42271174174e-13
-0.499695068408, -4.01259707712, -4.88089689235, 0.0
-0.49969515004, -4.01259705906, -4.88089683544, -2.35836387256e-12
-0.49969505171, -4.01259708099, -4.88089688357, 0.0
-0.499695067201, -4.01259709124, -4.88089689103, 0.0
-0.499695070941, -4.01259710304, -4.88089687954, -1.68454505124e-13
-0.499695030436, -4.01259709889, -4.8808968939, -5.0536291003e-13
-0.499695078131, -4.01259709243, -4.88089687844, 0.0
-0.499695051436, -4.01259705903, -4.88089800531, -3.21583678308e-10
-0.499695067201, -4.01259708921, -4.88089689104, 0.0
-0.499695070247, -4.01259710116, -4.88089687958, 0.0
-0.499695059737, -4.01259706839, -4.8808968891, -1.68454375772e-13
-0.499695096478, -4.01259710032, -4.8808972988, -4.51454092938e-11
-0.499695065479, -4.01259713029, -4.88089702079, -5.72745229479e-12
-0.499696637331, -4.01259708443, -4.88089688435, -6.24976038138e-10
-0.499695070252, -4.01259710117, -4.8808968793, 0.0
-0.499695057881, -4.01259708141, -4.88089685437, -1.68453878016e-13
-0.499694941553, -4.01259708093, -4.88089687625, -3.87440571418e-12
-2811.93345636, -2447.89393818, 3004.3192392, -2.42777744723e+24
-3885.16111401, 5572.09719972, 1524.72141009, -6.94281524392e+25
5140.68921282, -1151.03303522, -3795.67591181, -1.67045781653e+26
1920.16035965, -5790.67524199, -1102.11338785, -6.15821128487e+25
598.881723916, 142.158701663, 1005.81694356, -1.40851825568e+20
-3687.97275463, -1892.94760993, -2324.5480142, -1.48401918865e+25
-571.442229163, -228.861041099, 6765.5000252, -1.28390311834e+26
-800.360151103, 6529.37976473, 168.76746859, -1.99055575412e+26
6520.4752253, 2430.83953096, -927.513729933, -1.2951058012e+26
2512.08241183, -4141.41494142, 3551.97076376, -4.30820548059e+25
-338.651218451, -1628.02671818, 3328.62953626, -2.75411443916e+23
1043.34687065, -2309.51773957, 4962.868295, -5.81955314173e+24
2321.07573242, -902.245751861, 4324.37867004, -8.79724966197e+24
5250.63877285, 1538.63696389, 333.565831425, -2.99067086681e+25
-4206.98152922, -4233.63751481, 1153.47351632, -2.55465910228e+25
2562.60694441, -3545.72125508, 5027.56648104, -4.88929972018e+25
6601.88092224, -955.350330386, 2888.88284642, -3.33437896147e+26
817.413120835, 3377.54137546, 3407.01809934, -1.80133061895e+24
-7973.93241878, 2084.50501455, -2228.62089347, -6.51695403348e+26
4202.36535526, -2248.18455927, 245.022231835, -1.58369359235e+24
-3527.0755436, -2038.17614976, 673.531622422, -1.48257040502e+24
85.5685832808, 1503.53705751, -2653.44532935, -5.10948843408e+22
-3080.76250082, -864.028155095, 2622.31634032, -2.58899632751e+24
-4543.47141107, 3388.37288278, 4153.92988865, -2.66237608201e+26
3680.99093519, -3630.84003459, 6501.39774146, -2.93118914113e+26
2859.55307891, -4805.94414596, 6604.62741982, -3.92961482487e+26
5052.08611388, -348.662243106, -3288.99942362, -7.49758692986e+25
3113.35584142, -224.701112574, -4264.75761371, -4.1689100856e+25
2114.91370956, -1160.1727016, 514.770543984, -1.2664850077e+22
-5634.72678104, -1661.52359075, -61.1507638323, -4.60231969024e+25
1644.01180052, -63.1040585244, -715.974245815, -2.78548346043e+21
-1352.46400657, 2064.91524239, 3717.08388009, -7.59290222272e+24
-3467.83971645, -226.355119858, -482.500078657, -8.34772162339e+23
699.563627399, -2434.64710548, -712.567177827, -4.75489812763e+22
-45.8056294276, -2926.78301006, 502.286881194, -4.50235942236e+23
-1465.52761403, -2876.3214225, -1925.32697, -3.25447981888e+23
-250.661465021, 6658.6256372, 351.590403006, -2.1336314578e+26
-1172.33615453, -1226.00586152, 2853.71836533, -2.41719213591e+23
-387.957542539, -2871.96729093, -5127.913378, -2.49065200171e+25
-3114.72691172, 6261.63571939, 1980.61469881, -1.15948505489e+26
3216.52614771, 114.838817569, -2536.05477726, -3.63095400957e+24
-3221.42354193, 4307.34596103, 3279.59160115, -5.05440106206e+25
3456.77089567, -865.478249052, -2673.03356948, -8.61982367472e+24
592.822170279, -5396.95082012, 6004.47467926, -3.45387819745e+26
710.103388317, -2404.59184777, 264.514815252, -9.7312375526e+22
-2629.08828688, -7346.38587112, -987.194490663, -4.06631968319e+26
-1812.09993213, 1438.06642608, -216.874467655, -7.12728069681e+21
412.906703492, -397.96205149, 2908.61201693, -7.62905293925e+22
-5808.12688665, 3651.25434079, -3461.14508502, -2.03626718403e+26
381.126181761, 3984.86044476, 6673.86063316, -2.30156932474e+26
2373.62534039, -1219.74974602, -2675.66023292, -2.83234119082e+24
-2615.19317806, 7720.56292028, 4679.37554105, -5.97325234857e+26
3677.55368155, 2734.83207052, -7237.74098301, -6.53530172952e+26
-108.606286708, -6618.16930408, 3572.88272384, -6.08251750307e+26
2280.02768566, -2306.75105843, 6538.53453122, -7.82090611179e+25
2.34240356561, -163.819726282, 5052.37388751, -9.52058460845e+24
5374.81146555, -1884.75181993, -824.613499459, -1.15756865134e+25
-3020.66545634, 1824.21388961, 376.352281102, -1.61131243543e+23
5538.97612613, 6823.65432696, -1293.66728086, -6.49619241577e+26
3486.00984363, 1345.21404712, 2225.35574227, -8.26514823373e+24
-1730.00577555, -170.052544212, 2362.56756217, -3.15992603486e+23
61.303693177, 2607.67451771, -3508.48701342, -1.4854307754e+24
5495.80216681, 7764.13199639, 6043.85171436, -3.72259253317e+27
3200.09429978, -2055.46476776, 1292.04966546, -8.2865817565e+23
-3406.92549147, 3959.28892024, 2077.14077358, -1.32513960077e+25
4092.92284943, -2038.72066139, 2239.77483945, -9.1053071542e+24
-2740.96347882, -998.611548297, -589.772213941, -2.98549885108e+23
3823.85267986, -1319.20089987, 101.48159751, -6.22512505441e+23
6363.56774485, -453.403188918, 3220.54392312, -3.60640979696e+26
3571.7173779, 342.210927139, 7050.56073045, -4.61029414358e+26
2051.77677987, 245.953131113, 1431.21468206, -1.08618026301e+23
-2000.13230044, 2778.75113083, -2396.91673684, -2.13800202927e+24
-6994.78000396, 4693.96615086, -7350.25261086, -4.89880476665e+27
-7047.00383198, 2815.13612305, -1032.10783279, -1.173591271e+26
1590.67004577, 803.014625734, 751.152549012, -1.06978540324e+22
-1277.37881512, -3692.73472846, 4827.28847904, -2.2414314545e+25
-443.896961462, 6623.58003005, 2695.95024434, -1.02677626155e+26
-882.877558149, 2784.17117316, -2711.48748037, -1.6162388128e+24
2215.36908481, 2151.18966284, -5632.34885531, -5.44340941251e+25
-1212.64351335, -1403.53324659, -1463.19116003, -2.04251995311e+22
4141.5896546, 5648.02488296, 1571.48629822, -1.15722354835e+26
1601.77897727, 3331.14813916, -6381.27108541, -7.92664704919e+25
-4138.85341242, -5153.21003932, -5768.76451423, -6.47842413453e+26
-2772.07740499, -6106.59560735, 4756.7323829, -4.42174746586e+26
1455.82158736, 3340.32086093, 6134.92146125, -9.39256891385e+25
-5310.42270513, 1731.80502245, -6449.97384826, -9.76344849659e+26
-699.081419419, 3220.26090242, -2524.57689734, -3.40456935661e+24
3241.36266091, 250.758183992, -560.95319368, -2.54941213063e+23
5145.05919321, -1709.65023606, 2668.18702798, -5.31508326081e+25
5817.83406257, 3591.6332929, 2908.65605245, -4.42924032344e+26
5175.32097374, -3309.45735171, -2835.78880314, -1.14651689526e+26
-4461.12467034, 6251.86723936, 499.60073074, -2.21792800391e+26
2576.87622377, -2819.26048103, -3882.58933, -3.70918743613e+25
7501.18015596, -4859.60463961, -33.643541048, -2.28042284909e+26
-4029.18130309, 1594.33975149, 3741.82958689, -7.30150187313e+25
6454.80483569, 2389.71398963, -5300.24426729, -7.44990041926e+26
-7468.15187303, 1462.24796722, 5921.93272992, -4.19531600465e+27
3226.33542725, -151.459646438, 6776.58931683, -2.65121743949e+26
-806.288923708, 3247.2932531, -4660.56512363, -1.21179535266e+25
2229.72449451, 1871.1616885, 5321.60478147, -4.1895602738e+25
-5069.64724667, -237.297161427, -1974.69542801, -4.30447739271e+25
-5510.69963866, -4017.20573122, -2006.78456623, -2.40066101817e+26
6346.65161325, 3142.24875595, 5007.16961385, -1.84448724989e+27
-2692.4756682, 2487.14052658, 5281.30741609, -1.85619294958e+26
-566.179696784, -2584.61185533, 101.097176752, -1.2558822415e+23
-1014.25738211, -2447.61911651, -2072.98084459, -9.80764113961e+22
-3494.60735777, 4222.11138724, 6106.56931323, -9.84616608433e+26
4368.243008, 5533.84385735, -7902.9895038, -1.45165973649e+27
-5903.34698341, -1468.24748876, 116.4641256, -5.54872373478e+25
7368.37377468, 725.213807174, -155.018280914, -2.29546030863e+26
-2334.29154931, -2698.08734864, 1292.74263663, -5.39355043228e+23
-4095.56153429, 1778.40890873, 939.737505134, -2.09751193858e+24
-2741.29374558, 3064.43821255, 978.763225067, -1.0315644477e+24
292.635474842, 7102.13007817, -4143.06293013, -1.14800024964e+27
6680.37483245, -2038.79770653, -3375.16759977, -4.33492409981e+26
313.947832397, -50.7629292179, 176.006138956, -1.42310068533e+16
1593.73737202, -2399.18747134, 4644.39600089, -6.49949650916e+24
-341.157920259, -677.416080046, 1735.73156426, -2.05143766625e+21
251.230096935, 959.199185302, -5115.00687069, -8.97207317283e+24
4314.54873905, 2086.23982158, -5918.87520155, -3.29359232621e+26
-1315.92793083, -6169.82884238, 185.480658894, -1.30417572311e+26
3064.97482708, -287.115405199, 953.628548007, -4.53040655871e+23
5017.71085654, -5799.72711306, 694.218970138, -2.17654463955e+26
-2344.32306286, -874.863290958, -1536.93852869, -3.61420959274e+23
3485.75153668, 1251.61463811, 688.224155028, -1.91108534445e+24
-544.516195774, 61.3285394027, -2560.60950786, -3.41520238839e+22
-6268.67142069, -3572.34289744, -5515.10849709, -2.39887754056e+27
-2571.95956767, 2966.66719248, 7278.90908217, -1.26925643123e+27
-7103.41033492, 1277.23439413, -2627.42264733, -4.29035570666e+26
871.759485789, 2055.15044031, -2085.51722067, -1.11694750684e+23
2636.79102935, -5652.86532421, 1605.59259406, -1.49311641042e+26
33.2883308249, -470.796463188, -1496.09271139, -1.08071180782e+21
-5188.05858747, 2334.74643546, 400.061608061, -7.4428421711e+24
-1695.04851327, -1259.13660126, 2747.63572483, -3.97055380201e+23
7046.31730738, -2574.04882238, -4643.17613865, -1.66360062657e+27
-4300.75645234, 5682.96847978, 2243.37721886, -1.07846146403e+26
6220.89019794, -7559.6105553, 2025.44377807, -2.27791412107e+27
6331.33316186, 2662.17749685, -3758.37848684, -2.0016662406e+26
194.141522203, 4491.78096257, 6862.2846902, -3.38565380403e+26
5999.75829374, 3318.07913763, -272.153159468, -1.25178724529e+26
16.9713400201, 1445.97576142, 2991.30204262, -3.55032370805e+23
-3306.33970048, 1669.33676321, 4619.56505911, -1.12324479787e+26
1898.94575477, -1630.43623956, 450.528199996, -1.95346682279e+22
-6192.61001456, 2026.10991235, -3947.43516803, -3.90588304963e+26
7544.30855159, 4689.31971779, -5933.53966531, -1.80111606025e+27
2476.97405408, 1524.68586123, -1147.29709056, -8.86557302088e+22
-1743.01019453, 396.675742656, 5458.41260611, -6.64645201939e+25
-590.573369592, 404.619151514, 826.312371457, -1.38228427784e+20
667.181005887, -1227.21140181, -1174.62228069, -2.87295745513e+21
-88.8265977199, 5560.5298759, 1838.89545183, -2.86711568809e+25
-853.879627016, 927.258382776, 1896.43721795, -4.29153374501e+22
-4183.44205767, 2389.13629055, 5611.09635063, -6.38755753682e+26
4715.72014017, 2413.35639962, -5133.58356937, -1.89556713343e+26
-5850.08968429, -1229.97535563, 348.679066114, -4.30048042094e+25
-2929.74007764, 2731.2016836, -7194.57138937, -2.31789194981e+26
3022.59279128, 4296.14633087, -1006.64227644, -1.32768408898e+25
3221.41734094, 17.6454575193, 977.805287358, -7.65278559145e+23
-290.008746008, -2542.90650045, -2098.82960358, -6.7944428389e+22
3076.8650494, 1929.47240049, -5787.30175772, -1.28234708676e+26
4180.09860339, -2924.97807108, 333.617912506, -3.02787653539e+24
1964.74380805, -422.848272315, 1313.41278619, -4.9714346598e+22
2697.94107677, 580.482261576, 4724.75732423, -2.86530308159e+25
4375.68083943, 60.2195341852, -4485.43682711, -1.36863708488e+26
768.528666057, 4353.91405139, -2882.34229307, -2.51014157043e+25
737.976346901, -5323.84842064, -1091.30129895, -2.70299646845e+25
1359.23719812, 5038.48023327, -1898.32139905, -4.83132691493e+25
-2651.61797138, -2904.45594981, -226.970726226, -1.07053892081e+24
441.890788595, 2331.00834284, 130.845412097, -4.62341914241e+22
-4416.44307433, -519.655436105, 2044.49157983, -7.36966076032e+24
-1710.61662308, -1093.38360756, -2088.82586655, -2.16978616566e+23
-57.480212652, -2008.71812826, 2849.99966519, -2.13589940757e+23
-1763.72116156, 3365.28022137, 2665.13801062, -3.66935319579e+24
-1208.46439089, -4591.29481096, -2825.93170152, -4.89007692603e+24
1026.02770466, 1324.74082262, 3304.66261806, -6.36560754552e+23
-183.89302096, -7946.82919904, -3734.01584475, -3.86750600047e+26
6305.89264201, -4030.10353913, 2896.34192248, -2.33227919963e+26
-570.242936897, -6093.77228384, 105.482270466, -1.16341180507e+26
-175.953018088, -4894.29360019, 2093.97284176, -4.40971168015e+25
5332.84246252, 6677.52930966, -7342.16045228, -2.28414038414e+27
-2898.78398222, 964.963453947, -2266.78073601, -1.6113812442e+24
3856.73848664, -5668.58449141, 2625.57299153, -2.74808600692e+26
4232.51894207, 5422.48801549, 3065.74476702, -1.75704973259e+26
626.794974792, -1219.02769496, -1244.75256368, -3.40783232154e+21
-2697.90284717, -5612.63689437, -634.102321538, -5.45530600852e+25
164.887555568, 5305.20609269, -674.28227009, -4.82627031798e+25
-161.800718329, 3879.59703466, -6716.38782547, -8.97762993094e+25
-2208.11300167, 522.071548713, -206.641964198, -1.06991035688e+22
-1296.34396553, 2758.99771634, -7772.12692634, -1.57273972879e+26
3682.67101878, 2194.81330906, -3484.70567257, -1.23952009756e+25
1033.56309956, -4159.72552143, 2462.77801726, -1.89861837171e+25
722.035934812, 4914.14462923, 4924.31106218, -3.54488357426e+25
6996.39548327, 1395.93108181, -4341.50996414, -6.1211876709e+26
-504.894661198, -1000.55087785, -764.918426298, -8.96033934309e+19
6229.81712517, 2274.79000134, -2444.38944467, -8.83884459036e+25
-18.0819299824, 5183.08738214, 88.5743062369, -3.05687435191e+25
4289.08139723, 1598.47838085, 2177.3174059, -2.76054192068e+25
-9.36664887089, 444.427375267, 2331.7281553, -3.01294103411e+22
-2778.30643927, -263.580543389, 1137.37976062, -1.41501549662e+23
1026.3980864, 7314.37941147, -2104.24563963, -8.27581141645e+26
-3053.92242128, 8201.74641586, 1805.98871094, -9.81658155956e+26
4484.05873133, -2987.39758963, -3055.11600275, -7.4403895399e+25
654.891876647, 3838.44915331, -1465.31751936, -5.61453351822e+24
-2326.33528679, 119.169666146, -4306.45424781, -1.00335423454e+25
1163.8122677, 320.525524217, -2538.19773957, -1.79579761327e+23
-1257.78787641, -1984.88819553, -6404.17620879, -8.78225397082e+25
4133.84788598, 1078.67475225, -5592.56595533, -2.70801346576e+26
4495.09559203, 4272.73792899, 4391.14290482, -3.26135984533e+26
-913.787349114, 5465.77030441, 581.495953969, -4.16350608232e+25
-4382.5882219, 4427.45451117, 1368.42246014, -2.60216205473e+25
1697.64295088, 5906.51159917, 303.59828587, -7.99854397641e+25
-2429.68408961, 3933.01515776, -2792.83239646, -2.20492127287e+25
3924.38352564, -3044.38590127, 2011.72917149, -9.54953006557e+24
-1313.63203236, -4392.69478702, -3091.29349118, -4.22256308167e+24
2872.46731978, 638.972193756, -2037.43846545, -7.69165530505e+23
-553.791514771, -2292.60435697, -5384.35596808, -2.79655638006e+25
1980.6206228, -5018.19497234, 3884.86489138, -1.34338820838e+26
2452.82166624, 4416.13326373, -4919.30879633, -6.62491144168e+25
-2305.19362701, -990.41793039, 108.51599863, -4.36753859609e+22
3425.76356123, -407.831206746, 2125.31926002, -3.82923496238e+24
-5656.84797237, 253.287578029, -3239.9616392, -1.8947802356e+26
4510.90224456, -7754.18517118, 3465.72294367, -2.900284895e+27
-3982.96813294, 6553.99691663, 7903.45859765, -7.4118871695e+27
2980.31258071, 723.728425275, -1272.70458662, -2.56457259443e+23
-4727.2907579, -5095.21588252, 1353.0952523, -8.99892749203e+25
5522.0126027, 7121.67521182, -3751.66444945, -1.1750322612e+27
-2651.64123901, 1811.31883658, -2052.34528095, -8.10450754959e+23
1246.10279444, 2562.07718049, 3739.9734647, -2.69218002585e+24
3293.80127389, -4450.12440734, 3071.03638474, -6.69447976937e+25
1230.31818997, -4167.55022013, 3633.83652715, -3.30179741037e+25
5655.5564661, -735.362274339, 238.745124775, -2.02379402951e+25
-290.295711346, -5172.34405431, 7512.10913168, -4.43542626422e+26
14.7292828704, 867.706121709, -589.906658861, -6.91352321316e+19
612.11643506, -837.058581915, -142.603268245, -2.01693637225e+19
2216.40460273, 6834.13133314, 2086.48761956, -1.68879263501e+26
-6717.07523073, 3358.6617557, -1389.3608487, -1.05720732049e+26
-3797.69241328, -1378.29415667, 431.928562624, -1.75843308421e+24
-4266.78652066, -2374.91716405, 5934.54763088, -3.03852779713e+26
5127.05567953, 2635.03015796, -6789.27701332, -1.04331631467e+27
-6373.54386793, 6046.42668665, -1928.74592715, -6.22398405341e+26
-2992.04549621, 875.742800744, 2961.40054487, -7.89888495626e+24
-584.778190711, -4429.10072527, 4079.09183351, -4.52559995712e+25
2657.40290009, 548.435068459, 3704.59721783, -9.16634833453e+24
3186.18251588, -160.792469469, -2754.127199, -5.47992944166e+24
-5748.63497794, -986.705650919, 4194.19449456, -2.33119504359e+26
156.705176041, 7733.34082597, -2349.83878674, -1.37741093905e+27
1040.94019259, 3327.77404875, 6149.23534931, -9.29845669704e+25
-2390.33172137, 1318.86674861, 3093.96021344, -5.98168336726e+24
-1912.71092813, 802.47104997, -2296.58933617, -2.53493668388e+23
-3315.23665821, -500.80214664, -276.154327804, -5.8248519229e+23
256.214735705, -3216.67458858, -1286.3731511, -3.21351113486e+23
-3556.34824943, -573.058771538, 5017.53665066, -1.13036963602e+26
-1918.52360608, -3529.13236814, 2276.14570748, -4.44176887911e+24
5868.59592395, -2994.99134301, 3556.431261, -2.09385998494e+26
2948.09007476, 5371.5987295, 5213.22793622, -1.6451609444e+26
254.439363137, 1086.82605899, -765.343591835, -4.03420596221e+20
-4218.15453392, -526.064178939, 226.51583505, -2.61123644199e+24
-623.33888766, -64.5502644226, -6681.42202568, -7.70513681724e+25
-1537.05193163, 2206.34290544, 2919.777753, -2.51585182782e+24
-4420.38128566, 7042.97716661, -2941.13970203, -1.34804043545e+27
-2819.81897577, -674.480480039, 830.272055657, -1.14741282012e+23
-4825.11825129, -4619.17425758, 2241.92977569, -6.27654211025e+25
5402.18976276, 1262.94460967, -1435.28169896, -2.01277664912e+25
-6006.61304835, -7380.79562467, 2024.13645999, -1.28507197556e+27
6232.312953, -6007.55774126, -3188.80753592, -7.3607136849e+26
-3025.1502239, -2109.43114248, -2048.77158528, -4.44146217511e+24
328.879808412, -17.3703678789, 899.504807718, -1.44795766093e+19
4609.74682714, 2024.84043309, -400.053279054, -1.05178902349e+25
-1128.33274821, -2644.383606, -4940.73559473, -1.60149734643e+25
-3328.71146138, -865.429615188, 3336.39490615, -1.0335798096e+25
-2089.36539591, -3554.07326861, 5179.47321726, -3.25745916034e+25
-1969.47402264, -1007.70735903, -1396.86963183, -1.2574911769e+23
-3498.2973468, 1876.77618517, 1231.19208952, -1.42494853394e+24
3837.53411621, 1193.92063041, 636.394499153, -3.40136553146e+24
-3730.84542543, -3024.09570277, -1638.5357761, -1.48129914753e+25
-854.065892431, 302.877995649, -1119.11890675, -5.88744301596e+20
2882.22500885, -4091.48192981, -230.728485226, -7.59706416595e+24
-1232.22990398, -478.950931353, -1351.24924628, -8.95399360601e+21
4158.18988674, 2279.94537444, -27.6151243614, -7.13065670355e+24
1781.24042207, -3889.63335927, -4545.1933692, -6.34667917979e+25
-5385.86182808, 6809.8359589, 2283.64213581, -4.57989911237e+26
-2088.9693288, 2130.08337363, -1349.96314682, -2.52583856924e+23
961.678260328, -3687.02866901, 4204.74045247, -1.93092176365e+25
-1717.47203175, 3541.52039183, 1728.51089465, -1.29835432627e+24
3079.89314537, 1047.55721648, -7400.6012493, -7.76570330575e+26
-710.362121172, 4490.35225686, 2048.17693921, -4.56795669888e+24
814.081567579, 265.418190126, 2476.99393005, -4.63968319749e+22
-5362.97939646, 3067.6220056, -2390.96382683, -5.39867329996e+25
-2656.41965427, 705.853426639, 429.221734415, -4.01187244858e+22
5350.67555613, 5427.72125468, 1382.90446028, -2.82471735235e+26
6523.30327392, 3531.65530172, -97.8649579007, -2.52764996062e+26
7146.97118606, -1688.25162584, -3749.60843489, -7.53175399749e+26
2323.55112714, -3698.74450747, -626.712338525, -2.50840418222e+24
-5026.53964931, 6731.5257366, -5332.94410215, -2.28949931784e+27
1566.42682038, -1746.70890581, 1352.21403857, -5.82381221452e+22
-4273.80467187, -555.459386868, -1004.64115048, -7.07414207861e+24
-2314.2817826, -2467.6997963, -2485.73106136, -2.34544002393e+24
-2512.08396517, 1884.88987914, 4364.40474317, -4.81540390667e+25
1451.0158385, -1749.63058553, 771.227242994, -2.64257492945e+22
416.772346369, 4405.62310497, 338.934610582, -7.2586598443e+24
2462.85472904, -244.190793808, -6561.13770922, -3.36535233835e+26
-4728.4983271, 4751.84818891, 2257.61262487, -7.72393936647e+25
636.450218241, -1308.11550285, 60.4223861217, -7.69312641269e+20
-1285.5628548, -1584.18526232, 1363.51365224, -1.2812861836e+22
-5331.69478571, -4605.90791791, -3480.21899551, -4.84061974599e+26
-168.593767223, 6143.56853233, 2386.94844142, -5.72519872207e+25
-1413.35857448, -4817.36609731, -3750.09943071, -1.07928204515e+25
58.5702759345, 4723.33646536, 1237.34613694, -8.86494752033e+24
-4090.41039407, 303.95921848, 3090.79532712, -2.40553196208e+25
-7156.34240769, -5008.38239469, 1093.56496369, -6.35559748467e+26
2040.82314413, -11.4040937362, -799.960980499, -1.20502849318e+22
-6846.72218429, -3845.7770617, 5545.31912006, -9.41792244554e+26
-1385.29073776, 3496.82794741, -2683.45316275, -7.45474968104e+24
-4233.01190261, -438.393917101, 4128.93099105, -7.49338532875e+25
3016.99480216, -2787.55847056, -5633.51879496, -3.50510031815e+26
3818.21771108, 7192.41493022, 1566.9083329, -3.88568444425e+26
-2636.9899171, -497.087164135, 5590.74100678, -1.12079656653e+26
4454.88002439, -7553.9335261, -1912.17889448, -6.4296386732e+26
3466.33763377, 2011.63388259, 2681.62382981, -1.52723521301e+25
-1491.28781295, 890.584517448, -2516.56666635, -1.47584861082e+23
-3409.78081607, 976.243908949, 4372.17411521, -7.57530847903e+25
2373.13007142, 4871.92440958, 4.35888287069, -2.07023998216e+25
1585.357694, 7004.91112452, -7888.86555818, -2.50465856377e+27
-3034.11479581, 625.153713107, -3777.5866701, -1.30561267115e+25
1732.17428878, 3799.37989566, -2423.03171512, -7.84438089418e+24
-5441.51196078, 1771.0292111, 3308.05367602, -1.51572204161e+26
-2964.19232671, -28.0921698877, 2501.63795137, -2.56864373316e+24
225.104375542, 325.568769687, -35.519311858, -1.25508047323e+16
1893.96459422, 811.473341917, -446.470665663, -6.67456368999e+21
-475.498088361, -4646.90749786, -1841.76216527, -5.93571261576e+24
3359.51187924, 2746.44347723, 2180.15229494, -1.11272648411e+25
1611.51868821, 5072.07435653, 1942.7730421, -1.38021251517e+25
-3432.64402266, -3171.57214064, 964.681617217, -3.50873534732e+24
5849.16159036, -4089.79367107, -3331.91203193, -3.72291673795e+26
4671.06854404, -5022.11597095, 3526.27963845, -2.50078297309e+26
-4084.01786756, -2715.88932844, 3550.49947667, -1.91262100885e+25
-4935.44085738, -3328.84059109, -5438.07398186, -7.57717100497e+26
272.052753075, 2344.52112694, 7218.28468741, -2.84182143185e+26
2279.69813128, -7122.08210546, -1309.35700422, -3.23811484163e+26
3669.39080728, -2720.7228691, -1038.10201224, -2.25416583488e+24
-3975.12118143, 1259.2155451, 28.1621976683, -8.20291361873e+23
-5412.77322724, 3907.28720173, 4259.08591498, -5.92755676071e+26
-1100.8426967, 5672.95944064, -503.079059262, -8.45020401367e+25
-3847.90589096, -2622.50944937, 7735.71452699, -1.13174585447e+27
2458.55581143, 3534.15110053, -3243.82738711, -7.92906226683e+24
4289.41816261, 1728.90276779, 1491.58246569, -1.727181891e+25
-1848.86417447, 138.124515506, -3240.3724476, -1.20676182344e+24
-1682.53502557, 1748.31503282, -721.208842898, -3.15698127737e+22
-2283.94540247, -120.708900352, 1298.20039378, -7.04892106274e+22
1415.70271806, -3509.45895728, 2809.97531439, -8.12100738669e+24
3935.26363146, 5058.84796585, 3855.29758831, -1.67390117736e+26
3949.56841993, -5487.22461418, -1905.68286319, -6.70562753455e+25
-248.931676869, -2582.34142468, 114.228103392, -1.27081990615e+23
5397.52947369, 4574.3308549, 2598.50560616, -3.3566871834e+26
-1346.3997201, -1376.73743509, -5107.38032185, -1.49376903091e+25
-1646.51566317, 5981.51631515, -5243.22600198, -5.93392809086e+26
-174.747604709, -5549.45020788, 2422.04108444, -1.2260954325e+26
-2072.53482679, -4056.28718697, -335.764160767, -4.39230733685e+24
2355.55083236, -2904.29324013, 2145.80792431, -2.71583132832e+24
-3164.57525705, -4767.42459333, 4707.64381455, -9.86494258233e+25
662.756138779, -8142.98106611, 251.039711745, -1.27682522384e+27
-2474.92059533, 89.8241123145, -5164.09543015, -3.07358880763e+25
-4040.62717308, -992.465672517, 3930.47660123, -4.30534732857e+25
-4795.46521733, -4411.9937321, -3281.36477453, -2.43773800415e+26
7721.73811636, -5962.48244554, -3395.07964968, -1.98877146325e+27
3915.39834652, 6380.08470963, -3907.56545589, -4.91988447104e+26
-3106.89787821, -1753.90738299, 3741.47156594, -1.07685966688e+25
367.890342354, 2042.42006087, -4105.86132751, -1.4295027552e+24
3929.8406107, 2903.37266397, 2667.76919217, -3.81072126084e+25
6402.20114857, -3519.69302372, -2340.32478626, -2.00049977341e+26
-760.620586515, 4097.98624098, 1480.19126107, -2.54524094477e+24
-2408.83192764, -5187.11485689, 1811.41708101, -5.87213157709e+25
6008.02281905, 397.147641532, 2022.53539477, -1.40509507072e+26
-5803.78345937, 2727.12618906, -4533.53034285, -3.91407902563e+26
6143.93160664, 5597.75321842, 1653.87272747, -6.74451038076e+26
3002.26191316, -834.800903442, 1169.76625192, -4.23264186229e+23
-493.376990691, 3473.03446643, -2288.47070306, -4.7370828905e+24
-2167.08168479, 2544.99030091, -501.087264933, -3.45008391017e+23
-2406.49933774, -5607.77094754, -1034.01335928, -4.61966709985e+25
265.061827607, -788.01251944, -2984.32670675, -3.11250821061e+23
3360.34672682, 2870.92509321, 3202.84888844, -2.69823894021e+25
-3627.11801298, 2280.65102749, -2437.20402351, -6.32868132586e+24
-7096.95252788, -1500.15895063, -3712.50891451, -1.31464045749e+27
-7053.26873692, -2399.15169292, 762.80356937, -2.37907930745e+26
-3965.8160927, 6654.90381683, 2143.6927504, -2.27914690327e+26
-2791.09957263, -2924.53759573, -5721.25022801, -1.24593711496e+26
2625.99932193, -614.246791927, 1176.30176808, -1.96811200429e+23
-321.324111124, -1821.83643604, 4459.89012737, -2.4806372545e+24
3542.99313393, 3753.38012861, 3256.64604068, -4.71385877141e+25
3670.43175961, 5891.20284967, -4423.32313688, -3.28805393897e+26
1890.11839405, -3718.70937539, 6031.62319856, -7.47508243652e+25
-4633.25897293, 2525.74040365, 6938.91931993, -2.47415945415e+27
1682.59195949, 6050.32863282, 1276.56471939, -7.24841574201e+25
1115.37197445, -13.3755859499, -2070.91220861, -5.90023858769e+22
-2059.63650785, 5204.50253139, 1011.09056068, -2.77723893489e+25
-3618.19587328, 2433.75084971, 4903.80842092, -2.31153767155e+26
542.628605844, 1722.56231662, -1966.00073883, -3.45227966608e+22
4027.31779837, 2412.83647647, -421.492572899, -5.19961344944e+24
188.485050371, -2397.13104407, -7267.04557606, -3.55662659181e+26
3945.16225874, 3141.57529217, -2608.25479097, -8.17944112347e+24
-1335.5383635, 2584.19375429, 1111.49718873, -1.03474112721e+23
4351.45750968, -6729.41323842, 1219.09301723, -5.99450000522e+26
-4986.10977033, 2202.03587351, 974.932236638, -8.54663814695e+24
-4446.48209576, -2185.44039291, 5495.38925521, -2.34319452698e+26
4161.1424405, -740.964851669, 1989.31059985, -9.47807809777e+24
3655.07069742, 7131.51244884, 1596.38115089, -3.46928184495e+26
149.636595893, -3370.91076633, -1263.74079482, -4.81943988166e+23
743.726274047, 402.638308704, 1193.97074374, -7.67900290363e+20
5764.5253168, 328.703715697, 4902.91935131, -6.91270424104e+26
-5550.81067618, 362.819038742, 6336.54049008, -1.6741136295e+27
130.712042535, 3334.52401203, -4842.13650653, -1.32743546131e+25
2117.76625068, -1694.92653309, -4053.13364055, -2.16292174713e+25
6778.04705926, 2198.68133717, 2073.11488261, -5.12253277444e+26
-4986.73634665, 2242.97855157, 2980.95767695, -8.46270281486e+25
1673.29136886, -5646.82052714, -4767.99741968, -1.36979849665e+26
-4032.8117189, -1310.91171468, 3444.42687754, -2.14764558079e+25
-1089.01947545, 1403.08581788, -3217.4541813, -2.74708603156e+23
-463.350082049, 2968.15125319, -5794.80538658, -1.98917089603e+25
345.962377265, 6689.89237107, 5668.88883782, -1.95346111202e+26
-6195.07030268, 4982.07145999, 3389.24659894, -6.14403022395e+26
4612.57228977, 1562.68963061, 1618.0564923, -2.79405449707e+25
4938.77065279, 1432.32724146, 602.709541747, -2.14947593763e+25
-5531.78532768, 460.751258498, 3830.23633113, -1.95977242024e+26
-5758.44897498, 564.015488307, -972.183911065, -3.91038550479e+25
125.206733336, 2312.91415752, 399.894075504, -3.49043204073e+22
-5395.24675407, 4197.39413378, 5472.99250972, -1.66876146319e+27
6056.06648186, 716.11625619, 3326.54755721, -3.61128199703e+26
-196.022380894, -3142.96351737, 3249.18573893, -3.62825825711e+24
658.093697542, 1365.82477628, 1417.73160397, -2.81569165975e+21
-2579.53479926, 409.34355674, -6228.02896972, -9.15060176595e+25
-2262.94426192, 256.061330531, -3348.72475613, -2.72757598867e+24
-3680.27887195, 3064.6217232, 4268.81710351, -1.4807478737e+26
-706.941559572, 4827.20843381, 3418.91490562, -1.18487230427e+25
-251.703936852, 1784.04226002, -4067.23206459, -9.2526723017e+23
-482.741440891, -2454.88669874, -6424.89682723, -1.12227383737e+26
1575.04466995, -6164.94220765, -2224.59778622, -7.02707455257e+25
1851.27303557, 1365.46815244, -1125.33785212, -1.4608532721e+22
4414.28678135, -5243.51338207, -959.525211824, -6.04687306051e+25
822.208139432, -2401.75403187, 1822.84740301, -3.41354286618e+23
355.27876077, 1891.04112384, -247.694738776, -1.23333573096e+22
7068.028043, 1067.77659009, -5373.46730486, -1.47110478778e+27
-386.849425587, -3154.35363805, -1439.52223289, -2.4191101522e+23
-2186.8712854, -1109.86924372, 1364.44980722, -4.47889091796e+22
2763.36047254, 968.738181421, -468.800219541, -1.22851339078e+23
-3394.63932161, 3289.76668414, 4703.90925434, -2.01368696856e+26
-703.415859425, 739.040837374, -3015.65487943, -9.87731035186e+22
-234.112009326, -33.6166919927, 470.754662408, -3.3112862616e+17
5758.25641993, -1975.43135289, 374.539252834, -1.81189061158e+25
-390.853220376, 4359.95244382, -1077.30755627, -1.32535703625e+25
254.660979491, -2488.15163334, -393.250253709, -6.65508761392e+22
-876.446504105, 5864.41288706, -3172.48687109, -2.5385076801e+26
2950.29261398, 6073.61668371, 289.12268645, -1.12817721202e+26
5659.93111195, 1613.99944479, -1995.47050558, -3.52302570831e+25
2571.89190934, 6603.60193729, 4871.28373683, -1.68037910677e+26
4247.59667212, 2179.73852048, -984.251227045, -5.25418338733e+24
-491.222781665, -1208.41846451, 450.559734592, -5.22847471249e+20
4000.81255917, 3733.61468214, 1658.0445568, -3.07018481039e+25
-3444.29574334, -5845.40925612, 3582.52486599, -2.41927389323e+26
-2485.42215998, 6519.11414962, -2962.84260584, -6.01713790952e+26
1093.08981358, -2058.6965938, -560.188844828, -1.72563797271e+22
-912.677923905, -2935.09633867, -3206.91777956, -9.89610624833e+23
-3431.9907786, -246.974189533, -569.874331492, -8.55804384409e+23
-2402.5779722, 482.994862417, -609.405121573, -4.30045014493e+22
7005.2990558, -2054.96563167, -6808.74168421, -6.60394277608e+27
-5475.47459066, 766.946579468, 1588.5820031, -2.1363806043e+25
6312.75297375, -3805.11799859, 2174.11405008, -1.36451810395e+26
3464.00699627, 5549.8997529, 1052.59200202, -6.36081823352e+25
-685.552802927, -279.486680637, -157.740232903, -5.23407895273e+18
-3957.75878611, -635.514197143, 1554.6607176, -2.17844094008e+24
4670.1323733, -1141.5379465, 4638.92995688, -1.7068807665e+26
-356.590730645, 2917.32770896, 3186.64707327, -1.68007496761e+24
-881.730118608, -707.575426912, -3502.7900595, -6.42514479175e+23
-3918.59113136, -5357.69438263, 1792.45499716, -9.02046538795e+25
1128.56387744, 324.598148684, -2227.0342647, -7.40736837386e+22
3169.30013549, -3940.03717465, 3666.18270602, -4.60231538788e+25
-2976.50657051, -4999.83820817, -1902.66525357, -2.59882036189e+25
-2102.49689923, -2569.29029187, 1325.83109414, -3.51478006338e+23
-392.147977003, -114.94053567, -2539.52174318, -3.3822909052e+22
-210.287026509, -6414.78748499, -6.57170648641, -1.71358648925e+26
2796.41654701, 1809.47932797, 7352.71814776, -4.11339379038e+26
2226.38430984, -80.672505353, -2009.32877353, -3.68353458757e+23
-2822.68389552, 2812.74195463, -3306.30956747, -8.49393633565e+24
-2697.53317047, -3398.71395778, -1115.4892608, -2.83830404021e+24
1124.90617252, 135.827832006, 2891.57576044, -1.96580142692e+23
3333.53184199, -1030.95663633, 4668.14326832, -4.30432828335e+25
-3118.53489856, -73.8226025092, -4471.73992503, -3.33509996171e+25
-2337.51785245, 2165.64195907, -3276.68305982, -2.89241972518e+24
-260.648289349, 6025.96681256, -241.790511445, -1.15691571426e+26
4829.54104127, 2811.73014259, 5261.97807631, -5.6878049258e+26
-3097.78248261, 2654.26573411, 3714.41827903, -4.43699772484e+25
4311.16700315, 2174.56318283, -1407.39546924, -5.46196760571e+24
-4095.47740733, -3755.31361156, 1195.21452039, -1.39392984013e+25
4020.89032348, 2134.59851983, 1557.41403128, -1.44411707422e+25
2205.69005587, -240.215260712, -1409.62736127, -9.82318438933e+22
-6303.02554443, -7048.96080386, 1399.43163227, -1.07542579986e+27
-5211.38863664, -2756.01427252, -5768.9783826, -1.05560413795e+27
-6406.1395435, -585.501926151, 1026.84708861, -6.04734860134e+25
-3973.64632651, -7278.07229613, -1420.05139203, -4.49628023725e+26
-5289.97841562, 1533.3753939, 894.847526881, -1.03451281991e+25
-1050.11825002, 5577.12898353, 3431.18133261, -3.02847163806e+25
4543.09332736, -2279.50527445, 243.990140779, -2.74248915829e+24
-7603.73057289, 4004.71504501, 4857.8404545, -3.40548370235e+27
-2121.06605242, 2268.76791398, -4079.03450455, -5.6683384458e+24
5688.47396866, -680.566097673, -259.738786157, -1.77565824355e+25
-433.733170403, 1087.57111759, -7126.7923165, -1.01223675256e+26
-3283.80862564, -5616.46447659, 5438.45121886, -3.33198652803e+26
-3972.57108774, 3540.86892425, -329.953781653, -6.3891093796e+24
-3831.50712848, -3296.32065869, 2815.07287179, -9.33883244242e+24
188.67827948, -6435.58824428, -2750.7815454, -7.74566446688e+25
4417.22144529, -1927.08689042, -462.102623223, -2.19405626698e+24
1102.19188912, -1478.63588938, 2917.15055988, -1.77139338461e+23
-2315.82235216, 3175.217314, 384.540918785, -9.46603696376e+23
2176.36513896, 977.793616641, 4167.34215007, -8.93507180025e+24
-2734.5316493, -957.447116883, 1336.46841607, -1.59580747558e+23
-354.911184438, 1601.46287323, -407.185165989, -4.83891881296e+21
3771.3061944, -4144.07930795, 4068.52278065, -9.55466770884e+25
-533.797090874, -571.643428897, -3545.36247717, -5.98511867121e+23
1688.37833891, -5767.92956511, -4910.49649636, -1.6679409091e+26
4275.07544931, 654.036021021, -7132.02975398, -1.28064787266e+27
-5064.00610256, 6586.35407055, -4424.94078606, -1.56498950143e+27
4400.55319128, 587.979501371, -5697.05617982, -4.01446136487e+26
-4992.16398133, -1886.99248334, 3348.27403444, -4.40308320842e+25
7065.40054976, 513.45242173, 2154.30385734, -4.60470736543e+26
125.845012444, 609.404747219, 3741.30325809, -1.13082468386e+24
5254.95791893, 3405.86573619, -395.307914416, -5.24763388663e+25
2790.63716813, 5947.81689103, -7979.89673035, -1.20911556759e+27
-2753.6365234, -4386.83948248, -2097.64571067, -1.19074160712e+25
-3837.67818182, -2522.37781938, 5964.41648984, -2.27259276703e+26
-2118.20524554, 2879.65784008, -1484.15938163, -1.46889313995e+24
-4494.34696992, -8231.22533078, 1734.85174195, -1.96779000658e+27
3165.03275272, -816.258085839, 961.937545365, -4.49554553745e+23
-1277.72892026, 1167.54785704, 5944.69666847, -1.09244993549e+26
-2882.03964615, -6648.33315885, -1070.78433284, -1.8717827553e+26
308.01845734, 1406.27390508, 6638.16803796, -1.16872389131e+26
-5150.33605307, -2337.06588679, 2038.58818108, -2.14423270225e+25
-4664.37723581, -6540.81854517, 709.727207354, -3.47962207406e+26
-903.706226685, 2537.40955215, 2899.54288563, -1.38875309487e+24
5191.22104799, 4679.57323076, 5106.6086228, -9.99503004988e+26
-1285.182352, 732.383184607, 3071.77396083, -1.25712996766e+24
4449.69327611, 1562.02765316, 1266.11985183, -1.73223220615e+25
2365.02745518, -2221.69050734, -7929.1083293, -1.68680992853e+27
3309.94886007, -6025.37400417, -4469.01932937, -3.26481802541e+26
368.561914585, 1762.07739992, -1289.10549545, -2.02378407324e+22
1896.27284243, 1406.99230769, 337.76724537, -3.12941362645e+22
3757.1748764, 960.62135712, -356.149882072, -1.29141949146e+24
-364.28141564, -996.041148774, -3834.0755737, -1.40225213127e+24
-1148.64489807, 3853.85263289, 927.903897572, -2.10546729965e+24
-541.900285978, 2282.8346741, -2188.74520317, -3.0025965702e+23
-950.358246454, 1227.54655128, 396.32221903, -4.8188846049e+20
-6350.76881606, 7896.55529717, -980.507055454, -2.38640362377e+27
36.2723470935, -102.855495498, 6646.51630717, -8.66829624782e+25
-2442.12877255, 979.40659335, 34.1059539812, -1.61505286773e+22
-371.248052165, -4446.00756721, -4450.07602399, -1.70579797382e+25
-1460.3058299, -1011.80481903, 5186.26721726, -2.42965623873e+25
-3917.23570542, -2497.51400674, -2351.36014564, -2.58805517061e+25
-4376.89211649, 4353.10796662, 5832.81427882, -1.30596042739e+27
-1180.97941698, -6072.80305203, 3336.867895, -2.9357316102e+26
-628.009698355, 5804.29950013, -2211.17267353, -1.69861490883e+26
975.644974367, -3968.02484945, -530.165163991, -3.15408965813e+24
5812.3202295, -3058.66053689, -2022.51945903, -8.02243701096e+25
-6742.14925437, 1963.87731523, -2243.31495562, -2.09013654112e+26
391.044898376, -3494.89519974, -3189.21728302, -2.39473909809e+24
-2206.83380998, 5951.63549065, 6277.13179636, -8.45830636509e+26
3884.74299077, -276.192564722, 465.961459103, -1.46470740718e+24
1464.25398613, 8081.38947899, 5081.5611417, -4.0831057627e+26
1647.65911872, 4037.90347924, 2785.09452262, -3.13532342491e+24
-3192.96069749, -6191.64354105, -4907.76034658, -2.24169019577e+26
-2436.1563064, -1646.6742093, -3528.13239863, -7.15294939741e+24
-1079.97220196, 2472.85576855, 5205.50069463, -5.77819602068e+25
-2978.42655757, -146.237955902, -2417.79287581, -3.03541154709e+24
994.337610254, 1723.2784314, 3660.14398922, -1.43528123108e+24
-3012.6339214, 3746.91069216, 2685.88715969, -1.63732973756e+25
-7240.06826831, 1576.66364527, 2184.16372036, -2.27659940132e+26
436.813773871, 2742.21388392, -5774.35179055, -2.0363621415e+25
-583.502632294, -5071.14276762, 1133.91107858, -3.93459057349e+25
3409.05857092, -3062.75119392, 8071.28771152, -6.33297894657e+26
-468.137334805, -7626.10658731, -1861.62583819, -4.20120443966e+26
5751.55997241, 355.195031582, -2802.85338888, -7.34554130673e+25
-2433.04383237, 1083.47127591, 1415.73355221, -2.47340700938e+23
2723.07607897, -515.843691167, 1426.04373754, -3.81734233258e+23
3756.30674105, -3779.16801245, -561.872084862, -6.3514405528e+24
2687.92458894, -775.343269852, -171.153880115, -3.61631016885e+22
6598.44231482, 3022.78355254, -7536.37788623, -3.76573471817e+27
76.2016927056, -2584.84759537, -3157.3499825, -1.00887545673e+24
-1229.45505215, -5185.28929848, 3051.90177185, -8.79457278595e+25
-2233.5361491, 3389.62235778, 3015.43788269, -1.02166559534e+25
5370.1344471, 1577.71970664, 1525.70046213, -7.01255675399e+25
-1044.59891709, 1894.56074704, -5454.25918748, -9.67057937948e+24
4697.03518414, 4012.30501004, -4098.86562643, -7.02548239886e+25
1043.39548115, 5645.46403182, -776.479777176, -7.8556192493e+25
4999.9056537, 1367.72048482, 880.012111207, -2.69660040923e+25
3740.3900835, -3123.86198258, -1317.76399102, -4.60876051502e+24
-1801.1630744, -298.839160811, 3759.32247854, -4.89960712597e+24
-1674.71020434, 5089.4851329, -2838.3556101, -9.62256355521e+25
-5138.93919184, -1754.54486552, 2944.62838632, -3.56544349065e+25
-7003.34397103, 129.153534495, -6217.09908183, -3.52036581388e+27
3412.75430705, 5100.9151821, -6919.81848768, -4.76741085124e+26
-84.2835969873, 1364.35887392, -5387.18345401, -9.9968809841e+24
2028.51342771, -877.213745533, -2662.40850333, -1.53795631743e+24
-59.914087971, -3427.02241988, -1140.32620477, -5.87754792703e+23
-2889.98618054, -6755.66370873, -6255.97926692, -4.88734867739e+26
2782.94233209, -3356.76432, 880.454568339, -3.42151879268e+24
-1976.76345999, 4007.63808865, 2369.19267288, -4.96331064663e+24
-1474.22574649, -2083.53447121, 805.099556087, -4.87073823985e+22
-1699.74492316, 1726.28957837, 3541.4478756, -7.00339161219e+24
2527.17170267, 4147.78278002, 1111.80085025, -5.86776664224e+24
568.634947865, -3516.05657003, 1052.2048683, -2.70258901699e+24
4164.74958888, -3185.87118424, -5037.21306496, -4.51392183888e+26
-371.044875548, -1414.49834783, -5566.93525847, -2.89969179825e+25
-3591.84705075, -246.509351685, -8105.62528878, -9.72059960695e+26
2640.65212525, -6170.63535957, 3155.26994823, -4.47776043286e+26
-862.485124826, 2850.92725882, 965.564409684, -1.60281047016e+23
-2052.09045621, -1646.87442449, 6770.36307684, -2.05545377321e+26
7047.82479953, -3437.84052156, 136.138266986, -8.55421277045e+25
-1104.90648816, 4785.99874969, 3160.06184011, -1.15540053959e+25
-1793.86532281, 6606.43008095, -6257.3563759, -1.48243309558e+27
-3139.25408024, -5282.98817599, 423.412764385, -4.97501571674e+25
-1854.97623359, 1534.68542727, 1407.86728291, -1.12558972723e+23
-143.568920027, -2878.06249154, 3282.58047982, -2.17814999857e+24
657.523805866, -748.150106736, 827.191014287, -1.31275974115e+20
7628.85032058, 2186.92639754, -144.4985694, -4.72956202511e+26
2875.9125639, 159.297536875, 1458.85012068, -7.3598070711e+23
220.449335287, -4532.69214176, -5545.76596878, -9.57353933669e+25
1965.84244492, -952.135079592, 1938.33465177, -1.46503791191e+23
398.532572082, -2907.99503415, -69.4483387104, -3.09229802177e+23
-2182.76889966, -5749.17910644, -2579.5620437, -3.92329483169e+25
-427.09909186, -703.002885517, -6236.71243097, -5.57720901196e+25
4045.05308681, -1849.48801201, 219.661814415, -1.02864414905e+24
-866.814857572, -2332.06676164, -4329.7562613, -5.49402436677e+24
-5648.14443412, -1030.0053628, -5126.11388718, -7.97764624366e+26
-2065.15856757, 7886.74614912, 1957.57382767, -6.19580719441e+26
2581.65663885, 2539.87714437, -2282.60225877, -8.76038634014e+23
3589.7458373, -3926.33923816, 2905.40350879, -3.66914893223e+25
94.8564518522, -3870.72885665, 1462.45227481, -6.30436058807e+24
956.899933605, 1830.99782821, -717.475051507, -1.54710438005e+22
-366.375944986, 4445.26043779, 182.118013076, -8.76870034878e+24
-7234.49323018, -3580.53553682, -1905.09346564, -1.04285283381e+27
-25.7440378203, -7806.42471624, 5937.96466115, -3.38114937498e+27
-4082.8925374, -5423.04687948, 556.94931667, -8.50574616013e+25
-725.668105399, 1358.02455129, -5642.98616406, -1.26510797492e+25
4570.9845792, 3194.48315038, 1754.66045644, -5.34436528708e+25
-1368.84898736, 442.154631655, 1400.45151784, -1.81485275189e+22
3966.35251018, 3200.91392705, 5526.12830747, -3.31694837914e+26
6272.42332872, 3719.27344929, 3049.23099684, -7.48123417709e+26
6000.34171943, -6859.09211864, -1341.30886151, -5.57590208313e+26
-218.045485091, -254.767192914, -3131.91924314, -2.10818089555e+23
-4199.58442476, 2325.92813719, -1835.21062464, -7.19878373854e+24
-2371.69437461, -393.716377323, -6349.60457821, -9.91525196466e+25
-325.082799764, 4336.15224886, -84.2053395122, -8.08691837639e+24
1072.92188298, 583.050929068, -354.365309419, -8.79509149548e+19
3079.76753734, -6971.96129062, 2982.91505514, -1.03002207059e+27
-7785.96327916, -5397.03255888, -2403.67085902, -3.0999747558e+27
1379.14023504, 2736.1586903, 1428.65344332, -1.60702266693e+23
1695.6766649, 3369.22445347, 6219.4924552, -1.10277681231e+26
4202.39756397, 2006.98459972, -481.797194463, -5.24015122679e+24
-1027.05991563, 7620.61083457, -3010.64110774, -1.5620630504e+27
-3594.43226977, 2571.56550873, -2826.45557304, -1.0148559498e+25
3600.44484726, -1626.96612058, -7278.91112098, -1.60763458747e+27
3002.21064701, -4954.09839758, 2680.47218492, -9.8959904627e+25
-349.399192446, 5932.54620153, -558.266475738, -1.14195436401e+26
6889.62979969, 260.239977172, 5252.47768328, -2.05582073648e+27
1211.57856161, -1111.99378491, -2821.57046893, -8.26450470691e+23
4817.6130025, -547.591501349, -383.119385781, -4.59746530574e+24
-2692.64382351, -3486.48493267, -218.215797751, -2.55367802215e+24
584.530585132, -2131.99537814, 1553.55793936, -1.17543941553e+23
-167.213822397, -1381.66558012, 161.490547614, -9.72877303387e+20
5200.43233359, -2342.89101738, 434.727186751, -8.24113645045e+24
-3912.03755735, 4869.92760879, 4685.73536239, -4.1446549863e+26
2013.0008178, 1128.31226769, -5509.79491103, -5.38065918573e+25
6618.97218063, 1752.51882447, 185.340731533, -1.62347299989e+26
-6573.52164452, -7413.079405, -1209.70236264, -1.85569218119e+27
2255.31184115, -1145.10529167, 2148.96343616, -3.88222544093e+23
1591.10579635, -6449.8971703, -914.87085966, -1.5144689154e+26
-569.487841631, -57.253052449, 4306.19003186, -4.27142503481e+24
1609.39764767, -6391.56447884, 1830.23522379, -3.33983849409e+26
3769.39449971, 2411.22236473, 6126.85247486, -3.72911871172e+26
763.680354865, -1428.34283606, -1087.86444323, -3.41747450917e+21
51.3478231254, -4195.92935192, 1611.31136594, -1.2098848351e+25
-568.637185596, 1657.48015531, 3420.17443842, -1.77525586309e+24
62.6894779378, 610.186950961, 7384.10371538, -2.38802844885e+26
7269.42635188, -5643.15630736, 954.505737863, -4.35968963598e+26
-672.860941512, 6169.92887578, -2564.34413803, -2.95463723815e+26
1454.6176175, 664.857167994, -4422.12600279, -8.75278672361e+24
1748.75852786, -2615.4978269, -3840.09716815, -1.59855049791e+25
510.061228751, -316.215631206, -4273.94360986, -4.40204978041e+24
4279.20490924, -160.519944841, -217.168742579, -2.09383144286e+24
-7012.95817682, 3790.40328534, -2227.71112378, -2.54183817482e+26
614.769305327, -3075.91950688, -4016.98100547, -9.4311363305e+24
3406.8913005, -312.186021538, 3230.09381551, -1.29424365124e+25
-855.204078483, 2226.67706151, -1502.98783286, -1.68974707753e+23
3006.21955481, 5583.45280091, -574.540396874, -7.49866664025e+25
523.480675146, -4644.49661618, 5311.05751332, -1.09889298986e+26
4729.73399884, -2018.22311897, 1746.47973567, -1.30969926503e+25
651.222606473, 2729.24182233, 6360.14910834, -1.08369239805e+26
2833.32965779, -3960.10209816, 4303.35304827, -5.65690184742e+25
616.896832228, -1179.99894617, -7175.64248768, -2.91625509517e+26
3280.95551527, 2955.67406914, 6473.52440182, -3.48879510749e+26
606.074231297, -3429.02195247, -6206.88005111, -1.83096999096e+26
-990.369577918, -1671.89839011, -352.351942493, -3.90692208228e+21
-912.229690746, -885.45092983, 248.485223531, -1.068726094e+20
-6700.41268259, 934.178957412, 640.723737968, -6.18571346362e+25
-2452.56892054, -2772.54873994, 3642.53691316, -4.71540199334e+24
-3479.74487646, -307.938311956, 295.258951971, -4.88138314583e+23
-4369.90699502, 256.505849885, 1555.02357596, -4.57286436428e+24
-7182.03575765, 96.023940389, 2068.13117717, -1.75315630798e+26
-5760.17778482, -1519.99307942, 3374.04803615, -1.00511702861e+26
-601.640562391, 738.498474951, 2321.84851981, -8.51757436255e+22
326.644908081, -1531.98780302, 4316.83992247, -1.40986164446e+24
-4774.4677439, 495.580947312, -154.954348662, -5.33933680593e+24
438.022364439, -1236.88286068, 5304.92123499, -8.20410675769e+24
4612.74719357, 2668.74365391, -2320.49104247, -1.27399733191e+25
5477.37372081, -1779.20955242, 47.8320826107, -1.08512874647e+25
7320.54192888, -1771.31206617, 1323.25592939, -2.1867633175e+26
-1449.80579481, -534.449538879, 2318.41007655, -1.44875680012e+23
999.75690665, -4843.24536317, 6439.33542099, -2.31302852084e+26
2068.53788687, 2869.89477584, 2138.31097167, -1.25860996297e+24
-678.409969911, -7277.09066151, 1056.3684369, -6.14141892882e+26
13.6571071449, 2485.08377075, 810.642131087, -4.5942446986e+22
3042.10970975, 2021.7903189, 360.596256763, -1.01224988243e+24
-5263.04537785, -2832.2877626, 127.875096435, -4.42094601934e+25
-3072.14682593, 88.6119666744, -101.370462077, -1.83248972686e+23
-718.327432744, 6294.30685304, 236.615920394, -1.44432097509e+26
-5135.25073392, -1355.69116266, 1645.1840712, -1.48664157641e+25
1919.21260465, -2403.71368537, 653.491196136, -2.30125701229e+23
-2318.38085469, -1920.07723188, 7350.97735784, -4.0472789088e+26
1403.01723947, 2271.69276419, 1814.72753984, -1.30435217088e+23
1153.38792419, 3694.50013321, 247.321677967, -1.83545480725e+24
-880.404948733, 4273.44676539, 728.013517859, -5.20815370072e+24
5861.91658233, -4054.32591664, 3553.49748188, -2.54710216595e+26
-4186.7338645, 142.569419946, -1243.51412883, -5.70350740347e+24
5850.60667259, 1619.8875097, -1309.21060535, -4.04720993929e+25
1826.86868066, 4751.87580995, -5839.9029449, -1.42125579369e+26
-7081.38145454, 458.41572616, -543.641438387, -1.55538544424e+26
-3932.5012638, -1274.5874464, 393.514130659, -2.16960888684e+24
-940.512841798, -314.523403228, 4399.88894977, -6.20703860898e+24
-5140.27724816, -944.3373434, -3004.00468043, -1.20008059001e+26
245.070900591, 281.5067478, -4176.92852974, -2.28730495475e+24
-1711.34768352, -1614.00386399, 2144.18616729, -9.82357956359e+22
-2073.60138905, -2409.65853011, 2341.43007506, -5.1039728824e+23
5857.91544021, -4249.25363752, -1364.58798857, -7.28817465522e+25
-3167.98950853, -1660.62724868, 2801.67779491, -2.91688472688e+24
-198.381358244, -1350.5252039, -3545.71549247, -9.97537253777e+23
-225.803293889, 1392.55094815, -1189.7078236, -4.55399471019e+21
-187.729653352, 1637.2358445, 765.677987621, -1.36667650962e+21
-4976.41403723, 1734.671523, 4697.9598175, -4.01616630298e+26
-2028.74521651, 3943.40828142, 2064.69112524, -3.68415878811e+24
-1989.0676504, 7062.51119791, -7569.43333877, -3.17681777175e+27
4776.50410163, 3339.71638266, -4272.35579034, -7.50306180842e+25
-1148.57254884, 2555.80131704, 544.660732144, -9.6493526678e+22
2883.12111675, -3527.56558323, -7139.30879456, -1.46995146457e+27
3527.04306148, -140.598510215, -3952.09875895, -3.95596271873e+25
-4031.33488215, 2416.28900812, -1716.64967546, -5.27918995509e+24
-7502.43416332, -25.5242836433, 1992.38308805, -2.29846240441e+26
473.076640484, -1073.5874156, 955.135067887, -7.51895083289e+20
-1022.6275472, 3213.79301438, 2137.23547331, -6.39718832689e+23
-3059.11146627, 5161.48144893, 5512.7202696, -5.63980103405e+26
-5368.43549871, 519.431587054, -872.012429347, -2.18092847569e+25
6846.92230119, -557.486898475, 4380.4987421, -1.09362309162e+27
-2136.39378225, -965.882657654, 4439.67216372, -1.50647403293e+25
4493.8129797, -2456.76929253, 2545.81893282, -2.12732645535e+25
-1117.50926289, 3797.25165786, 3181.17529813, -5.51354016165e+24
829.199709442, -86.2157950758, -1507.43907655, -5.22599534571e+21
-930.1401727, -547.938044772, -2314.5498312, -4.30090610476e+22
-877.610295255, -2272.28277068, 1366.10906547, -1.20107729441e+23
-4027.99088449, -284.965619762, 279.082030117, -1.55537115016e+24
7208.71235403, -7255.57461991, 3467.37191744, -3.31704570264e+27
-1002.45306651, 3500.85083225, -776.249206833, -2.46623187313e+24
3546.58664444, 5028.19733745, -1864.68022995, -5.4889348961e+25
-143.746256437, 5890.90980121, 146.175572172, -8.43335530752e+25
591.19967844, 2298.46812363, 1692.03076078, -2.33937719655e+22
2742.46594487, 2360.27663929, 2304.91535899, -3.91211931435e+24
5884.76824295, -7279.850403, -1656.05959392, -7.63521942355e+26
2405.5509052, -2877.13090394, 2867.23521281, -4.55653010297e+24
-410.989381944, 573.605421064, -3159.21232437, -1.32282565653e+23
-4378.99032424, 149.562523723, 8197.55981254, -3.58062510367e+27
2050.44031862, 4532.07963733, 2420.38128295, -7.43205757573e+24
892.288208953, -22.3349618821, 5289.53285886, -1.14018730893e+25
-2136.46282863, -1048.5965038, 3558.57935768, -3.67839675864e+24
-5009.0996449, -3273.3016921, -1834.34908188, -9.80188932053e+25
1277.73884829, -6391.76072165, -4738.21991542, -1.5225744533e+26
-2594.85022764, -683.107780365, 4609.69372153, -3.12527339684e+25
1304.28863954, -1820.99888766, -5136.27570559, -5.00164663639e+25
-229.929085703, 4087.64517011, -618.239590859, -6.48247487911e+24
-4115.93864492, -1326.18563616, 1047.26647566, -2.62747807935e+24
-4232.74109085, 1928.28733296, -2468.2382136, -1.39242445724e+25
-1409.81140869, -1074.44144267, 4228.8905693, -5.30017207734e+24
1726.01590603, -4924.47801198, 3587.72494771, -1.02077354567e+26
-847.466854294, 1685.26631816, -4453.92550577, -1.93683549238e+24
-639.629782042, -3750.09860439, -1813.11713217, -9.42341321567e+23
-559.406152171, -1270.2625541, -1620.08194907, -3.90611582089e+21
-3954.83673738, 2645.03935724, 1044.76422539, -3.07459068825e+24
-4209.5777756, 1271.82166036, 4119.16846875, -1.16606217398e+26
-1850.93144135, -2591.55130163, -4585.0520507, -1.51243459913e+25
-1764.79604722, 2074.81451664, -179.006048931, -5.44744504883e+22
4610.79834388, 1734.92443764, 742.270098446, -1.66963973995e+25
1639.53629221, 3561.01811621, -1034.38649626, -2.6334947866e+24
3246.53701369, 3780.56654165, -6084.24089816, -1.51992971199e+26
-6184.76699475, -2079.58407551, -617.292147385, -1.35266046352e+26
6412.01460176, 2278.23033541, -6464.99419645, -1.80579798895e+27
-2928.69581261, -2767.13308443, 2386.21067521, -1.7620579204e+24
3353.22272382, 3789.41254214, 3206.46287141, -3.62020796273e+25
-7177.91427111, -3244.23560341, -3098.21998421, -1.49907253099e+27
4437.54556825, -2457.91999465, -4516.96722819, -2.79621372029e+26
-6216.00989197, -7947.07422336, -521.127071932, -1.93018134613e+27
3210.57019814, -806.645537648, -688.179681363, -2.27861776491e+23
-920.114606493, 326.554289635, 2853.51699524, -4.02979387477e+23
-6031.01289913, -1810.35307227, -3813.33710931, -5.86925587717e+26
-295.504277201, 5056.62648554, -3418.2199966, -9.37056572705e+25
262.854276813, 5091.53302555, 3796.68426628, -1.35731086247e+25
-91.8234234293, -3820.35493953, 7141.43852299, -1.20988711948e+26
-244.030921158, -3084.34995935, 552.032441516, -6.82533140561e+23
503.5749958, -888.688793576, -2703.24165099, -2.20661873024e+23
-1577.81910706, -2828.37498754, -1464.67354359, -2.68069329909e+23
-2197.70077984, -1611.03767795, 5708.63539029, -6.87381138732e+25
2734.75672206, 2071.66417033, -3522.55096843, -4.78732169339e+24
-343.046987578, 1948.46073595, 1266.17055308, -7.26849959628e+21
5429.53407091, -7478.23208347, -3401.16848481, -1.02192056774e+27
-6534.07772516, -1487.40291756, -1067.80254255, -2.00924208088e+26
-5608.50573887, -4192.03701406, -5422.08202772, -1.51973801497e+27
-348.721192016, 36.0122154163, 2528.83410913, -6.52302800145e+22
-1190.0785328, 1254.65722333, 5212.52620489, -4.31417391936e+25
671.447769229, -5163.35818489, -974.817267354, -2.17904519708e+25
-47.0484209681, 3304.91867146, 7104.88704609, -3.57887487985e+26
2978.84064902, 3230.41342587, -1602.17845562, -2.60339901228e+24
-517.775676698, -6058.44044528, -4345.20622101, -4.71412666678e+25
1600.07644782, -143.301474314, -7223.51476822, -3.9070841002e+26
2429.58087388, 4576.27822953, -1146.6032931, -1.89176874206e+25
6372.3616902, 1187.4271429, 3226.80384516, -5.05320208528e+26
1409.70446773, -2373.17040089, -1846.70878786, -2.68560794491e+23
-1120.58143907, -495.903846266, -4704.89171072, -5.73973648701e+24
4025.42159755, -1906.88185219, -5598.99852691, -5.14693840836e+26
-5452.76210231, -2289.6042661, 2256.40353151, -3.34047485689e+25
-3921.17642588, -5680.68402317, 1116.43471168, -1.16741745147e+26
-7606.28085274, -5789.83310109, 701.612311606, -1.35643236236e+27
-7430.96434081, -5776.88495547, -1895.51340782, -2.23220378426e+27
-1642.55466645, 6104.62221985, 1973.34573725, -7.00690428053e+25
1879.05966288, -2541.13272423, 150.538710005, -2.18355317431e+23
-6704.63991097, 831.568223922, 1256.63579562, -7.18973553203e+25
290.732239823, -421.818944262, 6968.30193273, -1.06062573131e+26
1627.76360489, 4485.43656866, 4193.98986377, -1.50376569974e+25
-4263.71265719, -557.248831289, -4420.24733228, -1.24700150684e+26
6137.41595225, -3423.12982882, 2797.18477153, -1.62463695848e+26
5530.86663463, -958.498585256, 2419.94472597, -7.813076219e+25
852.914890676, 2902.8125548, 1199.32672615, -1.48465052834e+23
-543.794203952, -3755.25589267, -658.871403322, -1.65725452702e+24
7117.77576722, -5415.54266452, -6852.0683288, -1.21169771367e+28
5057.23724848, 228.235289486, -70.4690472968, -1.0213148141e+25
1522.12693051, 1889.19996252, -966.353270846, -2.939305419e+22
-626.812847686, 3010.2990413, 8117.44798428, -1.09686695361e+27
4715.60987343, 3683.15962047, 2738.85402884, -1.32386489246e+26
224.539537135, 3373.77153264, 3843.9553711, -4.47201991429e+24
3536.95543014, -2058.8406237, 2046.40321382, -3.38385331349e+24
-1045.78473895, 105.187133971, 984.136608561, -1.12369763219e+21
510.889881773, -2624.90874363, 1164.1885554, -3.48812441087e+23
-1296.00675061, 2158.68500828, 6211.11158327, -1.9430278831e+26
-2355.80556957, -3376.85307337, 1223.10218836, -2.2253659584e+24
-4559.54716659, -5254.80052365, -6392.37453488, -1.33257718411e+27
-3047.07041082, -1867.34834191, -3631.92885187, -1.98060539182e+25
3114.05453658, -1043.15017592, -4109.29966801, -4.43953913014e+25
-2180.34969867, 2302.5438117, -5582.82039508, -2.8475662243e+25
-2101.95266558, -247.36573998, 814.718540024, -1.36054297536e+22
-307.406257998, 5952.45536874, 1783.82880503, -5.3042624068e+25
411.688918477, -3658.80152383, 4735.17164164, -2.14284978325e+25
4836.80628796, -3709.45112399, 5667.56131031, -4.09214501414e+26
885.47564608, 1001.8959802, -602.305040181, -2.32378953248e+20
5196.79285358, -1209.7279092, -4462.0857471, -3.33547366158e+26
-4952.06462092, 3513.59496281, -2388.72826175, -4.45599128691e+25
3087.22032316, -4133.49327948, 5759.71663203, -1.66306576739e+26
-855.361043598, -1221.67845756, 6491.09270927, -8.24118642493e+25
-1095.63426352, -3249.64078785, -1475.1848643, -3.72943768154e+23
-4133.40604044, -1804.25447567, 3736.08222345, -2.94941344934e+25
410.024989912, 1523.45971818, 647.812839629, -8.19809834758e+20
-265.536295492, 129.645279935, -1373.23020805, -1.99138728805e+20
7833.59950995, -2531.88569569, -1573.47131838, -2.83725909796e+26
993.720046443, 4150.72103378, -804.149808322, -7.4106991654e+24
390.848059582, 2094.91379258, -3594.54778273, -6.77314986491e+23
1402.36909965, 2286.41117813, -1565.19203457, -1.50751777735e+23
-3099.82149341, -7165.34260445, 3324.18573843, -9.36688984714e+26
-5395.02470551, 4934.13932152, 1335.17951368, -8.0165683991e+25
-1483.10658225, 4263.10158305, 1395.90381612, -4.27089669378e+24
-3788.96803234, -1977.47263206, -2709.9797941, -2.43179320968e+25
-239.655622963, -1753.50185961, 3742.44658175, -6.21813586207e+23
-2810.66887456, -932.700418795, 2279.94887111, -9.53106153333e+23
-1801.5068558, 468.310171704, 2710.71457807, -1.03149305899e+24
-4919.64638409, -5826.27951996, 1484.84359734, -2.06182671507e+26
743.710803455, -461.317958148, -2478.2805006, -1.32286624134e+23
5668.2300188, 3117.03868898, 519.722708351, -1.06426922944e+26
4481.60522823, 3634.5936052, -779.19203014, -2.08038984992e+25
761.43354615, 677.273073781, -83.5033376575, -2.01426004385e+19
3032.46189934, 4320.38519896, -29.6513446929, -1.15108576828e+25
4355.41363722, 224.576195567, 7539.32390788, -1.15013491216e+27
1184.04381278, 954.77420681, 23.8686194237, -6.30873429775e+20
492.876285325, 3429.71526557, -3849.57248823, -8.35528244305e+24
149.89045247, 561.060539882, 1489.92632851, -9.24201678991e+20
-1162.10550326, 3663.94123586, -100.736215385, -2.46334812904e+24
-351.703581654, -1345.75981184, 7878.73679892, -2.94059911663e+26
-597.183520135, -6639.94052795, -640.947009018, -1.85414790288e+26
3806.70144724, -6730.5514072, 2674.68333616, -8.34029135313e+26
-1725.8867502, -3995.82049857, 1527.9054867, -7.64212308719e+24
-297.027892685, -1741.16743136, 4113.06177998, -1.30102492279e+24
572.558144613, -5253.94431534, 554.599713398, -4.49492766504e+25
1512.95445779, 4057.5024366, -2915.00393826, -1.51952732363e+25
3039.52977593, 1438.79321411, 1429.39780794, -1.80387499648e+24
1804.2979715, -4298.11994638, 3594.68942854, -4.46234604158e+25
-4900.56692964, -955.502601193, 298.990100771, -1.00314607505e+25
925.722925404, 3843.19414039, -5650.75487395, -4.45150605121e+25
-278.306719728, -229.133934692, -1275.49270335, -1.76449280408e+20
2871.56102593, 2446.77799877, -3505.06750329, -5.22608143254e+24
431.076382832, -5733.46520124, 276.869464619, -7.95844029351e+25
-2410.98152271, -4689.66395502, -4118.47198352, -3.27378713546e+25
-2281.69979814, -1145.2671253, -493.331514622, -9.10370681427e+22
-6447.36167999, -749.336759279, 2965.77941286, -1.5018669223e+26
1707.02198455, 5265.63132083, 417.98621288, -3.06829781287e+25
3930.09435645, 797.894132809, 4884.76735232, -1.32377200348e+26
3530.05652608, -1263.70544927, -472.451993545, -3.74803345579e+23
-1224.37399572, -3900.28276849, 2021.17886048, -7.90197172217e+24
3482.80674806, 5422.48338171, 7174.31962915, -9.98568487294e+26
3682.01007077, -1577.78099045, -1466.67605682, -2.39515885074e+24
6923.3492455, -3881.04478157, 3284.14806213, -4.62667374912e+26
-3281.31215644, 4459.14552393, -1494.64907405, -3.40736966643e+25
4800.84170967, 4432.45221298, 2269.9661083, -1.47430082859e+26
-2491.66060947, -91.2816441477, 3838.78338419, -1.20316192868e+25
-1288.99685658, -3008.21937006, 3118.02386874, -2.44985296477e+24
-1023.24051355, 1977.58749133, 5874.35610237, -1.08300217034e+26
-2093.83093492, -419.180882131, -3470.93991707, -2.88752911374e+24
-886.335586566, 6574.54582858, -5126.48644179, -9.60498978044e+26
-243.546699868, -1210.26986803, -5515.26768653, -2.65937266603e+25
-2912.09183474, -4086.80097581, -95.6382210816, -7.50716441375e+24
-5162.56214638, 5575.97694026, 7444.37493331, -7.6833396276e+27
-3757.76610492, 1782.21348837, 1954.46216367, -5.96996494608e+24
-760.075861905, -1416.96268394, -1813.78858742, -1.26580589636e+22
-4859.40369357, -129.779784746, -8092.7487456, -2.26938147401e+27
241.11881315, 4197.46228095, 2931.15985931, -2.46327937588e+24
1910.9124037, -3392.8521049, -3002.73200835, -7.27685273445e+24
-2373.91807971, -64.812554837, -1060.40283462, -1.21086771335e+23
-3993.13424729, 3447.90996894, 3964.60725577, -1.50447426328e+26
343.910706823, 4766.1562274, -7413.70460495, -2.95555509745e+26
4286.15713442, 2175.40773893, -3455.78757646, -2.27597783182e+25
-3922.6432069, -5306.12746166, -7901.9987364, -2.05958506111e+27
1828.86697211, 579.194234834, -1840.89368102, -8.22078237518e+22
161.838211289, -872.488837789, -404.261402144, -9.31093145528e+18
1946.54031072, -646.829595309, -484.916049695, -5.39099948235e+21
-3438.03944832, 4056.09553464, -2749.26509112, -3.73320639752e+25
-3564.26911928, 577.936264008, -3015.53531476, -1.21443233432e+25
-1982.84279316, 733.131907825, 884.390972882, -2.01839615663e+22
-983.664897179, 1178.38535539, 253.43652143, -3.89471031052e+20
1771.11875478, 99.6207848213, -2946.23247761, -1.18716810076e+24
4762.73611327, -3727.94498416, 1082.08359766, -1.95890709535e+25
2687.95344139, -6016.37838003, 1737.38506414, -2.43451723178e+26
-840.608449749, -2186.08654871, -171.451707249, -2.78416123192e+22
2706.31297584, -3135.26455608, -191.365021713, -1.15863983385e+24
-5595.88416916, 2022.85615503, 5382.84711686, -1.12949987063e+27
-1169.20792192, -4389.58155687, -94.5825950513, -7.8101499482e+24
305.440237138, -6601.67783068, -5883.24817522, -2.83491825568e+26
7048.94846502, 3048.80762712, -4820.01337446, -7.11645361869e+26
2677.70208292, -671.468942972, 4408.95601683, -1.59722133467e+25
-1390.84906328, 3468.26927269, -3014.70626517, -8.42985116889e+24
-2753.1838871, -1182.55597436, -105.538619113, -2.20067070328e+23
-6033.885386, 3976.63851995, 1961.89514533, -1.21121698911e+26
637.236795225, 5021.08053489, -1154.32320163, -3.6821505573e+25
843.357524053, -3831.75887153, 88.5597303362, -3.23636656678e+24
1515.96395843, -748.704600515, 3646.72841741, -1.12720816212e+24
5488.05122623, 3995.41619294, 4319.13862653, -7.42529941151e+26
-1776.92337461, 5321.97543939, 1121.58183393, -3.03705251558e+25
5074.39145142, -6280.86827268, 3972.95864219, -1.04509166196e+27
-1441.15970844, -4564.44468435, -5179.22835648, -4.28206709832e+25
-4890.80068509, -3920.06862147, -1939.97940921, -1.1451927945e+26
823.231715321, 1117.81166052, -4000.62070705, -1.91485539083e+24
3998.55367291, -4866.45855878, -995.842683673, -3.15255219718e+25
3853.10584689, -3176.82499954, -1081.74456023, -4.24872815038e+24
5297.28004915, -535.308963415, 1160.1938183, -2.43650711459e+25
-3478.3133918, 4680.90818038, -3655.79586678, -1.21823479675e+26
706.890516756, -178.832301369, 6289.53186558, -4.4154832282e+25
-294.906336678, 2916.26854206, 2982.38918522, -1.06074926253e+24
1493.97132725, 3157.54970767, 961.925521608, -4.41527003253e+23
-7314.14376426, -853.853572567, -592.961330642, -3.00870670047e+26
-4501.65245143, 2379.53790523, -2471.68380189, -1.99019913558e+25
7357.53707118, 588.870309387, -1037.33843904, -1.80954757351e+26
3988.8997702, 5554.558207, -409.464110475, -9.29544439448e+25
-189.392377825, 92.6892845838, 2810.99463978, -1.22761829841e+23
-90.2745911652, 186.558487636, 1801.60215766, -3.78811629804e+21
-5344.26246146, 416.314119668, -2052.76547192, -5.37087003388e+25
-3142.07630134, -1615.59125264, 5769.92116599, -1.4349814588e+26
6956.41878601, -2116.00972481, 2385.01062045, -2.76995841714e+26
577.716075841, -7024.13112241, -2805.8272034, -1.66809294962e+26
2571.44900407, 421.279115408, -3223.75808466, -4.46707869911e+24
4050.85762375, -2045.42011908, 868.12351981, -1.91248397351e+24
1177.75134782, 617.257725229, -1638.86002706, -1.05615137309e+22
-5762.94103687, -2102.83256211, 861.113449115, -4.67902468486e+25
-1265.98352364, -1721.26070479, 3264.54718132, -6.05877819123e+23
690.007460313, -2747.04194349, -1187.86267465, -1.0019875558e+23
1606.18633174, -1355.66689842, -465.433146048, -4.28347858072e+21
6928.27253952, -2026.04902519, -2629.21263738, -2.75730962442e+26
1765.2603341, -735.297665823, 6238.87726766, -4.66724980443e+25
1982.30359688, -137.136013096, -2764.07223465, -1.23322440759e+24
-1153.74115053, -2010.91912261, -3129.08632912, -6.79574875467e+23
2097.73988371, 99.7158061677, 5895.96513227, -4.8090195211e+25
67.1973222397, 321.022015376, -5928.7033032, -3.33368630754e+25
-1320.16224163, 4199.69891702, 7595.41767806, -1.19506418772e+27
-2087.54092698, 2403.33709199, -644.090391588, -2.57634842824e+23
-963.00730509, -451.157021136, 4909.85806507, -1.34441699681e+25
