-0.499695050718, -4.01259709055, -4.88089686874, 0.0
-0.499695070437, -4.01259708473, -4.88089688483, 0.0
-0.499695138977, -4.01259707652, -4.88089679991, -2.86372081176e-12
-0.49969505731, -4.01259707996, -4.88089683728, -5.05361710501e-13
-0.499695041977, -4.01259697141, -4.8808968763, -3.36906739814e-12
-0.499695056401, -4.01259707301, -4.88089678191, -2.3583382482e-12
-0.499695068516, -4.01259708641, -4.88089677419, -2.69524512305e-12
-0.499695046781, -4.01259711318, -4.88089689359, -3.36908904336e-13
-0.499695062209, -4.01259708112, -4.88089685768, -1.68454013584e-13
-0.49969507126, -4.01259708495, -4.88089687663, 0.0
-0.499695065771, -4.0125971059, -4.88089688958, -1.68454865407e-13
-0.499695068331, -4.01259708158, -4.88089687661, 0.0
-0.499695056655, -4.01259708238, -4.88089685999, -1.6845399021e-13
-0.499695083061, -4.01259713649, -4.88089687325, -8.42272712907e-13
-0.499695074998, -4.01259707881, -4.88089687358, 0.0
-0.499695082553, -4.01259708208, -4.88089688264, 0.0
-0.49969506881, -4.01259708207, -4.88089687931, 0.0
-0.499695059929, -4.01259708302, -4.88089688933, 0.0
-0.499695082761, -4.01259709207, -4.88089659728, -2.00458579227e-11
-0.499695076017, -4.01259708455, -4.8808968914, 0.0
-0.49969506849, -4.01259708414, -4.88089688319, 0.0
-0.499695079116, -4.01259708069, -4.88089687203, 0.0
-0.499695065922, -4.01259703778, -4.88089689747, -6.73817077932e-13
-0.499695062295, -4.01259709055, -4.88089688318, 0.0
-0.499695143955, -4.01259705227, -4.88089688781, -1.8529953084e-12
-0.499695058508, -4.01259707969, -4.88089683442, -5.05361932095e-13
-0.499695083858, -4.01259707216, -4.88089686081, -1.68454053475e-13
-0.499695055518, -4.01259708005, -4.88089680346, -1.51607500547e-12
-0.499695012273, -4.01259707887, -4.88089689166, -8.42269669179e-13
-0.499695069228, -4.01259709147, -4.88089688861, 0.0
-0.499695038207, -4.01259703702, -4.88089686617, -8.4226744568e-13
-0.499695073671, -4.01259707771, -4.88089687261, 0.0
-0.49969510566, -4.01259705083, -4.88089687864, -6.73817910607e-13
-0.499695107725, -4.012597105, -4.88089687063, -5.0536355184e-13
-0.499695064219, -4.01272485363, -4.88089687492, -4.12747513465e-06
-0.499693387039, -4.0125970566, -4.88089652528, -7.44058134149e-10
-0.499695083488, -4.01259778626, -4.88089687218, -1.24489284621e-10
-0.499695062931, -4.01259708337, -4.88089685888, -1.68454005148e-13
-0.499695060443, -4.01259709697, -4.88089686653, 0.0
-0.499695069221, -4.01259814252, -4.88089687944, -2.83008632413e-10
-0.499695053041, -4.01259708547, -4.88089693358, -8.42274789016e-13
-0.499695079136, -4.01259710013, -4.88089687314, -1.68454827142e-13
-0.49969506478, -4.01259708221, -4.88089686289, 0.0
-0.499695060443, -4.01259709697, -4.88089686648, 0.0
-0.499694971059, -4.01259670392, -4.88089689259, -3.89123230261e-11
-0.499695040704, -4.01259708669, -4.88089688883, -1.68454522017e-13
-0.499695079058, -4.01259709308, -4.88089687301, 0.0
-0.499695147061, -4.01259707223, -4.88089688674, -1.68454545868e-12
-0.499695584048, -4.01260012996, -4.88089687499, -2.41306465676e-09
-0.499695073351, -4.01259709286, -4.88089690317, -1.68455213209e-13
-0.499695057107, -4.01259708606, -4.8808968887, 0.0
-0.499695086397, -4.01259725113, -4.88089688815, -7.07512482913e-12
-0.499695040163, -4.01259708421, -4.88089688304, -1.68454372179e-13
-0.499695074051, -4.01259706355, -4.88089695669, -1.68454529376e-12
-0.499695299273, -4.0125970741, -4.88089685495, -1.39816423291e-11
-0.499695057147, -4.01259708609, -4.8808968887, 0.0
-0.499695065594, -4.01259708482, -4.88089687735, 0.0
-0.499695091715, -4.01259709313, -4.88089687663, -1.68455029756e-13
-0.499695094082, -4.01259712906, -4.88089696032, -2.35836642099e-12
-0.499695052423, -4.0125970823, -4.88089685564, -1.68453956589e-13
-0.499695092219, -4.01259708547, -4.88089851392, -6.77035971356e-10
-0.499695067326, -4.01260636717, -4.88089688023, -2.17905894053e-08
-0.499695055007, -4.01259708399, -4.8808968924, 0.0
-0.499695085191, -4.01259709286, -4.88089689252, -1.6845503225e-13
-0.499695059597, -4.01259708474, -4.88089689253, 0.0
-0.499695064053, -4.0125970843, -4.88089689105, 0.0
-0.499695062342, -4.0125970619, -4.88089705993, -8.59111415096e-12
-0.499695064087, -4.01259708455, -4.8808968928, 0.0
-0.499695058937, -4.01259703036, -4.88089690316, -8.42272429158e-13
-0.499695064065, -4.01259708453, -4.88089689267, 0.0
-0.880000487198, 2.24981268346, -4.76391200376, -595.872833599
-0.499695064302, -4.01259708947, -4.8808968751, 0.0
-0.499695064064, -4.01259708452, -4.88089689268, 0.0
-0.500201078375, -4.01297348853, -4.88075654777, -0.000105385983246
3.10867046948, -0.794838907465, -4.849990682, -1754.4258859
-0.499695061168, -4.01259708055, -4.88089686577, 0.0
-0.499695058215, -4.01259708532, -4.88089683149, -5.05361557075e-13
-0.499695064064, -4.01259708452, -4.88089689268, 0.0
-0.498070252994, -4.16957749673, -4.87200908718, -7.26292108042
-0.500246970177, -4.0125979212, -4.88090113381, -7.69603761486e-05
-0.499695061161, -4.01259709524, -4.8808968872, 0.0
-0.499695065054, -4.01259709397, -4.88089688114, 0.0
-0.499694946627, -4.01259742947, -4.88089696448, -3.55439621239e-11
-0.499695067828, -4.01259707898, -4.88089717738, -2.27411086038e-11
-0.499695046969, -4.01259724839, -4.88089685556, -6.90664608917e-12
-0.499697084416, -4.01259908621, -4.88089688186, -2.04399173758e-09
-0.499695068515, -4.01259707769, -4.88089687967, 0.0
-0.499695064784, -4.01259705316, -4.88089688193, -3.36908280677e-13
-0.499695077034, -4.01259685142, -4.88089688133, -1.38130655534e-11
-0.49969506673, -4.01259722346, -4.88089686913, -4.88519756626e-12
-0.499695059122, -4.01259715065, -4.88089687107, -1.17918267132e-12
-0.499695084485, -4.01259709486, -4.88089687993, -1.68455114371e-13
-0.499695066605, -4.01259708536, -4.88089686799, 0.0
-0.499695066267, -4.01259708131, -4.88089687774, 0.0
-0.49969508014, -4.01259709297, -4.88089697434, -2.35836571643e-12
-0.499695027902, -4.01259708124, -4.88089693115, -1.0107291662e-12
-0.499695076861, -4.01259708308, -4.88089687998, 0.0
-0.499694919284, -4.01259712793, -4.88089687272, -5.89584257117e-12
-0.499695058137, -4.0125970771, -4.88089692258, -5.05365058128e-13
-0.499695097558, -4.01259707648, -4.88089687887, -3.36909316035e-13
-0.499695022261, -4.01259708778, -4.88089681116, -1.51607906856e-12
-0.499695109657, -4.01259709027, -4.88089691896, -1.01073004603e-12
-0.49969505874, -4.01259708096, -4.88089686378, 0.0
-0.499695076026, -4.01259714085, -4.88089688932, -8.42274192902e-13
-0.499695083824, -4.01259710468, -4.88089700447, -4.21135381815e-12
-0.499695069805, -4.0125971128, -4.88089690759, -5.05365127106e-13
-0.499695076042, -4.01259704097, -4.88089687375, -5.0536194334e-13
-0.499695058744, -4.01259708096, -4.88089686378, 0.0
-0.499695107414, -4.01259699977, -4.88089689185, -2.35834579138e-12
-0.499694944712, -4.01259698546, -4.88089688649, -6.23271140348e-12
-0.499695069449, -4.01259707585, -4.88089686498, 0.0
-0.499695062637, -4.0125970805, -4.88089687148, 0.0
-0.499695064183, -4.01259755899, -4.88089727939, -9.75352849748e-11
-0.499695065446, -4.01259709258, -4.88089688995, 0.0
-0.499695060674, -4.01259710111, -4.88089684408, -3.36909187511e-13
-0.499695069449, -4.01259707731, -4.88089686632, 0.0
-0.499694959406, -4.01259708559, -4.88089687392, -2.86369636236e-12
-0.499695059109, -4.01259709432, -4.88089694366, -1.17918358383e-12
-0.499695090861, -4.0125970923, -4.88089687128, -1.68454914679e-13
-0.49969547028, -4.01259710824, -4.88089688845, -4.16081239293e-11
-0.499695069523, -4.01259664558, -4.88089227677, -5.40252199381e-09
-0.499695055882, -4.01259709489, -4.88089687206, 0.0
-0.499695051267, -4.01259709743, -4.88089688397, -1.68454570685e-13
-0.499695057208, -4.01259707014, -4.88089687053, -1.68454123826e-13
-0.4996950784, -4.0125970877, -4.88089687518, 0.0
-0.499695069477, -4.01259708761, -4.88089689524, 0.0
-0.499695072633, -4.01259710094, -4.88089681786, -1.01072229853e-12
-0.499695106966, -4.01259709708, -4.88089688041, -5.05364743107e-13
-0.499695072329, -4.01259706798, -4.88089688036, -1.68454263787e-13
-0.499695078985, -4.01259710089, -4.88089687765, -1.68454795504e-13
-0.499695094042, -4.0125972086, -4.88089639521, -6.30020994321e-11
-0.499695081664, -4.01259709608, -4.8808968739, -1.68454863675e-13
-0.499695076653, -4.0125970963, -4.8808970544, -7.91731848492e-12
-0.499695063533, -4.01259708981, -4.88095731381, -9.2342935944e-07
-0.499695086894, -4.0125970964, -4.88089687945, -1.68455008791e-13
-0.499695052831, -4.01259684985, -4.88089687157, -1.39815460236e-11
-0.499695037158, -4.01259708066, -4.88089687253, -1.68454089514e-13
-0.49969508041, -4.01259719941, -4.88089686556, -3.36909410351e-12
-0.499695030341, -4.01259707805, -4.88089684703, -5.0536084615e-13
-0.49969510237, -4.01259710138, -4.8808969619, -2.18991021074e-12
-0.499695079664, -4.01259708892, -4.8808968876, 0.0
-0.499695058212, -4.01259707228, -4.88089688796, 0.0
-0.499695008677, -4.0125971202, -4.8808958406, -2.73232265273e-10
-0.499695064563, -4.01259708264, -4.88089688399, 0.0
-0.499695056698, -4.01259708455, -4.88089687344, 0.0
-0.499695077269, -4.01259708425, -4.88089686215, -1.6845438334e-13
-0.499695068269, -4.01259705563, -4.88089676408, -3.53750975419e-12
-0.499695057297, -4.01259705262, -4.88089688266, -3.36907909616e-13
-0.49969504434, -4.01259709935, -4.88089689228, -1.68454548236e-13
-0.499695050862, -4.01259708719, -4.88089689063, -1.68454753694e-13
-0.499695060997, -4.0125970372, -4.88089696911, -2.69526010267e-12
-0.499695068791, -4.01259707413, -4.88089687667, 0.0
-0.499695052212, -4.01259709179, -4.88089679764, -1.6845310637e-12
-0.499694999973, -4.01259785907, -4.88089693537, -1.53463197223e-10
-0.499695097209, -4.01259709085, -4.88089689268, -3.36910514435e-13
-0.49969505269, -4.0125970896, -4.88089692292, -5.05365248399e-13
-0.499695063429, -4.01259708413, -4.88089684038, -3.36908325599e-13
-0.499695010364, -4.01259708756, -4.88089690272, -8.42270098199e-13
-0.499695070791, -4.01259707719, -4.88089691283, -3.36909970703e-13
-0.499695064186, -4.01259708869, -4.88089694104, -1.01072893926e-12
-0.499695065148, -4.01259708035, -4.88089689004, 0.0
-0.499695063447, -4.01259708504, -4.88089686254, 0.0
-0.499695064167, -4.01259707544, -4.88089686712, 0.0
-0.499695045435, -4.01259707938, -4.88089676449, -3.3690575235e-12
-0.499695056356, -4.01259708942, -4.88089714856, -1.85298212719e-11
-0.499695064874, -4.01259706405, -4.88089718264, -2.35833182522e-11
-0.499695043472, -4.01259709081, -4.88089710836, -1.34762238628e-11
-0.499695045801, -4.01259709829, -4.88089698837, -3.20062996477e-12
-0.499695056288, -4.01259706834, -4.88089736566, -6.03064860929e-11
-0.499695065261, -4.01259708686, -4.88089688813, 0.0
-0.499695043739, -4.0125971206, -4.88089685974, -5.05364057611e-13
-0.499695049076, -4.01259708931, -4.88089694775, -1.34763913029e-12
-0.499695094612, -4.01259700271, -4.88089685415, -2.0214353635e-12
-0.499695069821, -4.01259711316, -4.88089683458, -6.73816841097e-13
-0.499695082627, -4.01259707149, -4.88089676491, -3.3690588185e-12
-0.499695069508, -4.01259711471, -4.88089687311, -1.68454585635e-13
-0.499695061251, -4.01259708573, -4.88089688527, 0.0
-0.499695027943, -4.0125969793, -4.88089659375, -2.35832500219e-11
-0.499695233396, -4.01259482508, -4.88089906667, -2.50992991797e-09
-0.499695076542, -4.01259706815, -4.88089668012, -9.9387296739e-12
-0.499695047888, -4.0125970899, -4.88089688581, -1.68454656927e-13
-0.499695060514, -4.01259708569, -4.88089689072, 0.0
-0.499695080082, -4.01259708369, -4.88089688777, 0.0
-0.499695056873, -4.01259712413, -4.88089690788, -6.7381869586e-13
-0.499695080355, -4.0125970733, -4.88089686671, -1.68454364995e-13
-0.499695062414, -4.01259709571, -4.88089685215, -1.68454389764e-13
-0.499695060512, -4.01259708569, -4.88089689072, 0.0
-0.499695152343, -4.01259708983, -4.88089687596, -1.85300699037e-12
-0.499695052435, -4.01259716785, -4.88089683852, -2.18990890279e-12
-0.499695068625, -4.01259706719, -4.88089688637, -1.68454448316e-13
-0.499695113812, -4.0125970876, -4.88089686341, -6.73817542936e-13
-0.499695093603, -4.01259710872, -4.88089692738, -1.01072973852e-12
-0.499695082304, -4.01259708086, -4.88089687871, 0.0
-0.499695056833, -4.01259708521, -4.88089688004, 0.0
-0.499695065065, -4.01259707606, -4.88089654812, -2.74576913317e-11
-0.499695066654, -4.01259708758, -4.88089686175, 0.0
-0.499695070634, -4.012597083, -4.88089689392, 0.0
-0.499695061733, -4.01259708126, -4.88089687736, 0.0
-0.499695058253, -4.01259707627, -4.88089688014, 0.0
-0.499695066949, -4.01259708818, -4.88089687981, 0.0
-2379.07904745, -2071.17400905, 2541.42530896, -6.36947966347e+23
-3286.55713248, 4713.45757318, 1289.76469173, -1.82111803267e+25
4348.4399289, -974.160439145, -3210.48067962, -4.37964602159e+25
1624.00417115, -4898.44238021, -931.776493155, -1.61400487601e+25
506.89694962, 119.688142222, 851.325238813, -3.7105092133e+19
-3119.88989125, -1601.19166795, -1966.14972056, -3.89179827e+24
-484.040674718, -193.491828453, 5722.81682083, -3.37101095116e+25
-677.201049188, 5522.91381346, 143.482060195, -5.21688429121e+25
5515.62542843, 2055.9938312, -784.532123198, -3.39454665695e+25
2125.29288211, -3503.1035903, 3004.12322055, -1.1280798657e+25
-286.563143679, -1376.52759573, 2815.27931677, -7.22549764258e+22
883.097429189, -1953.76011166, 4197.74512738, -1.52633140831e+24
1962.816477, -762.720186057, 3657.63218552, -2.30367498214e+24
4441.5657031, 1302.13389087, 282.673137035, -7.84450861157e+24
-3558.34261796, -3581.44362003, 975.164837671, -6.69696193157e+24
2167.60014826, -2998.94180915, 4252.65547998, -1.28019233987e+25
5584.32609048, -808.665973894, 2443.44212241, -8.73572737669e+25
691.997145681, 2857.02332121, 2881.68485809, -4.72705242653e+23
-6745.05545817, 1763.61448511, -1885.5737053, -1.70870729667e+26
3554.70724739, -1902.01519066, 206.575823852, -4.14931159589e+23
-2983.68062024, -1724.09540867, 570.06397527, -3.8873928747e+23
72.8860210025, 1271.49357324, -2244.92741059, -1.33847314237e+22
-2605.47555047, -730.34833127, 2218.04946756, -6.77799679367e+23
-3843.21131973, 2865.7155031, 3514.08055534, -6.97837617327e+25
3113.25067535, -3071.66093688, 5499.53876917, -7.68023204726e+25
2418.82194029, -4064.9842716, 5586.66789448, -1.02913730797e+26
4273.3905923, -294.575591481, -2782.54747016, -1.96679856095e+25
2633.89043519, -189.533179112, -3607.51299041, -1.09284001952e+25
1788.97691731, -981.75999189, 435.161608306, -3.31538304841e+21
-4766.54988924, -1406.05046231, -52.2001087336, -1.20752830199e+25
1390.52613424, -53.8643743213, -605.277966423, -7.30573322945e+20
-1143.51676884, 1746.13173692, 3144.5493641, -1.99136189724e+24
-2933.10659761, -191.747937188, -408.053602281, -2.18708117458e+23
591.120947002, -2059.51058195, -603.22304234, -1.24435323047e+22
-38.4934052071, -2475.25433323, 425.068187287, -1.17778945528e+23
-1240.03463707, -2433.50556614, -1628.17087324, -8.54100962119e+22
-212.268136178, 5632.54401568, 297.714228174, -5.59481482882e+25
-991.691612683, -1036.8866331, 2413.42790635, -6.33704115154e+22
-327.45851292, -2429.44247072, -4337.85121118, -6.52333312521e+24
-2634.50206051, 5296.62479422, 1675.22104441, -3.04056997585e+25
2720.79402005, 97.1661907122, -2145.74272225, -9.53134680104e+23
-2724.90893452, 3643.56727647, 2774.43720936, -1.32509872675e+25
2924.35781469, -731.874485856, -2261.34912839, -2.26228172011e+24
502.07399118, -4564.92201563, 5079.21141766, -9.04697993209e+25
600.182268434, -2034.11461591, 224.309876491, -2.54921586192e+22
-2223.9956329, -6214.20486781, -835.453332439, -1.0656425014e+26
-1532.75587493, 1216.00529035, -184.123634829, -1.87101757912e+21
349.030944268, -336.462319617, 2460.53142175, -2.00818951182e+22
-4912.80513378, 3088.67252696, -2927.6563218, -5.33777795089e+25
322.743150342, 3370.63684098, 5645.30208655, -6.03845437008e+25
2008.34482322, -1031.49479038, -2263.38397828, -7.43116642995e+23
-2212.4550788, 6530.67250549, 3958.18852672, -1.56623421896e+26
3111.12145933, 2313.65338348, -6122.3502791, -1.71273736915e+26
-92.5826806442, -5598.29309315, 3022.66827244, -1.59406885324e+26
1928.24669434, -1951.0871013, 5530.79686275, -2.04981279572e+25
1.43520426401, -138.802995611, 4273.42186837, -2.49964995985e+24
4546.44282509, -1593.90882631, -697.01035464, -3.03456703104e+24
-2555.48374271, 1543.40335637, 318.607119032, -4.22721833745e+22
4685.12022465, 5771.95076192, -1093.836247, -1.70235863136e+26
2949.17661795, 1137.95578418, 1882.25400127, -2.16741901292e+24
-1463.62823319, -143.434226229, 1998.48687731, -8.29114148971e+22
52.2906663352, 2206.05108655, -2967.81737667, -3.89773933249e+23
4648.53459878, 6567.56888195, 5112.23375752, -9.75353437091e+26
2706.72518194, -1738.7681071, 1092.75083259, -2.16916478856e+23
-2882.08963317, 3349.04337019, 1756.70438242, -3.47182880218e+24
3462.08160945, -1724.73312726, 1894.23842964, -2.38482139274e+24
-2318.98295323, -844.949618551, -498.296010155, -7.8335113176e+22
3234.52382813, -1115.42580352, 86.5539473255, -1.63280603486e+23
5382.87082448, -383.829384322, 2723.84494541, -9.44933491608e+25
3021.49786199, 289.880848057, 5963.96456267, -1.20900878338e+26
1735.53718823, 208.576460463, 1210.75767983, -2.8478868664e+22
-1691.58143103, 2350.84122781, -2027.48800209, -5.61380958838e+23
-5916.67423607, 3970.28568141, -6217.49997585, -1.28409111327e+27
-5960.94267237, 2381.06165153, -872.500022472, -3.07530004225e+25
1346.09490943, 679.645620416, 635.882554203, -2.8139254057e+21
-1080.40278797, -3123.96931769, 4083.6220324, -5.87939715581e+24
-374.821589183, 5602.71907887, 2280.55537998, -2.69177108072e+25
-747.070490987, 2354.95997116, -2294.10166026, -4.24174883675e+23
1874.16667142, 1820.19785319, -4764.52146713, -1.42621173064e+25
-1025.96067637, -1187.790678, -1237.29070986, -5.35665117327e+21
3503.0425023, 4777.6150549, 1329.89804153, -3.03245231876e+25
1355.49708124, 2818.05664381, -5397.83908497, -2.07687725736e+25
-3501.33403906, -4358.99519695, -4879.89504847, -1.69891050931e+26
-2344.91947966, -5165.5376539, 4023.88029763, -1.15899308597e+26
1231.94428259, 2825.05501702, 5189.55288271, -2.46493510616e+25
-4492.0860714, 1465.49087735, -5455.82552191, -2.55892568892e+26
-591.748702064, 2723.85026597, -2135.74150582, -8.931999992e+23
2741.43334125, 212.43333876, -473.872152939, -6.67871339091e+22
4352.34131679, -1445.88097958, 2257.28521648, -1.39394214958e+25
4921.41499849, 3038.45162849, 2460.68092377, -1.16138350987e+26
4377.6127496, -2799.66975636, -2398.57150347, -3.00598613768e+25
-3773.61670171, 5288.42424387, 423.190216001, -5.81680982815e+25
2180.20966633, -2384.27735201, -3284.36699793, -9.7261003972e+24
6345.09443843, -4110.47279405, -27.7789402536, -5.97524254197e+25
-3407.89762492, 1348.13299397, 3165.24730533, -1.91266637953e+25
5460.02788126, 2021.627388, -4483.23737457, -1.95282218419e+26
-6317.15081988, 1237.29297579, 5009.37110884, -1.09956346299e+27
2729.52753032, -128.056842464, 5732.0776678, -6.95297392405e+25
-682.327885555, 2747.14593693, -3942.23089494, -3.18004574021e+24
1886.02227274, 1582.71848235, 4501.29775194, -1.09838457355e+25
-4288.50979961, -200.286267773, -1670.85961545, -1.12901777653e+25
-4661.17696978, -3397.7261599, -1697.60865184, -6.29113854335e+25
5368.35799429, 2658.03899438, 4235.44566256, -4.83344354279e+26
-2277.05565043, 2103.67402351, 4467.59085475, -4.86615666645e+25
-478.709589407, -2186.56854715, 85.8329028395, -3.29445363663e+22
-857.783919639, -2069.85064278, -1753.39065362, -2.5661453034e+22
-2955.7550551, 3571.491653, 5165.24892898, -2.5803020292e+26
3694.96552155, 4681.10872506, -6685.02091865, -3.80440381455e+26
-4993.64348213, -1242.16351151, 98.7231771585, -1.4546993554e+25
6232.84145271, 612.795795451, -131.198601583, -6.015337722e+25
-1974.97503411, -2282.71834238, 1093.92057834, -1.41597858505e+23
-3464.52355196, 1504.10056897, 795.063891231, -5.49454083909e+23
-2318.726118, 2592.10796339, 828.01787134, -2.70425262841e+23
247.680592011, 6007.67282516, -3504.68882138, -3.01039932954e+26
5650.87691992, -1724.92366665, -2854.68641293, -1.13655085544e+26
265.832094307, -43.0985602117, 149.349695608, -3.77316520276e+15
1348.59247182, -2029.21435954, 3928.85832896, -1.70434990266e+24
-288.632186387, -573.434171942, 1468.76323259, -5.41538242672e+20
211.937005382, 811.772987165, -4326.64435885, -2.34541234491e+24
3649.35988335, 1765.01802053, -5006.90497045, -8.63186157391e+25
-1112.75125829, -5219.16029029, 157.592388126, -3.41954830019e+25
2592.54512207, -242.976332127, 806.018058895, -1.18574165714e+23
4244.27812027, -4906.03898126, 586.927587793, -5.70085784939e+25
-1982.87197942, -739.968126992, -1300.19216853, -9.47298775762e+22
2948.13298647, 1058.912476, 582.035254337, -5.00331851956e+23
-460.313350671, 51.7908536764, -2166.48077448, -8.93751522491e+21
-5302.75208404, -3021.51020293, -4665.06712687, -6.28856751964e+26
-2175.63043596, 2509.07671928, 6157.20197047, -3.32843784855e+26
-6008.59436296, 1079.99122199, -2222.53004566, -1.12467382122e+26
737.729162592, 1738.46437744, -1764.30663874, -2.93012719738e+22
2230.93936759, -4781.62152552, 1358.23553176, -3.91131970945e+25
28.4974367454, -398.123804948, -1265.63002329, -2.8217033959e+20
-4388.77607278, 1975.20010855, 338.039983345, -1.95056960191e+24
-1434.01112816, -1065.70125574, 2324.56888587, -1.04244771256e+23
5960.40641893, -2177.82995802, -3927.41622981, -4.36179544128e+26
-3637.91896002, 4807.22409977, 1897.66251218, -2.8273829263e+25
5262.25335453, -6394.48987223, 1713.35427645, -5.96716081465e+26
5355.53999886, 2251.93530746, -3179.40766305, -5.24944066489e+25
164.423627164, 3799.34651042, 5804.6855676, -8.8820853722e+25
5075.27802208, 2806.49591104, -230.850422412, -3.28028809209e+25
14.7735924028, 1223.4282765, 2530.42852793, -9.33088686951e+22
-2796.66667166, 1411.47536334, 3907.64002012, -2.94363644031e+25
1605.96833448, -1378.8377502, 381.330751133, -5.10181950213e+21
-5238.20560068, 1713.81659503, -3339.0786018, -1.02381580276e+26
6381.62721468, 3966.70799657, -5019.08174178, -4.72192715092e+26
2095.20229578, 1289.44314132, -970.503754869, -2.32406902488e+22
-1473.87298349, 336.240422989, 4617.1935598, -1.74323906221e+25
-499.225394814, 342.737809088, 698.764461337, -3.61767473805e+19
564.450238099, -1037.45702569, -993.43613498, -7.51591443797e+20
-75.8729510601, 4703.56856807, 1555.94795184, -7.51675459979e+24
-722.060334208, 784.679458264, 1604.23367648, -1.12625520135e+22
-3538.42801349, 2020.96074639, 4746.48445113, -1.67425304591e+26
3988.94767888, 2041.63755004, -4342.53699668, -4.96933080126e+25
-4948.66121593, -1040.17473845, 294.524682183, -1.12760425351e+25
-2478.50233508, 2310.35014311, -6085.65358221, -6.07550314384e+25
2557.23211309, 3633.89766918, -850.86879135, -3.47932216254e+24
2724.55796402, 15.3240593032, 826.914868623, -2.00346791618e+23
-244.739510325, -2151.18431611, -1775.71370599, -1.77977678424e+22
2602.48826471, 1632.34067825, -4895.39480377, -3.35914438452e+25
3535.56733578, -2473.93836252, 282.200148137, -7.92399563396e+23
1662.23172788, -357.188046152, 1111.43278588, -1.30586521402e+22
2282.32283432, 491.215985364, 3996.59110146, -7.51383864572e+24
3701.14797231, 51.556334038, -3794.38557328, -3.5876668313e+25
650.208516704, 3682.82650946, -2438.49301562, -6.58217460207e+24
624.161710947, -4503.51265899, -922.553950797, -7.08522926352e+24
1149.97304154, 4262.19436343, -1605.6964164, -1.26715124687e+25
-2242.96831634, -2456.37782274, -192.222379993, -2.80503384286e+23
374.278686071, 1971.90747771, 111.141368852, -1.2127781613e+22
-3735.44418865, -438.929250345, 1729.615964, -1.93008804661e+24
-1446.80771831, -924.672907828, -1766.72503023, -5.68213553631e+22
-48.7696218806, -1699.26128979, 2410.45976915, -5.59603872259e+22
-1491.83747046, 2846.21884096, 2254.03048343, -9.60958666547e+23
-1022.46536687, -3883.87471682, -2390.65892287, -1.28201483718e+24
868.104152514, 1120.78650336, 2795.66867725, -1.6728969187e+23
-155.186616549, -6722.07783826, -3158.32590138, -1.01349765466e+26
5334.10493202, -3408.80291288, 2449.54460851, -6.10878591109e+25
-482.058411067, -5154.60886088, 88.6336329491, -3.04784413133e+25
-148.355539586, -4139.86857628, 1771.28220254, -1.15511966893e+25
4510.85385617, 5648.24578191, -6210.51447312, -5.98594129399e+26
-2452.37842183, 816.054078179, -1917.47583849, -4.22745144888e+23
3262.65383564, -4795.09324295, 2221.33453725, -7.20092026572e+25
3580.20988449, 4587.00256916, 2593.52650737, -4.60561215271e+25
530.518291142, -1030.93143786, -1053.3573955, -8.94951236006e+20
-2281.74740073, -4747.62345494, -535.770208242, -1.42988745848e+25
139.113409827, 4487.36743539, -569.904317145, -1.26481355541e+25
-137.189801509, 3281.71022842, -5681.11851471, -2.35234787367e+25
-1867.53163576, 442.225419996, -174.406322065, -2.79758794898e+21
-1097.02189829, 2333.34669764, -6574.3224832, -4.11877435538e+25
3115.16759399, 1856.0258922, -2947.78385222, -3.25104140576e+24
874.590440515, -3518.27108878, 2083.38931388, -4.97002331205e+24
610.371453078, 4156.95325698, 4165.4996052, -9.30587501745e+24
5918.20175353, 1180.87098983, -3672.0867864, -1.60460189018e+26
-427.741497671, -846.636958386, -647.290845547, -2.36356045541e+19
5269.80022214, 1923.79631514, -2067.28209611, -2.31727264092e+25
-15.6121726735, 4384.11259465, 75.0256444367, -8.01292416575e+24
3628.16715442, 1351.94113474, 1841.70782864, -7.23487210354e+24
-8.45767535397, 376.253592499, 1971.95876406, -7.92307915731e+21
-2349.83074355, -223.215700298, 961.604428656, -3.69802428366e+22
867.739500031, 6187.01347873, -1779.68624231, -2.16930434187e+26
-2583.35404433, 6937.7104316, 1527.25732961, -2.5743905777e+26
3792.79066727, -2527.03204477, -2584.3139979, -1.95081820526e+25
554.430197868, 3247.07701909, -1239.13096988, -1.47260512319e+24
-1968.06475474, 100.436176143, -3642.64475291, -2.63011760372e+24
984.243755093, 270.955088711, -2146.78295556, -4.6973476315e+22
-1063.84292594, -1678.42064246, -5417.26085967, -2.29888874625e+25
3496.38250476, 911.974241132, -4730.81095422, -7.0975306938e+25
3802.26362418, 3614.60917554, 3714.33659862, -8.54732100538e+25
-772.908742133, 4623.33535255, 492.590362202, -1.09136949253e+25
-3707.50721458, 3744.91419226, 1157.53200118, -6.82169554667e+24
1435.65769707, 4996.1460311, 257.021637607, -2.09643427232e+25
-2055.33548204, 3327.26006282, -2362.74841117, -5.79006963563e+24
3319.31324552, -2575.43723445, 1701.8846892, -2.50146249259e+24
-1111.00458103, -3715.44827877, -2615.16698888, -1.10600546088e+24
2430.20115771, 539.846310543, -1723.17389124, -2.01867340127e+23
-468.227362988, -1939.71760907, -4554.40580991, -7.3188614009e+24
1674.98761471, -4244.67117082, 3285.97751242, -3.51754156381e+25
2074.50675505, 3735.26303094, -4161.28451765, -1.73597563065e+25
-1949.87389054, -838.012176626, 91.8689951164, -1.14509655462e+22
2898.17614072, -345.063192616, 1797.21428382, -1.00353483435e+24
-4784.99731359, 214.372338846, -2740.64915766, -4.96644827393e+25
3815.67557475, -6559.09546446, 2931.40871016, -7.59735894852e+26
-3369.21931889, 5543.78495519, 6685.4415977, -1.94316601579e+27
2521.2301761, 612.379789697, -1076.09204233, -6.72743332389e+22
-3998.58242974, -4309.9324478, 1144.9306307, -2.35846895267e+25
4671.02285927, 6024.18982865, -3173.71580048, -3.08052503233e+26
-2243.40916958, 1531.80541914, -1735.85967949, -2.12612835901e+23
1053.49995031, 2167.44233557, 3163.8559484, -7.06559097553e+23
2785.8885976, -3764.03488239, 2597.39571828, -1.75206588025e+25
1040.86690172, -3524.91303105, 3073.76856744, -8.64281373787e+24
4783.77365181, -621.543579027, 201.263766294, -5.30184635125e+24
-245.955060703, -4375.10342057, 6354.39060542, -1.16235662404e+26
12.640864715, 734.573021689, -498.462826786, -1.82462181078e+19
517.70901405, -707.457531472, -120.288406335, -5.23610326537e+18
1874.70153148, 5780.88194827, 1764.8960207, -4.42686746074e+25
-5681.99097924, 2840.72338426, -1175.62973384, -2.7728145005e+25
-3212.2282893, -1166.13304816, 366.043746639, -4.60659618079e+23
-3608.93498982, -2009.132672, 5019.8458549, -7.96232535176e+25
4337.11582708, 2228.72422255, -5743.00065959, -2.73519168402e+26
-5391.21255576, 5114.5294668, -1631.27852595, -1.63220563718e+26
-2530.93026589, 741.436688847, 2504.75217392, -2.06960132253e+24
-494.585613868, -3746.71705741, 3450.05942998, -1.18594966311e+25
2248.2714033, 463.782240805, 3133.23454615, -2.40301738021e+24
2695.41670347, -136.295782145, -2329.68071717, -1.43770520759e+24
-4862.7829941, -835.188806786, 3547.98410114, -6.10921014549e+25
132.81847063, 6541.52964622, -1987.85910937, -3.61157739008e+26
880.207605103, 2814.85018855, 5201.57189961, -2.44042432558e+25
-2022.43399096, 1115.07356998, 2617.32254804, -1.56907141189e+24
-1617.9520373, 678.214320358, -1943.10602114, -6.6519738945e+22
-2803.93352556, -423.069568063, -232.958527898, -1.52382471143e+23
216.206912503, -2720.54217751, -1088.36386971, -8.40464267796e+22
-3008.2935308, -484.946295279, 4244.42202104, -2.96376620565e+25
-1622.97073014, -2985.04535529, 1925.336849, -1.16346785824e+24
4964.37303283, -2532.95015336, 3008.13853586, -5.48773839584e+25
2493.7389734, 4544.02162514, 4409.93088262, -4.31353750997e+25
215.886155909, 919.873055557, -647.25873127, -1.06292298455e+20
-3568.29526785, -444.266012531, 191.741164074, -6.84410313159e+23
-527.496501632, -53.882198528, -5651.7674045, -2.01612717934e+25
-1299.55347966, 1866.30243468, 2469.79402125, -6.59193993448e+23
-3739.11283272, 5957.60278279, -2487.42442831, -3.53510697323e+26
-2385.73934044, -571.220213028, 701.961495147, -3.01062470494e+22
-4081.33860815, -3907.23909718, 1896.54248771, -1.64482938732e+25
4569.85262037, 1067.85088674, -1214.27755433, -5.27863381549e+24
-5080.72152021, -6243.22068109, 1711.65436432, -3.36765214927e+26
5271.91754928, -5081.90895044, -2697.58197266, -1.93051786007e+26
-2558.81115114, -1784.06790958, -1732.74083193, -1.16362924062e+24
278.229481864, -14.0704877518, 761.292805255, -3.82904924876e+18
3899.52047609, 1713.23337633, -337.868919528, -2.7591469352e+24
-954.08371575, -2236.619716, -4179.52626313, -4.19286661876e+24
-2815.55424001, -732.274472689, 2822.10056257, -2.70736300546e+24
-1767.40552012, -3006.34092724, 4381.39996787, -8.54311502592e+24
-1666.20525171, -852.77117084, -1181.29910316, -3.29862616503e+22
-2958.78395001, 1587.68167196, 1041.71479711, -3.73097755718e+23
3245.72692807, 1010.2721705, 538.338009278, -8.90842895522e+23
-3155.76446591, -2557.98679863, -1386.30124158, -3.88377222925e+24
-722.951772514, 256.321462724, -946.911082841, -1.54904587294e+20
2438.19889845, -3460.85439123, -195.129518915, -1.9891627211e+24
-1042.88446795, -405.596541622, -1143.3186949, -2.35561038275e+21
3516.98539067, 1928.07676292, -24.0942243992, -1.86592840635e+24
1506.89198507, -3290.49578117, -3844.88810222, -1.66363020151e+25
-4555.5360878, 5760.31215899, 1931.45540854, -1.20041692317e+26
-1766.97153446, 1802.10674427, -1141.62637306, -6.63404555033e+22
813.896016194, -3119.06943196, 3556.68727302, -5.06044836221e+24
-1453.06614342, 2996.00402575, 1461.68732785, -3.40639188939e+23
2605.59258327, 885.781779905, -6259.94705453, -2.03496094832e+26
-600.862488412, 3798.61577577, 1732.87677676, -1.19869405547e+24
688.057165594, 224.954993302, 2094.87785479, -1.21605412851e+22
-4536.33490947, 2595.32006166, -2022.86793317, -1.4160214619e+25
-2247.51118143, 597.310174992, 363.000515779, -1.05175499678e+22
4526.01716995, 4591.22037902, 1170.14495025, -7.40327048042e+25
5518.09870873, 2987.21516619, -82.2807156649, -6.62643476959e+25
6045.56104624, -1428.21696766, -3171.58149894, -1.97485883444e+26
1965.69790353, -3129.11422829, -530.501802839, -6.57388277477e+23
-4251.62047968, 5694.20937058, -4510.98946139, -6.00431636861e+26
1324.97823682, -1477.0814945, 1143.73604106, -1.52127239494e+22
-3615.1785769, -469.753049304, -849.605603333, -1.85418681512e+24
-1957.82759711, -2087.77809161, -2102.91960242, -6.15509822158e+23
-2125.11456861, 1593.96556108, 3691.72423134, -1.26244265174e+25
1227.79595735, -1479.42144421, 651.69503699, -6.89155941603e+21
352.861305759, 3726.59721708, 286.219091203, -1.90358424033e+24
2082.83795239, -205.976229659, -5549.8973224, -8.81125637231e+25
-3999.78495134, 4019.73134974, 1909.30337732, -2.02358428427e+25
539.022459011, -1107.07033481, 51.3168198016, -2.02001056569e+20
-1087.34539729, -1339.66835857, 1153.94659333, -3.35549673578e+21
-4510.15625617, -3896.02297987, -2943.78494525, -1.26913098964e+26
-142.1951007, 5196.54220139, 2018.572363, -1.50087819606e+25
-1194.91483021, -4074.87749954, -3172.47951668, -2.82692357637e+24
50.1024275935, 3995.07563268, 1046.17615549, -2.32348738284e+24
-3460.2081705, 257.117918437, 2614.48313954, -6.3042141212e+24
-6053.51735095, -4236.69555209, 924.743098082, -1.66639590728e+26
1726.34177097, -8.89343620503, -676.199173923, -3.15876624342e+21
-5791.5814281, -3252.97758523, 4690.70544347, -2.46815668005e+26
-1171.62892161, 2958.19702479, -2269.78752959, -1.95682129395e+24
-3580.83534885, -370.464828688, 3492.61131847, -1.96439919848e+25
2551.59986018, -2358.27987633, -4765.1259154, -9.18118558487e+25
3230.14664047, 6083.96907398, 1325.9138804, -1.01857359867e+26
-2230.58466664, -420.110047633, 4728.90376208, -2.93870082566e+25
3768.45464821, -6389.7803521, -1617.95275976, -1.68453400412e+26
2932.37894384, 1701.44459006, 2267.97163209, -4.00240847364e+24
-1261.98782281, 753.732528572, -2128.45552962, -3.87097537949e+22
-2883.96839402, 825.285863535, 3698.08773471, -1.98399971858e+25
2007.37542704, 4121.26562599, 3.48346343774, -5.4290491745e+24
1340.57699533, 5925.2114687, -6673.00576571, -6.56524162335e+26
-2566.67881098, 528.399668754, -3195.01937006, -3.42161746723e+24
1464.70851774, 3213.85802504, -2049.37069666, -2.05649335645e+24
-4602.62230054, 1498.5435806, 2798.41013533, -3.97148731583e+25
-2507.39262007, -23.3740891059, 2116.16374561, -6.73224701595e+23
190.774916126, 275.950429645, -29.694387544, -3.33960875406e+15
1601.89835711, 686.046598303, -377.221022158, -1.74787839713e+21
-401.703691822, -3930.50787863, -1558.34066117, -1.55417293282e+24
2841.30567204, 2323.49968737, 1843.62732021, -2.91253751019e+24
1363.3315483, 4290.36448742, 1643.62813638, -3.61779814658e+24
-2903.76523753, -2682.76051731, 816.186511846, -9.19886145135e+23
4947.68110088, -3459.53956404, -2818.11497649, -9.7592061327e+25
3950.92416821, -4248.21563018, 2982.94441974, -6.55061220861e+25
-3454.60978493, -2297.35859491, 3003.29182395, -5.01171549625e+24
-4175.11550342, -2816.21732644, -4600.11477675, -1.98711393482e+26
230.104003268, 1982.75240157, 6105.74142739, -7.45590887954e+25
1928.1162657, -6024.45887074, -1107.95357277, -8.48220098117e+25
3104.15588465, -2301.32483229, -878.779086514, -5.92001554984e+23
-3362.49695159, 1065.35753948, 24.3225243124, -2.14896909098e+23
-4578.53179158, 3305.42708617, 3602.40521087, -1.55287818651e+26
-931.589006563, 4798.50020842, -426.189925874, -2.21616019526e+25
-3254.57871539, -2218.61100559, 6543.5028682, -2.96673294792e+26
2079.73909425, 2989.34394344, -2743.65815082, -2.07775829758e+24
3628.24298904, 1462.38172394, 1261.46395759, -4.52433120838e+24
-1563.50295303, 116.172232489, -2740.89578166, -3.15970077331e+23
-1423.47828052, 1479.3391402, -609.635607697, -8.30582154417e+21
-1932.09076734, -102.246646944, 1097.53508898, -1.84281245971e+22
1197.50496451, -2968.37821206, 2376.80046569, -2.12546875083e+24
3328.35969995, 4279.36338886, 3261.47313689, -4.38583622215e+25
3341.23379067, -4641.4119363, -1612.24420815, -1.75731189207e+25
-209.989372457, -2184.36822794, 96.4607043081, -3.32848728656e+22
4565.90752187, 3869.5040992, 2197.93766016, -8.79907449153e+25
-1139.02319302, -1164.42006798, -4319.97367655, -3.9087320174e+24
-1392.76724289, 5059.61883409, -4435.34471787, -1.55615834222e+26
-148.260160713, -4694.2497132, 2048.69834944, -3.21258246223e+25
-1753.30259093, -3430.87775279, -283.711807828, -1.15075010862e+24
1992.95503495, -2456.22331274, 1814.77162084, -7.10294371153e+23
-2677.15258533, -4032.98060802, 3981.99330729, -2.58646503628e+25
560.388821593, -6888.01630784, 212.105221399, -3.34542132153e+26
-2093.95497907, 76.537057788, -4368.21805581, -8.05739974811e+24
-3417.93108539, -839.603784502, 3324.66351659, -1.12815883349e+25
-4056.49654549, -3732.22795251, -2775.47539581, -6.39106950218e+25
6531.74630397, -5043.77946082, -2871.52256261, -5.21379812048e+26
3312.20243676, 5396.74254051, -3305.19390974, -1.28955086973e+26
-2628.28689088, -1483.44897674, 3164.42526092, -2.82150311207e+24
311.169523516, 1727.95164391, -3473.14147864, -3.74237610866e+23
3324.51457801, 2456.39671843, 2256.19595697, -9.98974172513e+24
5415.46158881, -2977.64458685, -1979.71203853, -5.24723868367e+25
-643.803595328, 3466.08954954, 1251.85430328, -6.67165222374e+23
-2038.11638185, -4387.42682498, 1532.21505865, -1.53823949112e+25
5081.95128079, 335.716659902, 1710.5746995, -3.68089294787e+25
-4909.19923758, 2307.10212225, -3834.4934775, -1.02557847005e+26
5197.20595502, 4735.26367735, 1399.11042051, -1.76805728327e+26
2539.73010812, -706.736871942, 989.488166272, -1.10943433984e+23
-417.585984942, 2937.90448561, -1935.4165734, -1.24278065934e+24
-1832.63849531, 2152.63285603, -423.818634151, -9.05190564093e+22
-2036.14476016, -4743.35980689, -875.156893653, -1.21045434485e+25
224.192332706, -665.873245412, -2524.53734224, -8.13811055525e+22
2842.23788906, 2428.47279118, 2708.81929548, -7.06600262912e+24
-3067.858089, 1928.88403782, -2061.2985266, -1.65804372341e+24
-6003.27388915, -1269.17604222, -3140.04484482, -3.44587886663e+26
-5966.32850666, -2029.24896786, 645.894933777, -6.23503551092e+25
-3354.67937631, 5629.28104074, 1813.24474219, -5.97653801525e+25
-2360.61318745, -2473.56403946, -4839.66972385, -3.26401555261e+25
2221.42439407, -520.084924355, 994.351500017, -5.15176881412e+22
-272.135064804, -1541.08752317, 3772.80103557, -6.5202498581e+23
2996.85844146, 3175.00538172, 2754.5128015, -1.23495530263e+25
3104.65066628, 4983.35483278, -3741.59891174, -8.62015675657e+25
1598.27747218, -3145.80089608, 5101.86771294, -1.95810576771e+25
-3918.96665957, 2136.43294036, 5869.44386994, -6.48425549275e+26
1423.24341827, 5117.84879456, 1079.33220671, -1.90042669423e+25
943.858483246, -11.1509398947, -1751.8579554, -1.54688172509e+22
-1742.58457909, 4402.31828783, 855.227196557, -7.28404791304e+24
-3060.87686565, 2059.14362087, 4147.92634378, -6.06049774145e+25
458.517934501, 1457.61462703, -1663.52058261, -9.0784706487e+21
3406.6826691, 2040.43126195, -357.25477626, -1.36169350712e+24
159.213087251, -2028.13141053, -6146.98090939, -9.31140300348e+25
3337.06118049, 2657.84083642, -2205.7980512, -2.14437525769e+24
-1129.84934318, 2185.78404899, 939.914493384, -2.71321180332e+22
3680.63053603, -5692.20233268, 1031.47021479, -1.57012932185e+26
-4217.92111835, 1862.25406685, 824.433285418, -2.23818596022e+24
-3761.34762099, -1848.44757015, 4648.53928855, -6.143536747e+25
3520.17305306, -626.799664796, 1682.90558169, -2.48602459728e+24
3091.83765356, 6032.52986792, 1349.94582643, -9.09506947802e+25
126.653349755, -2851.85559244, -1068.86773059, -1.26428912352e+23
629.686939645, 341.151408802, 1009.67341644, -2.01841668162e+20
4876.30753374, 278.577685387, 4147.05523216, -1.81203404197e+26
-4695.14702306, 306.172053717, 5360.15596177, -4.38727053484e+26
110.338569632, 2820.6292957, -4095.92177339, -3.48020224963e+24
1791.5153497, -1433.14830351, -3428.18124579, -5.6638729376e+24
5733.32719803, 1859.54528304, 1753.03900288, -1.34178663374e+26
-4218.05397176, 1897.46587768, 2521.43279012, -2.2165599116e+25
1415.12259689, -4776.35900377, -4033.09429092, -3.58741939645e+25
-3411.37923075, -1109.1957744, 2913.34078706, -5.62534198087e+24
-921.246767604, 1186.65064394, -2721.40016719, -7.19549724472e+22
-392.299749911, 2510.94256687, -4901.73385427, -5.21213268059e+24
292.807121838, 5658.93552279, 4795.21973864, -5.12439856346e+25
-5240.49101392, 4214.26743158, 2867.36371695, -1.61074135365e+26
3901.85772901, 1321.56509282, 1368.15903696, -7.31996116912e+24
4177.91219851, 1211.61654502, 510.337863221, -5.63794341556e+24
-4679.39280015, 389.125170944, 3239.84327655, -5.13411288159e+25
-4870.98986015, 477.164768837, -822.669702754, -1.02530010627e+25
106.370660447, 1956.19852153, 338.855286731, -9.14024930251e+21
-4563.92983374, 3550.73808629, 4629.4048649, -4.37375247069e+26
5122.68919221, 605.984909374, 2814.21283005, -9.46729406754e+25
-165.957621364, -2658.5025136, 2748.75308967, -9.50415937641e+23
556.455938539, 1155.58411937, 1198.65870401, -7.37011798866e+20
-2182.3746345, 345.621841701, -5268.2234002, -2.39885067497e+25
-1914.56963504, 216.473731032, -2832.8686792, -7.15651878777e+23
-3112.76590894, 2592.05413012, 3610.79768435, -3.8788964741e+25
-597.892861024, 4082.94463337, 2891.66022704, -3.10559055912e+24
-213.432289916, 1508.93056314, -3440.23835608, -2.41976382898e+23
-408.052797127, -2076.51822048, -5434.83629405, -2.93849319495e+25
1332.29511371, -5214.76763092, -1881.51672203, -1.84097384682e+25
1565.94890841, 1155.08989481, -952.356911705, -3.83422468665e+21
3734.17975389, -4435.67183198, -811.850480883, -1.58476296776e+25
695.632374121, -2031.12188176, 1542.38801899, -8.92601955835e+22
301.165571115, 1599.14935428, -209.077742073, -3.22649586461e+21
5978.76188252, 902.788057844, -4545.16886417, -3.85681531154e+26
-326.857253987, -2668.46475343, -1217.55061964, -6.34317202792e+22
-1849.7081175, -938.795323455, 1154.62579525, -1.17360684448e+22
2336.95965275, 819.845223677, -396.921706696, -3.21550506432e+22
-2871.46334066, 2782.45250367, 3979.12158099, -5.27885492395e+25
-594.302018994, 625.152848384, -2550.55051633, -2.5781554604e+22
-197.582091287, -28.1592020074, 397.509299591, -8.61573415599e+16
4870.72134292, -1670.51089056, 317.148944367, -4.74993605471e+24
-330.339549713, 3687.77932202, -910.737901117, -3.47321529143e+24
214.74998811, -2105.20079311, -332.980995633, -1.74543274609e+22
-742.056570189, 4960.44878607, -2683.10255224, -6.65486351142e+25
2495.98657894, 5137.61918448, 244.759743465, -2.95754629276e+25
4787.48522205, 1365.51540654, -1687.37923605, -9.23367145434e+24
2175.78889436, 5585.75867192, 4120.7911917, -4.40604187323e+25
3592.94239239, 1843.43500821, -832.900363231, -1.37661522118e+24
-415.052235362, -1022.72709522, 380.824438846, -1.37399310818e+20
3384.49526629, 3158.03115129, 1402.67312553, -8.04870356991e+24
-2913.10614961, -4944.73271517, 3030.2000845, -6.34155252446e+25
-2102.45014486, 5514.22772685, -2505.97809214, -1.57753457373e+26
924.520298821, -1740.86019105, -473.508658649, -4.50567165034e+21
-772.406604482, -2483.13815865, -2712.99629536, -2.59305697467e+23
-2902.83969198, -209.420832967, -482.692226508, -2.24488051351e+23
-2032.27557069, 409.042797783, -516.095265474, -1.12841001005e+22
5925.7078475, -1738.36394256, -5759.53407952, -1.73142233758e+27
-4631.48581646, 649.234259015, 1343.70167122, -5.59493277248e+24
5339.9852006, -3218.94074666, 1839.45795202, -3.57712895857e+25
2930.00391442, 4694.45971689, 890.677975609, -1.66669304421e+25
-580.58369724, -236.714320289, -133.812831553, -1.38832150717e+18
-3347.50966499, -538.03842566, 1315.65552993, -5.70632729609e+23
3950.51956532, -966.047785436, 3923.81026868, -4.47351050122e+25
-301.943033917, 2467.81601878, 2695.68949693, -4.41370222581e+23
-746.341739885, -597.992204533, -2962.94648147, -1.68101545611e+23
-3314.99663002, -4532.21879831, 1515.7718669, -2.3650277672e+25
954.673981186, 275.10652006, -1884.27685758, -1.94190499783e+22
2680.70842533, -3332.80238645, 3100.88024764, -1.20500858262e+25
-2518.25450703, -4229.51882264, -1608.92649691, -6.81750675393e+24
-1778.80106695, -2173.04441865, 1121.42599282, -9.20583080259e+22
-331.722880214, -97.515922286, -2148.60342482, -8.84993660605e+21
-177.476586413, -5426.33741683, -6.09305059009, -4.49048262321e+25
2365.27385819, 1530.3892875, 6219.4694975, -1.07842440777e+26
1883.47626333, -67.5947044477, -1699.74115931, -9.6620558605e+22
-2387.42610687, 2379.22451689, -2796.67227212, -2.22719362227e+24
-2281.44437731, -2874.70460224, -944.026910965, -7.43690969424e+23
951.73904054, 114.192469594, 2446.15152061, -5.16153249989e+22
2819.84823135, -872.667079438, 3948.68293831, -1.12823576891e+25
-2637.97019526, -62.4977956792, -3782.86585502, -8.74464710386e+24
-1977.22623505, 1831.63274955, -2771.97370221, -7.58632181895e+23
-219.736503985, 5097.44752662, -204.276370856, -3.03396664351e+25
4085.17261584, 2377.96080786, 4451.25121072, -1.49080874347e+26
-2620.23367866, 2245.42592666, 3141.80162279, -1.16258151754e+25
3646.61552536, 1839.57686967, -1190.65791229, -1.43165059959e+24
-3464.13914146, -3176.86862156, 1010.45768547, -3.6546623706e+24
3401.26672598, 1805.79400582, 1317.95336521, -3.78691628305e+24
1865.30595892, -203.595885555, -1192.94984151, -2.57983267043e+22
-5331.68963816, -5962.70949876, 1184.23743548, -2.81927898316e+26
-4408.17859247, -2330.9387297, -4879.99641989, -2.76684731296e+26
-5418.95210586, -494.900943327, 868.817054829, -1.58482993221e+25
-3361.57725165, -6156.34286285, -1200.57193163, -1.17870377824e+26
-4474.89959855, 1296.55326927, 756.585177793, -2.70950574659e+24
-888.423636441, 4717.57417701, 2902.44695322, -7.94273669049e+24
3843.03108564, -1927.68359664, 207.014679419, -7.18965319336e+23
-6431.80834778, 3387.47233199, 4109.38103714, -8.92460538893e+26
-1794.01472367, 1919.35534476, -3450.3250726, -1.48609465845e+24
4811.94849782, -576.057362381, -220.364313622, -4.65477523225e+24
-366.44087492, 919.321903228, -6028.33095683, -2.64959069701e+25
-2777.59318529, -4750.67241278, 4600.42332442, -8.73093251302e+25
-3360.06802572, 2995.25971633, -279.171898853, -1.67652902437e+24
-3240.64542862, -2788.65133195, 2380.73892654, -2.44624146522e+24
159.691553726, -5443.91241488, -2326.61284545, -2.0301939418e+25
3736.53045886, -1630.20249357, -390.401737283, -5.75365000524e+23
932.786565569, -1250.3094978, 2467.23818717, -4.64041262347e+22
-1958.57007614, 2686.23132075, 325.309773315, -2.48605401246e+23
1841.20554383, 827.042524681, 3525.06963235, -2.34353015047e+24
-2313.03858143, -810.561853164, 1130.11886855, -4.17578443566e+22
-300.39879427, 1355.10744968, -344.312863585, -1.27383597307e+21
3190.49424235, -3505.15721357, 3441.14617884, -2.50206895601e+25
-451.338511213, -483.714558713, -2998.76354408, -1.5641211511e+23
1427.95369041, -4878.84948874, -4153.85615277, -4.36972248906e+25
3616.13102607, 552.731409781, -6032.80202986, -3.3560829729e+26
-4283.44733792, 5571.43089125, -3743.15934412, -4.10503999102e+26
3722.52175601, 497.738321402, -4818.85023294, -1.05199856932e+26
-4222.4894377, -1596.33811928, 2832.12212717, -1.15297459502e+25
5976.62283979, 434.855179532, 1821.86334165, -1.20684094648e+26
106.078032773, 515.153829249, 3165.05255483, -2.97425241448e+23
4445.0667164, 2881.01915849, -333.973512938, -1.37551764241e+25
2360.42046012, 5031.17940143, -6750.07139812, -3.16892369181e+26
-2329.02702226, -3710.39946273, -1773.94012321, -3.11901414842e+24
-3246.05871608, -2133.89500335, 5045.34556617, -5.95788413796e+25
-1791.18637308, 2436.3069278, -1255.84802831, -3.85979253806e+23
-3801.49626003, -6962.63643055, 1467.52098593, -5.15727512408e+26
2676.88196525, -690.482850754, 814.052220475, -1.17770871889e+23
-1080.52498646, 987.665911452, 5028.43689794, -2.86524952819e+25
-2437.76602609, -5623.57053289, -905.457336069, -4.90514899598e+25
260.332346461, 1189.15135367, 5615.10885355, -3.06744303952e+25
-4356.76772048, -1976.61334675, 1724.51683734, -5.61990805727e+24
-3945.16894011, -5532.93441438, 600.375462142, -9.12099612679e+25
-764.358381797, 2146.42368377, 2452.87135846, -3.6452291101e+23
4391.22228528, 3958.08681471, 4319.73239589, -2.61976159295e+26
-1087.08019179, 619.984761395, 2597.87321135, -3.29510792805e+23
3763.9500973, 1321.78444873, 1070.70281343, -4.53971046392e+24
2000.041389, -1879.40852926, -6707.14103463, -4.41812746623e+26
2799.53008887, -5096.80850139, -3780.55644529, -8.55784173101e+25
311.803402083, 1489.91621798, -1090.4126002, -5.29521454252e+21
1603.67754639, 1190.62276235, 285.021033928, -8.18555164808e+21
3178.02100437, 812.564600218, -301.217313036, -3.38400095861e+23
-308.643659811, -841.87110197, -3243.35115262, -3.66607668308e+23
-972.204165548, 3259.95782664, 785.060375609, -5.52420913939e+23
-457.947978441, 1930.65899609, -1851.32126531, -7.86933409722e+22
-804.42574837, 1038.38852373, 334.534393904, -1.26602900812e+20
-5372.10068146, 6679.52581743, -829.588614738, -6.258731764e+26
30.9079252721, -87.0835619424, 5622.32708155, -2.2756331073e+25
-2065.40711388, 828.205926033, 29.3967485133, -4.2246140534e+21
-313.317452298, -3761.01161263, -3764.15580032, -4.46657675633e+24
-1234.75303568, -856.260380032, 4387.2653812, -6.37464225063e+24
-3313.21551317, -2112.28555988, -1989.36162297, -6.78287204765e+24
-3702.50570685, 3682.19567551, 4933.71933328, -3.42291689536e+26
-998.977150042, -5136.97408787, 2822.95692358, -7.69462417321e+25
-531.887646382, 4909.90974372, -1870.88240285, -4.45642015283e+25
824.876916408, -3356.75642436, -449.059174547, -8.26257042853e+23
4916.3449772, -2586.86533554, -1710.61013908, -2.10287636039e+25
-5702.99137249, 1661.26644993, -1897.07359953, -5.47611287071e+25
330.198724533, -2956.32571634, -2698.12992927, -6.27081501108e+23
-1867.14386866, 5034.48358042, 5309.84879463, -2.21877979055e+26
3286.11566176, -233.897166793, 394.069036717, -3.83839914008e+23
1238.10409046, 6835.89953803, 4298.6386886, -1.07046497895e+26
1393.289661, 3415.72410517, 2356.27710819, -8.21753683366e+23
-2701.02950352, -5237.22101726, -4151.69994104, -5.87737857607e+25
-2060.5735807, -1393.17830273, -2984.36926417, -1.87443822321e+24
-914.083265954, 2091.30850778, 4403.11144639, -1.5160570456e+25
-2519.04543593, -123.665504109, -2045.60064214, -7.95580612835e+23
841.178157907, 1457.31397252, 3095.97094616, -3.76721462213e+23
-2548.23498336, 3169.4311661, 2272.08506177, -4.29087711385e+24
-6124.13692888, 1334.02396803, 1847.77928353, -5.9648106227e+25
369.769279035, 2319.73890704, -4884.28322424, -5.3309505444e+24
-494.051368443, -4289.62514931, 959.183870573, -1.03097754611e+25
2884.10190995, -2591.19590768, 6827.32496925, -1.66070460203e+26
-396.459948297, -6450.81243816, -1574.30951593, -1.10108472083e+26
4865.08771426, 299.874679899, -2371.24802825, -1.92726103422e+25
-2058.18397401, 917.094914375, 1198.05874685, -6.48915383901e+22
2303.24719807, -436.976872057, 1206.44758239, -1.00006312988e+23
3177.75438334, -3197.00334352, -475.167840233, -1.66488621287e+24
2273.15885518, -656.529615191, -144.681827597, -9.46750050228e+21
5581.41528972, 2556.65386968, -6374.87970802, -9.87050612972e+26
64.1128185339, -2186.29769363, -2670.35150966, -2.63557767725e+23
-1040.60319918, -4386.1516651, 2581.72356099, -2.30455462523e+25
-1888.98371975, 2867.02913022, 2550.69550387, -2.67665624322e+24
4542.61056008, 1334.62324209, 1290.39453066, -1.83787178299e+25
-883.08490059, 1602.96636924, -4613.59288647, -2.53066607669e+24
3972.83646098, 3393.94463432, -3466.94153457, -1.84098410241e+25
882.514884828, 4775.40938937, -657.373799787, -2.06006684403e+25
4229.05211853, 1156.89061947, 744.534886409, -7.06423737428e+24
3164.10668359, -2642.01611644, -1114.09717074, -1.20756783352e+24
-1523.66458384, -252.512110025, 3180.33827941, -1.28645573064e+24
-1416.73476086, 4305.2437976, -2401.29465976, -2.52481600793e+25
-4346.67091193, -1484.50187152, 2490.76614662, -9.33665334425e+24
-5923.91619491, 108.511638873, -5258.73209245, -9.22642936291e+26
2886.46005362, 4314.52526484, -5853.4955085, -1.24918174711e+26
-71.3454666593, 1153.71472727, -4556.81343075, -2.61467246238e+24
1715.9199374, -742.032166562, -2252.19740826, -4.03228703584e+23
-50.0294132051, -2898.59056502, -964.06859785, -1.53906972325e+23
-2445.00117713, -5714.35014414, -5291.90184177, -1.28111431785e+26
2353.90133223, -2839.46104578, 744.106210904, -8.95250332509e+23
-1671.73859651, 3390.03000888, 2003.83537272, -1.30041409191e+24
-1246.69045374, -1761.95107977, 680.774111357, -1.27364425789e+22
-1437.96400798, 1460.47493031, 2995.34183212, -1.8361692743e+24
2137.34656019, 3508.61276593, 940.83484688, -1.53745937718e+24
480.918209256, -2974.58561796, 889.717829015, -7.08374426498e+23
3522.58302493, -2694.68018794, -4260.64673255, -1.18255075516e+26
-314.161864932, -1196.10217803, -4708.7151158, -7.58271855306e+24
-3038.02592191, -208.980156717, -6856.37891096, -2.54677018328e+26
2233.37455808, -5219.68811046, 2669.12524962, -1.17305330383e+26
-729.882613026, 2411.64474028, 816.920124229, -4.20714637253e+22
-1736.38638148, -1393.05271768, 5726.905188, -5.39386930554e+25
5961.51910516, -2908.0998787, 115.653947133, -2.24213871915e+25
-934.394034448, 4048.12589508, 2673.00376252, -3.02863227751e+24
-1516.85186487, 5588.27550323, -5293.14904847, -3.88727538583e+26
-2655.65963189, -4468.87031264, 358.043829552, -1.30415133158e+25
-1568.60744218, 1298.79386243, 1190.53431349, -2.94313096237e+22
-121.53391609, -2434.39748559, 2776.93224951, -5.70507500077e+23
556.699056397, -632.677824581, 699.124836967, -3.42497787365e+19
6453.10561878, 1850.01867032, -122.242909596, -1.23961806587e+26
2432.55865958, 134.185256817, 1234.29494581, -1.92844022952e+23
186.225294948, -3834.00069877, -4691.05439987, -2.50614894919e+25
1663.1436881, -804.933336061, 1639.17141288, -3.83888092141e+22
337.336340774, -2460.02152313, -59.1631646269, -8.1006682133e+22
-1846.75067569, -4862.92781931, -2181.95763821, -1.02819771003e+25
-360.885475428, -594.683812312, -5275.44837327, -1.45961591802e+25
3421.82959961, -1564.72860385, 186.262965722, -2.69817224703e+23
-732.692554135, -1972.3847739, -3662.62550852, -1.4378222494e+24
-4777.6314762, -871.597642809, -4336.3537219, -2.09151672068e+26
-1747.01312116, 6671.30316777, 1656.42242431, -1.62445553947e+26
2184.17007876, 2148.43161941, -1931.28045561, -2.29888494171e+23
3036.36500408, -3321.53138399, 2457.18875932, -9.60945499857e+24
79.6076569672, -3273.8896132, 1236.66910508, -1.64985407976e+24
809.979404173, 1548.82134212, -607.222264415, -4.0588621143e+21
-310.191629289, 3759.82176526, 153.44932972, -2.29872105199e+24
-6119.48110983, -3028.81049144, -1611.99993995, -2.73433942186e+26
-22.3634749685, -6603.3429842, 5022.91117289, -8.85968570736e+26
-3454.01425927, -4587.34967354, 470.418340156, -2.23002342486e+25
-614.044371458, 1148.86271782, -4773.42335073, -3.31050042768e+24
3866.60424397, 2702.15897559, 1483.8832308, -1.40035744798e+25
-1157.27688497, 374.256014678, 1184.03793032, -4.73771183922e+21
3354.85395493, 2707.18671611, 4674.26102118, -8.69000530815e+25
5305.54009244, 3146.40663323, 2579.62747758, -1.96078290315e+26
5075.78665327, -5801.85051834, -1134.8163248, -1.46082205678e+26
-184.591301046, -214.90591483, -2649.3247205, -5.50707831409e+22
-3552.28847203, 1967.74613347, -1552.31508406, -1.88743555855e+24
-2006.05435913, -333.5356003, -5371.02218877, -2.59743539085e+25
-274.254435758, 3668.23202265, -71.0079941489, -2.12205641269e+24
908.202298694, 493.256611295, -299.52811905, -2.31800504913e+19
2605.36892987, -5897.3976906, 2523.2108728, -2.69829046743e+26
-6586.04250995, -4565.42716553, -2033.12016748, -8.12664091594e+26
1166.73048552, 2314.67220117, 1208.30417851, -4.21374276324e+22
1434.2683837, 2850.14479614, 5260.82744545, -2.89283314583e+25
3554.57141011, 1697.93750204, -408.160578675, -1.37272547252e+24
-869.35213258, 6446.08241076, -2546.73559659, -4.09581968473e+26
-3040.06534571, 2175.6819093, -2391.250635, -2.66175330987e+24
3045.14730678, -1376.7719845, -6157.19361553, -4.2124756735e+26
2539.42042413, -4190.76052983, 2267.16266107, -2.59217038006e+25
-295.70559091, 5018.12673556, -472.852770592, -2.99462165195e+25
5827.91586631, 220.042965556, 4443.164554, -5.38931311944e+26
1025.47246957, -940.331333563, -2386.62356827, -2.16555508346e+23
4075.20081699, -462.885319465, -324.277981224, -1.20563665227e+24
-2277.86346825, -2949.20442528, -184.976705058, -6.69682031505e+23
494.768621218, -1803.8227409, 1313.87762964, -3.08062380453e+22
-141.388648696, -1168.92511427, 137.031370658, -2.55210787124e+20
4399.01428046, -1981.44827809, 367.910971641, -2.16027142693e+24
-3308.93507654, 4119.32581667, 3963.82377986, -1.08640109453e+26
1702.61621443, 954.221397249, -4660.53713607, -1.40893198419e+25
5598.84269486, 1482.38942498, 156.258280761, -4.25356708853e+25
-5560.56329795, -6270.57161123, -1022.9607025, -4.86466539087e+26
1907.21204034, -968.967291819, 1817.30213266, -1.01520537261e+23
1345.31624318, -5455.85724017, -773.489512407, -3.96798619502e+25
-481.371405094, -47.7144909091, 3642.26851448, -1.12100000366e+24
1361.72907919, -5406.59105191, 1548.47302519, -8.75202245871e+25
3188.13428913, 2039.18831104, 5182.59272099, -9.77117839101e+25
645.515143358, -1208.16398036, -920.509173299, -8.95406581072e+20
43.4534575716, -3549.30201976, 1363.19687061, -3.17009540716e+24
-480.839470326, 1401.49270108, 2893.34830377, -4.66124496286e+23
52.3741274505, 515.752911465, 6246.12444887, -6.26864831798e+25
6149.08629683, -4773.39701174, 807.649722237, -1.14209800505e+26
-568.919058317, 5218.89902557, -2169.11061452, -7.74598338162e+25
1230.84561346, 562.415711464, -3740.30428654, -2.2914841186e+24
1479.45593367, -2212.57613805, -3248.05913569, -4.18770685536e+24
432.035041133, -267.811477453, -3615.58991086, -1.15345556597e+24
3619.86383319, -136.035715638, -183.789916348, -5.48981492275e+23
-5932.06690778, 3206.26796702, -1883.89831395, -6.66135615664e+25
520.620192313, -2602.21251897, -3397.63571042, -2.46972204307e+24
2881.49511652, -264.527711467, 2732.55131632, -3.39114967593e+24
-723.26743019, 1883.32128328, -1271.12119511, -4.43171278241e+22
2542.92356672, 4723.02734605, -485.310268193, -1.96547289477e+25
442.199131553, -3928.35897621, 4492.6123594, -2.87717623566e+25
4001.09148362, -1707.2595989, 1476.88845117, -3.43205072348e+24
550.374262398, 2308.69603056, 5379.7456874, -2.843924928e+25
2396.3431865, -3349.91011828, 3640.45521476, -1.48190120862e+25
521.674006211, -997.755337545, -6069.68262852, -7.63348391674e+25
2775.68090762, 2500.54906885, 5475.67137195, -9.14901888925e+25
512.181989489, -2900.99189001, -5250.46872039, -4.79482317726e+25
-837.452619256, -1414.34965879, -298.123431795, -1.02420650826e+21
-771.672396311, -749.126600135, 209.639945564, -2.80497756918e+19
-5667.84374127, 790.497288515, 542.563716229, -1.62101454546e+25
-2075.04145519, -2345.2922081, 3080.80217188, -1.23605927521e+24
-2943.16131852, -260.261948225, 250.477770059, -1.27760393045e+23
-3696.13986183, 217.194805201, 1315.96865195, -1.19807769898e+24
-6075.2115408, 81.7892939038, 1749.7244462, -4.59437427846e+25
-4872.39487489, -1286.01446474, 2853.87446884, -2.6325990108e+25
-509.112474269, 625.183020101, 1964.01970178, -2.23880321637e+22
276.591801733, -1295.48835397, 3651.56385739, -3.70387124927e+23
-4038.33575224, 418.624994602, -131.190081785, -1.39913771629e+24
370.369154838, -1046.82320148, 4487.13520546, -2.15370676097e+24
3901.86012824, 2257.96363644, -1962.97609156, -3.34134733734e+24
4633.13364031, -1504.67686159, 40.2828434863, -2.84430998646e+24
6192.33120798, -1498.0723965, 1118.69004213, -5.72928051661e+25
-1226.56191449, -452.361935685, 1961.62358514, -3.80635486258e+22
845.143861116, -4096.71013474, 5446.97889487, -6.058655472e+25
1749.41788156, 2427.10588968, 1808.96768243, -3.29518176674e+23
-574.422590529, -6155.63835884, 894.192488681, -1.60974266153e+26
10.8328323809, 2102.52137267, 686.168329194, -1.20686036043e+22
2573.26509225, 1709.66403637, 305.55028194, -2.65225574725e+23
-4452.16109397, -2395.72171962, 108.660606656, -1.15904290093e+25
-2598.83495349, 75.4185006315, -85.6678062451, -4.80348144066e+22
-608.00822769, 5324.32753899, 200.653569841, -3.78710793001e+25
-4343.9021174, -1146.74284242, 1391.08930496, -3.89487956345e+24
1622.95682862, -2033.41313987, 553.21405845, -6.02453637835e+22
-1961.5975432, -1623.72476582, 6218.08382803, -1.06210614495e+26
1187.02296601, 1921.05842628, 1535.4041973, -3.42048061747e+22
976.0836211, 3124.99719154, 208.666692945, -4.81240318341e+23
-744.769912523, 3615.00363475, 615.82216495, -1.36656691645e+24
4958.40327383, -3429.62465258, 3005.59350751, -6.6723695268e+25
-3541.18534273, 120.521163664, -1051.29483433, -1.49336181958e+24
4948.96916164, 1369.86466207, -1106.95592657, -1.060907683e+25
1545.09910216, 4019.34500211, -4939.92184481, -3.72462579806e+25
-5989.94427159, 388.472075768, -460.192928442, -4.0763761761e+25
-3326.08045345, -1078.73468441, 332.493338553, -5.68619540417e+23
-795.85353842, -265.749725387, 3722.03367359, -1.63084291323e+24
-4348.10195626, -798.592572098, -2540.76981976, -3.14505126655e+25
207.474245475, 238.180010918, -3533.26037275, -5.98378461601e+23
-1447.77376704, -1364.77653883, 1813.63990326, -2.57466135761e+22
-1754.60073123, -2038.07969053, 1980.81257326, -1.33805200074e+23
4954.89648116, -3594.53366736, -1154.68628477, -1.91141335083e+25
-2679.92108896, -1405.01127248, 2370.3349475, -7.65009636349e+23
-167.787720816, -1142.39892842, -2998.85675171, -2.6059156684e+23
-190.395654096, 1177.3276065, -1005.8971049, -1.1909231756e+21
-158.837394986, 1385.03885733, 647.938424352, -3.59020609077e+20
-4209.47702384, 1466.90868092, 3973.9267, -1.05237314271e+26
-1716.02033205, 3335.4305645, 1746.50729222, -9.65562891768e+23
-1681.95353828, 5974.02125224, -6402.79823396, -8.32901749998e+26
4040.67376418, 2825.39863622, -3614.22379773, -1.96835110639e+25
-971.571031024, 2161.64998539, 460.047986422, -2.53184637825e+22
2438.6238535, -2983.73931622, -6039.08348547, -3.85125870317e+26
2983.83468057, -118.394406569, -3342.68126392, -1.03670107733e+25
-3410.20452413, 2044.25159852, -1452.48726324, -1.38573117307e+24
-6346.25317153, -20.8764613054, 1684.97188469, -6.02138405283e+25
400.315905919, -908.615491005, 808.534564698, -1.97372304425e+20
-864.497495129, 2718.53480252, 1807.8544551, -1.67693826012e+23
-2587.98303455, 4365.97094988, 4663.08854612, -1.47878979759e+26
-4540.85025968, 439.929189866, -737.461725259, -5.71282428766e+24
5791.62231729, -470.891440439, 3705.45632389, -2.86663359747e+26
-1806.75080994, -816.758633519, 3755.5304568, -3.95055884024e+24
3801.38896528, -2078.15544706, 2153.89275074, -5.57823178527e+24
-945.553454927, 3211.77725075, 2690.80974037, -1.4460746599e+24
701.873130783, -72.5326727622, -1275.37723319, -1.37133033956e+21
-786.53660562, -463.22935599, -1958.03250662, -1.12563812431e+22
-741.957698672, -1922.57308397, 1155.30073183, -3.1514415643e+22
-3407.5997463, -240.513965973, 236.209875189, -4.07855510391e+23
6097.64846283, -6137.40579334, 2933.01780985, -8.68984259219e+26
-847.481271485, 2960.92531923, -656.303338153, -6.46200042938e+23
3000.41823802, 4253.54365758, -1577.79590331, -1.43980807615e+25
-121.831657935, 4982.88397443, 124.18679939, -2.21036505545e+25
500.502193584, 1943.7117353, 1431.05216629, -6.13076464787e+21
2320.23032279, 1996.95632867, 1949.72587183, -1.02632682737e+24
4977.9409974, -6157.92646324, -1401.07812233, -2.0006509197e+26
2034.93467587, -2433.46657505, 2425.78257977, -1.19316731583e+24
-347.968259696, 485.650551118, -2672.51711754, -3.45704723937e+22
-3704.12388586, 127.24726742, 6934.19772563, -9.38906218671e+26
1733.99758435, 3833.58268419, 2047.88838638, -1.94710446986e+24
754.487768131, -19.2531898437, 4474.263544, -2.99301506859e+24
-1807.55040113, -887.410804847, 3010.08936722, -9.64754867039e+23
-4237.05948836, -2768.67909076, -1551.97778932, -2.56983818277e+25
1080.17604061, -5406.5754969, -4008.10728148, -3.98751416885e+25
-2195.26522812, -577.278537278, 3899.50697336, -8.20249129088e+24
1102.80929289, -1540.16299223, -4344.44266398, -1.30876354264e+25
-194.183880872, 3457.77984938, -522.923431227, -1.70044344703e+24
-3481.34214363, -1121.94952569, 885.314972659, -6.88212024478e+23
-3580.64418148, 1631.0697141, -2088.25493946, -3.6534540872e+24
-1193.04247852, -909.203899326, 3576.84827165, -1.39064503717e+24
1460.46432908, -4165.44579564, 3034.97717521, -2.67387602493e+25
-717.518369759, 1425.34787472, -3767.41000285, -5.07078347973e+23
-540.621830874, -3172.26735804, -1533.69671508, -2.46975343458e+23
-473.254115406, -1074.20848791, -1370.64533961, -1.02226986259e+21
-3345.6361013, 2237.86705615, 883.697871758, -8.05887024999e+23
-3560.77640781, 1075.26789184, 3483.97409908, -3.05377361613e+25
-1565.91793408, -2192.35500373, -3878.7667145, -3.96500776917e+24
-1492.26676827, 1755.53416817, -151.210743342, -1.4324483986e+22
3900.53623036, 1467.65225566, 628.481765443, -4.38022944476e+24
1386.40926999, 3012.58131666, -874.844356357, -6.90986919579e+23
2746.04970358, 3197.53444773, -5146.6025004, -3.98225702216e+25
-5231.68257006, -1758.90995102, -522.41112099, -3.54656624403e+25
5423.72745624, 1926.83385332, -5468.57612953, -4.73348411962e+26
-2476.85516851, -2340.65697882, 2018.44906565, -4.61496654761e+23
2836.480879, 3205.6443299, 2712.3853813, -9.48962911468e+24
-6071.68722367, -2743.86886261, -2620.45194424, -3.92874061116e+26
3753.97422936, -2078.65525498, -3820.60334805, -7.32949809209e+25
-5257.98287982, -6722.28164092, -441.1262818, -5.05945109271e+26
2715.72812322, -682.362660404, -582.311092715, -5.9811916722e+22
-778.567684077, 276.703386832, 2413.28352371, -1.05728176758e+23
-5101.54936569, -1531.8608493, -3225.99847867, -1.5391039982e+26
-249.916265526, 4277.05656229, -2891.77888691, -2.45669683589e+25
222.067350281, 4307.01031542, 3211.92018239, -3.56314486919e+24
-77.6797928282, -3231.92664645, 6040.74514567, -3.17358798601e+25
-206.627322971, -2609.07615407, 467.00233335, -1.7883322231e+23
425.807308852, -751.601151856, -2286.2871754, -5.76444765786e+22
-1334.26968347, -2392.26022425, -1239.11460483, -7.02106071326e+22
-1859.10041856, -1363.28584777, 4828.71500858, -1.80256455684e+25
2312.82006388, 1752.49776197, -2979.9613071, -1.2545890588e+24
-290.751143179, 1648.36877552, 1071.32636611, -1.91237731763e+21
4592.99615851, -6325.75896295, -2877.09693951, -2.67908185111e+26
-5526.96964212, -1258.23996786, -903.101904685, -5.26613519624e+25
-4743.9318998, -3546.26934951, -4586.26713478, -3.98268254725e+26
-295.652999208, 31.0185804612, 2139.07837497, -1.71754301514e+22
-1006.60458487, 1061.40571054, 4408.94910589, -1.13150064374e+25
567.80050198, -4367.31921585, -825.227263298, -5.7038200502e+24
-39.4138831179, 2795.67475704, 6010.01074797, -9.39030777647e+25
2519.46949438, 2732.86930924, -1355.44403536, -6.82750871131e+23
-437.821498251, -5124.65745558, -3675.33919131, -1.23456994355e+25
1353.89787192, -121.558993814, -6110.26722947, -1.02363066022e+26
2055.34695784, 3871.05477794, -969.455072277, -4.95901721764e+24
5390.3513997, 1005.0791212, 2729.02386607, -1.32427890515e+26
1192.87402151, -2007.46846394, -1562.57706619, -7.05352162024e+22
-948.524674387, -418.814521409, -3979.66083613, -1.50192035341e+24
3405.28526791, -1613.32621237, -4736.07084112, -1.3493146995e+26
-4612.39999513, -1936.3273378, 1908.41945179, -8.75111719644e+24
-3316.55252499, -4805.22357244, 944.651890322, -3.0598180779e+25
-6434.08185293, -4897.46742328, 593.114687674, -3.55603689019e+26
-6285.71568678, -4886.6055436, -1603.74146773, -5.85235751642e+26
-1388.80112915, 5163.75656773, 1668.91186432, -1.83735372567e+25
1589.18704285, -2149.23121003, 127.622474498, -5.7090322759e+22
-5671.19807032, 702.885198633, 1062.68054292, -1.88308889706e+25
246.599603389, -357.002277895, 5894.33088288, -2.7831675708e+25
1377.49744521, 3794.30572626, 3547.9676687, -3.94810650526e+24
-3606.79246359, -470.750364493, -3739.16509623, -3.26936492711e+25
5191.70316191, -2895.93472154, 2366.31609947, -4.25906159372e+25
4678.53064458, -810.783147331, 2046.9723158, -2.04786014853e+25
721.450920615, 2455.25211468, 1014.45255061, -3.88985961169e+22
-460.106213598, -3176.67337919, -557.359967587, -4.34398181904e+23
6020.82402639, -4581.13243783, -5796.16628748, -3.17678824578e+27
4277.7848617, 192.904500387, -60.1724502061, -2.67561601429e+24
1287.99347534, 1598.51974788, -817.357596174, -7.72281640516e+21
-530.405236694, 2545.87337119, 6866.37234641, -2.87727343135e+26
3989.19190045, 3115.24361825, 2316.40648519, -3.46973220859e+25
189.832584547, 2854.14143515, 3251.2021401, -1.17363496335e+24
2992.23870478, -1741.15509476, 1730.73916829, -8.86725906203e+23
-884.101445029, 89.2406085201, 832.372389033, -2.93676028204e+20
432.185322121, -2220.43224179, 985.314172188, -9.13879178723e+22
-1096.69037546, 1825.60435935, 5253.97628569, -5.0986228275e+25
-1993.21628877, -2856.23400547, 1034.2512751, -5.82986526481e+23
-3857.04537263, -4445.18387154, -5407.33021155, -3.49394771392e+26
-2577.1778853, -1579.28693566, -3072.49590964, -5.19056886092e+24
2634.47654406, -881.876622702, -3475.76538421, -1.16343092125e+25
-1843.78415588, 1948.11831105, -4722.51801739, -7.45982527206e+24
-1778.25144002, -208.848421189, 688.757851129, -3.56095828891e+21
-259.829508714, 5035.13571023, 1509.38276865, -1.3906678835e+25
348.818918001, -3094.74955304, 4005.44280981, -5.61275883813e+24
4091.11771107, -3138.16370395, 4793.98133945, -1.07214086746e+26
749.163494983, 847.790954471, -509.061208529, -6.10404718593e+19
4395.85307547, -1023.81174646, -3774.23282515, -8.7442588119e+25
-4189.09964552, 2972.15662919, -2020.77885587, -1.16914870109e+25
2611.47689935, -3496.19052482, 4872.01296679, -4.35581039023e+25
-723.286823932, -1034.00273475, 5490.77461658, -2.16236337317e+25
-926.494084751, -2748.65455664, -1247.40094857, -9.76931469159e+22
-3495.9835209, -1526.06802646, 3160.36401985, -7.72628857346e+24
346.256955022, 1288.26838026, 547.431269446, -2.14466415593e+20
-224.578354868, 109.363376289, -1161.5449934, -5.18722172574e+19
6626.31021255, -2141.70579795, -1331.21415819, -7.44193681868e+25
840.524091548, 3510.98028091, -680.0610913, -1.94272349779e+24
330.098418472, 1772.4197604, -3040.89136113, -1.77538245335e+23
1186.38677843, 1934.11135804, -1324.16414509, -3.9544040709e+22
-2622.00918556, -6061.06195093, 2812.01421932, -2.45496642125e+26
-4563.57110153, 4173.56442952, 1128.78116772, -2.10045345595e+25
-1254.66111831, 3605.96535037, 1180.82546117, -1.11999299825e+24
-3204.85681395, -1672.68280305, -2291.81277844, -6.36989955995e+24
-202.255306094, -1483.25614435, 3165.48084251, -1.63181540954e+23
-2377.82422051, -788.38473609, 1928.50085831, -2.49865288042e+23
-1523.44216221, 395.49950607, 2293.22902584, -2.70346389743e+23
-4161.57057438, -4928.53915569, 1255.77657898, -5.40568894341e+25
629.734390051, -390.541960431, -2096.40933134, -3.46717188261e+22
4794.60489059, 2636.52475942, 440.060642548, -2.78932556811e+25
3790.73570953, 3074.29852709, -659.707269977, -5.44929884383e+24
643.385415501, 572.559101961, -70.3582048608, -5.23937128964e+18
2565.54131803, 3654.54901237, -24.9015645161, -3.01786510111e+24
3684.29620727, 189.447582677, 6377.45515533, -3.01521981527e+26
1002.02463153, 808.010342818, 20.4813112975, -1.65928494751e+20
416.594624025, 2901.08716119, -3256.07466271, -2.19054280552e+24
126.996654416, 474.059656616, 1260.46164285, -2.43663576996e+20
-982.866521322, 3099.17219462, -84.966233763, -6.45992341202e+23
-297.209371381, -1137.85491874, 6664.49961326, -7.7175222143e+25
-505.300202917, -5616.54095884, -542.307177013, -4.85788702047e+25
3220.22729424, -5693.23981327, 2262.46178298, -2.1848282823e+26
-1460.21935074, -3379.95185516, 1292.77216512, -2.00278234788e+24
-251.917390624, -1473.1536888, 3479.10934366, -3.41878998332e+23
483.767951708, -4444.07637128, 469.229447987, -1.17727335255e+25
1279.18023359, 3432.49289734, -2465.59006132, -3.98630220401e+24
2571.36497319, 1217.64090703, 1208.76993121, -4.72961609205e+23
1525.99232952, -3635.80985662, 3040.87106292, -1.16894210564e+25
-4145.37623837, -808.347084043, 253.278601945, -2.62942913308e+24
782.629729997, 3251.1408138, -4779.74343001, -1.16679742373e+25
-235.058196891, -194.30127272, -1079.40880902, -4.61385262845e+19
2428.74064502, 2069.6396606, -2965.15558914, -1.36999965842e+24
364.639267173, -4849.73791714, 234.334285976, -2.08486921162e+25
-2039.35151876, -3966.92691728, -3483.36109995, -8.57662431006e+24
-1930.47052622, -968.652426041, -417.495620922, -2.39083136141e+22
-5453.68086507, -633.455019201, 2508.66651661, -3.93460906911e+25
1444.14979696, 4454.2774439, 352.935154665, -8.04829303966e+24
3324.76439061, 675.260740308, 4131.71591488, -3.47082460017e+25
2985.75931357, -1068.36058201, -399.79517931, -9.82832771865e+22
-1035.211437, -3299.28594573, 1709.63837016, -2.07092930695e+24
2945.61834893, 4586.52175685, 6068.56186524, -2.6167510657e+26
3114.39860526, -1334.49681724, -1240.23971945, -6.2775871273e+23
5856.42512858, -3283.15127363, 2777.75075572, -1.21233634906e+26
-2775.25997263, 3771.80055765, -1264.11917847, -8.93581848637e+24
4060.79304808, 3749.45867719, 1920.66643401, -3.86410316065e+25
-2107.41087378, -77.9522867139, 3247.19490673, -3.15275578886e+24
-1090.27220988, -2544.67197073, 2637.44170109, -6.42053166831e+23
-864.957961927, 1672.26452867, 4968.81394221, -2.83895203899e+25
-1771.04703791, -354.556758656, -2935.84657734, -7.56376091677e+23
-749.457058486, 5561.14660505, -4336.30528308, -2.51800401942e+26
-205.815237282, -1024.30865057, -4665.52295324, -6.96414170237e+24
-2463.41117352, -3456.76455149, -80.8584510596, -1.9674072374e+24
-4366.83654934, 4716.82566925, 6297.07058186, -2.0139522882e+27
-3178.7253828, 1507.78322019, 1653.65352751, -1.56507010469e+24
-642.431614659, -1198.14448164, -1534.381399, -3.30883749869e+21
-4110.37981981, -109.09045674, -6845.50462957, -5.94666171403e+26
204.543939254, 3550.53066111, 2479.55265449, -6.46183342084e+23
1616.97697467, -2870.12934349, -2540.18352046, -1.90926715449e+24
-2008.60438687, -55.2185148791, -897.52117222, -3.1840832154e+22
-3377.79289153, 2916.63861652, 3353.63982998, -3.94323057393e+25
290.719694086, 4031.68953209, -6271.07506869, -7.74672133886e+25
3625.62728256, 1840.68599225, -2923.09254949, -5.96649539165e+24
-3318.50430256, -4488.22261309, -6684.16994149, -5.39885946244e+26
1546.95947506, 489.427017096, -1557.05867693, -2.15544246164e+22
136.397906498, -737.844910378, -341.953755119, -2.42719853021e+18
1646.19320657, -547.242528572, -409.848788974, -1.412758857e+21
-2908.12986707, 3431.25420432, -2325.71553301, -9.79860633526e+24
-3015.26159538, 488.777193017, -2550.75460864, -3.18478172039e+24
-1677.12326611, 620.665304905, 748.423590291, -5.28796078353e+21
-831.400122323, 996.705429418, 214.474546901, -1.02126100163e+20
1497.73687285, 84.0136709012, -2492.32766972, -3.1099454357e+23
4028.51929267, -3153.02950541, 914.890980791, -5.12496852287e+24
2274.20916445, -5089.21667837, 1469.53656619, -6.37812515669e+25
-710.676867797, -1849.63778263, -144.58029857, -7.31181623374e+21
2289.26576778, -2652.27139071, -162.560142357, -3.0336120293e+23
-4733.4333869, 1710.77059681, 4553.15331342, -2.95948022067e+26
-988.472585343, -3712.83016058, -80.5312801068, -2.0449468138e+24
258.01126853, -5584.1713795, -4976.3810902, -7.42212340988e+25
5962.70509969, 2579.16673543, -4076.83342121, -1.86547303672e+26
2265.35680544, -567.307458416, 3729.27503232, -4.18874047697e+24
-1177.01167152, 2933.35926078, -2549.91334245, -2.2100505206e+24
-2328.62984792, -1000.45079198, -89.4254126727, -5.76742661328e+22
-5103.99182058, 3363.6421813, 1659.30238091, -3.17219006196e+25
538.664043523, 4246.96679211, -975.870604744, -9.64769852693e+24
712.899923823, -3241.6102588, 75.0680100013, -8.4842766724e+23
1281.94761879, -632.867219255, 3084.97555587, -2.95614765531e+23
4642.1068128, 3379.27751826, 3653.19001422, -1.94519513053e+26
-1502.82845705, 4501.54518616, 948.828682013, -7.96151439028e+24
4292.24567966, -5312.75860743, 3360.97014503, -2.73754262122e+26
-1219.57761236, -3861.23906285, -4380.82918759, -1.12130118884e+25
-4137.19755947, -3315.67424811, -1641.14409407, -3.0028024197e+25
695.973295474, 945.168140525, -3383.97461151, -5.0076540287e+23
3382.37881023, -4116.6237927, -842.465365633, -8.26058867337e+24
3259.51551355, -2687.43817818, -915.67976963, -1.11545358757e+24
4480.89403657, -452.555082532, 981.078356067, -6.38459638575e+24
-2942.11764811, 3959.36250701, -3092.76516659, -3.19542665016e+25
597.433135078, -151.881716079, 5320.04645082, -1.15881778172e+25
-249.693668316, 2467.0144971, 2522.4161383, -2.78370624416e+23
1263.95586284, 2671.08844876, 813.954967908, -1.15791660603e+23
-6186.9765628, -722.278091337, -501.6306553, -7.88764802101e+25
-3808.10663206, 2012.29508103, -2090.88443191, -5.21997592332e+24
6223.69408126, 497.890052353, -877.551804742, -4.74377604609e+25
3373.90456814, 4698.67378672, -346.186554397, -2.43656539787e+25
-159.595050506, 78.7128729525, 2377.94375002, -3.22751761377e+22
-77.0033643244, 157.489209273, 1524.04845065, -9.99197687077e+20
-4520.72838982, 352.170622353, -1736.34946687, -1.40803613505e+25
-2657.54182248, -1367.15358754, 4880.46185135, -3.76009611489e+25
5884.38838131, -1789.92530538, 2017.73117482, -7.2619138957e+25
488.723053876, -5941.46623349, -2373.26906873, -4.37015985845e+25
2174.69349482, 356.774185582, -2726.73768672, -1.16948495159e+24
3426.7539672, -1730.09258237, 734.430675385, -5.01313785714e+23
996.649551113, 522.525939142, -1386.19611559, -2.76859295284e+21
-4874.82589593, -1778.88906657, 728.555949524, -1.22654726096e+25
-1071.34795329, -1455.6593742, 2761.41952727, -1.59101983976e+23
583.749291461, -2323.44198594, -1005.21682028, -2.62145205513e+22
1358.55749123, -1146.16411191, -393.520636521, -1.12128765549e+21
5860.60454877, -1713.94179014, -2223.75473465, -7.23018932727e+25
1493.36013835, -621.360426018, 5277.55242939, -1.22512005854e+25
1676.40429641, -115.812509124, -2337.8238347, -3.227714834e+23
-976.358168183, -1700.56879905, -2646.64255305, -1.7791041171e+23
1774.07288219, 84.8966572728, 4987.13426593, -1.26079159335e+25
56.9046614684, 270.849875374, -5015.1219632, -8.72783639132e+24
-1116.73397949, 3552.21443793, 6424.86672293, -3.1344396723e+26
-1765.66844133, 2033.2932053, -544.986530146, -6.77253226676e+22
-815.000087764, -381.729221944, 4152.87558121, -3.52818377909e+24
