-0.499677742256, -4.01257980459, -4.88602091856, -0.00661579247779
-0.499694739701, -4.01259711562, -4.88089687571, -2.71208152207e-11
-0.499695179523, -4.0125970892, -4.88089704376, -1.02757226582e-11
-0.499693820624, -4.01259666386, -4.88089653194, -4.66944136665e-10
-0.499695094193, -4.01259636519, -4.88089678805, -1.33244519087e-10
-0.499695087401, -4.01259709366, -4.88089679952, -1.6845373249e-12
-0.499318924647, -4.01259689156, -4.88089720479, -3.57809945965e-05
-0.499695043779, -4.01259623987, -4.88075596897, -5.01825972598e-06
-0.499695112336, -4.01259376922, -4.88089686894, -2.78041074652e-09
-0.499695047006, -4.0125970895, -4.88089686984, -1.68454216541e-13
-0.499691316898, -4.01259246942, -4.88089529387, -9.57474340068e-09
-0.499695069344, -4.01259707637, -4.88089686711, 0.0
-0.49969505892, -4.01259708955, -4.88089686736, 0.0
-0.499695118215, -4.01259708959, -4.88089686589, -6.73818143838e-13
-0.499699353047, -4.0125986498, -4.88089309789, -8.88166116975e-09
-0.499695039919, -4.01259715318, -4.88089672771, -7.07503960923e-12
-0.499703296163, -4.01259707578, -4.88089686798, -1.71318598672e-08
-0.499695058938, -4.0125970897, -4.8808968657, 0.0
-0.499694778413, -4.01259743061, -4.88089669491, -5.94641968858e-11
-0.499694887706, -4.01258508427, -4.88089683201, -3.6423745231e-08
-0.49969505803, -4.0125970882, -4.88089686864, 0.0
-0.499699022185, -4.01259956204, -4.88089740797, -5.58245719663e-09
-0.499694899503, -4.01259709, -4.88089716004, -2.71210482105e-11
-0.499705745198, -4.01259668083, -4.88090026796, -3.17922415399e-08
-0.499695058047, -4.0125970882, -4.88089686864, 0.0
-0.49969505803, -4.01259708819, -4.88089686864, 0.0
-0.499695034174, -4.01259352871, -4.88089242562, -8.21101088374e-09
-0.499695051698, -4.01259706482, -4.8808968332, -6.73812919962e-13
-0.499694891632, -4.01259666409, -4.88089752216, -1.57332068257e-10
-0.49969549897, -4.01259707227, -4.88089683519, -4.8009253203e-11
-0.499695070323, -4.01259702084, -4.88089688828, -1.01072356825e-12
-0.499686597363, -4.01259506477, -4.88052059383, -3.58062376185e-05
-0.499692968685, -4.01259710771, -4.88089734998, -1.16826506335e-09
-0.499695065678, -4.01259707514, -4.88089688461, 0.0
-0.499933733629, -4.0126066966, -4.88074541732, -2.02254825809e-05
-0.49969538859, -4.01259695891, -4.8808968805, -3.04898876751e-11
-0.499692195057, -4.01258578318, -4.88089149706, -4.17039788166e-08
-0.499695099801, -4.01259706516, -4.88089695199, -1.85299798099e-12
-0.499694873932, -4.0125970563, -4.88089689585, -9.60176296608e-12
-0.499695059973, -4.01259706933, -4.88089689755, -1.68454647798e-13
-0.49969644814, -4.01240709432, -4.88089689583, -9.12188694879e-06
-0.499695092089, -4.01259703218, -4.88089630578, -8.37213758008e-11
-0.499695058059, -4.01259704511, -4.88089668433, -9.93870748016e-12
-0.499695170443, -4.0125970059, -4.8808966625, -1.61714787709e-11
-0.499695121407, -4.01259713273, -4.88089362457, -2.67793307596e-09
-0.499894925059, -4.01250153847, -4.88094724891, -1.30413547529e-05
-0.499695370541, -4.01259699483, -4.88090157128, -5.59638546694e-09
-0.499693006474, -4.01259824495, -4.88089758636, -1.53941840451e-09
-0.499732083826, -4.0127575635, -4.87746049904, -0.0029990208582
-0.499698163272, -4.01259023585, -4.880887662, -3.57646702509e-08
-0.499697968283, -4.01259828682, -4.88089692492, -2.49709785161e-09
-0.499694793299, -4.01469143953, -4.88088923544, -0.00110574923512
-0.499695041028, -4.0125970843, -4.88089689772, -1.68454631451e-13
-0.499693705474, -4.01259995108, -4.88089422453, -4.32592046124e-09
-0.499696110008, -4.01259694495, -4.88089702829, -2.86543117266e-10
-0.499695032252, -4.01259711442, -4.88089691429, -8.42272859604e-13
-0.499694694744, -4.01259684245, -4.88089683676, -5.00301066254e-11
-0.506505565522, -4.01251643271, -4.88063619414, -0.0117372103104
-0.499695846588, -4.01261480594, -4.88086839533, -2.84733667313e-07
-0.499695185018, -4.01259656653, -4.88090196712, -6.62162502498e-09
-0.499695018572, -4.01259694105, -4.88089674856, -9.93866884238e-12
-0.499694431293, -4.01259712606, -4.88089659829, -1.21960064701e-10
-0.499695013572, -4.01259573618, -4.88089701709, -4.6542859746e-10
-0.500066801219, -4.01261986605, -4.88081650868, -3.66779384012e-05
-0.499696238616, -4.0126963865, -4.88083467995, -3.47177504292e-06
-0.498308865572, -4.01259382348, -4.8808311492, -0.000487704622501
-0.499737910089, -4.0125972593, -4.88089721509, -4.64212436298e-07
-0.499693930825, -4.01259704974, -4.88089342561, -3.33977436485e-09
-0.49942167255, -4.01271859858, -4.87857604265, -0.00138731776191
-0.499672814205, -4.0126201787, -4.88089843546, -2.6070676195e-07
-1.00278459021, 4.99900998494, -4.92814425758, -211.851064748
-0.499707956501, -3.98685519863, -4.88153888439, -0.173667615707
-0.499753358302, -4.012584012, -4.88106442695, -7.99607938218e-06
-2.12827030316, -0.607802421962, -4.86909940377, -738.49793634
-0.86944331241, 4.73090547495, -4.96569071985, -205.700406002
-0.499692949912, -4.01260172739, -4.8809465687, -6.30884466384e-07
-0.499694739043, -4.01259661125, -4.88089686755, -8.37198307076e-11
-0.500016084781, -4.00539165407, -4.8816543102, -0.013391455898
-2.20840059629, 0.437959179565, -4.9153755873, -628.367425691
-0.476872426632, 4.08650730518, -4.98716352404, -252.04419676
-0.49969668178, -4.01260480162, -4.8808944236, -1.7244752468e-08
-0.499669632173, -4.01327427691, -4.88087868351, -0.000115972000199
-0.499695006756, -4.01259707362, -4.88089688678, -8.42268556474e-13
-0.499695003433, -4.01259709128, -4.88089686965, -1.01072513818e-12
-0.499644577383, -4.01277337827, -4.88089562288, -8.49743361693e-06
-0.499776264159, -4.01259692307, -4.88089725705, -1.66675358903e-06
-0.500250565865, -4.01722169648, -4.87875532165, -0.00662470342109
-0.499695127321, -4.0125970743, -4.88089692998, -1.68454471318e-12
-0.49969220372, -4.01259732159, -4.88089355883, -4.87095234542e-09
-0.499695195856, -4.01259711743, -4.8808968928, -4.54827992027e-12
-0.499695793134, -4.01258935323, -4.88089651466, -1.52828752141e-08
-0.4996950664, -4.01259668717, -4.88089234038, -5.24668629501e-09
-0.500197423974, -4.01258170308, -4.88099254341, -6.61247462568e-05
-0.499695678019, -4.01259390615, -4.8808963822, -2.71204201469e-09
-0.499697462401, -4.01266673929, -4.88089280053, -1.2327802277e-06
-0.499695088724, -4.01259594335, -4.88089675651, -3.33364491628e-10
-0.0716621154569, -4.0139597014, -4.87815220003, -49.3638180311
-0.499695061645, -4.01259687839, -4.8808965356, -4.04286447149e-11
-0.499694814027, -4.01259690233, -4.88089691187, -2.47623636377e-11
-0.49969657843, -4.01260321714, -4.88089560703, -1.04977235692e-08
-0.499785471979, -4.01263584129, -4.88089089591, -2.45515323174e-06
-0.499694944785, -4.01259706115, -4.88089682219, -4.54821750882e-12
-0.499695062057, -4.01259705871, -4.8808969363, -1.01072872496e-12
-0.499695037066, -4.01259707947, -4.88089678643, -2.35834082137e-12
-0.499694955336, -4.01259712512, -4.88089687545, -3.53751111903e-12
-0.499695059143, -4.01259715291, -4.88089687017, -1.17918215407e-12
-0.499695344126, -4.01259695646, -4.88089594186, -2.45437515278e-10
-0.499695063587, -4.01259709059, -4.88089689808, -1.6845518292e-13
-0.499695418338, -4.01259408735, -4.88097437157, -1.5205492499e-06
-0.499704432072, -4.01258981488, -4.87913207385, -0.000788547477776
-0.499695063993, -4.01259710004, -4.88089688509, 0.0
-0.499695072686, -4.01259710322, -4.8808968824, -1.68454509106e-13
-0.499695062134, -4.01259710971, -4.88089686764, -1.6845455701e-13
-0.499695062628, -4.0125970783, -4.88089687057, 0.0
-0.499694975596, -4.01259708572, -4.88089618227, -1.24487305838e-10
-0.499695052545, -4.01259702283, -4.88089686326, -1.0107187144e-12
-0.499695070891, -4.01259706973, -4.88089686724, -1.68454055512e-13
-0.499695186875, -4.01259675554, -4.88092449168, -1.92847683569e-07
-0.499694341588, -4.01259711867, -4.88089655446, -1.59187777228e-10
-0.499695042861, -4.0125970852, -4.88089520806, -7.05315759678e-10
-0.499695076719, -4.01259707617, -4.88089688608, 0.0
-0.499695037161, -4.01259710194, -4.88089694881, -1.51609049377e-12
-0.499695131941, -4.01259983577, -4.88089692595, -1.91558683953e-09
-0.499533894288, -4.01339775919, -4.88089801216, -0.000168349008577
-0.499694807481, -4.01259505417, -4.88089601359, -1.24858021957e-09
-0.499695081209, -4.01259724776, -4.8808968921, -6.90667133662e-12
-0.499694910056, -4.01259709099, -4.88089699681, -9.60183482275e-12
-0.49969505515, -4.01259703308, -4.88089687344, -6.73813739504e-13
-0.499695055457, -4.01259711333, -4.88089687346, -1.68454765382e-13
-0.4996951123, -4.01259718013, -4.88089690226, -3.03219004251e-12
-0.499694915034, -4.01259693527, -4.88089687267, -1.14546619437e-11
-0.499695054782, -4.01259708632, -4.88089691261, -3.36910515363e-13
-0.499695037915, -4.01259718285, -4.88089668354, -1.21286739369e-11
-0.499695056028, -4.01259709453, -4.88089687235, 0.0
-0.499695619759, -4.01259702999, -4.88089748361, -1.71321270789e-10
-0.499695091226, -4.0125970913, -4.88089673327, -5.39050533705e-12
-0.499695060174, -4.01259708851, -4.88089687802, 0.0
-0.499695056303, -4.01259708351, -4.88089687478, 0.0
-0.499695057998, -4.01259706594, -4.88089687304, -1.68454055736e-13
-0.499695580483, -4.01259705972, -4.88089687894, -6.721271745e-11
-0.499695078759, -4.01259708014, -4.88089686273, -1.68454372362e-13
-0.499695057265, -4.01259707316, -4.88089687474, 0.0
-0.499696151162, -4.01259327404, -4.88089663375, -3.98542352997e-09
-0.499695022724, -4.0125972526, -4.88089681302, -8.59118802936e-12
-0.499694803037, -4.01259682935, -4.88089494562, -9.78216234202e-10
-0.49969507178, -4.0125970628, -4.88089688265, -1.6845421107e-13
-0.499695228263, -4.01259708787, -4.8808968486, -6.90664239846e-12
-0.499695049194, -4.01259708225, -4.88089686639, -1.68454011532e-13
-0.499695029642, -4.01259709759, -4.88089676804, -3.36906022695e-12
-0.499695070806, -4.01259708399, -4.88089688135, 0.0
-0.499695065416, -4.01259709013, -4.88089685041, -1.68454135115e-13
-0.499694998927, -4.01257916605, -4.88089745256, -8.12737912137e-08
-0.499696038691, -4.0125970363, -4.88089723408, -2.72226894078e-10
-0.499697288019, -4.012594653, -4.88089688149, -2.74471548005e-09
-0.499695054395, -4.01259715242, -4.88089690895, -1.34763879073e-12
-0.499695067865, -4.0125971268, -4.88089688927, -5.0536371518e-13
-0.499689561874, -4.01260225704, -4.88089931313, -1.59258212011e-08
-0.49969506218, -4.01259706655, -4.88089691171, -3.36909739489e-13
-0.499695065088, -4.01259707052, -4.8808968839, 0.0
-0.499695073115, -4.01259704986, -4.88089687096, -3.3690787073e-13
-0.499695011708, -4.01259695335, -4.88089329071, -3.25925027354e-09
-0.499695064697, -4.01259707047, -4.88089686869, 0.0
-0.499695044396, -4.01259706321, -4.88089687962, -1.68454073184e-13
-0.499694992219, -4.01259706983, -4.88089689846, -1.51607886388e-12
-0.499695079603, -4.01259742523, -4.88089687427, -2.93112718553e-11
-0.499662873836, -4.01261691131, -4.88089495465, -3.62393297963e-07
-0.499695086175, -4.01259710266, -4.88089687941, -1.68454847965e-13
-0.499695076227, -4.01259707275, -4.88089686685, -1.68454187198e-13
-0.499695371589, -4.01259705283, -4.88089705199, -3.16692058026e-11
-0.4996950718, -4.01259717746, -4.8808968525, -2.35836342017e-12
-0.49969488792, -4.01259719761, -4.88089546831, -5.13620112429e-10
-0.499694860509, -4.0125968126, -4.88089684848, -2.96474734395e-11
-0.499693139096, -4.0125969245, -4.88089689472, -9.44869215969e-10
-0.499685139545, -4.01259874026, -4.88089470633, -2.68026385182e-08
-0.499739360555, -4.01258472064, -4.88090067195, -5.38386166698e-07
-0.499695040157, -4.01259693211, -4.88089686115, -6.06429557121e-12
-0.499694468767, -4.01260258872, -4.8808985856, -8.4885762981e-09
-0.49969496237, -4.0125970833, -4.88089688085, -2.69524757911e-12
-0.461093211261, -4.00582491287, -4.88364224773, -0.378016464903
-0.499696215798, -4.01256844548, -4.88089664442, -2.07758554284e-07
-0.4996950629, -4.01259707429, -4.88089688082, 0.0
-0.499695053314, -4.0125970249, -4.88089688605, -1.0107230622e-12
-0.499686988004, -4.01244091705, -4.88089647776, -6.17940586676e-06
-0.503319545662, -4.01261071571, -4.88108687806, -0.00334105573919
-0.499728933232, -4.01255491557, -4.88089054589, -7.49711039191e-07
-0.499655983766, -4.01262342911, -4.88080607324, -2.64556185825e-06
-0.49912770478, -4.01254016973, -4.88179479609, -0.000286004520999
-0.498968545017, -4.01256525441, -4.88243848264, -0.000732368393439
-0.499695488274, -4.01259708164, -4.88089825452, -5.24411437337e-10
-0.499590862741, -4.01260406297, -4.88089670763, -2.75747725889e-06
-0.499695068233, -4.0125970384, -4.88089688984, -5.05362184023e-13
-0.49988676078, -3.9112451055, -4.88090240439, -2.99156539814
-0.499695135407, -4.01259719198, -4.88089178541, -6.562128477e-09
-0.499694827545, -4.01259576535, -4.88089561162, -8.60139281618e-10
-0.50005136968, -4.01269897961, -4.8785859352, -0.0013887034433
-0.499695075648, -4.01259708392, -4.88089689236, 0.0
-0.499695121825, -4.01259712557, -4.88089688433, -1.17918275517e-12
-0.499696668646, -4.01261432145, -4.8808989365, -7.68667623711e-08
-0.49969507668, -4.01259706889, -4.88089684316, -3.36907028301e-13
-0.499695059394, -4.0125980906, -4.88089683973, -2.56223870717e-10
-1227.55415046, -1068.98396859, 1309.98611286, -3.18523663562e+21
-1694.08776177, 2429.21398654, 664.708078375, -9.09475920494e+22
2240.8149255, -503.625326699, -1653.68267642, -2.18111136186e+23
836.138280357, -2524.83053038, -478.62834199, -8.02059456025e+22
262.189363041, 59.9095928696, 440.330131152, -1.90254969641e+17
-1608.61601422, -825.03177649, -1012.70082487, -1.94103765674e+22
-251.525852397, -99.3989230571, 2948.96112065, -1.69359117252e+23
-349.560232263, 2845.40706525, 76.2151531266, -2.59196320633e+23
2842.41814438, 1058.78981312, -404.157390779, -1.68746936945e+23
1096.31462938, -1805.00049209, 1546.68147393, -5.57385065274e+22
-147.992960029, -707.463136383, 1449.61098477, -3.61371819121e+20
456.784983784, -1007.33619316, 2162.2838761, -7.61819481597e+21
1009.73746545, -391.539577795, 1883.88294998, -1.1387568812e+22
2289.18429237, 672.963501974, 147.283030203, -3.91718349476e+22
-1832.76505634, -1846.40871675, 500.809307073, -3.33235177027e+22
1116.76145772, -1544.34152744, 2191.15560311, -6.32418285595e+22
2877.31953425, -418.440796509, 1258.43378412, -4.33091054244e+23
358.352356817, 1472.28636011, 1484.13802927, -2.36723972153e+21
-3475.86751333, 909.947694975, -972.96343755, -8.51170810309e+23
1831.73892225, -981.098969567, 104.296639257, -2.05786149399e+21
-1538.08420198, -888.544734861, 294.808440671, -1.93697427489e+21
39.1465328042, 654.187052099, -1158.14500838, -6.63241274186e+19
-1341.06713674, -374.71918163, 1142.57614574, -3.34575143054e+21
-1980.30565689, 1475.28728313, 1811.88595491, -3.46953643689e+23
1602.88822836, -1584.07379526, 2834.28799176, -3.81014096772e+23
1246.34253716, -2093.80475851, 2878.58472973, -5.0907016376e+23
2201.82273528, -150.688583151, -1435.23063213, -9.82719006207e+22
1358.36605298, -95.9757378034, -1859.04160703, -5.43732070447e+22
921.885527223, -507.127706894, 223.377531332, -1.6356232208e+19
-2456.93426487, -726.413933604, -28.3886331466, -6.04033532794e+22
716.176861729, -29.2839930635, -310.792062849, -3.64694162758e+18
-587.653315792, 898.0702739, 1621.43273187, -9.93739143845e+21
-1510.55322422, -99.6822642082, -210.00324337, -1.08447616812e+21
302.630304877, -1061.53288384, -312.334254422, -6.12828642355e+19
-19.0406560405, -1274.05018152, 219.642883269, -5.78567167997e+20
-640.15446554, -1255.48017728, -837.64492117, -4.2790358039e+20
-110.130158301, 2902.85359506, 154.38715238, -2.78871122727e+23
-511.121972742, -533.771739157, 1242.12084562, -3.15523364451e+20
-166.512621149, -1252.19132688, -2236.04460708, -3.22844560479e+22
-1356.95732276, 2729.40107345, 862.780673727, -1.51607447868e+23
1401.99519188, 50.1516070522, -1107.39347668, -4.78227885934e+21
-1404.02847131, 1877.71329502, 1430.57228159, -6.59694024365e+22
1507.97645042, -376.447680714, -1166.14280989, -1.13372344535e+22
260.656125407, -2351.47134109, 2617.72861869, -4.47975982e+23
307.758525846, -1048.53205635, 117.352463069, -1.26312456704e+20
-1146.32548089, -3202.25769491, -431.775518386, -5.29252990389e+23
-789.61538689, 625.254864363, -96.9964192565, -9.39148090673e+18
179.101920683, -172.854254292, 1268.50022006, -1.02485870101e+20
-2530.97589047, 1592.03312147, -1508.41331431, -2.65533573559e+23
167.426459888, 1736.61450575, 2909.02228888, -3.01985625287e+23
1036.58711153, -530.679125945, -1166.60325508, -3.7170917696e+21
-1141.04876131, 3365.20067684, 2039.61085882, -7.80464022656e+23
1604.2387918, 1193.18947177, -3155.07042939, -8.50836297355e+23
-49.9549958106, -2885.11095947, 1558.92982731, -7.91852969711e+23
992.401843381, -1004.91237566, 2849.90695844, -1.01875025731e+23
-0.978222885671, -72.250853331, 2201.17164952, -1.2556362008e+22
2342.72930446, -820.177656267, -357.547026629, -1.5100902431e+22
-1317.95834425, 796.361594292, 164.987355815, -2.11333454518e+20
2413.60280733, 2974.09814806, -562.224679812, -8.4526227615e+23
1521.03631909, 586.585519773, 969.498606332, -1.08071842492e+22
-754.982633852, -72.6213726617, 1029.92108591, -4.14901673919e+20
28.3132628668, 1137.61012657, -1529.47105296, -1.95099514126e+21
2394.54416018, 3384.34563476, 2633.84552883, -4.83771857002e+24
1394.21268144, -896.258288501, 562.555082538, -1.06988148863e+21
-1485.86599485, 1725.60387254, 904.245738763, -1.72160741903e+22
1783.85128781, -889.430412404, 975.00607225, -1.18028311563e+22
-1196.38590613, -436.161965752, -254.941376417, -3.91951300756e+20
1666.72913477, -573.321825829, 46.8418397745, -8.15241387708e+20
2773.91756687, -198.741820188, 1402.47400092, -4.68746451384e+23
1557.74594371, 150.666859047, 3073.28697128, -6.02913990656e+23
894.243312777, 109.143103811, 624.274738777, -1.4185832194e+20
-870.741904375, 1212.47022626, -1044.69476497, -2.82124587176e+21
-3048.5837009, 2045.07466152, -3204.03208807, -6.38600765254e+24
-3071.68836608, 1226.29101546, -447.894511816, -1.52649752041e+23
695.450367359, 351.446396343, 329.229171066, -1.42934981129e+19
-556.386410377, -1610.87965622, 2105.24221062, -2.93647328996e+22
-191.060007204, 2886.91723545, 1175.47820266, -1.33974353853e+23
-385.782224531, 1213.12711698, -1183.72793273, -2.1254531318e+21
966.464067854, 939.658573317, -2455.83562912, -7.0740292646e+22
-529.327327601, -613.849569983, -636.32653515, -2.67241041939e+19
1804.31210094, 2462.05913825, 687.199511323, -1.50535663538e+23
700.312037226, 1453.07659702, -2781.60967922, -1.03025988266e+23
-1805.33784353, -2246.1412079, -2515.23085903, -8.47222591451e+23
-1208.54896838, -2662.0361518, 2074.2699792, -5.76239758619e+23
636.362292433, 1454.29053914, 2674.58380164, -1.23478311232e+23
-2315.06075189, 757.013934099, -2811.08741708, -1.27168265534e+24
-306.210900553, 1403.24639725, -1101.32063603, -4.46602751665e+21
1411.46870078, 110.4775482, -242.209994936, -3.3096107062e+20
2243.46971425, -744.174217119, 1164.16093167, -6.95465614128e+22
2536.6665723, 1566.81949072, 1268.93029519, -5.78717525836e+23
2255.46529837, -1443.47909238, -1235.43998489, -1.4970704306e+23
-1944.63557906, 2725.3716948, 219.914915342, -2.90225342326e+23
1124.95550397, -1227.08940956, -1692.91293131, -4.84770210924e+22
3269.55342652, -2117.55334231, -12.1773114226, -2.96470791218e+23
-1755.09333604, 693.147841326, 1631.36238074, -9.47514793224e+22
2813.61743379, 1042.40463481, -2309.74957219, -9.71274839122e+23
-3255.1365678, 638.844010049, 2581.67855201, -5.46452006062e+24
1407.86682741, -65.7982379979, 2953.35774652, -3.46852759171e+23
-352.55367337, 1416.60135918, -2031.24250792, -1.5926949424e+22
971.66941559, 815.371479731, 2319.03057797, -5.46873313341e+22
-2210.44567521, -101.825989615, -862.563579745, -5.63648684349e+22
-2401.18727431, -1749.72134611, -875.106314692, -3.12396652614e+23
2765.79825226, 1369.89317831, 2182.42431124, -2.39954216557e+24
-1171.91155737, 1083.53603636, 2302.85633851, -2.42207458947e+23
-246.012395353, -1127.65180747, 45.2252733865, -1.64604373217e+20
-441.516731309, -1064.87115352, -903.183160834, -1.26218898396e+20
-1522.24339495, 1840.64449744, 2661.0492808, -1.28141322048e+24
1903.84182667, 2412.57289603, -3444.85258333, -1.88980395275e+24
-2573.55439663, -640.711098736, 51.5268372196, -7.24200432657e+22
3211.97874887, 313.729558159, -67.8309813779, -2.98667927223e+23
-1019.0833887, -1177.70995551, 564.99319428, -7.10917442973e+20
-1785.7698356, 774.356626927, 410.1879031, -2.7218873388e+21
-1194.56720037, 1335.56527765, 426.989201313, -1.34581666072e+21
128.086876998, 3096.08234676, -1806.41876873, -1.5008477286e+24
2912.09812206, -889.922881176, -1470.04753039, -5.66039983457e+23
137.829539158, -22.7089983898, 78.4354169315, -2.01114722648e+13
696.432183898, -1044.97291327, 2025.30963685, -8.49733141163e+21
-148.897695896, -296.810546184, 758.5459533, -2.81318309173e+18
107.40538396, 419.574284489, -2229.35935598, -1.14728166901e+22
1879.75441609, 910.46994676, -2580.78569153, -4.2885910017e+23
-572.239270636, -2690.09166128, 83.4010723793, -1.70364661932e+23
1335.7378534, -125.552920177, 413.329085954, -5.84297298733e+20
2186.71087912, -2528.55566878, 301.499750029, -2.82191303968e+23
-1021.3017307, -381.105801479, -670.374561537, -4.70891713997e+20
1517.90348459, 546.265884441, 299.540354406, -2.46981838426e+21
-236.308071906, 26.417697374, -1117.97799904, -4.40150939138e+19
-2733.11171135, -1556.12704232, -2403.69752747, -3.12907753653e+24
-1121.27392906, 1291.74633828, 3173.11854735, -1.65964255211e+24
-3096.04958259, 555.264157152, -1145.39209387, -5.59535521031e+23
381.167577599, 895.982752199, -909.788411237, -1.46448433409e+20
1151.25002313, -2463.84699234, 700.190217169, -1.93764719356e+23
15.7521956256, -204.792343903, -652.528902657, -1.37095311729e+18
-2262.44052798, 1018.69709384, 173.043523699, -9.68955508419e+21
-739.571977693, -551.104172429, 1199.08191352, -5.23622973928e+20
3071.55187979, -1123.76679597, -2023.27631963, -2.17258736749e+24
-1874.56883733, 2477.47664609, 977.955830668, -1.40761077416e+23
2711.98663753, -3294.91309324, 883.100907638, -2.9561186257e+24
2759.63223319, 1160.56581892, -1639.1684868, -2.61858370458e+23
85.3649521947, 1957.25943732, 2991.14897044, -4.44013009596e+23
2615.87821544, 1445.52831968, -120.972530321, -1.62849588431e+23
8.92691267285, 631.384013175, 1304.36425409, -4.71654971309e+20
-1440.78078964, 725.4853034, 2013.70203472, -1.46200281404e+23
826.558937758, -709.508944535, 197.244408163, -2.48135850518e+19
-2699.19843858, 883.021014226, -1720.6643779, -5.09138522419e+23
3288.53984128, 2044.34017332, -2586.3444414, -2.35068842597e+24
1079.57284719, 663.62567653, -500.17949922, -1.15642382722e+20
-757.885822799, 175.464019143, 2379.29403585, -8.70181742586e+22
-256.211889396, 178.114543167, 359.44807449, -1.78423306654e+17
291.155027608, -532.65244496, -511.425663378, -3.69521723698e+18
-41.4122956332, 2423.78982167, 803.221205714, -3.74246993769e+22
-371.380765172, 405.375983512, 826.883033723, -5.64376406479e+19
-1822.49370512, 1041.50137891, 2446.35279484, -8.32428285058e+23
2055.51101661, 1052.75190821, -2238.11157238, -2.47323971148e+23
-2550.58624475, -535.247142386, 150.457485237, -5.61833886463e+22
-1278.07215737, 1190.7565411, -3135.59361432, -3.02080563942e+23
1319.23061423, 1872.11401576, -436.463756586, -1.72777113306e+22
1402.76030863, 9.14843122457, 425.500281378, -9.88773392372e+20
-124.309520742, -1109.08369595, -916.126757056, -8.81609271633e+19
1340.50116955, 841.87956984, -2522.64996827, -1.6640009884e+23
1820.9173605, -1274.03501569, 145.413194834, -3.90227048049e+21
857.457224527, -182.511795636, 574.104311782, -6.57787681749e+19
1176.65140306, 253.74043376, 2059.44660804, -3.74654309342e+22
1906.68458155, 28.5095763945, -1955.97823008, -1.78470426066e+23
335.440791134, 1897.5287357, -1257.7184111, -3.28110351014e+22
321.380026748, -2321.16904879, -473.634478806, -3.52379906317e+22
593.266487563, 2197.03691581, -827.224611397, -6.32456555545e+22
-1155.83545539, -1264.35318699, -99.7811688309, -1.39166912151e+21
194.40984844, 1016.58952736, 58.7225973191, -6.05819462851e+19
-1923.77921416, -224.172947008, 891.950680679, -9.54825503016e+21
-744.995479299, -475.850931822, -909.838454222, -2.8095562494e+20
-25.5967907062, -876.011608832, 1241.14943501, -2.77537635371e+20
-768.543834242, 1465.35707705, 1160.35893209, -4.75320852631e+21
-527.651169396, -2001.92126028, -1232.70042393, -6.38229357354e+21
447.979282875, 578.205738027, 1441.58937669, -8.45245313065e+20
-78.8188154989, -3463.8652487, -1626.81486883, -5.03227488407e+23
2748.85289437, -1755.95353693, 1260.92732669, -3.02390287115e+23
-247.460645788, -2656.14738837, 43.8111125311, -1.51051829236e+23
-74.9378200614, -2132.86765389, 912.826570732, -5.72139036078e+22
2324.1131744, 2910.03731304, -3199.9906278, -2.97292766058e+24
-1264.80332416, 419.909670122, -988.218153112, -2.1134760634e+21
1682.20726407, -2471.33980713, 1145.9368173, -3.57372137738e+23
1844.86861298, 2364.35617187, 1337.28174791, -2.29036880635e+23
274.392915172, -530.53796, -544.187806857, -4.50430320497e+18
-1174.64684284, -2446.42357981, -274.176761801, -7.10881564021e+22
70.5463121866, 2311.66688525, -292.227091179, -6.28220779954e+22
-71.7172479869, 1691.14876295, -2926.98603529, -1.16721472584e+23
-961.481208129, 229.810337113, -88.6496710485, -1.37049422135e+19
-566.764337717, 1200.98501812, -3387.79692263, -2.03709649095e+23
1605.43520055, 954.747916824, -1519.40786451, -1.62286565555e+22
451.674626198, -1811.806434, 1074.099519, -2.451467166e+22
313.309835641, 2142.59300333, 2146.82943148, -4.67056549509e+22
3049.87721297, 608.745477976, -1891.2167296, -7.98295019425e+23
-222.49052447, -437.178935994, -334.365563932, -1.22184929291e+17
2715.86212516, 990.045936184, -1064.06140166, -1.15365198897e+23
-9.04186410757, 2258.59569813, 38.9820670521, -3.98546867691e+22
1869.93346268, 696.076781514, 948.883876916, -3.59451692971e+22
-6.03952824981, 194.890513913, 1014.86233009, -4.01909576607e+19
-1209.95456066, -115.832892533, 493.988373774, -1.8059420131e+20
445.659214922, 3187.87586376, -916.25914331, -1.07890412337e+24
-1331.49847665, 3574.98874829, 785.74674647, -1.28405448516e+24
1953.80654264, -1302.31912582, -1331.83690866, -9.71768904496e+22
287.171456992, 1673.84657043, -637.405683649, -7.3511640116e+21
-1014.95574388, 50.5993725863, -1876.70880653, -1.30830612723e+22
506.53668149, 139.082594253, -1105.50011415, -2.30683538327e+20
-547.890137847, -863.123373441, -2791.76468282, -1.13379763634e+23
1800.52994477, 468.499980653, -2438.27952, -3.52736879331e+23
1959.11903797, 1863.78573603, 1913.82516573, -4.24628144812e+23
-398.128631195, 2382.20114855, 256.074341354, -5.42816780453e+22
-1911.5856035, 1929.14853469, 596.4989863, -3.3951183993e+22
738.696926452, 2574.29564582, 133.113531351, -1.04208481157e+23
-1059.45388098, 1715.7665469, -1218.59368694, -2.91145301082e+22
1709.64154613, -1327.89059028, 877.603757329, -1.23890322257e+22
-571.953689511, -1913.765774, -1348.52511061, -5.47544069374e+21
1253.6381235, 276.141193752, -887.134165205, -1.01164913718e+21
-240.600592787, -1000.93110799, -2346.48496928, -3.60500583718e+22
861.910490122, -2186.86166828, 1692.75421801, -1.73788216994e+23
1068.07357526, 1923.94031239, -2144.70847856, -8.61629213867e+22
-1004.61489697, -432.566335506, 47.5828827151, -5.70259003999e+19
1494.63250675, -178.081109226, 924.354862386, -4.98475271389e+21
-2465.6083473, 110.845920104, -1412.32549494, -2.46924857373e+23
1966.16035011, -3379.79193168, 1509.96969964, -3.76327282346e+24
-1736.46006928, 2856.31267611, 3445.14446427, -9.67406189719e+24
1299.930802, 316.158419477, -553.042640137, -3.36125261112e+20
-2059.99577047, -2220.83873026, 591.149175525, -1.17181354773e+23
2407.13029757, 3104.54359939, -1636.19592136, -1.53349360692e+24
-1157.38721388, 788.214381146, -893.911342787, -1.0626846387e+21
541.117574899, 1117.59314889, 1631.20744132, -3.54096155308e+21
1434.68579083, -1938.82725303, 1337.36692238, -8.63143872355e+22
536.868627266, -1815.30188302, 1583.81678152, -4.26211222719e+22
2464.56517257, -318.751095699, 101.551908045, -2.62766487198e+22
-127.995390863, -2254.19990257, 3274.50582372, -5.77253464773e+23
7.08503473666, 380.398324308, -255.194311683, -9.46298815016e+16
266.55644747, -362.679164453, -60.9240599555, -2.45621364977e+16
965.667025132, 2978.91698164, 909.364171827, -2.20201925507e+23
-2928.35081403, 1462.84916711, -607.039706908, -1.38391969075e+23
-1654.71495185, -601.719717495, 190.770018616, -2.28282826166e+21
-1858.8490471, -1036.03423321, 2586.45983256, -3.95275453606e+23
2235.63461656, 1147.82637149, -2959.58608498, -1.36155086243e+24
-2777.9113169, 2635.39831324, -839.924409022, -8.14019282109e+23
-1304.22295469, 384.141421702, 1289.92807256, -1.02662978781e+22
-254.645819748, -1931.36813949, 1776.64116563, -5.88845943406e+22
1159.8566962, 238.579871053, 1613.23537759, -1.19598241144e+22
1389.82979029, -71.1271139588, -1200.52347353, -7.18954734864e+21
-2506.14622794, -432.107736707, 1828.86713852, -3.03403186732e+23
69.2725405838, 3370.94799629, -1024.88263943, -1.79933407015e+24
452.609843745, 1450.31610245, 2680.49776053, -1.2230926764e+23
-1043.71369287, 572.921487907, 1349.32081985, -7.83821045818e+21
-833.803384989, 347.653478606, -1002.73246933, -3.3304123121e+20
-1443.71106961, -216.27717391, -118.044510592, -7.48746841189e+20
109.773886655, -1400.67847325, -561.598720351, -4.12362961165e+20
-1550.30063429, -250.540203858, 2187.70104072, -1.47642921536e+23
-836.709834979, -1537.60776765, 992.078168223, -5.76131946117e+21
2558.86404386, -1303.77950761, 1549.51246939, -2.72686792991e+23
1285.02631062, 2342.41383223, 2272.91543849, -2.14882136822e+23
113.322852712, 475.727088422, -333.116945721, -5.45575902693e+17
-1839.47118979, -226.657913347, 99.2299210564, -3.40195766805e+21
-272.526489949, -25.5018858238, -2912.5717138, -9.91910488652e+22
-667.735078787, 961.690953308, 1272.6998952, -3.27051591282e+21
-1926.73072702, 3070.1755098, -1280.40326121, -1.76287389551e+24
-1230.95496704, -296.516372926, 360.616225392, -1.50649617036e+20
-2102.6576491, -2013.27418574, 977.70683993, -8.1679245325e+22
2355.58167284, 548.842013142, -626.339047433, -2.63332091245e+22
-2617.56734039, -3216.92398002, 880.356575441, -1.67230174868e+24
2716.97252487, -2619.400526, -1390.77198185, -9.63444777796e+23
-1318.20682399, -918.502362508, -892.002530063, -5.76927469934e+21
143.484147498, -5.29179901696, 393.606676568, -2.01172436504e+16
2010.10151929, 884.263458158, -172.439535601, -1.37873538191e+22
-490.528083589, -1151.84326054, -2154.47701075, -2.07002733895e+22
-1450.39934193, -378.041135583, 1453.9205722, -1.34076396904e+22
-910.893942159, -1549.20565266, 2258.28143802, -4.26273747746e+22
-859.41771989, -440.59360149, -607.815673839, -1.64791554133e+20
-1523.51357764, 818.601993694, 537.647343641, -1.84300887049e+21
1671.33910313, 521.711191276, 277.477805299, -4.40803600661e+21
-1625.87351637, -1317.99479029, -715.28036158, -1.93431521025e+22
-374.148178691, 132.466869408, -488.7856887, -7.88248320185e+17
1256.95386428, -1783.19258056, -100.425398614, -9.82595994117e+21
-539.167792724, -210.451466649, -590.159937992, -1.19778100012e+19
1811.18564351, 991.998815479, -14.7275554158, -9.18346819721e+21
777.04137213, -1696.60688066, -1981.86225838, -8.27442775963e+22
-2346.6160841, 2968.25838593, 994.531176096, -5.96754042777e+23
-910.359081575, 929.588764665, -587.386940556, -3.33981647706e+20
420.75012245, -1608.12443873, 1832.66793687, -2.51381994659e+22
-749.665745836, 1544.7639221, 751.855167314, -1.70368425573e+21
1343.80826347, 455.409721531, -3225.45860506, -1.01019960325e+24
-309.560030267, 1958.38551882, 894.082069794, -6.00191899958e+21
352.79377558, 117.310534574, 1078.33241796, -6.04582129236e+19
-2337.20816356, 1338.85267647, -1043.62046034, -7.06968473403e+22
-1159.68978612, 308.551982634, 186.831853987, -5.23529126215e+19
2332.17405861, 2365.87262966, 604.139688829, -3.67880918259e+23
2843.94763263, 1538.83816441, -40.8218727706, -3.29808006101e+23
3115.47376589, -736.445377011, -1633.85335254, -9.8399338302e+23
1013.69906057, -1613.72375277, -274.552400653, -3.2657159214e+21
-2190.09887194, 2934.63109916, -2324.33913848, -2.9951935012e+24
682.651279798, -759.790251461, 589.120910263, -7.40741606868e+19
-1863.03205708, -241.74802151, -437.163708835, -9.21776101784e+21
-1009.55062271, -1077.07035049, -1084.52423265, -3.08282469943e+21
-1095.65781517, 820.018043199, 1902.18867125, -6.28508400894e+22
633.962914736, -760.582621676, 333.702870635, -3.32220584165e+19
182.838422913, 1920.18101915, 145.979713316, -9.49499135082e+21
1071.87729087, -104.313820454, -2859.68911779, -4.35150231653e+23
-2061.1848639, 2072.07701042, 982.694424861, -1.00324488203e+23
279.834870523, -572.228800006, 27.0932330646, -1.01533413005e+18
-560.02643592, -689.178732944, 596.434226668, -1.65982704623e+19
-2324.61291615, -2007.51228591, -1516.70657489, -6.32044816708e+23
-71.9665870861, 2677.16299275, 1038.57951315, -7.46937982117e+22
-613.787770075, -2099.6311154, -1635.83417288, -1.39945870184e+22
27.5753654038, 2057.67944802, 537.605632315, -1.15485420632e+22
-1783.67782764, 132.505757634, 1347.34728176, -3.13150618891e+22
-3119.66595954, -2183.77292119, 475.625386904, -8.30078688733e+23
889.725293521, -2.21432055915, -346.954978568, -1.57137842555e+19
-2984.58483625, -1675.94997033, 2417.172113, -1.22595210746e+24
-603.223250412, 1525.27430317, -1169.31063527, -9.815851411e+21
-1845.84657796, -189.752711802, 1799.80669332, -9.77589334489e+22
1313.50720916, -1216.26773824, -2454.93569766, -4.54638976002e+23
1665.69802897, 3135.16463961, 684.795050668, -5.06691679448e+23
-1149.42260722, -215.327413273, 2436.15353477, -1.46405100439e+23
1942.35355205, -3292.77744267, -835.221401394, -8.35262082364e+23
1511.88578782, 876.246357641, 1167.53048014, -1.98793716485e+22
-651.979833756, 389.664451292, -1095.96139869, -1.93262630163e+20
-1485.14679795, 423.691368673, 1904.81213468, -9.81674059583e+22
1034.35639219, 2124.28405285, 1.15458044246, -2.70748443026e+22
689.385594658, 3052.88070493, -3438.44746285, -3.26488260113e+24
-1323.15636278, 271.004367556, -1645.2124688, -1.69951775495e+22
753.167897808, 1656.19106388, -1055.31829256, -1.02365919476e+22
-2370.9196548, 773.64860176, 1442.60270076, -1.97035200506e+23
-1292.16591958, -10.8225535908, 1090.68465625, -3.34594626713e+21
99.4480718013, 143.950494494, -14.1983102659, -1.82079535863e+13
824.912985868, 352.373162046, -192.995825503, -8.64128956448e+18
-205.38806439, -2024.66614351, -804.352919339, -7.67739962518e+21
1462.71892999, 1198.34006318, 948.368131726, -1.43582268785e+22
703.077973825, 2210.77754556, 847.811345234, -1.79902455413e+22
-1496.78617938, -1382.3723438, 421.144189543, -4.57972775801e+21
2549.46773766, -1782.87119535, -1451.25792442, -4.85522006301e+23
2035.12023708, -2189.40441829, 1537.50683406, -3.24404845496e+23
-1780.19209944, -1183.93904808, 1547.55238144, -2.487310639e+22
-2152.41790149, -1452.48291628, -2370.88742574, -9.91145972462e+23
118.507520001, 1020.33712833, 3146.03664788, -3.72882949546e+23
992.801150016, -3104.44591425, -572.158947881, -4.20126560084e+23
1600.45839962, -1185.59799391, -454.931455862, -2.97895730494e+21
-1732.7294394, 549.636051228, 14.1078207663, -1.06506205528e+21
-2359.19484251, 1704.2954047, 1855.43402475, -7.69638756479e+23
-481.322510294, 2472.17164027, -221.641353462, -1.10569305638e+23
-1676.14725977, -1144.11781735, 3371.85582172, -1.47594212593e+24
1071.97095731, 1539.99055226, -1413.05525884, -1.03141384937e+22
1869.31514181, 753.35436684, 649.27846084, -2.24088157999e+22
-804.354970787, 57.772456678, -1412.13533829, -1.56078970344e+21
-734.308237404, 763.781135798, -312.816733898, -4.22498273609e+19
-996.050001358, -53.1314155494, 563.704106365, -9.01863506083e+19
617.032314798, -1528.93821427, 1224.423101, -1.04727559237e+22
1713.80992794, 2205.6964035, 1681.71877565, -2.17554779214e+23
1722.87792583, -2391.29194972, -831.607786147, -8.72796836593e+22
-106.39095194, -1125.63800607, 49.1939975862, -1.64742932886e+20
2353.53919968, 1994.44971475, 1132.30461301, -4.37717419402e+23
-587.338309914, -599.591041714, -2225.23157053, -1.92349335044e+22
-717.718964523, 2607.09003903, -2286.13382082, -7.76151102137e+23
-77.7954719159, -2419.15526742, 1055.49267653, -1.59375466732e+23
-904.047368034, -1767.09769316, -145.236655162, -5.70548723514e+21
1028.33949755, -1264.22049066, 934.113973817, -3.48464115443e+21
-1380.45944719, -2079.13534938, 2051.5413853, -1.28824029584e+23
288.060500681, -3549.4268555, 108.527588687, -1.65939514946e+24
-1080.47011445, 41.1894356318, -2250.94122407, -4.00963471935e+22
-1761.36935594, -432.944486996, 1713.01573035, -5.59940690819e+22
-2090.61423911, -1923.84341673, -1429.65517838, -3.18199463484e+23
3366.00472674, -2599.74900147, -1478.70084622, -2.59524785767e+24
1707.51713486, 2780.75211351, -1702.70166672, -6.41119525421e+23
-1355.03552382, -763.947033409, 1629.30589223, -1.39962475672e+22
160.274826075, 891.36963391, -1789.91348376, -1.84733939531e+21
1714.16249868, 1267.3042221, 1161.28548012, -4.97094234953e+22
2790.43306532, -1535.63023379, -1020.37201883, -2.62008986769e+23
-333.034729461, 1785.05140475, 644.408274334, -3.31801193877e+21
-1051.89983445, -2260.01248054, 789.452426649, -7.62024111914e+22
2618.31821908, 172.291491215, 880.663994906, -1.82393387215e+23
-2529.33205212, 1189.7098529, -1974.84196929, -5.08847819655e+23
2678.62664519, 2440.77814251, 721.364893998, -8.79779537016e+23
1309.25427564, -366.04744463, 509.893411697, -5.51617176266e+20
-215.958767357, 1514.29533818, -996.184785712, -6.21362935866e+21
-942.91749124, 1108.84224887, -218.260482797, -4.5274761892e+20
-1050.88849842, -2443.76223041, -452.550189283, -6.00570775568e+22
115.466997035, -340.945482063, -1301.35723896, -3.98606035717e+20
1463.91017946, 1251.41456784, 1394.54972947, -3.49372608014e+22
-1580.05592482, 993.076435541, -1061.27512452, -8.21999505226e+21
-3093.75476245, -654.690976697, -1617.11562127, -1.7133874294e+24
-3074.73560401, -1045.19477181, 334.882265804, -3.09747841325e+23
-1728.86910408, 2900.81128908, 934.152140191, -2.97946211797e+23
-1215.38795665, -1273.83667794, -2494.39639788, -1.61757447847e+23
1145.13155162, -269.585604898, 510.308229629, -2.54054808718e+20
-141.277182036, -794.209690053, 1944.93425318, -3.29787904376e+21
1543.97340081, 1636.351952, 1418.68506215, -6.12171959806e+22
1599.50020044, 2568.20190235, -1928.00431281, -4.29123779796e+23
821.891508273, -1621.68940726, 2628.43422641, -9.69925522041e+22
-2018.73100152, 1100.75621551, 3024.31261558, -3.22146908468e+24
733.297108238, 2637.16769812, 554.633499311, -9.46483615518e+22
487.580226119, -5.23270210667, -903.076220722, -7.70408104052e+19
-899.12963883, 2268.26325823, 440.583056124, -3.63549986824e+22
-1578.23813162, 1062.57400828, 2137.0492149, -3.01836862868e+23
234.757866081, 752.772872683, -858.831006712, -4.60559048767e+19
1755.60371833, 1049.71967978, -186.362622606, -6.73422707782e+21
81.3407273473, -1046.47971368, -3167.26689158, -4.59652039428e+23
1719.32663261, 1370.95947896, -1135.14023587, -1.06752872856e+22
-582.653743327, 1125.89258107, 483.45213209, -1.35230147752e+20
1896.02595347, -2932.9046178, 532.336270879, -7.77316812001e+23
-2174.30474266, 958.330710957, 424.060121295, -1.1067923057e+22
-1938.68071673, -951.943763024, 2395.6597971, -3.05985829149e+23
1814.99876664, -323.085408113, 867.774674627, -1.2412020153e+22
1593.46577735, 3108.90063546, 694.352615927, -4.52701238404e+23
65.5108972437, -1471.01033979, -550.445876519, -6.31828940653e+20
326.307488963, 177.577480437, 519.386251835, -1.0208605595e+18
2513.37701926, 145.227139103, 2136.22587701, -9.0131482132e+23
-2418.82043442, 155.473776763, 2762.6749838, -2.17895563046e+24
56.1389108021, 1453.51243584, -2110.76273141, -1.7329575586e+22
923.588334487, -736.738280546, -1765.61705056, -2.79982678115e+22
2954.05336872, 957.339826073, 901.539429709, -6.64418626378e+23
-2173.12414239, 978.296665098, 1298.95627821, -1.09716845786e+23
728.314833311, -2460.66556183, -2078.02757052, -1.77462885743e+23
-1758.17906192, -572.569780602, 1500.48962268, -2.78514064988e+22
-474.92013643, 610.866994211, -1401.74502277, -3.56295215107e+20
-203.284171666, 1294.62785555, -2525.89088472, -2.58646808948e+22
151.39791179, 2916.27551036, 2470.99316562, -2.56044196886e+23
-2701.01863123, 2171.67427202, 1478.9958973, -8.01810482478e+23
2011.13998532, 680.10019648, 703.355501192, -3.62848661414e+22
2153.79638693, 624.458699905, 264.600993251, -2.8149763272e+22
-2411.7684044, 198.57790749, 1669.21747866, -2.54451079438e+23
-2510.07763481, 246.115335742, -424.916255454, -5.10799637895e+22
56.2609550901, 1007.22600899, 176.473470798, -4.51867796771e+19
-2352.37298843, 1830.43554773, 2385.20414565, -2.17377092044e+24
2639.62060104, 313.001898951, 1451.2460177, -4.71212935262e+23
-85.9761809336, -1369.68831655, 1417.44943876, -4.70755801279e+21
286.068465161, 596.27977638, 615.857897627, -3.63444800603e+18
-1125.80732596, 176.102622686, -2714.84751488, -1.1938190298e+23
-987.786753611, 111.158628548, -1460.53400126, -3.58011509253e+21
-1603.00814093, 1334.88003706, 1860.26510743, -1.92156059766e+23
-307.790025572, 2102.97566808, 1489.00178825, -1.54382799812e+22
-111.618023068, 777.049445859, -1772.24364301, -1.18682136102e+21
-209.358199021, -1069.94253592, -2800.97296723, -1.45157818493e+23
686.507172132, -2687.01312715, -968.816333714, -9.12573624884e+22
806.899608295, 595.419491884, -492.17479158, -1.92220664218e+19
1924.88739457, -2286.56663958, -418.99060506, -7.87348403298e+22
358.902189305, -1045.12719235, 796.280421017, -4.37396584595e+20
157.207963521, 822.628119985, -106.344739393, -1.58550345453e+19
3080.98129529, 463.868183899, -2341.64209638, -1.92022647616e+24
-167.259759313, -1375.85195734, -627.038350787, -3.16114756903e+20
-952.751140307, -483.68645923, 596.429855004, -5.82459194914e+19
1202.60327336, 423.744492579, -205.70291489, -1.58488159513e+20
-1479.65548293, 1432.84187851, 2050.96506066, -2.62689815992e+23
-304.025886243, 322.176022714, -1313.2308939, -1.24958444067e+20
-100.401355128, -13.6406122373, 202.654269502, -4.12076891054e+14
2509.60703501, -859.329355303, 164.473200089, -2.3638910629e+22
-169.354708292, 1899.59357433, -467.611757441, -1.72472601397e+22
108.574564475, -1086.43462652, -172.646366324, -8.71102996098e+19
-384.53831088, 2555.62825787, -1381.19083379, -3.31217868538e+23
1287.39380633, 2647.58003577, 126.740769188, -1.47184755739e+23
2466.51275923, 704.471991802, -867.76238545, -4.589030534e+22
1122.03392704, 2877.9847942, 2124.25186365, -2.1954045174e+23
1851.36211387, 948.764977506, -430.260851483, -6.82711845333e+21
-212.415324012, -528.731353275, 195.307258944, -6.94082697597e+17
1744.90307875, 1626.80320853, 723.307142345, -4.0058782698e+22
-1499.97963497, -2548.65810052, 1560.84751696, -3.15399737535e+23
-1083.62764662, 2840.92300673, -1290.57898507, -7.85458656028e+23
476.073917967, -895.318310465, -242.91289618, -2.18818665261e+19
-399.242063881, -1280.79139728, -1399.01433166, -1.28685133177e+21
-1495.13622874, -109.517437827, -250.76120676, -1.12133523947e+21
-1047.15811321, 212.307725075, -267.862556691, -5.64716140462e+19
3053.66558726, -896.106777278, -2968.32148233, -8.62212038087e+24
-2386.21797062, 336.083543918, 692.245215802, -2.76727756204e+22
2752.12589569, -1659.53027111, 949.170546113, -1.7802136524e+23
1509.39266232, 2418.72801804, 459.937225956, -8.26978173842e+22
-301.333824477, -122.926781499, -70.1586378839, -7.41758179842e+15
-1724.06066722, -278.72310992, 679.828752059, -2.8261690369e+21
2036.12976699, -499.190372234, 2021.37354088, -2.22286300968e+23
-156.563474299, 1271.97766742, 1389.59243315, -2.2252563401e+21
-386.167312519, -306.46737248, -1526.79772617, -8.26582743373e+20
-1709.25095281, -2336.20169039, 779.710257002, -1.17785663582e+23
492.073761011, 143.443675971, -972.437495879, -9.66768135903e+19
1380.90528801, -1717.37243464, 1597.00309691, -5.95146280879e+22
-1299.16409388, -2180.23404513, -827.491712963, -3.40687193829e+22
-917.671314668, -1118.90940478, 577.64600952, -4.55647386612e+20
-170.973672344, -51.1611301913, -1108.64133361, -4.35426626507e+19
-90.190797303, -2796.75841868, -4.81967975139, -2.22948945753e+23
1218.30265933, 787.924561508, 3204.68205767, -5.36958646159e+23
971.236154864, -32.8037608177, -876.143574932, -4.82586250375e+20
-1229.50748592, 1225.93576077, -1440.88145207, -1.10987535481e+22
-1174.52113746, -1480.67971365, -487.88470549, -3.68956004158e+21
491.061594024, 56.6357993612, 1261.18703526, -2.59366540835e+20
1453.29297709, -451.568525418, 2034.69877795, -5.61003460247e+22
-1359.52134716, -32.3703515552, -1950.25048558, -4.35668429579e+22
-1018.74052006, 943.066264665, -1429.29270123, -3.78687921485e+21
-110.898662767, 2627.30270867, -104.477302191, -1.51317215887e+23
2104.92531613, 1224.00192881, 2294.47019804, -7.41109027489e+23
-1349.80804371, 1157.78720228, 1618.46647243, -5.76802589112e+22
1878.70567795, 948.410990773, -614.069831387, -7.11806798567e+21
-1784.5865792, -1638.02832375, 518.948090287, -1.8201019319e+22
1752.87875857, 931.073600229, 680.914875683, -1.88799582076e+22
959.780326974, -106.17716615, -616.521477896, -1.29819347081e+20
-2747.63953636, -3072.9493474, 611.755163882, -1.40309714918e+24
-2271.39462, -1200.10799177, -2515.03295419, -1.37558218508e+24
-2792.73209045, -253.874664593, 448.408911522, -7.87185017808e+22
-1733.28662121, -3172.2000575, -616.689550341, -5.86566376998e+23
-2306.5410661, 666.534105641, 388.765111708, -1.34088071688e+22
-458.266591931, 2430.89593219, 1495.85205844, -3.96360000013e+22
1980.65176319, -991.730507177, 108.648661981, -3.57856085199e+21
-3314.13739016, 1745.41824429, 2118.25044975, -4.43244267756e+24
-923.958326191, 989.811219767, -1777.76601128, -7.39974477756e+21
2480.12310404, -298.03221544, -115.616193941, -2.31606143707e+22
-187.422821669, 471.727619218, -3106.08833206, -1.30649284502e+23
-1430.90554435, -2447.40115904, 2371.01323885, -4.33306366592e+23
-1730.62285689, 1543.77262503, -144.076584688, -8.39252180028e+21
-1668.7728912, -1438.09590927, 1225.27801111, -1.21150781896e+22
82.5780123105, -2805.75190691, -1198.19458643, -1.00928343866e+23
1925.6845904, -840.399346219, -199.655487281, -2.86905356468e+21
482.116678117, -642.891578198, 1270.33389794, -2.29957243591e+20
-1008.16993726, 1385.37927, 167.736840521, -1.25102798413e+21
949.578681974, 425.998589201, 1816.42862146, -1.16986763598e+22
-1191.73832073, -419.802201209, 581.166064669, -2.05515312999e+20
-155.37919142, 699.726799986, -177.053341541, -6.50338848272e+18
1645.35710273, -1805.4293518, 1772.13285266, -1.23697718653e+23
-231.973511122, -249.796915513, -1544.64348161, -7.63745704349e+20
735.144606426, -2513.62501075, -2140.96180358, -2.16611077974e+23
1863.13765583, 283.230211178, -3108.52064165, -1.66666483533e+24
-2206.92268541, 2871.4253341, -1929.41253104, -2.05014382735e+24
1918.75110571, 257.669228124, -2482.55425975, -5.22325694825e+23
-2174.92013652, -823.108761463, 1459.00045022, -5.69847065926e+22
3080.14168005, 225.762516127, 937.470061364, -5.9969501346e+23
53.491831131, 264.417608544, 1632.04972976, -1.51024912919e+21
2290.50882265, 1484.76700334, -170.805276946, -6.84034416777e+22
1215.91265291, 2592.64378977, -3478.36049521, -1.57462540902e+24
-1199.43609748, -1910.8624636, -912.784419195, -1.54448267384e+22
-1672.17029004, -1100.41209202, 2600.33627687, -2.9657647894e+23
-921.216319228, 1256.85812681, -648.4701151, -1.94858212428e+21
-1958.30181423, -3587.80260053, 756.339547203, -2.56249544516e+24
1378.25181691, -355.882320775, 420.632100443, -5.83636329435e+20
-555.902307628, 509.125010395, 2590.90613434, -1.43011947449e+23
-1255.86254064, -2897.38904321, -465.637043124, -2.43569171524e+23
133.472730878, 611.539069979, 2893.45903851, -1.53755500722e+23
-2245.63364484, -1017.6995284, 888.991163326, -2.79297558624e+22
-2031.85526799, -2851.65487561, 309.466430032, -4.53631976942e+23
-393.650565432, 1106.28188886, 1264.58870794, -1.82824558136e+21
2262.98130205, 2038.71264681, 2226.40136476, -1.30233904655e+24
-560.06795643, 320.970635522, 1337.1525152, -1.63852930392e+21
1939.66385444, 682.66416823, 550.833821954, -2.25501105135e+22
1029.06700683, -968.83395398, -3456.33491104, -2.18696605876e+24
1441.66030441, -2626.54073254, -1949.03495595, -4.25602547092e+23
160.808427985, 765.884371358, -561.828829237, -2.60471547075e+19
825.284716862, 615.013704717, 144.70000578, -4.01845124205e+19
1637.29486388, 418.68841869, -155.079906096, -1.67953682392e+21
-160.63024068, -431.731702646, -1671.84381866, -1.7945973584e+21
-502.817942008, 1680.01630008, 405.052990846, -2.76350142094e+21
-234.609206102, 993.764158039, -953.670560396, -3.91018857042e+20
-416.200743924, 535.170412277, 170.159912558, -6.38967834691e+17
-2768.54461346, 3441.85578929, -428.099480468, -3.12295586954e+24
16.6369252356, -45.1254028273, 2897.67101186, -1.14233254067e+23
-1063.2124723, 425.965982826, 16.8688240435, -2.07439209435e+19
-159.20436792, -1938.71321438, -1939.39856407, -2.20716461628e+22
-634.713731954, -442.464677824, 2261.67652725, -3.1885796976e+22
-1706.33736814, -1087.46026423, -1026.33501875, -3.37011630503e+22
-1908.43193767, 1897.36412245, 2541.85224533, -1.70136074006e+24
-514.795546775, -2647.38329391, 1455.79682025, -3.82483747141e+23
-276.173637892, 2530.55989555, -965.606377387, -2.22832210438e+23
423.787846189, -1730.59576679, -233.292477439, -4.09402804363e+21
2532.77722584, -1331.74604034, -880.836108504, -1.04583329115e+23
-2938.51410656, 856.229147972, -975.965869773, -2.71541337512e+23
168.329323126, -1523.56644181, -1391.68761796, -3.09956409856e+21
-963.464902626, 2594.57945283, 2736.58065644, -1.10850908737e+24
1693.58417962, -121.378493674, 202.813241286, -1.90603832818e+21
636.476314575, 3522.51599279, 2215.82590305, -5.32940349777e+23
716.58923341, 1760.53699172, 1215.4918492, -4.08424827266e+21
-1392.34231958, -2698.16567726, -2140.34840417, -2.92714465798e+23
-1061.40884858, -718.801787905, -1537.79329197, -9.30628838148e+21
-472.768043056, 1076.27629115, 2268.51104174, -7.58423150208e+22
-1296.95138334, -63.6158899876, -1055.45565412, -3.95436873228e+21
433.72724842, 749.767301364, 1595.09838503, -1.88887802768e+21
-1312.79200698, 1633.15929714, 1171.24512953, -2.13115400777e+22
-3155.41882361, 688.528338122, 952.893968757, -2.9582687725e+23
191.410451171, 1195.82646855, -2516.42906122, -2.63076063225e+22
-256.083693236, -2210.54965327, 494.356145468, -5.11608512324e+22
1487.55689964, -1336.71485996, 3518.00423885, -8.27976213448e+23
-205.776213961, -3324.17113296, -809.960368551, -5.47140672015e+23
2506.80082902, 152.705652713, -1223.04598108, -9.64023508942e+22
-1060.94228974, 474.482990751, 618.977299016, -3.24504875591e+20
1186.37418284, -227.167051755, 622.254757435, -4.95677977229e+20
1638.62845462, -1648.26756395, -244.508074941, -8.28080090887e+21
1169.75535736, -340.449014815, -74.2580848305, -4.67328609551e+19
2875.81286036, 1316.60658362, -3284.93989804, -4.90773086355e+24
31.9527219779, -1126.03326038, -1374.7868701, -1.28404895025e+21
-538.199605606, -2260.20154884, 1330.90595424, -1.1439647199e+23
-972.369050846, 1476.77157444, 1314.33887012, -1.32709138141e+22
2341.14434155, 687.912418437, 664.408903828, -9.13142867234e+22
-453.408299452, 827.236287855, -2377.16383378, -1.2458963319e+22
2046.24672799, 1748.91722257, -1785.8304963, -9.1387548383e+22
454.523374762, 2460.79837492, -340.515531694, -1.02733237769e+23
2178.34633985, 596.018802096, 384.124101353, -3.50047790056e+22
1631.01687544, -1360.158984, -572.281240438, -5.99065198101e+21
-785.433866591, -129.268009269, 1640.06352064, -6.46411097277e+21
-730.441310068, 2218.92238271, -1238.57907812, -1.26331423891e+23
-2238.99537338, -766.105051587, 1283.35400512, -4.61550044963e+22
-3052.30871417, 53.5978936479, -2709.18326957, -4.58460333963e+24
1486.35663896, 2222.48796586, -3016.75078908, -6.19834515971e+23
-36.9260894128, 593.336978375, -2347.77562079, -1.28308348076e+22
884.325804787, -382.407889681, -1160.9106401, -2.00838870045e+21
-23.7331601063, -1492.80047785, -495.169544313, -7.60670464524e+20
-1261.20519478, -2944.13810398, -2727.16151608, -6.37210333871e+23
1212.52126773, -1463.27638115, 381.377947039, -4.40374330375e+21
-860.279322289, 1747.0039341, 1031.87339482, -6.44996715534e+21
-641.377098599, -906.441065118, 350.030466409, -6.24118184345e+19
-741.546840497, 753.32680171, 1542.53300653, -9.14486530879e+21
1100.29265062, 1808.22536203, 486.013074561, -7.62731498236e+21
247.564900821, -1534.10755082, 457.452690165, -3.52185907931e+21
1814.22388343, -1387.96215579, -2194.74316885, -5.86134970099e+23
-162.835687835, -615.101680505, -2425.58748434, -3.7167728049e+22
-1564.69261351, -109.141038806, -3533.00209668, -1.26284307619e+24
1149.89186985, -2689.87806227, 1375.83191019, -5.81347756942e+23
-377.119442323, 1243.01910889, 421.480937351, -2.11015805088e+20
-896.517144492, -717.80947475, 2950.98859059, -2.70095400138e+23
3071.61426174, -1498.82801582, 61.15940157, -1.11469119386e+23
-480.778842704, 2085.15879712, 1377.28055612, -1.50645229595e+22
-779.911482484, 2879.6734396, -2728.06314307, -1.93769131004e+24
-1369.15073686, -2303.06821053, 184.142502917, -6.48834691766e+22
-806.779016179, 671.250272008, 612.36225364, -1.44188081352e+20
-62.9140773712, -1254.11309955, 1431.75356047, -2.82419487996e+21
288.474436627, -325.486295335, 358.429701118, -1.65581724827e+17
3325.26570598, 953.741243321, -63.0360588961, -6.16145938132e+23
1253.10189884, 67.3789239927, 636.909614194, -9.56812525857e+20
95.1788975567, -1975.26811951, -2417.26064594, -1.23641545892e+23
857.872567839, -413.331751173, 843.305849875, -1.90517101763e+20
174.535679623, -1268.27519802, -31.8014610535, -4.01375268997e+20
-952.839598943, -2505.22878445, -1124.20851366, -5.1077249827e+22
-184.737037821, -306.522003059, -2718.19246403, -7.18967967314e+22
1763.86482642, -807.181628719, 97.4118300783, -1.34749499474e+21
-375.886273616, -1015.52085994, -1887.85400209, -7.08166885277e+21
-2461.80120263, -450.184738868, -2235.35053411, -1.04132863504e+24
-900.64909006, 3437.85370976, 855.267736755, -8.09060142555e+23
1126.73445897, 1107.06699769, -996.65718539, -1.15121141444e+21
1564.20301648, -1712.55781774, 1264.80066627, -4.75404173503e+22
39.0412064525, -1686.11498465, 636.016932153, -8.12477608164e+21
419.125934656, 798.145728356, -313.916185777, -2.02944217014e+19
-160.724194017, 1936.3456021, 77.1818781966, -1.14395333586e+22
-3153.20840801, -1561.05340507, -832.281667401, -1.36219648802e+24
-13.3701455499, -3402.77822377, 2588.58948846, -4.39671639042e+24
-1781.00601554, -2364.13993103, 240.219520957, -1.11046296452e+23
-317.091155591, 592.42837456, -2460.12075191, -1.6294351362e+22
1992.73747429, 1392.42634263, 763.533130518, -6.94825933584e+22
-594.430490441, 193.624961116, 608.311707041, -2.2985079593e+19
1728.08108087, 1393.72157862, 2408.03392749, -4.30809277832e+23
2733.33545243, 1622.40598135, 1330.33872597, -9.74451515194e+23
2616.18787038, -2989.26503968, -585.483126007, -7.24226348396e+23
-95.5929564677, -108.862743743, -1365.47593318, -2.68218109196e+20
-1830.28359015, 1014.87263501, -799.726565774, -9.40087219476e+21
-1033.34027216, -173.436357609, -2767.69422909, -1.28697094787e+23
-139.035467391, 1891.36027585, -35.8990257585, -1.0623132612e+22
469.997908449, 254.376307908, -153.644448489, -1.1915979684e+17
1343.32377946, -3038.73040354, 1300.25738008, -1.33695108911e+24
-3393.88687584, -2353.1028939, -1047.34218275, -4.04419177715e+24
601.655693847, 1193.38944193, 622.107851883, -2.09973333148e+20
738.842536355, 1469.23441005, 2710.48579735, -1.4453762673e+23
1831.15603133, 875.77785669, -212.264696217, -6.80134502648e+21
-449.801274627, 3321.47816881, -1312.60528641, -2.040850034e+24
-1565.28005536, 1122.5106543, -1233.4726128, -1.32857838569e+22
1567.88629262, -711.179187355, -3173.08254187, -2.09039503011e+24
1308.25712128, -2160.04872137, 1167.63312625, -1.28369323773e+23
-152.864215833, 2585.49174404, -245.626234382, -1.49322519954e+23
3003.43261605, 113.106640761, 2290.1445116, -2.68179550291e+24
530.373438463, -483.656796975, -1229.5320043, -1.07483825164e+21
2100.15771278, -237.541011171, -167.741878262, -6.01208029707e+21
-1174.42107275, -1519.87422051, -96.5505691539, -3.3396929177e+21
255.974388974, -930.783320452, 676.254820949, -1.53069395426e+20
-72.6858011046, -602.97051619, 71.9624915046, -1.27542510951e+18
2266.99755133, -1019.90022738, 190.159437551, -1.07459024227e+22
-1704.49832416, 2122.49585827, 2043.31853931, -5.40269961917e+23
876.898395554, 491.086524352, -2401.25213931, -6.96291779133e+22
2884.9867728, 763.762740065, 78.8900815706, -2.10950580817e+23
-2865.78479584, -3231.15202246, -526.170866164, -2.42068232119e+24
981.160280146, -500.386429626, 934.981794739, -4.97598933978e+20
691.440981486, -2811.4075024, -397.371958835, -1.96794836177e+23
-246.954778124, -22.339004675, 1876.0345541, -5.61686670508e+21
702.855063033, -2786.26098103, 798.899542652, -4.34505906825e+23
1641.80464497, 1049.46413006, 2670.57345209, -4.84815307416e+23
331.159599766, -622.420994034, -475.293054427, -4.44269158053e+18
22.4520347051, -1829.07587277, 703.136552875, -1.57264822714e+22
-247.270739246, 720.487908714, 1491.82992269, -2.34245675766e+21
24.9321454291, 264.529531583, 3218.75212535, -3.14522465612e+23
3168.63966184, -2459.57171002, 416.967879141, -5.65932854494e+23
-292.401911042, 2688.86923321, -1117.66875999, -3.85585339306e+23
635.543755383, 289.89015726, -1926.45033147, -1.13116698265e+22
763.02880333, -1140.68141619, -1673.05719437, -2.07529241161e+22
224.461557281, -139.041648576, -1864.16804749, -5.72409374369e+21
1865.81524539, -70.9001898594, -94.9920465661, -2.73442408089e+21
-3056.566089, 1652.28965835, -969.251258791, -3.30859118356e+23
270.154803877, -1342.00728777, -1749.98811253, -1.22108933405e+22
1483.78084082, -137.742054522, 1408.93634711, -1.68234222876e+22
-372.275659733, 969.890071755, -654.285139703, -2.21166149545e+20
1310.41477398, 2434.03291079, -247.930880063, -9.77156422984e+22
225.965406803, -2023.21418589, 2315.29834306, -1.42098776823e+23
2062.67990688, -880.001684841, 759.693316448, -1.70385737853e+22
282.086873769, 1189.91581352, 2771.57322789, -1.42446835071e+23
1233.82574187, -1726.61313364, 1876.9445661, -7.34242144381e+22
268.352213333, -512.931691711, -3127.4917055, -3.76401655805e+23
1431.49616894, 1289.77759862, 2821.07762456, -4.56235561195e+23
262.399956894, -1496.27069331, -2706.12254667, -2.37075864293e+23
-430.646817012, -729.191392632, -153.859035016, -5.09700976382e+18
-397.747074855, -386.462257396, 106.299645017, -1.4059855274e+17
-2920.89506914, 408.260176985, 281.428085879, -8.04926901518e+22
-1070.7031218, -1208.65937339, 1586.41623801, -6.1488073769e+21
-1515.68521209, -133.428263032, 131.346152532, -6.29563867808e+20
-1903.71355712, 112.615422968, 680.009560208, -5.94089578264e+21
-3130.72116238, 43.9207877962, 902.665318396, -2.28165770534e+23
-2510.62125575, -663.559905844, 1470.05394815, -1.30305555394e+23
-262.959507012, 323.729310059, 1012.08578509, -1.13245619948e+20
143.435255457, -666.327605918, 1881.72638654, -1.86760612766e+21
-2079.99988129, 213.898662392, -67.9698756275, -6.94522596579e+21
190.390959831, -541.206474531, 2311.57466128, -1.08095143398e+22
2010.6834697, 1165.16336097, -1011.87715728, -1.66750373483e+22
2387.19724294, -774.336077205, 20.1995623043, -1.41433711817e+22
3190.94619857, -771.171443219, 574.482319143, -2.84097957168e+23
-632.665026786, -233.983846274, 1012.46257557, -1.92037814701e+20
433.825949905, -2110.69847744, 2807.00752576, -3.000026712e+23
900.461226207, 1249.15224978, 932.813970223, -1.62688716797e+21
-297.784409503, -3172.23280554, 462.754947038, -8.00357002396e+23
3.31939913454, 1084.78858081, 355.03000889, -6.08208292537e+19
1325.99525104, 879.312819114, 159.111180982, -1.31570477779e+21
-2294.96130058, -1234.3227427, 57.5441968267, -5.77044696394e+22
-1339.6808501, 40.319852418, -43.8939470282, -2.3891089721e+20
-314.525456993, 2743.88638674, 104.982736502, -1.88707904615e+23
-2238.67316432, -590.876509564, 715.119640587, -1.93110540823e+22
834.826004591, -1048.30061998, 286.446253232, -2.97328077208e+20
-1012.44499317, -835.336716783, 3204.24111705, -5.31932577992e+23
612.41224615, 988.264023497, 792.318816591, -1.70560729137e+20
504.400036162, 1609.94547269, 105.832629738, -2.3971256525e+21
-383.939300926, 1863.34385589, 317.358909309, -6.83861923736e+21
2554.78199127, -1767.7285417, 1548.00163674, -3.30562742048e+23
-1823.82916076, 61.8660696615, -539.932818027, -7.37648892391e+21
2550.33807336, 704.727544533, -568.89672386, -5.27725196064e+22
795.505986861, 2070.58937971, -2545.69731515, -1.84988893098e+23
-3086.38810167, 202.400608887, -238.194411527, -2.02527093142e+23
-1712.81593126, -557.706535144, 170.159399251, -2.82526345596e+21
-411.015620655, -135.996849604, 1918.73166022, -8.2282580551e+21
-2240.67379423, -410.866978214, -1308.42364464, -1.56214319953e+23
107.455662972, 122.917661274, -1820.90653526, -2.94060404393e+21
-746.586668623, -701.755753957, 934.285910786, -1.27969527948e+20
-905.961576634, -1049.56651806, 1021.45990624, -6.66052593115e+20
2552.59031912, -1852.77863224, -596.283660545, -9.53679310177e+22
-1381.51006437, -724.994725111, 1222.83126567, -3.81773649135e+21
-86.3993036908, -588.719485635, -1544.0455215, -1.269470373e+21
-96.200520755, 604.767800632, -516.904467763, -5.83949979826e+18
-81.9751656667, 714.117864746, 334.715235042, -1.80992163934e+18
-2169.19038897, 754.577761314, 2047.77752864, -5.22288465629e+23
-884.076650852, 1718.02419545, 900.041141046, -4.79792294073e+21
-864.93622474, 3078.30563342, -3299.19263072, -4.14775949219e+24
2083.14038554, 1457.15638709, -1863.39174106, -9.83857990817e+22
-500.692947356, 1113.08709162, 234.952246849, -1.2669533678e+20
1256.1254089, -1536.99539216, -3112.14821665, -1.90979525507e+24
1538.73452219, -59.3247109925, -1721.44464549, -5.14838952307e+22
-1757.80811367, 1054.51848977, -749.734586462, -6.95048934317e+21
-3270.45870099, -8.5118347041, 867.164217749, -2.9841741359e+23
206.750134957, -469.739798484, 418.532462702, -9.90418440564e+17
-443.823272643, 1400.99673507, 931.600372293, -8.34348941114e+20
-1334.63755017, 2249.67011845, 2402.8087321, -7.36859484951e+23
-2339.2208261, 228.428537806, -379.515768201, -2.8292641746e+22
2984.20213111, -240.521080701, 1909.63737165, -1.4256004313e+24
-929.799849241, -420.043195269, 1935.50461816, -1.97013017754e+22
1959.32965974, -1070.92701081, 1111.2494343, -2.78028611333e+22
-488.098500147, 1654.23655705, 1386.2876268, -7.21783493388e+21
363.145553205, -36.1313893552, -658.021871294, -6.86846553942e+18
-404.507268771, -237.878378582, -1009.587563, -5.54614765716e+19
-381.080371122, -992.238535725, 594.486195399, -1.57689314708e+20
-1757.1698863, -122.258993869, 122.156852346, -2.03306374467e+21
3141.87925609, -3162.73528906, 1511.47272212, -4.30674586459e+24
-435.208977094, 1524.55859186, -337.210702772, -3.2059561524e+21
1547.44350797, 2192.72833364, -814.595996158, -7.19178585616e+22
-63.5321344381, 2567.25801538, 65.6899496608, -1.0986161308e+23
259.219189979, 999.951419753, 736.769416848, -3.0454535051e+19
1196.95464114, 1030.41336492, 1004.81338119, -5.13052001277e+21
2565.50363042, -3173.26621126, -722.749550954, -9.92795343696e+23
1048.98234058, -1253.18399018, 1251.38378118, -5.89755376633e+21
-180.312831426, 251.663740613, -1377.75925814, -1.68835714179e+20
-1908.77309368, 67.8818718361, 3573.26881505, -4.67977315277e+24
892.163287474, 1975.36750734, 1056.94354319, -9.65278223801e+21
387.896519072, -11.0547352224, 2305.39822931, -1.50172792273e+22
-932.54291269, -458.607628618, 1550.93851475, -4.81537071428e+21
-2183.19693452, -1426.22888796, -800.783930899, -1.27964213268e+23
554.598647657, -2785.68197916, -2065.78474004, -1.97248563047e+23
-1132.24711869, -295.740436394, 2010.19337232, -4.11120437741e+22
566.81271038, -793.053758958, -2237.92499221, -6.43999514641e+22
-99.0907214559, 1782.14577096, -269.353342433, -8.49435128398e+21
-1793.12168027, -578.619109692, 454.474523824, -3.40719958317e+21
-1845.86728898, 840.380094439, -1077.38340483, -1.82783730722e+22
-616.370935266, -469.62157981, 1842.21666302, -6.95742071342e+21
754.01604995, -2146.18833462, 1564.49932243, -1.32429512962e+23
-371.815721968, 733.88545077, -1941.06914203, -2.50374376059e+21
-277.230449331, -1635.05980575, -790.353086425, -1.22724367652e+21
-244.063391646, -552.644807997, -707.067794575, -5.036526248e+18
-1724.97639385, 1154.66440783, 455.212190534, -4.00694290141e+21
-1834.76666219, 552.37485116, 1794.16312328, -1.51041566628e+23
-807.694977737, -1130.37095932, -1999.83206058, -1.97364489071e+22
-767.255671233, 906.15095106, -77.2667433594, -7.26360480307e+19
2011.02213445, 756.626641782, 325.770055128, -2.18965241378e+22
713.014100194, 1553.57196823, -450.413549047, -3.45738844983e+21
1414.60063815, 1646.49105283, -2652.19806056, -1.9749588373e+23
-2696.18698223, -905.818864121, -269.998619471, -1.76657877389e+23
2794.58188208, 992.011914333, -2817.79982173, -2.35427573661e+24
-1274.82108858, -1206.10031616, 1040.09089059, -2.28370047069e+21
1461.78978804, 1652.64263551, 1397.98839427, -4.72001322208e+22
-3128.78549821, -1412.74054832, -1349.44307455, -1.95176789841e+24
1935.46574386, -1069.69524143, -1968.06279667, -3.64508580021e+23
-2709.33850016, -3463.95938916, -228.299752325, -2.51613692562e+24
1399.2971071, -351.732257963, -300.668320625, -3.00025029033e+20
-402.009650016, 144.084763726, 1242.128067, -5.28856554784e+20
-2628.89256108, -790.986500417, -1663.49838112, -7.67351424873e+23
-128.638234469, 2203.16252985, -1491.28478974, -1.22314870671e+23
113.561671683, 2219.94035755, 1656.26916531, -1.78832348735e+22
-40.0534167636, -1666.52771408, 3112.56467243, -1.58500651051e+23
-107.122330849, -1344.70271025, 240.796282238, -8.87144284504e+20
218.921515712, -386.906166061, -1177.06095599, -2.80835559438e+20
-686.353850469, -1232.06178909, -639.058954763, -3.47455460542e+20
-958.32006814, -704.190330099, 2487.85811524, -8.98855328497e+22
1190.3397175, 903.417660337, -1536.50713175, -6.23119406305e+21
-151.628228878, 850.032529643, 552.981334337, -9.73283006651e+18
2367.54988011, -3259.82856217, -1482.90660718, -1.33355794341e+24
-2847.75462732, -648.596548236, -464.94791768, -2.61723924069e+23
-2443.90149585, -1828.33018083, -2362.74430892, -1.97790912444e+24
-154.475402309, 17.7339867067, 1102.2091127, -8.78018337146e+19
-518.507860794, 547.297678437, 2271.1886555, -5.64734317931e+22
292.067123075, -2249.61249286, -427.27217617, -2.81259194124e+22
-19.1036812798, 1440.93045036, 3097.30548158, -4.69821809127e+23
1297.40195705, 1409.25003714, -699.05513871, -3.40580612403e+21
-225.118970092, -2640.50957841, -1893.28835275, -6.10624639059e+22
698.987690995, -63.7173567593, -3148.68885348, -5.07550335157e+23
1059.77047126, 1994.94506129, -498.186713819, -2.4669835147e+22
2777.90417651, 519.97770471, 1404.77712779, -6.57725978814e+23
616.038826797, -1034.58964695, -806.699928759, -3.55090301806e+20
-490.801143907, -213.733378563, -2050.32526519, -7.39171265639e+21
1755.53327644, -832.378575142, -2440.41970756, -6.7160735525e+23
-2376.78019094, -996.502837697, 982.675545066, -4.33680508546e+22
-1708.06833063, -2476.23145733, 487.657132745, -1.52092844758e+23
-3315.67459009, -2523.50224223, 304.477878968, -1.77002683842e+24
-3239.00457282, -2518.19046699, -827.539016406, -2.91420822315e+24
-713.73923792, 2660.76664586, 859.02480543, -9.1583033832e+22
818.037362837, -1106.65351766, 66.6582907249, -2.7954499874e+20
-2921.92721941, 360.549058837, 546.700347763, -9.31938291328e+22
129.193314862, -184.570154011, 3037.23996019, -1.39336240657e+23
711.713043308, 1955.68665317, 1829.35137113, -1.9829806427e+22
-1859.18416229, -240.638031069, -1927.27838429, -1.62798369733e+23
2675.81837234, -1493.43476055, 1220.07386885, -2.11965100349e+23
2411.05665576, -417.814978499, 1054.75182006, -1.01804065707e+23
371.716618582, 1264.60468429, 522.63079356, -1.9292424135e+20
-237.470605671, -1637.46722693, -287.308552674, -2.16018692958e+21
3102.59744867, -2361.3464531, -2987.14444473, -1.58184396928e+25
2204.20351213, 98.913813357, -32.7803579459, -1.32613216458e+22
665.126993478, 825.221619616, -420.983606683, -3.89650443329e+19
-273.931554018, 1310.35927934, 3538.12914186, -1.4374201296e+24
2056.69828528, 1604.41364286, 1192.56702746, -1.72425788099e+23
97.5014931215, 1471.76671016, 1674.29755228, -5.88010379532e+21
1543.12588959, -896.01458457, 890.976421212, -4.40205570046e+21
-453.974514248, 46.8179816516, 428.633224869, -1.43512675352e+18
222.807161521, -1144.40124262, 509.453694708, -4.53177369971e+20
-566.447957611, 939.508129194, 2707.70413907, -2.55243412629e+23
-1028.61808753, -1471.2283172, 531.850181411, -2.88925455534e+21
-1988.17609635, -2291.35636575, -2786.81153461, -1.74049495832e+24
-1327.12028876, -812.955637353, -1584.2334641, -2.57813926866e+22
1358.65264792, -452.839727309, -1790.37074374, -5.77786479899e+22
-948.417043944, 1005.23825779, -2433.85100498, -3.69697742849e+22
-917.107339958, -106.38059219, 353.66395739, -1.75491296575e+19
-133.260828366, 2594.785321, 779.27251157, -6.92513040344e+22
181.565519786, -1594.19908112, 2064.14129917, -2.77884190366e+22
2107.35840537, -1618.36472773, 2469.99187499, -5.31661477314e+23
386.531551034, 437.82453106, -261.004144935, -3.07533237768e+17
2265.10870396, -529.217985277, -1944.33402132, -4.35240761663e+23
-2159.37984456, 1531.76533708, -1041.92108526, -5.84878741925e+22
1345.85412683, -1800.77060118, 2510.4501627, -2.15573537906e+23
-371.929071614, -534.728006507, 2829.62304937, -1.08199637012e+23
-476.529563361, -1415.87820873, -641.426180377, -4.83914422404e+20
-1800.2449861, -786.007129119, 1628.77780644, -3.82799562489e+22
176.61451106, 662.587607249, 280.385641895, -1.05404762529e+18
-115.617726568, 55.4073196409, -598.397685712, -2.48430135833e+17
3414.55204352, -1103.70813106, -686.73614045, -3.71567497171e+23
432.976074136, 1809.07453757, -349.947214339, -9.66794559345e+21
168.485823611, 914.487163317, -1567.99622429, -8.83090721788e+20
611.80785518, 996.886264136, -682.956362784, -1.97535511347e+20
-1350.88254981, -3123.33822764, 1449.48159025, -1.21994946202e+24
-2351.65063598, 2150.20298018, 579.698545054, -1.04198046731e+23
-646.926429892, 1857.78231914, 608.651364219, -5.58504498188e+21
-1650.94261846, -861.84879228, -1179.36083222, -3.15453723631e+22
-102.759043279, -764.32002401, 1630.57580342, -8.17450164779e+20
-1226.32527442, -404.460954239, 993.541831887, -1.24373570174e+21
-783.705172006, 201.800903217, 1182.58998038, -1.34371187134e+21
-2144.85744703, -2540.27566755, 646.388366011, -2.69186752641e+23
326.522328439, -202.256195514, -1080.51541922, -1.72367162493e+20
2470.4952938, 1358.21098498, 228.135223218, -1.38604266032e+23
1952.81183729, 1583.74253685, -341.841324047, -2.69825487303e+22
329.341342745, 293.987963188, -35.3881378404, -2.48529386438e+16
1323.39000056, 1883.22144728, -12.2656989314, -1.50266427095e+22
1898.91892225, 95.9947460956, 3286.52950448, -1.50088358749e+24
517.798031013, 417.573651204, 11.4700373892, -8.42349664931e+17
213.662112856, 1494.77499036, -1677.1892261, -1.09074608191e+22
66.0921611174, 242.610741975, 650.015513417, -1.25593046623e+18
-506.036099896, 1596.71409635, -43.013267388, -3.22157526556e+21
-152.238132601, -584.764420678, 3434.25793995, -3.86718535551e+23
-260.862523144, -2893.98561661, -279.895104846, -2.40906123773e+23
1660.02697121, -2933.67423705, 1165.82658235, -1.08244786733e+24
-753.462948372, -1741.55321219, 667.245733268, -9.94833370669e+21
-131.909680943, -760.155297327, 1792.60228977, -1.72642510097e+21
247.558927072, -2289.58035215, 242.118474738, -5.826066832e+22
657.269415769, 1769.77668032, -1270.01192304, -1.99244686954e+22
1325.90364681, 629.308242778, 621.832411828, -2.35586383018e+21
785.614343022, -1873.86278575, 1567.54510555, -5.79093155664e+22
-2136.338407, -416.868475441, 131.672057358, -1.30749506586e+22
401.958137633, 1676.09818542, -2462.58703144, -5.80172018433e+22
-120.00392049, -101.635755948, -557.765777144, -2.26169582946e+17
1250.70321946, 1066.33652434, -1528.8250389, -6.81734789636e+21
187.896253378, -2498.75350105, 121.177722944, -1.03314620968e+23
-1050.70223347, -2044.22571383, -1793.77222265, -4.25102311406e+22
-996.093417342, -498.80339787, -215.74898768, -1.2028272116e+20
-2810.18648342, -325.174206856, 1292.60663615, -1.95029396716e+23
744.829511649, 2295.82838962, 179.879476895, -4.01953418333e+22
1714.40184789, 349.018470945, 2128.3691519, -1.7288607649e+23
1537.76253066, -548.683587802, -206.505868159, -4.89965199291e+20
-531.981271262, -1700.45088668, 880.84553902, -1.02882709486e+22
1516.53318026, 2362.60857928, 3126.90857729, -1.2991582817e+24
1604.37879052, -687.286631258, -637.849921185, -3.11996872342e+21
3018.08119919, -1692.5719796, 1430.57929552, -6.01633719547e+23
-1429.00664394, 1943.25307102, -650.83926539, -4.45707325277e+22
2092.03763919, 1932.48732434, 991.422644024, -1.92051613216e+23
-1085.18924869, -42.4921259074, 1673.38891901, -1.56496824545e+22
-561.603970374, -1311.49434731, 1358.94639248, -3.18984794038e+21
-443.878044065, 860.012219593, 2559.79529474, -1.41238712614e+23
-912.343311892, -182.636857657, -1512.33490638, -3.74610890902e+21
-385.318378821, 2865.19523558, -2234.18212423, -1.25320131538e+24
-105.438025746, -529.595030102, -2404.94249866, -3.44328357586e+22
-1269.78361293, -1780.67528527, -41.5397498942, -9.77229620654e+21
-2249.96349155, 2431.22095211, 3244.89068505, -1.00149259887e+25
-1638.30025565, 777.714911326, 853.410705365, -7.78979381891e+21
-329.461995075, -616.021248806, -791.072962629, -1.61815936622e+19
-2117.74760603, -54.0505268913, -3527.45444304, -2.95156967105e+24
107.24360679, 1829.49501597, 1278.13959436, -3.22902197237e+21
835.018982166, -1479.52718816, -1309.6633065, -9.5517055003e+21
-1036.75841773, -29.6954391135, -464.206215386, -1.61449170014e+20
-1740.79699469, 1503.2945988, 1728.27992245, -1.96003070693e+23
149.215358674, 2077.78385792, -3231.33160774, -3.85127660815e+23
1868.41618812, 950.223940969, -1505.96112278, -2.96923877163e+22
-1711.31034713, -2312.34597393, -3444.37349092, -2.68559780228e+24
796.999454298, 250.618808074, -801.970898881, -1.07390123089e+20
68.7189277227, -379.650950815, -176.196388796, -1.16835196536e+16
847.178200479, -282.310522786, -210.146954156, -7.01574451198e+18
-1498.40857647, 1768.98547442, -1198.94438032, -4.91268978212e+22
-1554.73394591, 251.586840038, -1314.29601261, -1.58831699392e+22
-863.81597468, 321.469800188, 386.708835842, -2.62186038879e+19
-426.329328145, 513.381351552, 110.823797867, -5.09261296705e+17
770.457591514, 42.4939823429, -1284.80228386, -1.54103340058e+21
2075.27836154, -1623.57878523, 470.107568749, -2.5192506435e+22
1173.52305367, -2622.68344915, 756.977775833, -3.16193360874e+23
-365.019186039, -954.581332396, -73.0941464753, -3.67882807843e+19
1179.79285169, -1367.36209202, -85.9303678855, -1.49832273728e+21
-2439.05096231, 880.527718652, 2345.91445463, -1.46817627196e+24
-507.661403681, -1912.46480478, -43.1504918767, -1.01011777555e+22
131.835729904, -2877.29353038, -2563.83773805, -3.6644469078e+23
3072.96607054, 1329.77856173, -2099.74782038, -9.27998252556e+23
1168.39246041, -290.206104465, 1921.11607732, -2.08937702775e+22
-608.138915592, 1510.33529779, -1313.42224651, -1.1003110699e+22
-1199.18646886, -515.995402198, -46.5593634782, -2.86502544403e+20
-2630.19099959, 1732.88474603, 854.31323282, -1.56945350296e+23
276.430425445, 2187.58786573, -501.132207671, -4.78568123156e+22
365.84287283, -1671.63475087, 39.1759143012, -4.22258499245e+21
659.392699983, -324.704414909, 1590.54141657, -1.4747520422e+21
2391.63636946, 1740.16050966, 1881.56336239, -9.63896028165e+23
-773.65228322, 2318.9501995, 489.252548853, -3.96155847347e+22
2211.49910366, -2737.29129185, 1732.89387586, -1.3557192739e+24
-630.101578155, -1990.49739039, -2256.84361235, -5.54260162777e+22
-2132.38313749, -1707.80066708, -846.150908374, -1.49633135295e+23
357.427041148, 485.883661749, -1743.50770852, -2.45560672542e+21
1743.16553052, -2121.83435776, -434.434866878, -4.09918246938e+22
1680.38397789, -1385.51980228, -473.89671984, -5.60154391533e+21
2309.05796493, -232.404491023, 504.576534794, -3.1689205275e+22
-1515.67324599, 2039.83069656, -1594.93158631, -1.59568729727e+23
306.243077714, -80.184930023, 2740.91922148, -5.80640852986e+22
-129.41416508, 1271.86156067, 1298.7473837, -1.39436631179e+21
652.044493778, 1376.95296227, 420.308113215, -5.7759515358e+20
-3188.36763372, -372.247135546, -258.663171662, -3.92606834398e+23
-1963.06298281, 1035.31703345, -1077.84183316, -2.60571146312e+22
3207.32551648, 255.85478841, -452.470567697, -2.36077208625e+23
1737.82954586, 2421.75989001, -177.848933838, -1.21178742122e+23
-80.3250614192, 41.5313504068, 1225.89615399, -1.63502754182e+20
-41.6978486448, 80.156052713, 785.6708408, -5.16418101738e+18
-2329.87629849, 181.529333695, -894.586277842, -7.00863209376e+22
-1368.53215927, -706.233539554, 2514.22848379, -1.86602371486e+23
3032.46016727, -922.441181917, 1040.65570304, -3.61513328572e+23
251.974442008, -3061.24704426, -1222.5323517, -2.16640701175e+23
1119.20269351, 185.171376082, -1404.51166624, -5.77288675457e+21
1766.44767478, -891.225051483, 378.766886971, -2.4933796753e+21
514.863473606, 270.510462414, -714.032961776, -1.3780007148e+19
-2512.16844083, -917.100454398, 375.912525039, -6.10179338222e+22
-553.557905466, -749.078735194, 1422.94634073, -8.00151547999e+20
301.070117071, -1196.53675535, -519.323077903, -1.28880260105e+20
699.789163605, -588.822729482, -202.21140316, -5.53247657247e+18
3020.28168786, -883.641244984, -1145.11290947, -3.60373532527e+23
770.022594708, -318.252578142, 2720.13482528, -6.14549813537e+22
862.618752803, -59.0854775663, -1203.87293866, -1.59069775464e+21
-504.465272403, -874.942174931, -1363.19479761, -8.78187411413e+20
913.019828506, 45.4731962815, 2569.36665587, -6.27751748778e+22
29.5230410195, 137.37666323, -2584.71664266, -4.3088516949e+22
-575.552686691, 1829.70801837, 3310.84376215, -1.56461219243e+24
-909.389347814, 1048.86347619, -281.339997989, -3.42737814634e+20
-421.255696632, -197.030076767, 2139.07103446, -1.76737501214e+22
