-0.499708669611, -4.01311868992, -4.88086645788, -6.89566966635e-05
-0.499695808452, -4.01259708157, -4.88089685575, -1.39817363215e-10
-0.49969503907, -4.01259708114, -4.88089685579, -3.3690795035e-13
-0.499695042839, -4.01259707846, -4.88089672353, -6.23275134524e-12
-0.499695055924, -4.01259709734, -4.88089687181, 0.0
-0.499695056146, -4.01259708421, -4.88089776818, -2.00462616782e-10
-0.499694816327, -4.01259614739, -4.88089688517, -2.37853013926e-10
-0.499695157726, -4.01259706095, -4.88089689314, -2.35835621283e-12
-0.499695044217, -4.01259708842, -4.88089672588, -5.8958436789e-12
-0.499695070632, -4.01259713834, -4.88089688517, -6.73818347759e-13
-0.499694887556, -4.01259870378, -4.88089709053, -6.82269741897e-10
-0.499695072074, -4.01259705348, -4.88089791723, -2.73402673796e-10
-0.499695399756, -4.01259756238, -4.88089681643, -8.69233091952e-11
-0.499695068276, -4.01259709147, -4.88089687986, 0.0
-0.499695057132, -4.012597078, -4.88089690271, -1.68454732739e-13
-0.499695064954, -4.01259712048, -4.88089687951, -3.36908893821e-13
-0.499695028191, -4.01259707462, -4.88089688718, -3.36908108381e-13
-0.499695080599, -4.01259708739, -4.88089689107, -1.68454883337e-13
-0.499693215096, -4.01259708771, -4.88089692767, -8.66380172063e-10
-0.499695207719, -4.01259708314, -4.88089687152, -5.05364818309e-12
-0.499695075444, -4.0125970683, -4.88089688004, -1.68454312512e-13
-0.499695141017, -4.01259707934, -4.88089681177, -2.52681750861e-12
-0.499695115999, -4.01259708092, -4.88089690441, -8.42274530356e-13
-0.499695170411, -4.01259498848, -4.88074074434, -6.16144331589e-06
-0.499695047829, -4.01259706465, -4.88089687244, -1.68453859348e-13
-0.499695071348, -4.01259710305, -4.88089688693, -1.68454836085e-13
-0.499695074029, -4.0125970925, -4.88089688838, 0.0
-0.499695098557, -4.01259707105, -4.88089696441, -2.18990866643e-12
-0.499695001227, -4.01259707394, -4.88089675817, -4.71667192859e-12
-0.499695007734, -4.0125970961, -4.88089688435, -8.42271467464e-13
-0.499695074963, -4.01259735284, -4.88089688614, -1.81931630413e-11
-0.499694201422, -4.01259651991, -4.88089690268, -2.69521352803e-10
-0.499695052215, -4.01259705891, -4.88089687405, -1.68453871359e-13
-0.499695064084, -4.01259709613, -4.8808968857, 0.0
-0.499695069733, -4.01259520533, -4.88090584811, -2.12430955793e-08
-0.499695070993, -4.01259706982, -4.88089688448, 0.0
-0.499695069339, -4.01259707019, -4.88089688562, 0.0
-0.499695085323, -4.01259708289, -4.88089688755, -1.68454907077e-13
-0.499695165638, -4.01259744388, -4.8808968685, -3.52073689048e-11
-0.499695133806, -4.0125970571, -4.8808967249, -7.24348839941e-12
-0.499695153997, -4.01259707609, -4.88089690826, -2.18990478741e-12
-0.49969508393, -4.01259735373, -4.88089687826, -1.83616133255e-11
-0.499694988008, -4.01259704486, -4.88089700392, -5.89587140774e-12
-0.499695072635, -4.01259708535, -4.8808968561, -1.68454278782e-13
-0.499695074446, -4.01259708239, -4.88089686403, 0.0
-0.499695055238, -4.01259721256, -4.88089686337, -4.21136472086e-12
-0.499694596664, -4.01259708332, -4.88089704541, -6.2664041048e-11
-0.499682951852, -4.01259652519, -4.88098326299, -1.92423273054e-06
-0.499699556634, -4.01259516637, -4.88089484761, -7.07367891271e-09
-0.499695066768, -4.01259703517, -4.8808968615, -6.73813850776e-13
-0.499694972188, -4.01259703972, -4.88089688246, -2.69524089793e-12
-0.499695051606, -4.01259715339, -4.88089844591, -6.22960661133e-10
-0.49969508728, -4.01259709918, -4.88089694081, -1.1791839339e-12
-0.499695120905, -4.01259694554, -4.88089687091, -5.72738611092e-12
-0.49969505891, -4.01259716065, -4.88089648142, -4.12711973387e-11
-0.499695043052, -4.01259708418, -4.88089642866, -5.12096408529e-11
-0.499694963079, -4.01259706227, -4.88089688219, -2.86369313084e-12
-0.499696081105, -4.01259696012, -4.88089686991, -2.64811242356e-10
-0.499695067636, -4.01259707516, -4.88089688631, 0.0
-0.49969509289, -4.01259707241, -4.88089688802, -3.36909818482e-13
-0.499695066129, -4.01259708585, -4.88089688416, 0.0
-0.499695479551, -4.01259702959, -4.88089688395, -4.41347034617e-11
-0.499695076105, -4.01259706948, -4.88089688636, -1.68454641543e-13
-0.499697093506, -4.012597083, -4.88089700213, -1.04411590175e-09
-0.499694353034, -4.01259880799, -4.88089565166, -1.25960682175e-09
-0.499694996425, -4.01259700629, -4.88089682582, -3.3690469079e-12
-0.499968441364, -4.01259549462, -4.88089485798, -1.88759102145e-05
-0.499693739845, -4.01259772632, -4.88089677644, -5.51014399101e-10
-0.499701824076, -4.01259900709, -4.8809101156, -5.68026768487e-08
-0.4996931462, -4.01260027129, -4.88089772908, -3.6826654159e-09
-0.876431402529, -4.97126053659, -4.90369222465, -115.064967319
-0.499699571775, -4.01257697332, -4.88084641451, -7.51302061789e-07
-0.499812527567, -4.01255642022, -4.88086351619, -4.18565836599e-06
-1.01853480354, -4.9018804946, -4.82562094074, -111.509201676
-1.16554947246, -2.45302577376, -4.93719693348, -351.210009811
-0.499695152963, -4.01259707563, -4.88089670026, -9.93873835301e-12
-0.499695074078, -4.01259744774, -4.88089323304, -3.39303055988e-09
-0.499694264811, -4.01263914407, -4.88090007472, -4.50194986607e-07
-1.01542410039, -4.90000967827, -4.8707872576, -105.691044255
-0.221843807074, -4.0918571301, -4.83330438076, -22.1379619929
-0.499694873553, -4.0125967939, -4.8808965136, -6.43488730617e-11
-0.499693409896, -4.01259640749, -4.88089744004, -8.8892966676e-10
-0.499695452886, -4.0125971026, -4.88089687681, -3.80706632364e-11
-0.499695070864, -4.0125970838, -4.88089691612, -3.36910198548e-13
-0.49967473587, -4.01105912784, -4.88102746002, -0.00060419868297
-0.499695093013, -4.01259259486, -4.88089682714, -5.09850639495e-09
-0.499557663738, -4.01328144343, -4.88097930644, -0.00012464888645
-0.499695094808, -4.01259705231, -4.88089689662, -5.05364024798e-13
-0.499695171056, -4.01259710392, -4.88089704388, -9.93881558227e-12
-0.499695057674, -4.01259709799, -4.88089688636, 0.0
-0.499695015599, -4.01259701782, -4.88089806223, -3.56452695288e-10
-0.499696576321, -4.0125970376, -4.88089688014, -5.77809961799e-10
-0.499665990231, -4.01266122247, -4.88090474834, -1.26988501445e-06
-0.499695057827, -4.01259698101, -4.88089761152, -1.38806836618e-10
-0.499701445307, -4.0125969086, -4.88089702907, -1.03069824235e-08
-0.499695057884, -4.01259707774, -4.88089684064, -3.36907969533e-13
-0.499685991122, -4.01270050931, -4.88046051465, -5.08572234225e-05
-0.499695066669, -4.0125971412, -4.88089687907, -8.42273322366e-13
-0.499695057845, -4.01259708728, -4.88089686346, 0.0
-0.499904113976, -4.01259700752, -4.88089739987, -1.10418804862e-05
-0.49968982608, -4.01260033132, -4.88090472434, -2.51782736722e-08
-0.499695211703, -4.01259707929, -4.88089692678, -6.06434618909e-12
-0.499695099567, -4.01259707977, -4.880899155, -1.31165601074e-09
-0.499695082102, -4.01259679769, -4.88089687053, -2.08879948804e-11
-0.499694330797, -4.01259706077, -4.88089685477, -1.36782750467e-10
-0.499695062443, -4.01259702572, -4.88089686274, -1.01071892077e-12
-0.499695052056, -4.01259094981, -4.88089554615, -9.96589733171e-09
-0.499695094534, -4.01259708859, -4.8808968624, -3.36909040866e-13
-0.499695489776, -4.01259744579, -4.8808920473, -5.97954787447e-09
-0.499694276841, -4.01259796499, -4.88079599301, -2.57285961367e-06
-0.499695061878, -4.01259705175, -4.8808968683, -3.36907602934e-13
-0.499695062891, -4.01259709264, -4.88089687391, 0.0
-0.499695077938, -4.01259709711, -4.88089688542, -1.68454876203e-13
-0.499695145998, -4.01259708578, -4.88089688626, -1.68454995593e-12
-0.499695060701, -4.01259709212, -4.88089666668, -1.12863279448e-11
-0.499695001203, -4.01259710431, -4.88089690877, -1.34763252678e-12
-0.499695049615, -4.01259702132, -4.88089688409, -1.01072232216e-12
-0.499695042811, -4.01259709424, -4.8808968861, -1.6845454413e-13
-0.499695049553, -4.01259708575, -4.88089688589, 0.0
-0.499695058212, -4.01259700126, -4.88089689702, -1.85299063606e-12
-0.499695055273, -4.01259709384, -4.88089688992, 0.0
-0.499695075179, -4.01259708595, -4.88089686982, 0.0
-0.499695165241, -4.01259707087, -4.88089692024, -3.03217688025e-12
-0.499695012187, -4.01259403316, -4.88089691155, -2.35592844809e-09
-0.499695063237, -4.01259708218, -4.88089688234, 0.0
-0.499695055251, -4.0125970908, -4.88089689771, -1.68455064361e-13
-0.499695117924, -4.0126078262, -4.88089685549, -2.91808839322e-08
-0.499694969489, -4.01259708497, -4.88089677882, -4.88513663676e-12
-0.499695055852, -4.0125970779, -4.88089688477, 0.0
-0.499695066426, -4.01259698877, -4.88089745266, -8.59115073397e-11
-0.499695118803, -4.0125970559, -4.88089688043, -1.01072640793e-12
-0.49969509827, -4.01259709611, -4.8808969579, -1.85300170535e-12
-0.499695050194, -4.01259708602, -4.88089686471, -1.68454093749e-13
-0.499695233968, -4.01259708802, -4.8808968594, -7.24355381093e-12
-0.499695212384, -4.01259713125, -4.88089688332, -6.06439780375e-12
-0.49969505827, -4.0125970944, -4.88089687721, 0.0
-0.499695057155, -4.01259709128, -4.88089701956, -5.05360546294e-12
-0.499695073727, -4.01259708508, -4.88089687569, 0.0
-0.499695063186, -4.01259708241, -4.8808968757, 0.0
-0.499695065453, -4.0126010242, -4.88089674485, -3.92922552551e-09
-0.4996950724, -4.01259705619, -4.88089690014, -3.36908797688e-13
-0.499695056578, -4.01259709339, -4.88089686348, -1.68454286792e-13
-0.499695068034, -4.01259713203, -4.88089689024, -6.73819046292e-13
-0.499692949425, -4.01259678946, -4.88089686953, -1.15426200787e-09
-0.49969487529, -4.01259716769, -4.88089688679, -1.09494351466e-11
-0.499695058831, -4.01259708843, -4.88089689251, 0.0
-0.499695056802, -4.01259709675, -4.88089686106, -1.68454475869e-13
-0.499695056484, -4.0125971261, -4.8808964734, -4.17764026384e-11
-0.499695038773, -4.01259558436, -4.88089689132, -5.69534884537e-10
-0.499695109008, -4.01259707554, -4.88089688856, -5.05364812681e-13
-0.499695057102, -4.01259708746, -4.88089689222, 0.0
-0.499695057079, -4.01259708799, -4.88089687164, 0.0
-0.499695152211, -4.01259713425, -4.88089700148, -6.40129185501e-12
-0.499693807455, -4.01259927741, -4.88089760227, -1.74866129625e-09
-0.499695065237, -4.01259711545, -4.88089686607, -3.36909305268e-13
-0.499695051944, -4.01259555267, -4.88089681459, -5.94632469023e-10
-0.49969521964, -4.01258845148, -4.87620549983, -0.00557134691946
-0.499695079839, -4.01259708713, -4.880896871, 0.0
-0.499695119365, -4.01259707537, -4.88089683662, -1.17917969757e-12
-0.499695061164, -4.01259707133, -4.88089688632, 0.0
-0.499701669377, -4.0125966999, -4.88089669008, -1.10753050008e-08
-0.499694944317, -4.01259709462, -4.88089687087, -3.70595952438e-12
-0.499695085611, -4.0125970805, -4.88089712452, -1.54977249092e-11
-0.499695140706, -4.01232001245, -4.88089693485, -1.93986453482e-05
-0.499695064855, -4.01259706062, -4.88089688617, -1.68454207308e-13
-0.499695070567, -4.01259706689, -4.88089687632, -1.68454074365e-13
-0.499695104551, -4.01259712674, -4.88089687167, -8.42271566161e-13
-0.499695429025, -4.01259709643, -4.88089686532, -3.35224226268e-11
-0.499694983462, -4.01259686648, -4.88089687168, -1.38130470357e-11
-0.499695099723, -4.01259710367, -4.8808968637, -5.05363444697e-13
-0.499695037376, -4.01259709763, -4.88089608327, -1.5986197437e-10
-0.499695063953, -4.01259706608, -4.88089685965, -1.68453820597e-13
-0.499695058677, -4.01259706955, -4.8808968778, 0.0
-0.499695062608, -4.01259707497, -4.88089687944, 0.0
-0.499695063379, -4.01259707807, -4.8808968452, -3.36907947494e-13
-0.499695059011, -4.01259707437, -4.88089688082, 0.0
-0.499695058817, -4.01259707432, -4.88089691647, -3.36910068596e-13
-0.499695058922, -4.01259707437, -4.88089688086, 0.0
-0.498922020612, -4.01254185584, -4.88069581742, -0.000162236369335
-0.499695058923, -4.01259707434, -4.88089688082, 0.0
-0.499695058922, -4.01259707434, -4.88089688082, 0.0
-0.499695063458, -4.0125970249, -4.88089688597, -8.42269215705e-13
-0.499701051819, -4.01259782552, -4.88089669366, -9.21040103353e-09
-0.499672685656, -4.01248180217, -4.88089646142, -3.48541345362e-06
-0.499694824211, -4.01259691001, -4.88089425599, -1.76086225863e-09
-0.499692835165, -4.01260356732, -4.88502832513, -0.00430503300087
-0.499695074591, -4.01259056156, -4.88089671916, -1.07663360149e-08
-0.499711879309, -4.01259549343, -4.88111207709, -1.17749477111e-05
-0.499695077888, -4.01259708667, -4.88089686947, 0.0
-0.499695002302, -4.01259696584, -4.88061053827, -2.07113229837e-05
-0.499695093295, -4.01259709858, -4.88089687291, -1.68454952872e-13
-0.499739442782, -4.01260358484, -4.88089828754, -5.09221384663e-07
-0.499695080945, -4.01259708925, -4.88089699639, -3.5375392755e-12
-0.499695071333, -4.01259708861, -4.88089687303, 0.0
-0.499844814392, -4.01259862375, -4.88089657583, -5.66718599521e-06
-0.499695085138, -4.01259708702, -4.88089687007, -1.68454806295e-13
-0.499695026195, -4.01259709873, -4.88089686212, -5.05363516016e-13
-0.49969516236, -4.01257845473, -4.88089498621, -8.86717111293e-08
-0.499695083357, -4.01259708286, -4.88089686531, -1.68454418375e-13
-0.499695055174, -4.01259708074, -4.8808969365, -8.42275316963e-13
-1564.58582763, -1362.30788287, 1670.40734099, -2.22281321764e+22
-2160.17635808, 3097.77308507, 847.651477405, -6.35063278487e+23
2857.68078016, -641.342920586, -2109.33087248, -1.52491067875e+24
1066.73317522, -3219.54619375, -611.25706916, -5.61294618352e+23
333.811095698, 77.4057536557, 560.621382175, -1.31296392118e+18
-2050.94007579, -1052.20052521, -1291.75903824, -1.35617422329e+23
-319.578971125, -126.938310002, 3760.82132558, -1.17944786559e+24
-445.455105509, 3629.06757693, 95.903028366, -1.81405767156e+24
3624.82027629, 1350.65440378, -515.486580755, -1.1807393381e+24
1397.47899603, -2302.00627693, 1973.24979001, -3.91063832352e+23
-188.550086951, -903.286880582, 1849.31878926, -2.52157297266e+21
581.559358049, -1284.33831565, 2758.02863257, -5.32091266815e+22
1288.68742005, -500.177804604, 2403.0290677, -7.98795290993e+22
2919.14958332, 857.110932871, 186.909402934, -2.73540927392e+23
-2337.81214754, -2354.22381039, 639.645072126, -2.3306766867e+23
1424.32400129, -1970.07819526, 2794.52142073, -4.43745755949e+23
3669.61413607, -532.653043548, 1605.26549289, -3.0340317347e+24
456.004490143, 1877.57522677, 1893.17612551, -1.65094163049e+22
-4432.70300938, 1159.80138965, -1240.06888177, -5.95026193555e+24
2336.02233449, -1250.63542452, 134.232010358, -1.44138084846e+22
-1961.18559269, -1133.09615159, 375.371036164, -1.35391909478e+22
49.0215049598, 834.862131457, -1476.22766268, -4.64717175007e+20
-1711.13789198, -478.805762012, 1457.34882529, -2.34838346515e+22
-2525.54633869, 1882.2418841, 2310.0892526, -2.42749929422e+24
2044.94552992, -2019.46515379, 3614.36139003, -2.66841629643e+24
1589.50724051, -2670.73534771, 3671.19443648, -3.56986667498e+24
2808.1352788, -192.801853882, -1829.56726765, -6.86055666499e+23
1731.69026241, -123.358403552, -2370.78932899, -3.80304535859e+23
1175.6683731, -646.044473234, 285.363114837, -1.14834209897e+20
-3132.91932566, -925.331942007, -35.3578455135, -4.2147560863e+23
913.547380514, -36.4782509926, -396.983059017, -2.54699231613e+19
-750.345058147, 1146.28338503, 2067.2229657, -6.94125424747e+22
-1926.91030911, -126.628314837, -267.969202075, -7.5967570529e+21
387.066590377, -1353.62391743, -397.472436252, -4.3057925389e+20
-24.7341436015, -1625.62212836, 279.767362494, -4.06977743188e+21
-815.72914989, -1600.26809597, -1069.01837056, -2.98368877536e+21
-140.024200606, 3701.78737671, 196.336540417, -1.94895690716e+24
-651.776501505, -681.024878847, 1584.94242437, -2.20609059382e+21
-213.618735814, -1596.75263727, -2851.2075156, -2.26342633671e+23
-1730.87285576, 3480.78362587, 1100.56809929, -1.05938198853e+24
1787.98509281, 63.9119730015, -1411.30057295, -3.33239290077e+22
-1790.62763128, 2394.54860666, 1823.89860191, -4.61287628117e+23
1922.52709362, -480.475038317, -1486.69100067, -7.90424003579e+22
331.31501295, -2999.31056291, 3338.16260863, -3.14000387915e+24
393.345962701, -1336.99524452, 148.657071876, -8.85087585342e+20
-1461.74113514, -4083.80320893, -549.925122499, -3.70475819162e+24
-1007.11991998, 798.157428065, -122.497067717, -6.5428441685e+19
228.837244659, -220.739541704, 1617.38740104, -7.08742119536e+20
-3228.09664461, 2030.07392308, -1923.80151163, -1.85738041101e+24
212.885003436, 2214.86494533, 3709.88466868, -2.10737201938e+24
1321.00400275, -677.259320413, -1487.61224724, -2.59366792108e+22
-1454.63109813, 4291.68023645, 2601.14578601, -5.45512952257e+24
2045.27762132, 1521.13012885, -4023.54258052, -5.95516921873e+24
-62.4313913717, -3679.21304738, 1987.34107954, -5.54245895986e+24
1266.30765342, -1281.84156365, 3634.55766214, -7.12897129851e+23
-0.271853963813, -91.7295291203, 2807.68390869, -8.74500340462e+22
2987.71862757, -1046.6355597, -456.902147022, -1.05613370723e+23
-1680.16089989, 1015.00796368, 209.949237732, -1.4749763332e+21
3078.43717337, 3792.98183993, -717.818309231, -5.91749849311e+24
1939.02860169, 747.962182525, 1236.6465268, -7.55170411157e+22
-962.391101952, -93.3470859008, 1313.40375656, -2.89446641358e+21
35.3310394917, 1450.32455388, -1950.45046478, -1.3609285128e+22
3054.24867879, 4316.0207315, 3359.22744943, -3.38838679328e+25
1778.36268159, -1142.84652809, 717.734326455, -7.51228900563e+21
-1894.51681582, 2200.75689625, 1153.74582959, -1.20594738891e+23
2275.04065024, -1133.90925578, 1244.04968905, -8.27486731961e+22
-1524.95089552, -555.807132425, -326.167122877, -2.7346048018e+21
2125.59587429, -731.986404666, 58.4648956431, -5.69322143718e+21
3537.51364227, -252.913790178, 1789.21671638, -3.28295267436e+24
1986.16113931, 191.412416806, 3919.33894925, -4.21271346131e+24
1140.47566657, 138.24554966, 795.928282499, -9.91704983213e+20
-1110.98761949, 1545.65198281, -1332.34156608, -1.9644929851e+22
-3888.02483315, 2608.55105759, -4086.02268937, -4.46752852325e+25
-3917.3237728, 1564.27266504, -572.169295423, -1.06881254047e+24
885.882916259, 447.504705828, 418.981380765, -9.90575641688e+19
-709.757057476, -2053.7351669, 2684.28020723, -2.05036759132e+23
-244.843884857, 3681.78606767, 1498.91542529, -9.36920510109e+23
-491.525131787, 1547.32209869, -1508.71536518, -1.48193250021e+22
1232.13312256, 1197.37738694, -3131.54855732, -4.95463737559e+23
-674.683429679, -781.832333307, -812.218488722, -1.86690762312e+20
2301.5014867, 3139.78282117, 875.306398212, -1.0539706691e+24
892.073513523, 1852.58295218, -3547.33535895, -7.21552013993e+23
-2301.72697393, -2864.53749738, -3207.32769497, -5.91975518708e+24
-1541.14521558, -3394.76829876, 2644.88763338, -4.03171576743e+24
810.678972479, 1855.48989852, 3410.67231317, -8.61040677921e+23
-2952.23889419, 964.373039441, -3585.1571063, -8.89929793862e+24
-389.78294002, 1789.76460273, -1404.07796378, -3.11683908132e+22
1800.72664433, 140.318267388, -310.013553376, -2.31902872016e+21
2860.70042719, -949.551806133, 1484.09974674, -4.85837758558e+23
3234.64172143, 1997.54109202, 1617.73535721, -4.04504134104e+24
2876.58162556, -1840.41294525, -1575.86872203, -1.0466510195e+24
-2479.94712716, 3475.53341648, 279.410125291, -2.02741020235e+24
1433.81038076, -1565.77856344, -2158.70436544, -3.38797338132e+23
4169.71177147, -2700.84684038, -16.7436418122, -2.07619299899e+24
-2238.84093279, 884.850812832, 2080.30430989, -6.64006249276e+23
3588.17658915, 1329.00641623, -2945.89234362, -6.79451315495e+24
-4151.33586109, 813.999804901, 3292.22271498, -3.82404994268e+25
1794.69435021, -84.0202685733, 3766.64162592, -2.42317962152e+24
-449.072954985, 1806.02904047, -2590.55618217, -1.11070850212e+23
1239.28488597, 1039.96084635, 2957.74292157, -3.823848261e+23
-2818.65956528, -130.643632003, -1099.13802922, -3.93641816607e+23
-3062.64767298, -2232.06421843, -1115.83870605, -2.18694058589e+24
3527.5230548, 1746.91146594, 2783.30860919, -1.67998630702e+25
-1495.36836509, 1382.11300821, 2936.43717253, -1.693782693e+24
-314.118891173, -1437.57865811, 57.1104332264, -1.14914254676e+21
-563.351030332, -1359.01149184, -1152.02437823, -8.87340878639e+20
-1941.80778328, 2347.23390882, 3393.98576319, -8.97013431521e+24
2428.073152, 3076.53460209, -4393.19453513, -1.32274767778e+25
-3281.87315336, -816.745951254, 65.3404001285, -5.0640256688e+23
4096.13368658, 401.261139805, -86.3776019257, -2.09093498449e+24
-1298.85655321, -1501.12704435, 719.801209128, -4.95242403687e+21
-2277.11238673, 987.940219719, 522.834533773, -1.90748671712e+22
-1523.58932261, 1703.33386859, 544.363446199, -9.41199579814e+21
163.089915538, 3948.25516971, -2303.47341829, -1.04880207167e+25
3713.69191656, -1134.31335497, -1875.30769114, -3.95736340613e+24
175.29370164, -28.6766750206, 99.1908155686, -1.36431362881e+14
887.30836573, -1333.04358047, 2582.44583942, -5.9378340672e+22
-189.795595552, -377.773558601, 966.414425287, -1.92998954815e+19
138.000004864, 534.364148687, -2843.19886901, -8.08544207522e+22
2397.68772358, 1160.58157811, -3290.86938292, -3.00150386705e+24
-730.437901168, -3430.30686977, 105.115603817, -1.19088751407e+24
1703.58388326, -159.920748065, 528.262443888, -4.1044020948e+21
2788.92568141, -3224.40444316, 385.039604984, -1.97826809476e+24
-1302.73692545, -486.138677239, -854.71142212, -3.29494840973e+21
1936.50724124, 696.308789288, 382.221788532, -1.7335699819e+22
-301.87059252, 33.8439870235, -1424.85686015, -3.09257188518e+20
-3485.20157653, -1985.01967469, -3065.56180046, -2.18852474511e+25
-1429.86607742, 1648.03815711, 4046.50881753, -1.1596917416e+25
-3948.50171343, 708.842810274, -1460.65198219, -3.91373256356e+24
485.52706589, 1142.56274008, -1159.89130709, -1.02223306176e+21
1467.25666053, -3142.22002644, 892.788845831, -1.35787954859e+24
19.4825100997, -261.37716177, -831.973133085, -9.68966526804e+18
-2884.78263865, 1298.64919571, 221.335170424, -6.78199016353e+22
-942.822460757, -701.717952911, 1528.4927347, -3.64680111525e+21
3917.07028149, -1432.2730873, -2580.58556164, -1.51884061537e+25
-2390.67131226, 3159.35394961, 1247.13827404, -9.84263424664e+23
3458.40616445, -4202.10629685, 1126.10189363, -2.07160798269e+25
3519.41011582, 1479.99103508, -2089.97019693, -1.82942990943e+24
108.504076576, 2496.40687335, 3814.62309644, -3.09906602361e+24
3335.70254909, 1843.86029764, -153.131913372, -1.14015185543e+24
10.6381360084, 804.665260977, 1663.21233424, -3.27569282085e+21
-1837.62543803, 926.26288192, 2568.02534752, -1.02337865797e+24
1054.67876119, -905.410058388, 251.123337813, -1.75319681052e+20
-3442.32248602, 1126.18069641, -2194.34658978, -3.56190737763e+24
4193.83370667, 2606.98441427, -3298.36511468, -1.64374817131e+25
1376.83024678, 846.791763786, -637.835378922, -8.0881289278e+20
-967.443040561, 222.520527586, 3034.28901847, -6.07745119578e+23
-327.337793421, 226.296962461, 458.760187714, -1.25253874841e+18
371.143869703, -680.400127125, -652.501898969, -2.59803406484e+19
-51.498341124, 3091.04213769, 1023.53147287, -2.61682110423e+23
-474.018687816, 516.391634659, 1054.40029502, -3.93467980543e+20
-2324.71838074, 1328.17241329, 3119.5620601, -5.82412223028e+24
2621.39491776, 1342.18185216, -2854.04096486, -1.72962796562e+24
-3252.46184607, -683.03082904, 192.623494099, -3.92718853688e+23
-1629.41757523, 1518.4424734, -3999.02580004, -2.11349060975e+24
1681.57251634, 2387.75801188, -557.753035054, -1.2095093971e+23
1789.62791508, 10.9559321256, 542.987477645, -6.94087514085e+21
-159.557322571, -1414.08875551, -1167.71318113, -6.17825981778e+20
1709.86324618, 1073.23404059, -3217.11187134, -1.16613554021e+24
2322.76613375, -1625.22623915, 185.448400679, -2.7418942797e+22
1093.00098161, -233.636551885, 731.371182251, -4.57563469166e+20
1500.26255367, 323.245473254, 2626.41572807, -2.61795672046e+23
2431.89337884, 35.2549688755, -2494.04867199, -1.24838435994e+24
427.567930325, 2420.05491338, -1603.31097827, -2.29299667401e+23
409.999056269, -2959.90376397, -605.025543779, -2.46511406316e+23
756.204991165, 2801.47324195, -1055.07001774, -4.41742373014e+23
-1474.02068299, -1613.23844623, -126.837133073, -9.74618608167e+21
247.054386283, 1296.19478112, 74.0646767923, -4.22977943043e+20
-2454.02262133, -287.028450423, 1137.1210075, -6.69543038301e+22
-950.403939498, -607.213461385, -1160.63452525, -1.97057110052e+21
-32.3790827572, -1116.96273497, 1583.38660598, -1.94391525959e+21
-980.239532648, 1869.51173966, 1480.45792272, -3.33322957068e+22
-672.47483695, -2552.7369061, -1571.61510655, -4.46284174249e+22
570.942659355, 737.009864467, 1837.90526954, -5.87153680811e+21
-101.170367026, -4417.48844565, -2075.06200031, -3.52297613253e+24
3505.51202734, -2239.71432989, 1608.81531161, -2.11985104028e+24
-316.123406358, -3387.40440471, 56.9298989949, -1.05835493894e+24
-96.4259330931, -2720.282558, 1164.0818776, -4.00979303087e+23
2964.13483736, 3711.46418198, -4081.11955814, -2.08103969065e+25
-1612.38627957, 535.854374919, -1260.19601225, -1.47508747184e+22
2144.77699233, -3151.46276396, 1460.68736948, -2.50241473707e+24
2352.77337537, 3014.88682474, 1704.96314092, -1.60232432762e+24
349.356439846, -676.994587667, -693.213052312, -3.13405035829e+19
-1498.67627442, -3119.94549448, -350.740697345, -4.97389120018e+23
90.6147310081, 2948.45729017, -373.498474389, -4.39736758601e+23
-90.8799465788, 2156.67894797, -3733.07359024, -8.17374635556e+23
-1226.66669914, 291.980605274, -113.749178663, -9.65229926186e+19
-721.961672519, 1532.40794871, -4320.43855011, -1.42859815168e+24
2047.30809619, 1218.53659254, -1937.46912921, -1.13342256768e+23
575.454864535, -2311.25950369, 1369.50141019, -1.72127893707e+23
400.254699281, 2732.16185805, 2737.65972622, -3.25411076317e+23
3889.38683459, 776.1968473, -2412.44699013, -5.58377599687e+24
-282.563980041, -557.020308401, -425.953451234, -8.40121341138e+17
3463.35620233, 1263.33873002, -1357.68697076, -8.0668852895e+23
-10.9648812488, 2880.69820443, 49.5314067744, -2.78799055937e+23
2384.53844563, 888.037080018, 1210.19820425, -2.51575052811e+23
-6.74727862176, 247.972390572, 1294.98811564, -2.78689686093e+20
-1543.57685809, -147.262007001, 630.851609349, -1.27366803877e+21
569.194908125, 4065.67223888, -1168.96951375, -7.54757190251e+24
-1697.89522817, 4559.19997268, 1002.77423422, -8.97124329212e+24
2492.04579863, -1660.77168746, -1698.41556892, -6.7933156074e+23
365.393527493, 2134.30426272, -813.520401569, -5.13409348325e+22
-1293.91447876, 65.1857541152, -2393.56810791, -9.15167884158e+22
646.353385959, 177.679421899, -1410.26582383, -1.62282667144e+21
-698.900709971, -1101.74696437, -3560.20258824, -7.96126827416e+23
2296.8770355, 598.297325183, -3109.26433002, -2.46840084793e+24
2498.57599003, 2376.22186467, 2440.8041217, -2.9720039833e+24
-507.820370982, 3038.1428668, 325.298542578, -3.79724504547e+23
-2437.22119699, 2460.59214179, 760.703771143, -2.37434703928e+23
942.685444682, 3283.12990493, 169.379318548, -7.29179387744e+23
-1350.93142275, 2187.42318571, -1553.46824038, -2.02680972865e+23
2180.76497034, -1693.02619345, 1118.856713, -8.68304558546e+22
-729.72468215, -2441.08748271, -1719.24956279, -3.83824949821e+22
1597.99803595, 353.323179154, -1131.82871917, -7.05306740417e+21
-307.223062115, -1275.69788879, -2992.70570313, -2.53278630134e+23
1099.88428268, -2789.14737634, 2159.06347491, -1.21934847732e+24
1362.63938398, 2454.08354709, -2734.92585586, -6.03305952622e+23
-1281.27606582, -551.233410956, 60.5446717106, -3.98700608349e+20
1905.42576547, -226.953914121, 1179.82591256, -3.48910963372e+22
-3144.45389841, 141.146335345, -1801.10315232, -1.72764296452e+24
2507.48187927, -4310.31979493, 1926.00062954, -2.63738847303e+25
-2214.34082526, 3642.88992852, 4393.52411308, -6.76454205238e+25
1657.38427734, 402.857357102, -706.130270046, -2.34659266036e+21
-2627.38698781, -2832.28079393, 753.23155265, -8.20119292643e+23
3069.73299856, 3959.07420308, -2086.20173964, -1.07233622197e+25
-1475.24729847, 1005.85078251, -1140.33524621, -7.41772038598e+21
691.083148191, 1424.86608158, 2079.78749217, -2.46865869394e+22
1830.15978305, -2473.03436406, 1706.15583825, -6.06383299596e+23
684.380317351, -2315.67587757, 2019.90023106, -2.99291033453e+23
3143.3578982, -407.373285942, 130.735866557, -1.84107298297e+23
-162.52017228, -2874.95215174, 4175.93551593, -4.04083891277e+24
8.71113131568, 484.059211346, -326.394852689, -6.49722284132e+17
340.064515738, -463.589906019, -78.2989906031, -1.76345138041e+17
1231.72590504, 3799.00428895, 1159.76373735, -1.54034474439e+24
-3734.29427702, 1866.12942579, -773.456300156, -9.66619327307e+23
-2110.57251403, -766.913863055, 242.06964633, -1.59955259458e+22
-2371.06932302, -1320.84353237, 3298.67037568, -2.76744762295e+24
2850.70228794, 1464.18671815, -3774.24400925, -9.52107689361e+24
-3542.77997218, 3360.99767526, -1071.54024812, -5.6875624709e+24
-1663.2592409, 488.715646232, 1645.48634613, -7.19018327142e+22
-324.872100954, -2462.689774, 2266.42212105, -4.12238877261e+23
1478.41709828, 304.492759761, 2058.11318302, -8.36399771586e+22
1771.95278927, -90.2008705012, -1531.00852045, -5.01725943442e+22
-3195.89357413, -550.082684047, 2332.0233227, -2.12384616694e+24
87.8713493776, 4298.92311334, -1306.72941112, -1.25777026364e+25
577.760408045, 1849.69193253, 3418.37311831, -8.52703911739e+23
-1330.16841426, 731.600146076, 1720.44327688, -5.47248823067e+22
-1063.31030762, 444.402993265, -1277.96375279, -2.32294276699e+21
-1841.82495916, -276.801777077, -151.677881511, -5.26630863211e+21
140.925016171, -1786.98004523, -715.773886017, -2.90220567154e+21
-1977.03026253, -319.146864762, 2789.66815691, -1.03209493384e+24
-1066.83497503, -1961.2480372, 1265.2270504, -4.0382104757e+22
3262.91545527, -1663.53676978, 1976.42741567, -1.90837182177e+24
1638.79587046, 2986.78684479, 2898.38337336, -1.50214154056e+24
143.341380477, 605.721030022, -425.060882955, -3.76330908256e+18
-2345.46848093, -290.348088718, 126.306382427, -2.38049067627e+22
-347.151859222, -33.8083188104, -3714.28752571, -6.97256152403e+23
-852.657537578, 1226.45528932, 1623.06890771, -2.29035026087e+22
-2457.18402625, 3915.27617506, -1633.67774914, -1.23177397784e+25
-1568.9406373, -376.917496859, 460.522158003, -1.05100207102e+21
-2681.78378346, -2567.60537933, 1246.6343466, -5.71789119707e+23
3003.66097456, 700.747049317, -798.418610426, -1.83967066028e+23
-3338.49051497, -4102.66935594, 1123.66324536, -1.17068554003e+25
3464.7613125, -3340.13469901, -1773.25295477, -6.72956573695e+24
-1681.3105295, -1171.83862019, -1138.07227695, -4.0415747488e+22
182.921806336, -7.8611713296, 501.222128867, -1.37305100821e+17
2563.10218957, 1126.88880006, -220.857891872, -9.62491643499e+22
-626.202902758, -1469.33880848, -2747.17435291, -1.45285719059e+23
-1849.95687307, -481.719185468, 1854.36349621, -9.39721945733e+22
-1161.58025766, -1975.68426961, 2879.68198335, -2.97769567735e+23
-1095.55065603, -561.230938861, -775.664482422, -1.15052532836e+21
-1943.59271102, 1043.69848489, 685.179281243, -1.29320279688e+22
2132.13553969, 664.704648609, 353.827133293, -3.09071764379e+22
-2073.64647721, -1680.91928054, -911.676716702, -1.35232383197e+23
-476.23703542, 168.716994281, -622.871169912, -5.45835336491e+18
1602.68411818, -2274.21554954, -128.143677727, -6.89470461414e+22
-686.597063522, -267.567098349, -752.060061965, -8.29704858994e+19
2310.4441061, 1265.97284888, -17.4690195085, -6.45445161097e+22
990.656185673, -2163.1109491, -2527.13811511, -5.788292438e+23
-2993.12925592, 3785.44485609, 1268.75290267, -4.17548623571e+24
-1161.07492144, 1184.95988065, -749.603359824, -2.32376117427e+21
535.817213302, -2050.35224163, 2337.25896209, -1.75949417012e+23
-955.539032934, 1969.51712317, 959.610921616, -1.1888340407e+22
1713.11099121, 581.372275202, -4113.60156588, -7.07278925447e+24
-394.81928631, 2496.98949646, 1139.58295964, -4.18612212621e+22
450.919645828, 148.816229811, 1375.85791167, -4.22986123491e+20
-2980.85501602, 1706.59922824, -1330.22947678, -4.93720482118e+23
-1478.07653597, 393.06657552, 238.393413536, -3.66100658769e+20
2974.27448144, 3017.19392216, 769.799765343, -2.57455005943e+24
3626.62599637, 1962.75338444, -52.9561682518, -2.30645330608e+24
3973.06028697, -938.915110861, -2083.9201271, -6.87801375873e+24
1292.33286827, -2057.25267244, -349.464420805, -2.285729329e+22
-2793.47104981, 3742.31254445, -2964.33435494, -2.09252756938e+25
870.649413562, -969.729151863, 751.447290008, -5.23102181824e+20
-2375.85542873, -308.481200377, -557.878409664, -6.449647256e+22
-1287.09510302, -1372.88725033, -1382.59117015, -2.14988488262e+22
-1396.96223081, 1046.53926794, 2425.95517664, -4.39478367997e+23
807.767707695, -970.974472173, 426.773748592, -2.35661405207e+20
232.601217892, 2448.88819903, 187.025384893, -6.63371551842e+22
1367.76821619, -134.068671928, -3647.0671289, -3.05369402875e+24
-2628.58001144, 2642.1221829, 1253.89704509, -7.02816676237e+23
355.69465252, -728.767785803, 34.1830633291, -7.06923971833e+18
-714.363692907, -879.565940444, 759.608577885, -1.16391023358e+20
-2964.28413762, -2560.24712317, -1934.38804914, -4.41891142245e+24
-92.5212739975, 3414.54227333, 1325.40668872, -5.22378434594e+23
-783.873738895, -2677.75200832, -2085.58402961, -9.81029311888e+22
34.1686518983, 2624.72223377, 686.455541536, -8.08115602422e+22
-2274.3696353, 168.977609576, 1718.21631331, -2.19187677352e+23
-3978.35417166, -2784.62832535, 607.074473103, -5.80286280224e+24
1134.58865278, -4.16918367502, -443.319133306, -1.09913810306e+20
-3806.14481435, -2137.51902835, 3082.59650241, -8.58119312248e+24
-769.585885885, 1944.66631925, -1491.40143361, -6.84065290616e+22
-2353.64816944, -242.644063085, 2295.26170556, -6.83693020795e+23
1675.87578994, -1550.51519329, -3131.08893212, -3.18664206595e+24
2123.58542746, 3998.22935211, 872.4395862, -3.54428854389e+24
-1465.86028315, -275.263794062, 3107.20238178, -1.02340780977e+24
2476.82216556, -4199.2173186, -1064.31350628, -5.85105432775e+24
1927.63988226, 1117.76779152, 1489.6108173, -1.39151184553e+23
-830.51875738, 496.220961715, -1398.15480287, -1.34966317422e+21
-1894.5579968, 541.231220827, 2429.67328591, -6.88311586304e+23
1319.14245117, 2708.7664645, 1.83620473376, -1.8917543667e+23
879.978199732, 3893.56287969, -4385.14745393, -2.28408315417e+25
-1687.1141525, 346.339577663, -2098.81448868, -1.18960698136e+23
961.423689006, 2112.09358909, -1346.26045961, -7.15839047223e+22
-3024.10091697, 985.812985812, 1839.42438893, -1.3798905807e+24
-1647.84202704, -14.4961737416, 1390.82487753, -2.34138751022e+22
126.177879896, 182.584621855, -18.733747518, -1.22258350401e+14
1052.32333843, 450.033679975, -246.915395256, -6.06126709898e+19
-262.846296809, -2582.47348062, -1025.03225841, -5.387046234e+22
1866.20773254, 1527.65507513, 1210.39521128, -1.00840265376e+23
896.322922453, 2819.4371383, 1080.73333289, -1.25861335669e+23
-1908.58492811, -1762.97376044, 536.766332656, -3.20234338608e+22
3251.38384397, -2273.60340082, -1851.31364698, -3.396049673e+24
2595.84333887, -2791.98330957, 1960.56173719, -2.27373094289e+24
-2270.26556836, -1509.81793984, 1973.62246217, -1.74165117212e+23
-2744.42695571, -1851.62469487, -3023.3442114, -6.92476334848e+24
151.169905347, 1302.01964733, 4012.2917053, -2.60209185914e+24
1266.55191558, -3959.08385273, -728.976886873, -2.94443444084e+24
2040.56498061, -1512.15219051, -578.98442093, -2.07309901134e+22
-2209.73456492, 700.578925837, 17.0974900969, -7.46236086386e+21
-3008.75687639, 2172.91931148, 2366.74266459, -5.39243154026e+24
-613.107826275, 3153.04829436, -281.509228314, -7.7240947274e+23
-2138.127198, -1458.60362854, 4300.14276216, -1.03236832502e+25
1366.92748519, 1964.1915448, -1802.50000771, -7.22141742115e+22
2384.12329222, 960.874568919, 828.454703791, -1.57052663909e+23
-1026.54462413, 74.8650739886, -1801.04083391, -1.09518886654e+22
-936.016542708, 973.212746843, -399.69055062, -2.92611506214e+20
-1270.01315238, -67.506605226, 719.94732079, -6.3544613664e+20
786.92674886, -1950.23772581, 1561.70428091, -7.35683846781e+22
2186.36108072, 2812.62332605, 2144.08590577, -1.52371635952e+24
2196.543057, -3049.86365311, -1060.08673893, -6.10943008775e+23
-136.712440871, -1435.51026613, 63.0281556512, -1.15495304166e+21
3001.06163545, 2543.24611995, 1444.19721218, -3.06180218966e+24
-748.807056189, -764.906854279, -2838.32682107, -1.35196023331e+23
-915.294070388, 3324.9033449, -2915.17115654, -5.42279129935e+24
-98.4192832713, -3085.03656862, 1346.18701982, -1.11617697998e+24
-1152.6098723, -2254.05771061, -185.765968137, -3.99685425565e+22
1310.6659963, -1613.09936542, 1191.86743148, -2.45260920344e+22
-1759.97939006, -2650.99249825, 2616.55170393, -9.00618144345e+23
367.766350704, -4526.5749879, 138.842993383, -1.16223102362e+25
-1377.09983092, 51.5350811409, -2870.63200409, -2.80425357551e+23
-2246.21669139, -551.966720413, 2184.71752144, -3.92067259174e+23
-2665.99442635, -2453.12669549, -1823.5537786, -2.22493979499e+24
4292.56323715, -3315.07498957, -1886.35598272, -1.81485530748e+25
2177.18112566, 3546.40784824, -2171.72378662, -4.48575694843e+24
-1727.69446052, -974.532968043, 2078.60912209, -9.80247659807e+22
204.439127765, 1136.22290513, -2282.56557982, -1.29660518925e+22
2185.48505849, 1615.3312942, 1481.7470831, -3.47668413435e+23
3558.73409658, -1957.68321517, -1301.15446362, -1.82967247294e+24
-423.991470691, 2277.06256908, 822.197355976, -2.32117064953e+22
-1340.54858003, -2882.67033745, 1006.84636772, -5.34020238678e+23
3339.38155421, 220.123247904, 1123.56468893, -1.27805633583e+24
-3225.87854542, 1516.75149271, -2519.1302156, -3.5635057242e+24
3415.77180904, 3112.33488441, 919.729438344, -6.15323371627e+24
1669.39354369, -465.761423355, 650.262608158, -3.85939739314e+21
-274.971611529, 1930.96143011, -1271.0818943, -4.33659394167e+22
-1203.32363877, 1414.34193877, -278.423844169, -3.15926228759e+21
-1339.25618478, -3116.81517963, -576.239956415, -4.20585053618e+23
147.2890465, -436.046290848, -1659.36117163, -2.80747146294e+21
1867.32316764, 1595.9194137, 1779.21399269, -2.45046708859e+23
-2015.51021678, 1266.97134353, -1353.96490074, -5.75855733614e+22
-3945.32133612, -834.540264166, -2062.85100377, -1.19874922831e+25
-3921.05547796, -1333.21063407, 425.910363747, -2.16797076653e+24
-2204.71601303, 3699.38780176, 1191.4475359, -2.08211454e+24
-1550.57582908, -1624.97639351, -3180.81785914, -1.13339012913e+24
1460.14409087, -342.902478885, 651.979430718, -1.78401186524e+21
-179.577050163, -1012.80808023, 2479.9196529, -2.28979260229e+22
1969.20804685, 2086.68954118, 1809.65903465, -4.28884364381e+23
2040.0320441, 3275.07593077, -2458.8124881, -3.00072739452e+24
1049.12642454, -2067.77081862, 3352.36597856, -6.79743326381e+23
-2574.89753558, 1403.88111059, 3857.03395832, -2.25468632037e+25
935.232613614, 3363.22070195, 708.203852696, -6.61713969726e+23
621.125081863, -6.96486926414, -1151.50014307, -5.38580249831e+20
-1145.99449939, 2892.86473031, 561.942316738, -2.539255799e+23
-2012.18117573, 1354.25291928, 2725.59861847, -2.1102176114e+24
300.248617814, 959.068020297, -1094.34990697, -3.19342733352e+20
2238.84633806, 1339.68404529, -236.379838309, -4.72286709241e+22
104.132637563, -1333.79240544, -4039.37831143, -3.22625902279e+24
2192.80991492, 1747.60768115, -1448.5034989, -7.46478445344e+22
-742.808553041, 1436.10471802, 617.050871981, -9.45087628512e+20
2418.34924593, -3740.50394898, 678.424254462, -5.44895679529e+24
-2772.43636481, 1222.89364439, 541.242510794, -7.76246590945e+22
-2472.1442009, -1214.33512121, 3055.03916045, -2.1391808054e+24
2314.07416754, -411.977385679, 1106.34957426, -8.66806413879e+22
2032.01364356, 3964.59699618, 886.233555586, -3.16580069549e+24
83.4062491983, -1875.16016983, -702.179102101, -4.41051568774e+21
415.101474528, 225.452776544, 662.884934158, -7.08833216855e+18
3204.96643813, 184.256567284, 2724.76129803, -6.30493291756e+24
-3085.06236281, 199.58058953, 3522.91331882, -1.52525622124e+25
72.0022255815, 1853.6441997, -2691.78489004, -1.21164340567e+23
1177.61575357, -940.565604341, -2252.22120526, -1.96394095805e+23
3767.49936755, 1221.39995982, 1150.75881698, -4.65709639301e+24
-2771.64019001, 1247.32180049, 1656.75428169, -7.69162695839e+23
929.331739725, -3138.42949606, -2650.2422204, -1.24443092697e+24
-2242.04252597, -729.63104708, 1914.00703664, -1.95228867049e+23
-605.552321164, 779.389038036, -1787.98555284, -2.49733215746e+21
-258.605804323, 1650.62240521, -3221.25955873, -1.8111489308e+23
192.785973267, 3719.0052701, 3151.25460162, -1.78748719134e+24
-3444.2788408, 2769.50641628, 1885.34745427, -5.60692760753e+24
2564.52078835, 867.846019799, 897.932145807, -2.54211324311e+23
2746.2205269, 796.309776524, 336.523979583, -1.96583512545e+23
-3075.46334949, 254.347838257, 2128.91283414, -1.78281614239e+24
-3201.07633491, 313.739560063, -541.331898566, -3.57065269704e+23
70.9272103166, 1284.97406144, 223.999855949, -3.16951743627e+20
-2999.65791877, 2333.93872975, 3042.04338055, -1.52115189809e+25
3366.37238382, 398.753023953, 1850.16313351, -3.29530757111e+24
-109.385383011, -1746.90222788, 1807.09928781, -3.29920694881e+22
365.206262247, 759.978608475, 786.433743398, -2.55206050484e+19
-1435.04653821, 225.718003861, -3462.17704229, -8.34910632763e+23
-1259.04027988, 141.982560982, -1862.19293139, -2.49800580159e+22
-2044.88846327, 1702.83343015, 2372.61610555, -1.34660708614e+24
-392.698172533, 2682.47877987, 1899.53596546, -1.08021853168e+23
-141.417320682, 991.258553356, -2260.43721757, -8.35386741027e+21
-267.51271554, -1364.55005335, -3571.85979459, -1.01853405508e+24
875.518276985, -3426.84371362, -1235.94815468, -6.39342908082e+23
1029.06037906, 759.225463472, -626.862241372, -1.33991062078e+20
2454.43637778, -2915.57303736, -533.973983349, -5.5105464449e+23
457.457365349, -1333.71100389, 1014.65337652, -3.08012423202e+21
199.341897451, 1049.90262758, -136.412935299, -1.11510126105e+20
3929.11219886, 592.332537249, -2986.57676013, -1.34267569387e+25
-213.971221169, -1754.17765375, -799.871209962, -2.20940715146e+21
-1215.27513363, -616.889053637, 759.804276539, -4.07840279076e+20
1534.61001855, 539.676413876, -261.669390541, -1.11318106895e+21
-1887.01388031, 1827.84986636, 2615.30355441, -1.83720709205e+24
-388.984754365, 410.852166813, -1675.37322242, -8.84252398989e+20
-128.844497418, -17.8899555846, 259.685010016, -2.9295349369e+15
3200.66488123, -1096.74834123, 209.15878378, -1.65321346896e+23
-216.472222854, 2422.96501268, -597.307214127, -1.20737959078e+23
139.650298222, -1384.61008991, -219.573574902, -6.08436196617e+20
-489.177801409, 3259.47816856, -1762.23816602, -2.31632022814e+24
1641.12827636, 3376.37198173, 161.282908001, -1.02936125503e+24
3145.82177274, 897.948113188, -1107.65024416, -3.21134239746e+23
1430.45001503, 3670.50397793, 2708.60483771, -1.53454911933e+24
2361.09292709, 1210.61962064, -548.106562239, -4.7820404903e+22
-271.72368831, -673.31547287, 249.604970135, -4.8218299225e+18
2224.783719, 2074.96748446, 922.145966692, -2.80146619771e+23
-1913.57763926, -3249.94823164, 1990.90192697, -2.20640061567e+24
-1381.81959733, 3623.35365652, -1646.30555299, -5.49203223237e+24
607.326517241, -1142.79398283, -310.404338854, -1.54705111129e+20
-508.460953813, -1632.69776646, -1783.5944186, -9.01083057412e+21
-1907.14699847, -138.757455917, -318.643456442, -7.82931356861e+21
-1335.48517394, 269.888721965, -340.516032432, -3.93960285995e+20
3894.26332196, -1142.62106956, -3785.26175468, -6.02828811971e+25
-3043.36953526, 427.737411751, 882.915397876, -1.94065549543e+23
3509.54813127, -2115.94309322, 1209.74246979, -1.24501443403e+24
1925.18132147, 3084.79583233, 586.007689269, -5.79128779343e+23
-383.065494554, -156.230451388, -88.7891335919, -5.02673549622e+16
-2199.21647145, -354.620275502, 865.924394363, -1.98076361908e+22
2596.43897626, -635.831566342, 2578.18429048, -1.55566188282e+24
-199.113589309, 1621.97913611, 1771.8647445, -1.54726343475e+22
-491.584218089, -391.791713569, -1947.13394724, -5.81166779101e+21
-2179.22529736, -2978.9384049, 995.142923313, -8.23478953845e+23
627.468947403, 181.979142534, -1239.31730906, -6.75978405458e+20
1761.33547455, -2190.18120102, 2037.16226298, -4.17635324175e+23
-1655.97104407, -2780.02471172, -1056.20433265, -2.37826381072e+23
-1169.70929095, -1427.43672591, 736.801126582, -3.19436828747e+21
-218.022220989, -64.7283864141, -1413.02048226, -3.06062837456e+20
-115.73785753, -3566.39129619, -5.1923736554, -1.56085947926e+24
1554.0015468, 1005.23131058, 4087.05886933, -3.75445440984e+24
1238.23325978, -42.9864760264, -1117.19652646, -3.36953053469e+21
-1568.41049693, 1563.48368939, -1837.69827745, -7.75741901372e+22
-1498.49867108, -1888.68699812, -621.389741239, -2.58393167522e+22
625.894017395, 73.4816540634, 1608.00590902, -1.80609824452e+21
1853.26036858, -574.816882692, 2594.88926391, -3.92494480599e+23
-1733.70149782, -41.1881400793, -2486.62571566, -3.04541416616e+23
-1299.27292445, 1203.13450414, -1822.2725064, -2.64483474852e+22
-142.753640685, 3350.27192368, -133.686785703, -1.05723527713e+24
2684.50989166, 1561.74599097, 2925.72317736, -5.1855779567e+24
-1721.63993687, 1476.12048746, 2064.32066278, -4.03943062771e+23
2396.14270646, 1209.2400285, -782.827318481, -4.98021784144e+22
-2276.16293889, -2088.42060603, 662.804557171, -1.27250540908e+23
2235.33377342, 1187.0893287, 867.3651653, -1.31934268243e+23
1224.81221925, -134.689962074, -785.232218467, -9.03428666974e+20
-3503.94688323, -3918.73280633, 779.310950691, -9.81262032412e+24
-2896.79480706, -1531.08284189, -3207.21738318, -9.62461641251e+24
-3561.38185105, -324.418941296, 571.455197368, -5.51004832402e+23
-2209.85948866, -4045.60770785, -787.581954622, -4.10233122294e+24
-2941.18258779, 850.929958409, 496.419765196, -9.40103664358e+22
-584.166214714, 3100.1676136, 1907.53836911, -2.76861506025e+23
2525.73839415, -1265.66799677, 137.438715865, -2.50253004603e+22
-4226.62645093, 2226.01944069, 2701.02037777, -3.10269016083e+25
-1178.60897911, 1261.87291489, -2267.29549264, -5.17382593419e+22
3162.60858514, -379.405429179, -146.274180189, -1.61990041875e+23
-239.818349449, 602.730824294, -3961.37885639, -9.17471774718e+23
-1825.05802462, -3121.52933086, 3023.5235078, -3.03411574522e+24
-2207.53363801, 1968.59811516, -183.616676639, -5.85409851259e+22
-2128.83314605, -1833.38042322, 1563.46169368, -8.49111958e+22
105.14782931, -3577.89644583, -1528.46334517, -7.06187685465e+23
2455.68825922, -1071.561243, -255.483658013, -2.00474317071e+22
614.02005981, -820.672432715, 1620.64734845, -1.61123028985e+21
-1286.33583157, 1766.11645559, 213.85574768, -8.70602363038e+21
1210.54264154, 543.377302024, 2316.51867343, -8.1704617299e+22
-1519.92376289, -534.17087983, 741.835178001, -1.44440934062e+21
-197.82395323, 891.545526725, -226.007347993, -4.49670495809e+19
2097.59236311, -2302.9106772, 2260.62455789, -8.67648381644e+23
-296.177901393, -318.260615962, -1970.23959746, -5.38671055911e+21
937.91799686, -3205.88583358, -2730.1016131, -1.51754821314e+24
2376.20888614, 362.108610769, -3964.40787722, -1.16670077262e+25
-2814.68599834, 3661.67086302, -2460.26525682, -1.4315467516e+25
2446.68397897, 327.933352986, -3166.34820312, -3.65672087006e+24
-2774.20871248, -1049.41979302, 1860.88972152, -3.99755842813e+23
3927.89226339, 286.960368831, 1196.31687511, -4.19687322013e+24
68.8829145386, 337.803819482, 2080.73348344, -1.04678285883e+22
2921.11113302, 1893.4261707, -218.561833822, -4.78548780427e+23
1550.8905477, 3306.36152977, -4435.93441801, -1.1019890052e+25
-1530.04807547, -2437.55621944, -1164.8299911, -1.08256269399e+23
-2132.82056108, -1402.89489533, 3315.94875179, -2.073901499e+24
-1175.84170084, 1602.06265393, -826.239260431, -1.35410307666e+22
-2497.77335934, -4575.55884346, 964.490212196, -1.79339057588e+25
1758.3386896, -453.814183208, 535.779452647, -4.08941977442e+21
-709.450408751, 649.185761924, 3304.32977247, -9.98859070073e+23
-1601.78551199, -3695.29582068, -594.364933742, -1.70512180118e+24
170.602374463, 780.596323743, 3690.03947218, -1.07187244379e+24
-2863.52654503, -1298.35723133, 1133.53526304, -1.95450487195e+23
-2591.84951349, -3636.41961866, 394.610536991, -3.17343123524e+24
-502.150414124, 1410.71363371, 1612.378752, -1.27416168258e+22
2885.88110202, 2600.48069595, 2839.08361777, -9.11251566483e+24
-714.315439949, 408.486965046, 1706.14393846, -1.14631324377e+22
2473.60129138, 869.723762521, 702.990599946, -1.57839467206e+23
1313.25463088, -1235.34358577, -4407.79036185, -1.5331428024e+25
1839.08560718, -3349.54593318, -2485.090026, -2.97740121337e+24
205.00207894, 977.796131345, -716.536274397, -1.83108187631e+20
1053.10700843, 783.484648414, 185.769574994, -2.82749327396e+20
2088.23910012, 533.969252308, -197.851830079, -1.17602854378e+22
-203.951241401, -551.772502448, -2131.7971847, -1.26432095399e+22
-640.199275727, 2142.43821029, 516.274664436, -1.92821512212e+22
-299.976651664, 1267.97728137, -1216.39759598, -2.73651384354e+21
-529.827574494, 682.453761971, 218.269516854, -4.44008837705e+18
-3530.56102361, 4389.46652924, -545.608495377, -2.18152173795e+25
20.8138032951, -57.4058396415, 3695.13132494, -7.95831749119e+23
-1356.53773325, 543.694746691, 20.5355336444, -1.45946056144e+20
-204.310636518, -2472.06884314, -2473.47385273, -1.54846961019e+23
-810.33499158, -563.575615055, 2883.80009426, -2.2249023805e+23
-2176.64316668, -1387.40913125, -1308.19646389, -2.35864387078e+23
-2433.52669938, 2419.7538453, 3241.91090522, -1.19052052196e+25
-656.507235536, -3376.04401409, 1855.94124074, -2.6763493675e+24
-351.016762328, 3226.95497307, -1230.56521411, -1.5551217701e+24
541.17976918, -2206.54522755, -296.443705861, -2.86877731931e+22
3230.4068116, -1699.09802918, -1123.69680038, -7.31631906969e+23
-3747.6294039, 1091.84982172, -1245.55837604, -1.90212756904e+24
215.705733294, -1942.91061972, -1774.06097737, -2.17428216655e+22
-1227.95630732, 3308.69773408, 3489.73230664, -7.73906764075e+24
2159.69095488, -154.310788245, 258.790547266, -1.33432143022e+22
812.562492884, 4492.28678652, 2825.42964516, -3.72652773182e+24
914.647895144, 2244.98200053, 1549.38021769, -2.8580047141e+22
-1775.37271488, -3441.30382555, -2729.03665886, -2.04645599457e+24
-1353.84730676, -916.180280048, -1961.1813814, -6.51535678553e+22
-601.933474148, 1373.35889114, 2893.27213578, -5.29182266917e+23
-1654.63744751, -81.1913868036, -1345.2541872, -2.76708596833e+22
552.981173148, 956.854131946, 2034.37815902, -1.31660526723e+22
-1674.38507324, 2082.79984415, 1493.44218287, -1.4917639112e+23
-4024.31192759, 877.45388834, 1214.81162186, -2.07207921775e+24
243.613034936, 1524.77645055, -3209.45954796, -1.84674297945e+23
-325.732768906, -2819.05955455, 630.403284523, -3.58257255233e+23
1896.3017807, -1703.88004466, 4486.58591604, -5.7858760293e+24
-261.586087425, -4239.28566131, -1033.67231413, -3.82907981027e+24
3197.0311369, 195.779514328, -1559.10511683, -6.72674632067e+23
-1352.81790465, 604.027944007, 788.464552041, -2.26455098439e+21
1513.26384583, -288.574804039, 793.238023276, -3.47286930287e+21
2089.1043362, -2101.5560848, -312.018250149, -5.79272840918e+22
1492.70272258, -432.960410047, -94.8699119818, -3.28020408114e+20
3667.69649822, 1679.54725271, -4189.31252535, -3.43367025365e+25
41.365433165, -1436.35455792, -1753.97652071, -9.06545555187e+21
-685.244559824, -2882.43085116, 1696.99891232, -8.00956626367e+23
-1240.64651492, 1883.67622491, 1676.19934829, -9.29657293004e+22
2985.4759177, 877.193635115, 847.624209243, -6.39086519172e+23
-579.167304663, 1054.2792385, -3031.72843457, -8.75522698864e+22
2610.12664984, 2230.38866015, -2277.86299531, -6.39849794258e+23
579.789182586, 3138.2455011, -433.25453699, -7.17819328029e+23
2778.55290922, 760.17640718, 489.610184784, -2.45282052089e+23
2079.72608758, -1735.3366813, -730.861512721, -4.19551571334e+22
-1001.50139359, -165.339453392, 2090.87564516, -4.50135464011e+22
-931.30768591, 2829.55304073, -1578.88607762, -8.81391968022e+23
-2855.87601881, -976.367535469, 1636.74292458, -3.23754636956e+23
-3892.77919634, 69.6702093234, -3455.39268115, -3.20850336459e+25
1896.14300423, 2834.79156556, -3847.01753623, -4.34059929333e+24
-47.000053485, 757.349978053, -2994.32327249, -9.02962892087e+22
1127.71920946, -487.663775597, -1480.31164541, -1.40404700713e+22
-31.4296244279, -1904.25123507, -632.40829169, -5.33620290122e+21
-1607.68206766, -3754.93187183, -3477.81722116, -4.45750508601e+24
1546.58372563, -1866.06213665, 487.542316951, -3.095829172e+22
-1097.77959767, 2227.88961452, 1316.35007128, -4.51755562977e+22
-818.541983031, -1156.83424014, 446.833484443, -4.39501232097e+20
-945.37625537, 960.296985691, 1967.74534573, -6.39334251202e+22
1403.82062415, 2305.89972415, 619.131642069, -5.34175242311e+22
315.863430119, -1955.71088754, 583.96931617, -2.46412171484e+22
2314.23143704, -1770.41621398, -2799.39787042, -4.10659647464e+24
-207.126276254, -785.15060661, -3093.81996184, -2.61700373103e+23
-1995.91211841, -138.362244048, -4505.69774964, -8.84615051329e+24
1467.00875421, -3430.3102715, 1754.35679002, -4.07331599338e+24
-480.367199602, 1585.05587905, 537.219235949, -1.47062076655e+21
-1142.33253093, -915.441643412, 3763.45198495, -1.88375384003e+24
3917.44006957, -1911.29782935, 77.1090246617, -7.7992954072e+23
-613.544264678, 2659.68575262, 1756.51661653, -1.05379107313e+23
-995.6013505, 3672.4350192, -3478.81999343, -1.35417321599e+25
-1745.68992565, -2936.96150871, 235.040452176, -4.53831441644e+23
-1029.75318964, 854.921566766, 781.583344329, -1.01544547312e+21
-80.0711033375, -1599.56218815, 1825.46439629, -1.97978360246e+22
366.979203389, -415.396011212, 458.145350634, -1.17298179058e+18
4240.73104631, 1216.06634391, -80.3648932472, -4.31149372075e+24
1598.30875564, 86.9319970145, 811.754101497, -6.70063390957e+21
121.826623622, -2519.287411, -3082.76125685, -8.68056722689e+23
1093.56167621, -527.946849189, 1076.24211222, -1.33405067386e+21
222.184653618, -1617.07900049, -39.8097645384, -2.81253787521e+21
-1214.47210921, -3195.28703855, -1433.79362328, -3.57502591304e+23
-236.292678097, -390.862044791, -3466.65760819, -5.05124885146e+23
2249.12280882, -1028.90269461, 123.417040511, -9.40919995694e+21
-480.317380109, -1295.57859086, -2407.29932104, -4.97556440955e+22
-3139.60518514, -573.525100997, -2850.27829639, -7.28125646816e+24
-1148.36539184, 4384.22916089, 1089.75203555, -5.65631059229e+24
1436.2278111, 1411.85664307, -1270.2054596, -8.02878513569e+21
1995.07969578, -2183.4769103, 1613.79230326, -3.33358090579e+23
50.9143139202, -2150.82951008, 811.81756813, -5.70883492832e+22
533.522072076, 1017.85566409, -399.76186733, -1.41633975893e+20
-204.470760438, 2470.04594254, 99.5040591304, -8.00046534386e+22
-4021.38578415, -1990.64084498, -1060.49189351, -9.52230766253e+24
-16.0023395261, -4339.52888536, 3301.0738839, -3.07876867125e+25
-2270.66696493, -3014.83546542, 307.594785113, -7.76410292823e+23
-404.004291942, 755.287206733, -3137.18492717, -1.14516913079e+23
2541.18628493, 1775.76272301, 974.36730621, -4.86584371366e+23
-759.166020547, 246.492586549, 776.816943123, -1.62574851061e+20
2204.20972693, 1778.15039935, 3071.31990613, -3.01809076465e+24
3486.17583487, 2068.45495263, 1695.98421425, -6.81919729018e+24
3336.07044098, -3812.46078953, -746.263574435, -5.0735831214e+24
-121.641252442, -139.899769427, -1741.23655386, -1.89389206271e+21
-2334.28501899, 1293.76243943, -1019.996376, -6.57217948367e+22
-1318.0370781, -220.294672543, -3529.64387583, -9.01824952459e+23
-178.611750815, 2411.42029931, -46.174821385, -7.40994163825e+22
598.252851935, 324.292494265, -196.342108166, -8.21443811916e+17
1712.70284787, -3875.41351195, 1658.19498771, -9.3684701258e+24
-4328.17632972, -3000.61243682, -1335.86256853, -2.82840764257e+25
767.043437751, 1521.56976171, 793.677508456, -1.46762995306e+21
942.381808747, 1873.40330354, 3456.92725533, -1.00905626662e+24
2335.57028853, 1116.40994801, -269.600076449, -4.76601402454e+22
-572.596647686, 4235.99648353, -1673.81415768, -1.42651282941e+25
-1996.92453059, 1430.75589967, -1572.33447295, -9.27931778502e+22
2000.25536994, -905.986835299, -4046.48090489, -1.46380942566e+25
1668.59760016, -2754.40339702, 1489.44664864, -8.99737850414e+23
-194.671447563, 3297.48247326, -312.131562053, -1.04339799517e+24
3830.11064052, 144.405077287, 2920.29671913, -1.87563563844e+25
675.280471958, -617.317636952, -1568.19294985, -7.52571554044e+21
2678.21910913, -303.495442867, -213.557323032, -4.20086970404e+22
-1497.37982265, -1938.21476825, -122.431389419, -2.33349784919e+22
325.865383777, -1186.30705327, 862.87613081, -1.07125177156e+21
-92.7939516193, -768.615764409, 91.0070415008, -8.90290086291e+18
2891.00244766, -1301.32892515, 242.184276797, -7.51682572368e+22
-2174.08956876, 2706.93389488, 2605.41763411, -3.77965530696e+24
1118.57190352, 626.638194468, -3062.50628471, -4.88474138535e+23
3679.28606706, 974.092501502, 101.534432553, -1.47759695158e+24
-3654.500455, -4120.73824356, -671.572769481, -1.69302752166e+25
1252.19981971, -637.532047829, 1193.22189364, -3.50370942507e+21
882.819106859, -3585.3927915, -507.455145247, -1.378416311e+24
-315.564522603, -29.7659762557, 2392.98107909, -3.91628583436e+22
895.696238493, -3553.18685544, 1018.28690339, -3.04204319306e+24
2094.38893107, 1339.13950011, 3405.79860397, -3.39516514e+24
423.16610033, -793.857965642, -605.60021117, -3.11099866668e+19
28.5987926172, -2332.55669628, 896.324938552, -1.10140281193e+23
-315.632319075, 919.806384527, 1902.03042447, -1.63109392956e+22
32.9639450451, 338.058325695, 4104.8123176, -2.19167417583e+24
4040.96550622, -3136.7888715, 531.313784437, -3.96554178064e+24
-373.333759025, 3429.3657578, -1425.40783936, -2.69634175024e+24
809.778445551, 369.6537341, -2457.33441588, -7.93946597809e+22
972.714792697, -1454.40670063, -2134.03337232, -1.45409363931e+23
285.214772067, -176.730378979, -2376.77932458, -4.00818458961e+22
2379.19531987, -89.9642461849, -120.98166699, -1.91162634662e+22
-3898.17608474, 2107.11257796, -1236.95283591, -2.31593808116e+24
343.461746834, -1710.84784325, -2232.22643386, -8.56457220401e+22
1892.8679459, -174.850051677, 1796.33585029, -1.17822159119e+23
-475.004958403, 1237.2357922, -834.822521773, -1.54481903015e+21
1671.14905478, 3103.9825016, -317.40777415, -6.83694984552e+23
289.253326242, -2580.81753916, 2952.56098199, -9.97164293363e+23
2630.01988056, -1122.12595237, 969.604087586, -1.192907901e+23
360.610011904, 1517.36368192, 3534.94077701, -9.93361575126e+23
1574.07475006, -2201.72444622, 2393.09402425, -5.14511269155e+23
342.495177102, -654.83129537, -3988.62075614, -2.64324646666e+24
1824.91609245, 1644.14973625, 3598.03189209, -3.18787173806e+24
335.506893264, -1907.40860454, -3450.80923166, -1.66281888671e+24
-549.711929864, -929.725519312, -196.082760902, -3.56468212142e+19
-507.188632354, -492.607918685, 136.54558664, -9.80151377183e+17
-3724.88004635, 520.134453531, 357.85802647, -5.63495390855e+23
-1364.65580474, -1541.33239818, 2023.79748695, -4.30100991022e+22
-1933.4830969, -170.550317234, 166.213943028, -4.42238501351e+21
-2428.32613411, 143.224022646, 866.143928522, -4.16152005762e+22
-3992.52322435, 55.0042529984, 1150.58506312, -1.59720140575e+24
-3201.87207111, -845.74172796, 1875.07458835, -9.13513824915e+23
-335.004277917, 411.959664218, 1290.70058998, -7.86246209776e+20
182.407903148, -850.472215104, 2399.72759752, -1.29849895702e+22
-2653.17135571, 273.818564502, -86.4733506004, -4.8627697618e+22
243.067504711, -689.19185803, 2948.32408885, -7.53120129216e+22
2564.19858927, 1485.00734404, -1290.24757707, -1.16474575915e+23
3044.54448119, -988.094355562, 26.077595821, -9.89499742805e+22
4069.40034767, -983.922941741, 733.762628308, -1.99007574283e+24
-806.488506116, -297.899384638, 1290.26579788, -1.33482525476e+21
554.211680015, -2691.97018201, 3579.68207281, -2.10281132686e+24
1148.93634485, 1593.91916877, 1189.24920306, -1.14182645863e+22
-378.751681998, -4045.4246748, 589.02934947, -5.59974518438e+24
5.51845276762, 1382.66159306, 451.948541662, -4.22975519406e+20
1691.04983871, 1122.34244368, 201.971405653, -9.21473550088e+21
-2926.33684987, -1574.24439448, 72.5050972646, -4.03492905301e+23
-1708.21375841, 50.5926275049, -56.1204424088, -1.67130195598e+21
-400.422853295, 3499.13745569, 132.983956016, -1.31901243169e+24
-2854.83773595, -753.56909479, 912.964420405, -1.35279095209e+23
1065.49844089, -1336.62623556, 364.524635247, -2.08712816298e+21
-1290.24573952, -1066.08443845, 4086.3414227, -3.70964132394e+24
780.590993425, 1261.27701943, 1009.8072207, -1.19178212871e+21
642.453768339, 2053.37524406, 135.930404335, -1.67578145537e+22
-489.548260417, 2376.02476677, 404.714008521, -4.77089608699e+22
3258.28090324, -2254.13715952, 1974.6138916, -2.31649294087e+24
-2326.46999451, 79.0334142476, -689.599749627, -5.17608768207e+22
3252.37644066, 899.401822837, -726.377466116, -3.69150194162e+23
1014.89909378, 2640.95687895, -3246.44595798, -1.2948972854e+24
-3936.20941969, 256.860550413, -303.16958721, -1.41745840385e+24
-2184.99091336, -710.202578832, 217.67177173, -1.97730133449e+22
-523.651108781, -173.973301052, 2446.52737145, -5.7194143333e+22
-2857.48203677, -524.347639838, -1669.11033004, -1.09345187015e+24
136.729394436, 156.652983121, -2322.08326819, -2.0680937715e+22
-951.812160843, -895.810617823, 1191.65781102, -8.95437350746e+20
-1154.34376822, -1338.88744659, 1302.24605268, -4.65755941309e+21
3255.70431777, -2362.56059374, -759.718574952, -6.66205795696e+23
-1761.53280328, -924.023958488, 1558.68600181, -2.66665730995e+22
-110.220303825, -750.772005476, -1969.84393034, -8.96293288542e+21
-123.769828074, 772.346280397, -660.024263999, -4.11091282597e+19
-104.471427906, 910.484984528, 426.39031484, -1.25846500198e+19
-2766.34745283, 963.064859734, 2611.52850562, -3.65716265637e+24
-1127.57236242, 2191.41142541, 1147.78733163, -3.3577337443e+22
-1104.06324334, 3925.83215601, -4207.5650024, -2.89994673392e+25
2656.07698416, 1857.61753318, -2375.83039179, -6.86736627135e+23
-638.510923064, 1419.98354833, 300.833926724, -8.83875868154e+20
1602.22251463, -1960.43263823, -3968.81219777, -1.33776405903e+25
1961.6906661, -76.6134023809, -2195.95292405, -3.60395252561e+23
-2241.43633137, 1344.19647282, -955.418296739, -4.84399003535e+22
-4170.69122895, -12.1307498069, 1106.52255929, -2.09089678277e+24
263.403531336, -598.191220685, 532.679419384, -6.90080820309e+18
-566.947435322, 1786.61763286, 1188.06498189, -5.83559075266e+21
-1701.47037487, 2869.07523985, 3064.35404352, -5.15044241793e+24
-2983.60017251, 290.331167677, -484.280438559, -1.98298095346e+23
3805.88608804, -307.946551844, 2435.24291865, -9.97331204569e+24
-1186.4684231, -536.155030854, 2468.19510752, -1.3765420705e+23
2498.46896868, -1365.72557751, 1416.41333179, -1.94311948522e+23
-621.987755205, 2110.10212594, 1768.09897711, -5.04119745617e+22
462.285332008, -46.7854235231, -838.711245509, -4.78933420377e+19
-516.320733214, -303.834762214, -1287.18120504, -3.89603527153e+20
-486.703003576, -1264.53157424, 758.627035331, -1.10014943294e+21
-2240.22252825, -156.870205216, 155.538224885, -1.42082238651e+22
4006.98243855, -4033.37055861, 1927.53469901, -3.0175426188e+25
-555.874038867, 1944.95860963, -430.603669225, -2.24521402046e+22
1972.70440457, 2795.89379431, -1037.97157874, -5.02144550138e+23
-80.5954096079, 3274.2704912, 82.8109788498, -7.68767134874e+23
329.838605669, 1276.17395113, 939.974124002, -2.13156180239e+20
1525.71825528, 1313.30398845, 1281.37313455, -3.58097573912e+22
3271.58285978, -4046.8253094, -921.284742576, -6.95211952614e+24
1337.55375579, -1598.63255161, 1595.11025882, -4.13707029452e+22
-229.382712871, 320.147685151, -1756.71277796, -1.19067344472e+21
-2434.24161822, 85.257109568, 4556.95532547, -3.27061706163e+25
1138.55381339, 2519.23536398, 1346.97618022, -6.76237767862e+22
495.191518797, -13.4542829164, 2940.18807751, -1.04643041211e+23
-1188.6426654, -584.110997271, 1978.00705694, -3.36322933654e+22
-2784.32743809, -1819.14114244, -1020.645548, -8.94709880943e+23
708.426177302, -3552.77276484, -2634.26938632, -1.38319648958e+24
-1443.37437023, -378.141831775, 2563.16320677, -2.86611074496e+23
723.68975892, -1011.71987601, -2854.4667498, -4.52661194468e+23
-126.922865675, 2272.57525733, -343.568978177, -5.93068527082e+22
-2287.23498662, -737.642646082, 580.574167386, -2.38839110514e+22
-2353.60686728, 1071.80144653, -1373.24824423, -1.27531557835e+23
-785.152850364, -598.279819668, 2349.9137192, -4.8542516717e+22
960.78139994, -2737.19051833, 1994.88308422, -9.28152253268e+23
-472.996984736, 936.264696804, -2475.60793056, -1.75711734193e+22
-354.320609782, -2084.9742113, -1007.9170753, -8.58865000948e+21
-311.143603478, -705.297592361, -901.285612633, -3.53798955593e+19
-2199.31582042, 1471.69932929, 580.622633819, -2.80342427111e+22
-2339.94024627, 705.416716724, 2288.74194547, -1.05922831002e+24
-1029.61389179, -1441.19555769, -2549.76415441, -1.38016022575e+23
-979.454041099, 1154.75091704, -98.9088896957, -5.03765316014e+20
2564.05065033, 964.731699503, 414.368604488, -1.52831930133e+23
910.105369403, 1980.5990946, -574.637199967, -2.41215932655e+22
1804.29304754, 2100.45497329, -3382.26765271, -1.38334111786e+24
-3438.28325184, -1155.50406029, -343.875449184, -1.23498985326e+24
3564.08790379, 1265.6183355, -3593.63678986, -1.6469291445e+25
-1626.63594125, -1538.16568084, 1326.43962476, -1.60116681119e+22
1864.13840003, 2107.1797168, 1782.68995145, -3.30182744971e+23
-3990.12258859, -1802.33907933, -1721.44567056, -1.36606265786e+25
2467.71212986, -1365.00061125, -2510.26978732, -2.55001850547e+24
-3455.28319665, -4417.61468236, -290.590443879, -1.76024621094e+25
1784.59398987, -448.502131848, -383.10035148, -2.09088091184e+21
-512.221757546, 182.899970489, 1584.90527384, -3.69014868587e+21
-3352.5969917, -1007.82777326, -2120.81548284, -5.3622338113e+24
-164.134243559, 2810.1559052, -1901.18550111, -8.55255590939e+23
145.319431273, 2830.79010132, 2111.58165811, -1.24596920343e+23
-51.0660146362, -2124.69325526, 3969.59310362, -1.10673331288e+24
-136.245743177, -1714.76323039, 307.002931344, -6.21316032361e+21
279.473455168, -493.646161904, -1501.7125324, -1.9827017802e+21
-875.98775281, -1571.6320628, -814.684998685, -2.43606555514e+21
-1221.96309753, -897.096335272, 3172.98696207, -6.28064463924e+23
1518.87055059, 1151.92890959, -1958.98152453, -4.36168738719e+22
-192.347130625, 1083.69191868, 704.692075343, -6.73879822922e+19
3018.90001037, -4157.17404532, -1890.9623142, -9.32553122964e+24
-3631.91511946, -827.028768613, -593.188108998, -1.83150175084e+24
-3117.08112627, -2331.14164483, -3013.53147747, -1.38456335354e+25
-195.795674572, 21.6221604885, 1405.68304312, -6.06742481491e+20
-661.365438573, 697.76832198, 2896.87464098, -3.94443404685e+23
372.769575437, -2869.42909471, -543.746835817, -1.97509426229e+23
-25.0481305982, 1837.44097915, 3949.80458394, -3.277949005e+24
1655.08026066, 1796.65079971, -891.16896212, -2.3793956064e+22
-287.373368577, -3367.57724978, -2414.86420794, -4.28220266263e+23
890.668719559, -80.6466163851, -4015.4922806, -3.55542647007e+24
1351.15871124, 2544.05034421, -636.118916295, -1.72560880106e+23
3542.52287598, 661.958607098, 1792.36153899, -4.60400834154e+24
784.868639884, -1319.33466655, -1027.93226166, -2.47060291926e+21
-624.769006487, -273.757127688, -2615.00884693, -5.19508918052e+22
2238.38751785, -1060.94861531, -3112.31760031, -4.69663513761e+24
-3031.10793851, -1271.57342309, 1253.62498118, -3.03869929285e+23
-2178.84419239, -3157.88768614, 621.411695938, -1.06425238484e+24
-4228.37915482, -3218.32131961, 388.956944931, -1.2377949211e+25
-4130.72489886, -3211.38512356, -1054.72022167, -2.03756289105e+25
-911.318328035, 3393.34906202, 1096.06492023, -6.40045975675e+23
1043.73970821, -1411.79820811, 84.5014664633, -1.96920468382e+21
-3726.5918587, 460.745002192, 697.718941467, -6.53381550166e+23
163.556131016, -235.038092709, 3873.46169366, -9.71877424172e+23
906.576770694, 2493.8190648, 2332.3610192, -1.38115322691e+23
-2370.67927487, -307.987982315, -2457.58669023, -1.13826074264e+24
3412.17489611, -1903.92255401, 1555.55939976, -1.48238532084e+24
3074.70757932, -532.830052304, 1345.15781881, -7.12325374375e+23
474.077877714, 1613.08685904, 666.578624893, -1.35128583742e+21
-302.632247015, -2087.96658857, -366.347991185, -1.51126341901e+22
3956.71254459, -3011.03991205, -3809.2971792, -1.10601139569e+26
2811.10537054, 126.423282732, -40.7975556806, -9.29135115405e+22
847.429378414, 1051.55277911, -536.995506046, -2.70844901402e+20
-348.997022119, 1671.97315988, 4512.24910416, -1.00355969945e+25
2622.30617265, 2046.607782, 1521.49564923, -1.2066635213e+24
124.525227197, 1876.36419065, 2135.83060237, -4.1000081972e+22
1967.25646964, -1143.37278267, 1136.76063987, -3.08199927128e+22
-579.865323257, 59.2343602473, 546.800785112, -1.01173420515e+19
284.088574379, -1459.33714481, 648.729932019, -3.17438996831e+21
-721.640860396, 1198.85336729, 3452.95452344, -1.7803803174e+24
-1310.93951228, -1876.59583572, 678.894403953, -2.02438081951e+22
-2535.16222599, -2921.74490403, -3553.79261079, -1.21671434996e+25
-1692.99080482, -1037.24772466, -2019.82247255, -1.80462058756e+23
1732.06451996, -578.41150157, -2283.65697997, -4.04455663708e+23
-1210.47571085, 1281.20315142, -3103.70476471, -2.59033709661e+23
-1169.14951559, -136.371176287, 451.740218972, -1.23266273612e+20
-170.305320175, 3309.03421541, 992.963318521, -4.84184071391e+23
230.517733898, -2033.38458509, 2632.32710716, -1.94789551052e+23
2687.97088509, -2063.18394028, 3150.18391337, -3.72417337042e+24
492.667729751, 557.814703765, -333.606212328, -2.13897882794e+18
2888.74120294, -673.977134892, -2479.91415903, -3.04368451093e+24
-2753.44417655, 1953.34327624, -1328.41604251, -4.0809594704e+23
1716.28030416, -2296.99106664, 3201.63927609, -1.51136932187e+24
-474.765486926, -680.857195261, 3608.4966788, -7.54872016723e+23
-608.226496451, -1805.95909105, -818.784649116, -3.39136429822e+21
-2296.5587036, -1002.61031858, 2077.04694207, -2.6824580593e+23
226.265958073, 845.713687154, 358.545337764, -7.41241674551e+18
-147.508642168, 71.1993362207, -763.221287961, -1.76713946256e+18
4354.5788247, -1407.51232624, -875.363852961, -2.59483705382e+24
552.258420695, 2307.19329171, -446.565910035, -6.76147364223e+22
215.787070887, 1165.58938685, -1999.08748386, -6.1771047164e+21
779.977296131, 1271.19604772, -870.626933215, -1.37917327761e+21
-1722.91961393, -3983.15980519, 1848.27162803, -8.53747770683e+24
-2999.04199175, 2742.4063312, 740.405654127, -7.29756042553e+23
-824.799997235, 2369.44564535, 776.11695357, -3.90244563898e+22
-2105.74677324, -1099.16606372, -1504.9565238, -2.21100146366e+23
-131.879900688, -974.740351915, 2079.81630266, -5.70003715272e+21
-1563.3493562, -516.82889039, 1267.18837621, -8.69734690727e+21
-1000.21355938, 258.493177222, 1507.65506685, -9.4024379794e+21
-2735.11494772, -3239.2796153, 824.745891757, -1.88207999703e+24
415.267322082, -257.36422427, -1377.85022277, -1.20596316991e+21
3150.72249286, 1732.35160189, 290.162175217, -9.70004171901e+23
2490.7407755, 2020.00282667, -434.875259441, -1.89131238276e+23
421.256681113, 375.520979414, -45.6232794073, -1.77578567403e+17
1686.94648372, 2401.6587834, -15.9640010538, -1.05066493697e+23
2421.46837152, 123.346795827, 4191.19067058, -1.04956429934e+25
659.5228897, 531.847804847, 14.1074834112, -5.83929889836e+18
273.056994173, 1906.37855255, -2139.30203682, -7.6263641482e+22
83.917866473, 310.351887724, 828.68267325, -8.64660936171e+18
-645.59622324, 2036.45792999, -55.2921843758, -2.25095053978e+22
-194.668739073, -746.644566453, 4379.69452726, -2.69630112347e+24
-332.405258687, -3690.83108263, -356.698638163, -1.68746258477e+24
2116.67096819, -3741.35196668, 1486.79298254, -7.58536864098e+24
-960.318480773, -2221.08452233, 850.32664015, -6.9633281123e+22
-167.033888655, -968.837753369, 2286.21411042, -1.199550191e+22
316.693275746, -2920.16455287, 308.589979104, -4.08472531885e+23
839.292094154, 2256.4253292, -1619.9372318, -1.39075383261e+23
1690.42891307, 801.503168901, 793.619002868, -1.64695300523e+22
1002.31033907, -2389.55461137, 1998.76245892, -4.05819075558e+23
-2724.34947959, -531.447580398, 167.264216749, -9.14751706788e+22
513.374213447, 2137.08627178, -3140.7791481, -4.05900812372e+23
-153.678342851, -128.757370613, -710.441786473, -1.59226249666e+18
1595.49466108, 1359.98622276, -1949.21446824, -4.76794720813e+22
239.625915952, -3186.84650088, 154.296717002, -7.23917822611e+23
-1340.0629999, -2606.96752947, -2288.2860404, -2.97836979658e+23
-1269.56964433, -636.320186603, -274.796782775, -8.37159265788e+20
-3583.8921561, -415.402737299, 1648.52660116, -1.36639595676e+24
949.508619546, 2927.56957624, 230.529919169, -2.80668732821e+23
2185.72747015, 444.504013198, 2714.71454594, -1.20861800944e+24
1961.56646712, -700.784171472, -263.078349472, -3.42398728139e+21
-679.26814904, -2168.40261128, 1123.41905057, -7.20082329682e+22
1934.80201011, 3013.5099971, 3987.88027133, -9.09548099767e+24
2046.33580947, -876.714002765, -814.159130434, -2.18327518415e+22
3848.81600779, -2158.10738273, 1824.87338143, -4.21290701584e+24
-1823.03200843, 2478.43770126, -830.335825314, -3.11398083308e+23
2668.25873447, 2464.28381786, 1263.39643622, -1.3439213676e+24
-1384.37606579, -52.8707095581, 2134.01506176, -1.09572344915e+23
-716.336138034, -1672.42438343, 1733.14014134, -2.23252775856e+22
-567.120946854, 1097.74460274, 3264.87392327, -9.87904296985e+23
-1163.6712317, -232.954877461, -1928.97246861, -2.62551724386e+22
-491.895553357, 3654.25417299, -2849.43768292, -8.76417172311e+24
-134.816721806, -674.389260484, -3066.57580244, -2.41508723784e+23
-1619.13802091, -2271.23799733, -53.0476624304, -6.84022987122e+22
-2869.53609383, 3100.17843029, 4138.21163046, -7.00648469315e+25
-2089.15639043, 991.393440749, 1087.62811672, -5.44754694884e+22
-421.062859343, -786.398780367, -1008.62665132, -1.14051404957e+20
-2700.95703445, -70.1597746519, -4498.591083, -2.06666972565e+25
135.721752877, 2333.21276577, 1629.77268513, -2.25411318024e+22
1063.88473607, -1886.53269704, -1669.81556424, -6.66442181769e+22
-1321.20114041, -37.1656076303, -591.030105191, -1.11976845199e+21
-2219.91774499, 1916.95626252, 2203.99501734, -1.37150607582e+24
190.631261721, 2649.65868938, -4121.0126207, -2.69466265633e+24
2382.7218743, 1210.84698037, -1920.73129645, -2.07658589914e+23
-2181.70857799, -2949.1879171, -4392.60659841, -1.87858594383e+25
1016.49994818, 320.513893642, -1022.97219977, -7.50641012608e+20
88.5274093156, -484.488207273, -224.710739915, -8.29137405594e+16
1081.03625104, -359.85159765, -268.596271664, -4.91118257712e+19
-1911.00992981, 2255.50315147, -1528.73105915, -3.42443084396e+23
-1982.20545307, 321.008406763, -1676.1863334, -1.10976269196e+23
-1101.85713315, 409.039216203, 492.576568851, -1.83662405669e+20
-544.886633758, 654.842057269, 141.160602462, -3.55804176483e+18
983.319820197, 54.6460863112, -1638.22434801, -1.07979615239e+22
2646.95863406, -2071.22289846, 600.288079591, -1.77157468898e+23
1495.67508609, -3344.5956138, 965.531568131, -2.21514416615e+24
-466.187288017, -1216.54907393, -94.0169226983, -2.56032413138e+20
1504.51663201, -1743.43310627, -108.35859456, -1.05140077431e+22
-3110.57752561, 1123.52563421, 2991.93558403, -1.02823344155e+25
-648.386627582, -2439.40100648, -54.0912103831, -7.08793823746e+22
168.765155843, -3669.55046183, -3269.94798746, -2.57186937518e+24
3918.74334736, 1695.45314916, -2678.40702063, -6.49125360662e+24
1489.45519554, -371.308939768, 2450.33333244, -1.45973969315e+23
-774.638258791, 1926.83011623, -1675.32207946, -7.69373356993e+22
-1529.75526273, -657.787223598, -59.105524218, -2.005325283e+21
-3354.23026427, 2210.17960513, 1089.91981275, -1.1004871305e+24
353.181728297, 2790.33291735, -640.080031204, -3.35178550121e+23
467.420546291, -2131.13977758, 49.6809179207, -2.95301662376e+22
841.603895732, -414.898406425, 2027.93677441, -1.03025126605e+22
3050.31064556, 2219.90207315, 2400.08823609, -6.75407729446e+24
-987.069699949, 2957.75848828, 623.762636607, -2.77074816091e+23
2820.49810152, -3491.08660373, 2209.40400342, -9.50210996734e+24
-802.631149143, -2538.03153842, -2878.49792705, -3.88797245416e+23
-2719.15809027, -2178.39781275, -1078.83184077, -1.04587494212e+24
456.513749731, 620.308387244, -2223.64436306, -1.72865843813e+22
2222.93527092, -2705.67516799, -553.858427489, -2.87048158328e+23
2142.56881759, -1766.56908303, -603.199075876, -3.90174176697e+22
2944.71730297, -296.838810489, 644.040482484, -2.21886400417e+23
-1933.16916856, 2601.64488499, -2033.32190249, -1.11426901641e+24
391.469435967, -101.16935521, 3495.78572763, -4.04846638146e+23
-164.617922125, 1621.66242011, 1656.89433627, -9.72337931391e+21
831.140504234, 1755.72432417, 535.521826784, -4.0352998128e+21
-4066.0092715, -474.695220168, -329.775605897, -2.74554310935e+24
-2503.0757582, 1321.26182786, -1374.34210597, -1.81987268693e+23
4090.16509642, 326.694377857, -576.884588296, -1.65104874098e+24
2216.6807719, 3088.17371344, -227.118481319, -8.47729859937e+23
-103.526033835, 52.4137472494, 1563.08081624, -1.13441145344e+21
-52.0311703072, 102.790147316, 1001.78136076, -3.5511848813e+19
-2971.10130083, 231.473125497, -1140.9559917, -4.90116810535e+23
-1745.80328021, -899.6735536, 3206.78459137, -1.30664846999e+24
3867.17086406, -1176.33897415, 1326.62901185, -2.52793878685e+24
321.266718652, -3904.23802647, -1559.33334205, -1.51773673016e+24
1428.12683048, 235.396588619, -1791.50464784, -4.05196660647e+22
2252.39097988, -1136.74725564, 482.863605531, -1.74423323809e+22
655.874032877, 344.271089749, -910.76364094, -9.63581059693e+19
-3203.67793989, -1169.33126772, 479.125234644, -4.26809119133e+23
-705.106212147, -955.882824659, 1814.69459045, -5.56966176797e+21
383.805485185, -1526.36267649, -661.535880549, -9.06222930392e+20
892.599405836, -751.947036534, -258.204349509, -3.8837904288e+19
3851.59569593, -1126.65603869, -1460.81295586, -2.51859517949e+24
981.731144068, -406.967070203, 3468.64729477, -4.28277201634e+23
1100.79988752, -75.6885111929, -1535.76100579, -1.11730529219e+22
-642.58026629, -1116.58899175, -1738.8380431, -6.1639520071e+21
1165.03535641, 57.0117702302, 3277.00595638, -4.38929488727e+23
37.5371738339, 176.441993613, -3296.05478525, -3.02420471951e+23
-733.947211411, 2333.85623873, 4222.26511653, -1.09275900901e+25
-1160.00761909, 1336.98925056, -358.504836669, -2.37916311378e+21
-536.497957451, -251.08836316, 2728.47724327, -1.23242843863e+23
