-0.499811364296, -4.01258954459, -4.88087933891, -3.51013321276e-06
-0.499695056855, -4.01259709335, -4.88089688055, 0.0
-0.499691675982, -4.01259709256, -4.88089688976, -2.90533406379e-09
-0.499694848564, -4.01259771403, -4.88089682226, -1.1286469941e-10
-0.499695153966, -4.01259709537, -4.88089679811, -3.70600104634e-12
-0.499695879696, -4.01259709228, -4.88089684039, -1.68119254661e-10
-0.486807638642, -4.01259653007, -4.88089027223, -0.0416747669702
-0.499695073249, -4.01259702293, -4.8808976603, -1.55820873993e-10
-0.49969507272, -4.01259733477, -4.8808968729, -1.583478505e-11
-0.499695068565, -4.01259708543, -4.88089692146, -5.05365108466e-13
-0.499699345524, -4.01256865503, -4.8808971485, -2.0903627247e-07
-0.499695068337, -4.01259709748, -4.8808968666, 0.0
-0.499695063769, -4.01259707909, -4.8808968855, 0.0
-0.499695022499, -4.01259711384, -4.8808968862, -6.73818517818e-13
-0.499695081178, -4.01259709143, -4.88089686368, -1.68454545874e-13
-0.499695057932, -4.01259709512, -4.88089688828, 0.0
-0.499694968649, -4.01259709114, -4.88089687856, -2.35834440684e-12
-0.499695069595, -4.0125970798, -4.88089688053, 0.0
-0.499695342637, -4.01259710822, -4.88089668717, -2.88057955522e-11
-0.499695083384, -4.01259709558, -4.88089671175, -7.07503261808e-12
-0.499695135187, -4.01259709251, -4.88089680567, -2.5268175856e-12
-0.499695083779, -4.01259709998, -4.88089686173, -1.68454644836e-13
-0.499695065126, -4.01259707603, -4.88089688263, 0.0
-0.499701571212, -4.01260016576, -4.88088135468, -7.40400381131e-08
-0.499695047352, -4.01259711059, -4.88089690436, -5.05364641585e-13
-0.49969508491, -4.01259707252, -4.88089686631, -1.6845430203e-13
-0.499694933024, -4.01259713943, -4.88089734153, -5.94641378949e-11
-0.49969508868, -4.01259706072, -4.88089669959, -8.25418740551e-12
-0.49969739177, -4.01259658064, -4.88089189437, -7.71322516412e-09
-0.499695044968, -4.01259720291, -4.88089688465, -3.70600675553e-12
-0.499695059953, -4.01259701892, -4.88089691412, -1.51608649758e-12
-0.499690459592, -4.01261124612, -4.8808860699, -8.56279141234e-08
-0.499695022901, -4.01259705638, -4.88089692153, -1.17917825557e-12
-0.499695067223, -4.01259708576, -4.88089687239, 0.0
-0.499697122455, -4.01257046246, -4.88089046594, -1.90682444494e-07
-0.499695058892, -4.01259707419, -4.8808969236, -5.05364889695e-13
-0.499695058024, -4.0125970736, -4.88089692051, -5.05364498598e-13
-0.499695051176, -4.01259707372, -4.88089553183, -4.5836334076e-10
-0.499695056688, -4.0125969523, -4.88089691511, -4.8851404625e-12
-0.499695070992, -4.01259706982, -4.88089688448, 0.0
-0.499695102776, -4.01259652733, -4.88089684246, -7.93401191895e-11
-0.499695036452, -4.01259710688, -4.88089698649, -3.36908102323e-12
-0.499695055476, -4.0125970739, -4.88089688811, 0.0
-0.499695054603, -4.01259706886, -4.8808968551, -1.68453748798e-13
-0.499695099985, -4.0125971096, -4.88089685099, -6.73816014034e-13
-0.499677583151, -4.01259746674, -4.88089699819, -7.73257576775e-08
-0.499676132494, -4.01259702603, -4.88089524467, -9.13125191916e-08
-0.49964115824, -4.01259530709, -4.8808928678, -7.39659531875e-07
-0.499675088509, -4.01261071138, -4.88095564803, -1.02120463472e-06
-0.499695111564, -4.0125977496, -4.88089833046, -6.45875455236e-10
-0.499695072035, -4.01259711439, -4.88089687075, -1.68454548012e-13
-0.499697349851, -4.01348623387, -4.88085758508, -0.000199963752898
-0.499695042816, -4.01259708465, -4.88089686623, -1.68453967137e-13
-0.499694690916, -4.01259712872, -4.88089675463, -3.97546497343e-11
-0.4996950633, -4.01259712235, -4.88089688072, -3.36908840523e-13
-0.499695036204, -4.01259711509, -4.88089691175, -6.73818177239e-13
-0.49969497391, -4.0125969535, -4.88089696831, -8.59104507174e-12
-0.499275378956, -4.01260370166, -4.88090280229, -4.4568676453e-05
-0.499694727797, -4.01259740134, -4.88089690388, -5.44106296765e-11
-0.499695016137, -4.01259708811, -4.88089692585, -1.17918075511e-12
-0.499695042994, -4.01259694219, -4.88089681409, -6.23274410187e-12
-0.499694431294, -4.01259711192, -4.88089659825, -1.21623009459e-10
-0.499695013665, -4.01259573617, -4.88089701712, -4.65428560887e-10
-0.49970913384, -4.01259683482, -4.88090159532, -5.56944208238e-08
-0.499695616147, -4.01260054406, -4.88089355381, -5.89717241268e-09
-0.499692389774, -4.01259700226, -4.88089444398, -3.31010860566e-09
-0.49977802051, -4.01260157336, -4.88087402489, -1.87705257636e-06
-0.499693930824, -4.01259704974, -4.88089342561, -3.33977436354e-09
-0.499681286847, -4.01255456345, -4.88088891076, -5.21248489765e-07
-0.499691019945, -4.01259720297, -4.88089551109, -4.61476195231e-09
-0.675112853535, -4.90000671285, -4.86095631516, -108.676980375
-0.499515690448, -4.00916799404, -4.88031209327, -0.00307946340793
-0.499694035895, -4.01257686457, -4.88089416272, -1.05515883233e-07
-0.794221450113, 4.9619733479, -4.97367319422, -268.987779963
-1.86727216974, -4.30070844324, -4.79680683397, -175.404026433
-0.499694743746, -4.01259867114, -4.88089676779, -6.65592780293e-10
-0.499695008821, -4.01259712024, -4.8809055168, -1.88768850044e-08
-0.49968159798, -4.01245337814, -4.88090172369, -5.27020263784e-06
0.168052139067, 4.96332114516, -4.94822278468, -391.284315409
-1.27915793712, -3.87315576917, -4.94853262377, -119.490414531
-0.499694770831, -4.01260021374, -4.88089736185, -2.55707606257e-09
-0.499549380204, -4.01261042031, -4.88088658191, -5.43683746572e-06
-0.499695056619, -4.01259709026, -4.88089687593, 0.0
-0.499695076371, -4.01259708934, -4.88089694395, -1.1791826539e-12
-0.499688458449, -4.01659577395, -4.88092301947, -0.00402564412718
-0.499695092526, -4.01259629911, -4.88089341264, -3.19308364134e-09
-0.499636648981, -4.01260355003, -4.87996863958, -0.000218991446234
-0.499695056518, -4.01259708855, -4.88089737157, -6.16541824648e-11
-0.499695082689, -4.01259632984, -4.88089808073, -5.10077058136e-10
-0.499695047417, -4.01259707067, -4.88089686008, -1.68453662496e-13
-0.499695243435, -4.01259739972, -4.8808966634, -4.4809166204e-11
-0.499694732985, -4.01259534752, -4.88089655379, -8.1766646734e-10
-0.499988390471, -4.0126037314, -4.88092201604, -2.18994834625e-05
-0.499695053386, -4.01259709391, -4.88089676469, -3.36906219217e-12
-0.499630820303, -4.01262024276, -4.88089721533, -1.17913019775e-06
-0.499695224837, -4.01259738466, -4.88089693612, -2.99852984209e-11
-0.564820819056, -4.0122994635, -4.88432590311, -1.07813490566
-0.499695087349, -4.01259706598, -4.88089897024, -1.10730504959e-09
-0.499695057155, -4.0125970885, -4.8808968646, 0.0
-0.499685938199, -4.01260208382, -4.88089683719, -2.73883132933e-08
-0.49972754457, -4.01262914525, -4.88091638008, -6.22918628371e-07
-0.499695280892, -4.01259703627, -4.88089687508, -1.22970832975e-11
-0.499695090953, -4.01259705416, -4.88089694541, -1.5160880708e-12
-0.499695122775, -4.01259711869, -4.88089687157, -1.17918244663e-12
-0.499695057935, -4.01259485485, -4.88089687913, -1.2574810668e-09
-0.499695080947, -4.01259708812, -4.88089687131, 0.0
-0.499695078235, -4.01259706243, -4.88089709882, -1.24655647923e-11
-0.499695346795, -4.01259707199, -4.88089687783, -2.00459474958e-11
-0.499694309539, -4.01263738609, -4.88082242877, -1.81218051491e-06
-0.499689184553, -4.01258324229, -4.91700707233, -0.330399239551
-0.499694984291, -4.01259654903, -4.8808968822, -7.42865565298e-11
-0.499695054441, -4.01259708984, -4.88089689049, 0.0
-0.49969505063, -4.01259704297, -4.88089689591, -5.05362679081e-13
-0.49969506129, -4.01259705267, -4.88089690387, -5.05363306455e-13
-0.499695172063, -4.01259709502, -4.88089685409, -3.03219672311e-12
-0.499695068408, -4.01259708754, -4.88089687061, 0.0
-0.499695062434, -4.0125970905, -4.88089687438, 0.0
-0.499697236456, -4.01259676074, -4.88089685501, -1.21863422421e-09
-0.499695046016, -4.01259708067, -4.8808968658, -1.68454038104e-13
-0.499695077449, -4.0125970887, -4.88089687803, 0.0
-0.499695064843, -4.01259709131, -4.88089687557, 0.0
-0.499695061786, -4.01259709075, -4.88089686811, 0.0
-0.499695060872, -4.01259649203, -4.88089699833, -9.24788690564e-11
-0.499710934305, -4.00867211953, -4.88086354006, -0.0039120178016
-0.499695025154, -4.0125972454, -4.88089690007, -7.07510673603e-12
-0.499695065149, -4.01259708978, -4.88089687528, 0.0
-0.499694735101, -4.0125970856, -4.88089688287, -2.76261397704e-11
-0.499695056843, -4.01259709979, -4.88089692126, -5.05365296172e-13
-0.499695054279, -4.01259707548, -4.88089687084, 0.0
-0.499695083671, -4.01259707982, -4.88089695675, -1.68454735407e-12
-0.499690813801, -4.01259709063, -4.88089690709, -4.57170381414e-09
-0.499695057503, -4.01259707303, -4.88089687734, 0.0
-0.499695056703, -4.01259712968, -4.88089690429, -6.73818753221e-13
-0.499695038837, -4.01259707269, -4.88089686885, -1.6845401702e-13
-0.499694122834, -4.01259899977, -4.88089703619, -1.15833994017e-09
-0.499695055843, -4.0125970673, -4.8808968802, -1.68454130864e-13
-0.499695057356, -4.01259707288, -4.88089687363, 0.0
-0.499695057396, -4.01259707301, -4.88089687298, 0.0
-0.49969505735, -4.01259707278, -4.88089687343, 0.0
-0.499695049406, -4.01259733467, -4.88089698188, -1.85300885829e-11
-0.499694334044, -4.01259708637, -4.88089686324, -1.35266841551e-10
-0.499695057058, -4.01259708702, -4.88089689603, -1.68455034709e-13
-0.499695074438, -4.01259704586, -4.88089695128, -1.68454092565e-12
-0.499694919053, -4.01259704607, -4.88089683757, -6.23273142005e-12
-0.499695066084, -4.0125970736, -4.88089685841, -1.68454114544e-13
-0.499695063618, -4.01259708162, -4.8808969925, -3.36908264567e-12
-0.499695056928, -4.012597094, -4.88089694585, -1.17918335183e-12
-0.499695107728, -4.01259677618, -4.8808968967, -2.45938767979e-11
-0.499695105522, -4.01259718411, -4.8808965888, -2.40888662955e-11
-0.499695062068, -4.01259708069, -4.88089687371, 0.0
-0.499695057101, -4.01259708752, -4.88089689915, -1.68455119925e-13
-0.499695087403, -4.01259735063, -4.88089460914, -1.31968170724e-09
-0.49969535173, -4.01259651085, -4.88089702519, -1.09492370626e-10
-0.499694130954, -4.01259692518, -4.88089461941, -1.51728898412e-09
-0.499695121932, -4.01259709621, -4.88089686342, -8.42274311464e-13
-0.499695122474, -4.01259704363, -4.88089677504, -3.87442224468e-12
-0.499691081582, -4.01259461941, -4.88095366215, -8.20694910459e-07
-0.499695082924, -4.01259708879, -4.88089681737, -1.01072083934e-12
-0.499694918923, -4.01259710324, -4.88089688747, -5.55893627253e-12
-0.499695058889, -4.01259709663, -4.88089688598, 0.0
-0.499695089473, -4.01259707213, -4.88089718797, -2.44255769799e-11
-0.499695073745, -4.01259707043, -4.88089688403, 0.0
-0.49969510006, -4.01259711439, -4.88089689308, -5.05364913698e-13
-0.499695080997, -4.01259628239, -4.88089700221, -1.66763620136e-10
-0.499695071087, -4.01259709663, -4.88089688256, 0.0
-0.499695152979, -4.01259692765, -4.88089750966, -1.09158330991e-10
-0.499695056125, -4.01259707851, -4.88089688172, 0.0
-0.499695064072, -4.01259709038, -4.88089688266, 0.0
-0.499695069027, -4.01259692056, -4.88089687878, -6.90656691768e-12
-0.499695065871, -4.01259708813, -4.88089688266, 0.0
-0.499694959165, -4.01259703563, -4.88089704302, -1.02756341494e-11
-0.499695040174, -4.01259716106, -4.88089687278, -1.68454780154e-12
-0.499695178317, -4.01259699257, -4.88089691184, -5.72739160989e-12
-0.499692986323, -4.01259712693, -4.88089650769, -1.12815312262e-09
-0.49970350138, -4.01259703256, -4.88089702133, -1.80027997947e-08
-0.499695026382, -4.01259707415, -4.88089688863, -5.05362242022e-13
-0.499695010399, -4.01259705844, -4.8808969377, -1.85299125646e-12
-0.499695064397, -4.01259701355, -4.8808968758, -1.34762716952e-12
-0.498649355927, -4.01313186479, -4.8796270384, -0.000757455028785
-0.499695058354, -4.0125970703, -4.88089687494, 0.0
-0.499695058922, -4.01259707434, -4.88089688082, 0.0
-0.499695092769, -4.0125970249, -4.88089688597, -1.17917968119e-12
-0.499694033475, -4.01259751305, -4.88089688259, -3.15681745649e-10
-0.499636632229, -4.01263046784, -4.88088583762, -1.1758773487e-06
-0.499694194415, -4.01259715513, -4.88086847675, -2.04148489036e-07
-0.499667908102, -4.0125967731, -4.88256745126, -0.000705815326937
-0.49969647118, -4.01257636138, -4.8808966141, -1.09109549942e-07
-0.499209704227, -4.01261712422, -4.88088671066, -5.97179153003e-05
-0.499695116396, -4.01259716802, -4.88089710551, -1.54978062657e-11
-0.499695180975, -4.01259707947, -4.88092018942, -1.37419588977e-07
-0.499695061649, -4.01259828803, -4.8808968915, -3.6622878089e-10
-0.499577079119, -4.01253563677, -4.88167165871, -0.000156120002673
-0.499695079486, -4.01259707503, -4.88089682094, -8.42266339226e-13
-0.499695175589, -4.0125970804, -4.88089694995, -4.37980396659e-12
-0.499813970986, -4.01259669232, -4.88091280366, -3.63775490601e-06
-0.499695055541, -4.01259739466, -4.88089688642, -2.42575963272e-11
-0.499691185817, -4.01259704434, -4.88089697742, -3.80934755336e-09
-0.49969369656, -4.01266919613, -4.88090432591, -1.32967593524e-06
-0.499695060476, -4.01259709173, -4.88089688571, 0.0
-0.499695063484, -4.01259707101, -4.88089644551, -4.73351983776e-11
-1386.15729265, -1207.01875178, 1479.59610257, -8.42924760982e+21
-1913.4235718, 2743.83003291, 750.799089683, -2.40757425706e+23
2531.10473946, -568.433606175, -1868.10535692, -5.77768199998e+23
944.653524999, -2851.75554844, -541.041860658, -2.12571182439e+23
295.893707821, 68.1430802983, 496.937778692, -5.00504561494e+17
-1816.76851378, -931.934717064, -1144.02233705, -5.13994814708e+22
-283.550849446, -112.358634561, 3331.0129818, -4.47695905974e+23
-394.687231438, 3214.18848251, 85.4800355922, -6.86984461649e+23
3210.60738292, 1196.13785579, -456.547597827, -4.4719701825e+23
1238.03903721, -2038.88556731, 1747.41950502, -1.47925139883e+23
-167.078666816, -799.615486594, 1637.70877512, -9.56254684648e+20
515.502336379, -1137.69013316, 2442.63434973, -2.01696088446e+22
1141.00803232, -442.663449234, 2128.18700538, -3.02183496886e+22
2585.63854693, 759.621116514, 165.930735018, -1.03699085889e+23
-2070.43427573, -2085.38052552, 566.143784745, -8.82905945643e+22
1261.49677234, -1744.68819465, 2475.09245846, -1.67845922246e+23
3250.16405275, -472.187736292, 1421.64870589, -1.14847078026e+24
404.306301912, 1663.01053266, 1676.62654515, -6.26246471386e+21
-3926.14304088, 1027.52590423, -1098.66011718, -2.25459122699e+24
2069.04876331, -1107.93965425, 118.383872716, -5.45649622718e+21
-1737.19073879, -1003.6277545, 332.720250315, -5.13036633137e+21
43.7935785245, 739.210618855, -1307.83096335, -1.75893020872e+20
-1515.21808038, -423.70110181, 1290.70446553, -8.88129865748e+21
-2236.88950715, 1666.79533065, 2046.33456559, -9.19428103656e+23
1810.9151938, -1788.96384633, 3201.38135565, -1.01021411197e+24
1407.83180933, -2365.30150637, 3251.57753291, -1.35066747971e+24
2487.14628517, -170.506592907, -1620.80081355, -2.60115994807e+23
1534.04803388, -108.861698156, -2099.86406442, -1.44064113435e+23
1041.31274881, -572.500302819, 252.547217687, -4.34237025282e+19
-2775.04488171, -820.022408147, -31.6682624957, -1.59839057607e+23
809.057105863, -32.6695262066, -351.352531634, -9.65503796456e+18
-664.214135724, 1014.87644384, 1831.21637132, -2.63107734828e+22
-1706.48597005, -112.362758622, -237.281341584, -2.87569967336e+21
342.365027465, -1198.98748789, -352.399281165, -1.62762326885e+20
-21.7199443045, -1439.49580356, 247.936755845, -1.53757935113e+21
-722.77784641, -1417.73331549, -946.52654441, -1.1318934995e+21
-124.197942915, 3278.82243348, 174.128040868, -7.38567732868e+23
-577.312339219, -603.067334305, 1403.44864738, -8.3582898963e+20
-188.68020452, -1414.33782589, -2525.53303462, -8.56465020787e+22
-1532.91757358, 3082.99286283, 974.680638699, -4.01487235311e+23
1583.6374982, 56.6270733813, -1250.4085808, -1.26456897671e+22
-1585.95748777, 2120.92991226, 1615.66702056, -1.74763734458e+23
1703.05910604, -425.401731351, -1316.98901732, -2.99873338704e+22
293.907366604, -2656.33685724, 2956.75637866, -1.18828296284e+24
348.034966719, -1184.27943902, 132.084043684, -3.34994755192e+20
-1294.75637701, -3617.10264268, -487.375332086, -1.40288140497e+24
-891.970461283, 706.620776693, -108.996724414, -2.48308982002e+19
202.506779025, -195.388507192, 1432.68242288, -2.69909229091e+20
-2859.03271595, 1798.16996929, -1703.89011305, -7.0357372584e+23
188.818715675, 1961.67353614, 3285.8987029, -7.99154554068e+23
1170.43035446, -599.658040989, -1317.66631021, -9.8361098905e+21
-1288.61691981, 3801.19105783, 2303.86258926, -2.06713077498e+24
1811.78647628, 1347.51448686, -3563.76320639, -2.25516036934e+24
-55.8262407805, -3258.80605966, 1760.53512247, -2.0988508829e+24
1121.29869516, -1135.23199354, 3219.15434842, -2.69992534223e+23
-0.645813981267, -81.4172889966, 2486.58918325, -3.31933966486e+22
2646.25369181, -926.74608141, -404.302377402, -4.00090600651e+22
-1488.40660573, 899.254003416, 186.145888482, -5.5930011521e+20
2726.46603841, 3359.45517953, -635.445211303, -2.24065948199e+24
1717.73856973, 662.527478715, 1095.21527479, -2.86196549691e+22
-852.58661884, -82.3746494801, 1163.32469563, -1.09778558877e+21
31.6157459844, 1284.76985707, -1727.57901146, -5.16186017377e+21
2704.99334541, 3822.7809744, 2975.20172676, -1.28272710997e+25
1574.9891521, -1012.29981301, 635.580609087, -2.84056884457e+21
-1678.17226354, 1949.20529546, 1021.65754621, -4.56508904934e+22
2014.99922307, -1004.47927987, 1101.6148331, -3.13115347466e+22
-1351.00472467, -492.465573598, -288.459374751, -1.03711795436e+21
1882.66642396, -647.987509987, 52.3115131244, -2.15823808223e+21
3133.25689647, -224.234511948, 1584.4705729, -1.24284799457e+24
1759.35309458, 169.841239169, 3471.42907856, -1.59658962711e+24
1010.11736162, 122.838372446, 705.052876999, -3.75759940631e+20
-983.798711489, 1369.26164111, -1180.05796549, -7.45732646468e+21
-3443.61482196, 2310.24002438, -3619.08648868, -1.69219242214e+25
-3469.63443983, 1385.3412035, -506.376762925, -4.0467997386e+23
785.065684489, 396.650306689, 371.465505042, -3.76866449759e+19
-628.560832541, -1819.28224948, 2377.73067961, -7.77326369601e+22
-216.370067276, 3260.9731565, 1327.68395449, -3.54942878795e+23
-435.543592651, 1370.39534366, -1336.66319506, -5.62205301826e+21
1091.48479948, 1060.93801502, -2773.81818357, -1.87566607912e+23
-597.730199167, -692.900282136, -719.099219184, -7.07609977874e+19
2038.28357659, 2780.98793022, 775.720399271, -3.99067499375e+23
790.552731954, 1641.07958768, -3141.95117556, -2.73163405019e+23
-2038.93272842, -2537.15122648, -2840.92348771, -2.24354776993e+24
-1365.06484942, -3006.85127978, 2342.79593411, -1.52703609715e+24
718.393671278, 1643.09023767, 3020.9783953, -3.26636186553e+23
-2614.90928944, 854.594689554, -3175.35550612, -3.3703340361e+24
-345.538919126, 1585.13731747, -1243.79467262, -1.18191407811e+22
1594.64890951, 124.520239583, -274.117551849, -8.77737738398e+20
2533.93122622, -840.822494302, 1314.72037406, -1.84147296638e+23
2865.12546601, 1769.51200898, 1433.07385379, -1.53279569478e+24
2547.75533469, -1630.27149373, -1395.64174354, -3.96565059179e+23
-2196.54689581, 3078.38897559, 247.9126612, -7.68457676395e+23
1270.2989754, -1386.4725408, -1912.10890031, -1.28388108805e+23
3693.15735356, -2392.04440023, -14.3261727824, -7.86031710606e+23
-1982.73926392, 783.361004387, 1842.62917093, -2.51306239247e+23
3178.11585984, 1177.27606136, -2609.11087639, -2.57365701467e+24
-3676.8774117, 721.27026645, 2916.05227576, -1.44824878444e+25
1589.90330873, -74.3733112098, 3336.07957212, -9.18434085777e+23
-397.974511777, 1599.86144449, -2294.44894286, -4.21331374592e+22
1097.60610754, 921.060593435, 2619.6010926, -1.44873070729e+23
-2496.66397642, -115.387233092, -973.892732439, -1.49222042926e+23
-2712.46275604, -1976.7062272, -988.39214592, -8.28099022384e+23
3124.25698287, 1547.31354896, 2465.19339263, -6.36105400389e+24
-1324.12652571, 1224.04284664, 2601.01202511, -6.41679156487e+23
-278.062511033, -1273.49973718, 50.8182897818, -4.35692318859e+20
-498.850519085, -1203.29013626, -1020.2849102, -3.35331512394e+20
-1719.68546005, 2079.03951456, 3005.96056663, -3.3966714404e+24
2150.53892095, 2725.02546359, -3891.13114888, -5.00904381494e+24
-2906.88087039, -723.551029333, 58.0273374121, -1.91854731693e+23
3628.05166073, 354.920890698, -76.5588028121, -7.91727556702e+23
-1150.74134847, -1329.90623261, 637.844024797, -1.87958601115e+21
-2016.98985966, 874.866552947, 463.19808224, -7.219223901e+21
-1349.40114025, 1508.63284986, 482.224140083, -3.56557422699e+21
144.558895135, 3497.10485167, -2040.32683911, -3.97467197562e+24
3289.31873124, -1004.93016296, -1660.75819427, -1.49940505587e+24
155.459733267, -25.5173168043, 88.202663349, -5.24287675959e+13
786.256269466, -1180.53558019, 2287.49137924, -2.25029721032e+22
-168.143766322, -334.910787321, 856.366410706, -7.37739327826e+18
121.802852621, 473.593044111, -2518.22500917, -3.05202220232e+22
2123.48773726, 1028.16953798, -2914.94272277, -1.13666771469e+24
-646.685685004, -3038.42822998, 93.6196754089, -4.51248248184e+23
1508.84186745, -141.726015654, 467.41537204, -1.55166926461e+21
2470.1060802, -2856.01391555, 340.812622949, -7.48589835965e+23
-1153.74182235, -430.533037131, -757.121319459, -1.24792695355e+21
1714.89348772, 616.874310251, 338.449264583, -6.5561649212e+21
-267.161022783, 29.9124219149, -1262.39158074, -1.16901082126e+20
-3087.03635379, -1757.95886932, -2715.1630677, -8.29052553424e+24
-1266.49376359, 1459.41307655, 3584.12573332, -4.39504748991e+24
-3497.20352652, 627.536464503, -1293.74968837, -1.48254700175e+24
430.27792503, 1012.02039355, -1027.48389164, -3.87602449635e+20
1299.95902896, -2783.08136133, 790.824865951, -5.13916620401e+23
17.5076377311, -231.420493487, -736.973246388, -3.65253327772e+18
-2555.30740359, 1150.43925942, 195.769004511, -2.56825374832e+22
-835.219263841, -621.981245597, 1354.09877055, -1.3842123827e+21
3469.44289235, -1268.94622718, -2285.53949234, -5.75488220327e+24
-2117.44059024, 2798.36008304, 1104.62992167, -3.72899081681e+23
3063.24288549, -3721.82754199, 997.454312811, -7.84042232609e+24
3117.17476619, 1310.8835677, -1851.31046804, -6.93384132426e+23
96.2539519036, 2210.9758778, 3378.66620621, -1.17512168522e+24
2954.61907833, 1632.97866225, -136.106357639, -4.31704580346e+23
9.73219424254, 712.928129788, 1473.23393887, -1.24498467478e+21
-1627.53121241, 819.968869762, 2274.56006427, -3.87525954195e+23
933.909442902, -801.697703995, 222.599198587, -6.60991011627e+19
-3048.90387267, 997.449099961, -1943.57365408, -1.34915219751e+24
3714.56048381, 2309.11393377, -2921.41299353, -6.2274492858e+24
1219.45868229, 749.821482298, -564.958736727, -3.06393870351e+20
-856.500984099, 197.60825841, 2687.52696885, -2.30379226805e+23
-289.682903055, 200.788622835, 406.183186595, -4.73639850522e+17
328.796835653, -602.180765979, -577.814480126, -9.81752110286e+18
-46.1586699818, 2737.79091156, 906.896625554, -9.91425713934e+22
-419.680964063, 457.618642875, 933.949980215, -1.49275297855e+20
-2058.83472894, 1176.40539509, 2763.15715496, -2.2059262617e+24
2321.80932303, 1188.95423477, -2527.96069825, -6.55247856229e+23
-2880.88064537, -604.792406694, 170.300312937, -1.48810925574e+23
-1443.41117754, 1344.96168571, -3541.9146429, -8.00504532449e+23
1489.74445052, 2114.77001393, -493.5410641, -4.57991963937e+22
1584.81565284, 9.9990198839, 480.788373739, -2.62484366192e+21
-140.896721603, -1252.61548868, -1034.52036839, -2.33826108875e+20
1514.31861738, 950.75226196, -2849.45556971, -4.41342443948e+23
2057.08148909, -1439.30147379, 164.253291702, -1.03644039467e+22
968.301345505, -206.570504459, 648.112250826, -1.73777178113e+20
1328.93900335, 286.44868764, 2326.2556057, -9.92160656073e+22
2153.84166263, 31.6838787385, -2209.1878498, -4.72886019681e+23
378.794738988, 2143.42340755, -1420.35020741, -8.68957457646e+22
363.083099464, -2621.75009123, -535.465568205, -9.33737423492e+22
669.943430434, 2481.47753988, -934.445979087, -1.67447688961e+23
-1305.56968014, -1428.53448546, -112.513387298, -3.68978483827e+21
219.183748601, 1148.1684703, 65.9423994241, -1.60362891174e+20
-2173.30552341, -253.752007439, 1007.32495213, -2.53328511758e+22
-841.658284098, -537.668592792, -1027.86013471, -7.45506071993e+20
-28.7884575537, -989.400374072, 1402.20222135, -7.35892641694e+20
-868.165339374, 1655.54750651, 1310.99375121, -1.26112640717e+22
-595.803483539, -2261.12862302, -1392.18968634, -1.69078579629e+22
505.844401218, 652.937091646, 1628.09097332, -2.23137014126e+21
-89.3371926879, -3912.62910609, -1837.7546954, -1.33397554136e+24
3104.92778047, -1983.60567479, 1424.63931959, -8.02169324683e+23
-279.772533115, -3000.26833724, 49.9846591023, -4.00590615112e+23
-85.0498732528, -2409.298197, 1031.0643622, -1.51753054879e+23
2625.29983932, 3287.17936901, -3614.6395362, -7.88027920427e+24
-1428.37177376, 474.471884144, -1116.20773388, -5.59341591441e+21
1899.88713619, -2791.39766917, 1294.05472421, -9.47444520935e+23
2083.88261881, 2670.48824381, 1510.3082858, -6.06917338711e+23
309.66986796, -599.458725961, -614.31733413, -1.1901046024e+19
-1327.13128123, -2763.37506907, -310.206849116, -1.88386578285e+23
79.9902739849, 2611.33295815, -330.472447984, -1.66518008886e+23
-80.7349885007, 1910.22179119, -3306.32135527, -3.09456548647e+23
-1086.27438037, 259.066933894, -100.461204044, -3.64457768749e+19
-639.798377624, 1356.94875016, -3826.68710027, -5.40498680404e+23
1813.37538673, 1078.88376422, -1716.14257731, -4.2965010313e+22
509.924150121, -2046.84317267, 1213.11217368, -6.50862942327e+22
354.225065589, 2420.03717026, 2424.86721724, -1.23494062784e+23
3444.94056432, 687.546122364, -2136.50155808, -2.1151666026e+24
-250.760385915, -493.574875951, -377.465746191, -3.2080523436e+17
3067.62404383, 1118.65430976, -1202.23814006, -3.05622418182e+23
-9.94681335051, 2551.34981874, 43.9464622156, -1.05605266173e+23
2112.10051348, 786.411039633, 1071.85532507, -9.52711491863e+22
-6.37258724837, 219.870220576, 1146.68622917, -1.05999219085e+20
-1366.95328887, -130.623064047, 558.39460228, -4.80607648598e+20
503.793658782, 3600.95651087, -1035.18167058, -2.85887955806e+24
-1503.92047737, 4038.14697153, 887.87732894, -3.40017651448e+24
2207.09560428, -1471.00268424, -1504.34451349, -2.57402891135e+23
323.98184311, 1890.53254327, -720.283197964, -1.94620299957e+22
-1146.23044265, 57.4635521293, -2119.93671306, -3.46660725828e+22
572.332777711, 157.245807263, -1248.91927165, -6.13080832069e+20
-618.953936494, -975.416827998, -3153.38252067, -3.01030363032e+23
2034.10504629, 529.581083961, -2754.03707765, -9.3484189127e+23
2212.98113306, 2104.93214951, 2161.81526266, -1.12547750253e+24
-449.748273448, 2690.8796042, 288.650436048, -1.43833932815e+23
-2158.94352984, 2179.23964391, 673.771826226, -8.99488982763e+22
834.691523266, 2907.86470893, 150.17978415, -2.76167666546e+23
-1196.61978299, 1937.72261222, -1376.18171209, -7.69477366498e+22
1931.34668694, -1499.71910942, 991.134559997, -3.28610123025e+22
-646.198862518, -2161.91716633, -1522.98367634, -1.45246121671e+22
1415.68984701, 312.462128059, -1002.28454354, -2.67582304699e+21
-271.952343059, -1130.23312248, -2650.58884403, -9.57438924445e+22
973.898157209, -2470.29023678, 1912.19386832, -4.61227328949e+23
1206.69277936, 2173.41948166, -2422.45783258, -2.28424030186e+23
-1134.80838819, -488.40966513, 53.6825481247, -1.51061274851e+20
1687.94698144, -201.080076236, 1044.57653306, -1.32125870439e+22
-2785.06507724, 125.104939041, -1595.27968665, -6.54353472177e+23
2220.89989325, -3817.68739674, 1705.74896077, -9.98148922656e+24
-1961.34513092, 3226.46667724, 3891.4407696, -2.56282085394e+25
1468.14420216, 356.957919536, -625.083877741, -8.89696902612e+20
-2327.00340216, -2508.57617199, 667.423235349, -3.10580950047e+23
2718.94333333, 3506.67564818, -1847.96336526, -4.06257953764e+24
-1306.96843016, 890.6315112, -1009.87553263, -2.81260210554e+21
611.689609389, 1262.19217604, 1842.30393584, -9.36576830324e+21
1620.79119893, -2190.2188347, 1510.9146475, -2.29231182995e+23
606.285893188, -2050.7719981, 1789.03252248, -1.13164848115e+23
2783.99704346, -360.455655813, 115.28553558, -6.96855048343e+22
-144.242346824, -2546.31860807, 3698.70803182, -1.53012942019e+24
7.8502566562, 429.179918208, -288.700448627, -2.48267602234e+17
301.148479596, -410.166572249, -69.1004979073, -6.59872609075e+16
1090.87120391, 3364.84042038, 1027.19926149, -5.8347128349e+23
-3307.61832602, 1652.62811237, -685.353397848, -3.66406202179e+23
-1869.23615758, -679.458138935, 214.911019893, -6.05423150108e+21
-2099.89388283, -1170.0621387, 2921.6177352, -1.04785479396e+24
2525.07822662, 1296.70182874, -3342.95451993, -3.60707459874e+24
-3137.84950762, 2976.85683654, -948.920098011, -2.1555824214e+24
-1473.18120702, 433.352821481, 1457.24961307, -2.72202832475e+22
-287.693481492, -2181.40184985, 2007.12632112, -1.56093941802e+23
1309.76747365, 269.597701034, 1822.58963897, -3.16859017615e+22
1569.65237804, -80.1029993905, -1356.04584855, -1.90261476078e+22
-2830.73321438, -487.625358985, 2065.64651931, -8.04231254069e+23
78.0249211926, 3807.64216902, -1157.51641435, -4.76592203835e+24
511.504226945, 1638.25766955, 3027.73322302, -3.23506318817e+23
-1178.5159147, 647.593797633, 1523.96668198, -2.07478864864e+22
-941.806642697, 393.182661975, -1132.25307331, -8.81107853254e+20
-1631.05878234, -244.759340106, -133.87197926, -1.98973653493e+21
124.433241721, -1582.4674483, -634.151739488, -1.0961903906e+21
-1751.11457699, -282.825691342, 2470.97968364, -3.9107174674e+23
-945.00401853, -1736.9678945, 1120.61881866, -1.52820767857e+22
2890.18235511, -1473.07704274, 1750.41362058, -7.22719589109e+23
1451.50610349, 2645.64819108, 2567.2532902, -5.69175935428e+23
127.449218719, 536.900707999, -376.38468089, -1.43489344091e+18
-2077.58756209, -256.629760581, 111.971785231, -9.01576134484e+21
-307.644310783, -29.4107954646, -3289.84974294, -2.63510893858e+23
-754.757412336, 1086.28593496, 1437.5794305, -8.67106040288e+21
-2176.35580901, 3467.86994051, -1446.65007906, -4.66832303153e+24
-1390.00704717, -334.352195953, 407.630781915, -3.98609440002e+20
-2375.18759468, -2274.1359239, 1104.26096071, -2.16513075559e+23
2660.56016777, 620.326736048, -707.317665312, -6.9727528369e+22
-2956.8253049, -3633.74533339, 994.853831872, -4.43289865841e+24
3068.87313082, -2958.5695486, -1570.76302793, -2.55086151335e+24
-1489.079156, -1037.71942495, -1007.80005801, -1.5298748149e+22
162.043045775, -6.50091539938, 444.249242355, -5.26106013716e+16
2270.33712883, 998.440089642, -195.224644435, -3.64931775104e+22
-554.375057316, -1301.25293016, -2433.39340706, -5.49470685612e+22
-1638.42641541, -426.830806117, 1642.36430115, -3.55632598065e+22
-1028.86397298, -1749.9014724, 2550.70522406, -1.12866354796e+23
-970.539101604, -497.364113194, -686.803348466, -4.3620382623e+20
-1721.1978757, 924.529754259, 607.074137806, -4.89146003349e+21
1888.18448504, 589.002230021, 313.406900825, -1.16945734161e+22
-1836.59020383, -1488.7827857, -807.702175755, -5.12385156653e+22
-422.189993622, 149.525751701, -551.884738683, -2.07742104185e+18
1419.65045435, -2014.26221302, -113.469294667, -2.60787721242e+22
-608.546273099, -237.329410978, -666.348231627, -3.15731490648e+19
2046.13080237, 1120.92777237, -16.0176561653, -2.43948213194e+22
877.565990268, -1916.13820699, -2238.46266155, -2.19252190355e+23
-2650.85757672, 3352.81672483, 1123.57669448, -1.58144637489e+24
-1028.34300622, 1049.76340748, -663.724079035, -8.82436522725e+20
474.899341674, -1816.23164009, 2070.12253697, -6.66298389433e+22
-846.547292705, 1744.64778142, 849.622581104, -4.50837427806e+21
1517.59778241, 514.686217376, -3643.40823368, -2.67799994906e+24
-349.682033111, 2211.84621418, 1009.61190031, -1.58785392914e+22
398.970655697, 132.136744097, 1218.344415, -1.60209396879e+20
-2640.10080001, 1511.9098773, -1178.49529161, -1.87162150889e+23
-1309.51884487, 348.323555757, 211.096117304, -1.38696591288e+20
2634.33896348, 2672.3767673, 682.097371894, -9.75013472938e+23
3212.26686263, 1738.32767972, -46.5321294676, -8.73774850522e+23
3519.04389346, -831.725251764, -1845.64948174, -2.60625759838e+24
1144.82085243, -1822.44324438, -309.805116019, -8.65582940258e+21
-2474.03872035, 3314.71648518, -2625.51335799, -7.93105247567e+24
771.120989804, -858.585028121, 665.509794849, -1.97267260548e+20
-2104.36070256, -273.151870389, -493.970626872, -2.44278061441e+22
-1140.15978991, -1216.27830336, -1224.79102677, -8.15531060218e+21
-1237.44812841, 926.616266609, 2148.66702673, -1.66501531366e+23
715.75340554, -859.590551322, 377.50093085, -8.86844695292e+19
206.256208785, 2168.98439792, 165.29532347, -2.51425155619e+22
1211.12007925, -118.316103501, -3230.21994655, -1.1549828478e+24
-2328.1943451, 2340.33356218, 1110.31918732, -2.66038161111e+23
315.533591463, -645.894205087, 30.4296237773, -2.68363915581e+18
-632.655733326, -778.772712944, 673.222156653, -4.40373119049e+19
-2625.63466743, -2267.62279756, -1713.26256277, -1.67426625939e+24
-81.6393809267, 3024.16500714, 1173.55700754, -1.97893591029e+23
-693.82822599, -2371.68800619, -1847.48116428, -3.71235782505e+22
30.6780884601, 2324.5231119, 607.652648419, -3.06058742398e+22
-2014.59161948, 149.668982078, 1521.87388484, -8.30027646549e+22
-3523.75452995, -2466.5284055, 537.483780409, -2.19873218288e+24
1004.95510964, -3.13425614309, -392.302816091, -4.1635530727e+19
-3371.20129653, -1893.15893881, 2730.31300213, -3.24951946607e+24
-681.511549458, 1722.63525191, -1320.88277566, -2.59574278518e+22
-2084.81203278, -214.642759465, 2032.96199319, -2.59003395672e+23
1484.03360012, -1373.56065826, -2773.12545505, -1.2059431666e+24
1881.17445179, 3541.31273961, 773.098361507, -1.34256742617e+24
-1298.33445471, -243.532768938, 2751.94122748, -3.87786138095e+23
2193.86819371, -3719.33738429, -943.029450753, -2.21486620582e+24
1707.53477344, 989.903502996, 1319.09769763, -5.26931213914e+22
-735.998150756, 439.808691491, -1238.17005948, -5.11638256747e+20
-1677.81089152, 479.004240275, 2151.80561761, -2.60439913595e+23
1168.37336112, 2399.33459951, 1.47534481484, -7.16967829434e+22
779.07623234, 3448.495846, -3883.953341, -8.65149380182e+24
-1494.43061677, 306.456231136, -1858.67224286, -4.50477823753e+22
851.170623078, 1870.73342868, -1192.23225353, -2.71194411959e+22
-2678.29907229, 873.490664843, 1629.34231872, -5.22407946987e+23
-1459.54291133, -12.5513160147, 1231.92711332, -8.86747459058e+21
112.026805022, 162.131260311, -16.3326336787, -4.72068666117e+13
931.929622366, 398.331052836, -218.369740681, -2.2930264803e+19
-232.427232587, -2287.16371391, -908.202020078, -2.03762465872e+22
1652.59601354, 1353.31183351, 1071.67499269, -3.81260682494e+22
794.01677318, 2497.2055892, 957.421692365, -4.7672337771e+22
-1690.57382584, -1561.47889281, 475.554609832, -1.2132454974e+22
2879.78119945, -2013.80399793, -1639.51944092, -1.28644235169e+24
2298.98993204, -2472.97095536, 1736.59149436, -8.60478394842e+23
-2010.81490835, -1337.29382067, 1748.05594884, -6.59414737658e+22
-2431.01039759, -1640.3143415, -2677.92591311, -2.62454960991e+24
133.878054281, 1152.89360786, 3553.68608666, -9.86766764348e+23
1121.62503969, -3506.62847354, -645.955625054, -1.11433747557e+24
1807.56737891, -1339.27055702, -513.309321776, -7.87173807157e+21
-1957.20243965, 620.66799222, 15.5147239807, -2.82454032956e+21
-2664.87109375, 1924.82430201, 2096.04985526, -2.04106847313e+24
-543.339129579, 2792.58418337, -249.81447104, -2.92767319002e+23
-1893.54958364, -1292.11114027, 3808.69673487, -3.91066476002e+24
1210.77402925, 1739.61454875, -1596.32337596, -2.7342581768e+22
2111.57780082, 851.010932524, 733.596692817, -5.94371909507e+22
-908.914807653, 65.8160412948, -1595.14968917, -4.14246529123e+21
-829.229792841, 862.337188054, -353.698530003, -1.11358172574e+20
-1124.97383713, -59.8962106913, 637.230324918, -2.39887154752e+20
696.982636709, -1727.19680794, 1383.14365625, -2.78120699433e+22
1936.18694101, 2491.30907293, 1899.30330747, -5.76837267342e+23
1945.77916403, -2701.20804544, -939.127293338, -2.31347775318e+23
-120.659887907, -1271.4602461, 55.7041896168, -4.37033701696e+20
2658.25564004, 2252.70684661, 1279.07760085, -1.15980556819e+24
-663.323602279, -677.386718215, -2513.74698255, -5.10965524212e+22
-810.69548493, 2944.88453591, -2582.15139057, -2.05526701076e+24
-87.5007949067, -2732.51117387, 1192.29001455, -4.22564692486e+23
-1021.01795827, -1996.25534843, -164.309273033, -1.51295174364e+22
1161.19902638, -1428.39878467, 1055.4097186, -9.26353368005e+21
-1559.05706736, -2348.24459591, 2317.42859407, -3.41240536181e+23
325.569135986, -4009.26127075, 122.793661485, -4.39985324138e+24
-1220.06056926, 46.0579746949, -2542.56041467, -1.06232648542e+23
-1989.53280791, -488.95494978, 1934.9930438, -1.48444442918e+23
-2361.38138605, -2172.91790085, -1615.01922554, -8.42953061693e+23
3802.03226105, -2936.37299587, -1670.53855752, -6.8755302808e+24
1928.53548347, 3141.06069456, -1923.41795844, -1.69898869348e+24
-1530.40443521, -863.046296766, 1840.74270628, -3.7109863232e+22
181.05802687, 1006.59470272, -2021.74976426, -4.90365231926e+21
1935.96135035, 1431.08166779, 1312.09094034, -1.317042906e+23
3151.9864918, -1734.2434015, -1152.50493403, -6.93619958325e+23
-375.837901805, 2016.58607032, 728.073724519, -8.79210395147e+21
-1187.73453825, -2553.02794261, 891.755457743, -2.02110036989e+23
2957.64214149, 194.800553186, 994.97020386, -4.83729958293e+23
-2857.1186372, 1343.61180105, -2230.97761461, -1.3491124418e+24
3025.518487, 2756.80484458, 814.712914867, -2.33096988238e+24
1478.73157825, -412.971669912, 575.949504149, -1.46177812851e+21
-243.729517556, 1710.37349909, -1125.54813093, -1.64443055349e+22
-1065.46156067, 1252.60680882, -246.572652855, -1.19808338339e+21
-1186.59093906, -2760.49303004, -510.757138522, -1.59229747894e+23
130.442079136, -385.698803845, -1469.82967786, -1.06003557865e+21
1653.75158566, 1413.5344953, 1575.56820628, -9.27054878958e+22
-1784.97559162, 1121.96815695, -1199.0114898, -2.17978062695e+22
-3494.49197359, -739.325935506, -1826.87344833, -4.54040334164e+24
-3473.00377999, -1180.73164817, 377.719017777, -8.20991763281e+23
-1952.79706123, 3276.61200093, 1055.23232641, -7.89055515651e+23
-1373.12342602, -1439.07889703, -2817.418262, -4.28987206034e+23
1293.37274656, -304.087663245, 576.977030141, -6.74551783208e+20
-159.30064939, -897.079520726, 2196.69208834, -8.70387136215e+21
1744.08382248, 1848.27552338, 1602.67281392, -1.62340893093e+23
1806.80930334, 2900.84850396, -2177.7963953, -1.1368409453e+24
928.825586515, -1831.61007143, 2969.10799213, -2.57256649671e+23
-2280.45642931, 1243.40322496, 3416.18148275, -8.53841333751e+24
828.325581356, 2978.83969992, 626.901900904, -2.50717188225e+23
550.424864116, -6.04783959254, -1019.98159594, -2.04066551068e+20
-1015.30133792, 2562.19336274, 497.693296413, -9.6253053694e+22
-1782.44662296, 1199.83467228, 2414.01364011, -7.9954300591e+23
265.577043367, 849.852942148, -969.663430365, -1.21464064189e+20
1983.01200997, 1186.17349885, -209.900135878, -1.78682453273e+22
92.0663321547, -1181.68568628, -3577.67226563, -1.22014111423e+24
1942.14229488, 1548.20569176, -1282.60530083, -2.82808939527e+22
-658.020712604, 1271.87476316, 546.322127333, -3.58144029094e+20
2141.82514992, -3312.95136189, 601.083557271, -2.06198007019e+24
-2455.7784472, 1082.83091492, 479.204775177, -2.93675875293e+22
-2189.72235634, -1075.42204923, 2705.95596809, -8.10524448714e+23
2049.85777883, -364.916926968, 980.045215629, -3.28594279895e+22
1799.8412438, 3511.5812758, 784.649528708, -1.19934389696e+24
73.93223934, -1661.1984951, -621.849747381, -1.67230432261e+21
368.092893935, 200.107031546, 586.915043516, -2.69435414112e+18
2838.83086343, 163.593928835, 2413.1837222, -2.38824469683e+24
-2732.34604778, 176.229923947, 3120.43420028, -5.77570047061e+24
63.6040001101, 1641.80973648, -2384.18492371, -4.59064445479e+22
1043.13064935, -832.657021156, -1994.607241, -7.42961510462e+22
3336.85148582, 1081.60341842, 1018.81914137, -1.76240656648e+24
-2454.77875304, 1104.89672881, 1467.33180926, -2.91055111377e+23
822.911024564, -2779.61329558, -2347.30505282, -4.70838644301e+23
-1985.87951559, -646.480964827, 1695.08605278, -7.38793801664e+22
-536.394105716, 690.171485423, -1583.50527222, -9.45079378109e+20
-229.317881152, 1462.15470245, -2853.1232019, -6.85713567579e+22
170.874646603, 3294.03069142, 2791.11619433, -6.77721722705e+23
-3050.78814161, 2453.00704579, 1670.2201594, -2.12419171219e+24
2271.55448087, 768.451172159, 794.920981011, -9.62235621276e+22
2432.5842175, 705.329794784, 298.447104466, -7.45226771033e+22
-2724.09543738, 224.822580792, 1885.54470477, -6.74803490483e+23
-2835.25349368, 277.938500128, -479.700087507, -1.35297521387e+23
63.1627222555, 1137.93097485, 198.838828516, -1.19905298714e+20
-2656.97766153, 2067.37822162, 2694.30496207, -5.76100297787e+24
2981.62143999, 353.35536954, 1638.97171926, -1.2483978014e+24
-96.9922760288, -1547.20074541, 1600.81407361, -1.24861182611e+22
323.309781437, 673.314520895, 696.128883872, -9.64967423115e+18
-1271.33166114, 199.451037357, -3066.53199837, -3.16290340448e+23
-1115.43547186, 125.664008517, -1649.54996838, -9.47350576477e+21
-1810.95182203, 1508.03457499, 2101.37145949, -5.09649672347e+23
-347.746800612, 2375.6830148, 1682.19434223, -4.09126867932e+22
-125.641221945, 877.85373174, -2001.98179575, -3.15513362853e+21
-236.725030324, -1208.58136766, -3163.74323893, -3.85256084333e+23
775.453574416, -3035.16869726, -1094.52542594, -2.42003488439e+23
911.445853361, 672.504654984, -555.557120894, -5.08380346408e+19
2174.08691608, -2582.5696503, -473.100430137, -2.08683296877e+23
405.281095679, -1180.93133896, 899.044164783, -1.16308656187e+21
177.035697135, 929.580829442, -120.494478643, -4.21321168804e+19
3480.1017205, 524.32199724, -2645.14076167, -5.08693386648e+24
-189.241623716, -1553.88757918, -708.371460987, -8.37236376567e+20
-1076.29184305, -546.370033069, 673.311935726, -1.54414917765e+20
1358.84174169, 478.300690837, -232.040079902, -4.20859324111e+20
-1671.35355229, 1618.72799044, 2316.53611654, -6.95981382201e+23
-344.006530065, 363.905972878, -1483.6508132, -3.33140102887e+20
-113.786363265, -15.6403032243, 229.492265038, -1.10101862088e+15
2834.81072735, -971.055936918, 185.501710061, -6.26289699248e+22
-191.527656322, 2145.88601591, -528.644913529, -4.57185003153e+22
123.198439179, -1226.75249165, -194.729758596, -2.3063224494e+20
-433.78042407, 2886.85174525, -1560.50722543, -8.77510885179e+23
1453.85708635, 2990.54095152, 142.995893335, -3.89953172671e+23
2786.18758912, 795.519578336, -980.65078955, -1.21621155728e+23
1267.17090962, 3250.93499831, 2399.2414985, -5.81483247893e+23
2091.23543774, 1071.99069192, -485.717656545, -1.81027044762e+22
-240.325142505, -596.770938966, 220.859123034, -1.83237978915e+18
1970.7292624, 1837.70404427, 816.878353802, -1.0613003294e+23
-1694.61398993, -2878.67698576, 1763.22606285, -8.35744710974e+23
-1223.95327048, 3209.12566545, -1457.97972292, -2.08076146155e+24
537.839847037, -1011.7774504, -274.673575085, -5.83092648332e+19
-450.639188554, -1446.39439454, -1579.9931961, -3.41160265487e+21
-1689.02364979, -123.27744634, -282.705794846, -2.96827691065e+21
-1182.84143591, 239.404664788, -302.052427628, -1.49418590775e+20
3449.24099182, -1012.11350306, -3352.76396343, -2.28400562092e+25
-2695.46576574, 379.214775839, 781.972360307, -7.34234878202e+22
3108.55988891, -1874.31277563, 1071.79262784, -4.71650519003e+23
1705.05791369, 2732.17169535, 519.264502809, -2.19255163919e+23
-339.795786867, -138.599096741, -78.9259299818, -1.93265254149e+16
-1947.66339862, -314.439423135, 767.403171966, -7.49620372436e+21
2299.804689, -563.492110637, 2283.40212893, -5.89142688632e+23
-176.587057833, 1436.68424092, 1569.48528555, -5.87745225835e+21
-435.775268081, -346.62000358, -1724.60300667, -2.19614097044e+21
-1930.41535024, -2638.66602663, 881.090335266, -3.12007492902e+23
555.789142842, 161.578013177, -1098.0279962, -2.56104604378e+20
1559.93125815, -1939.87067764, 1804.13682212, -1.57962335999e+23
-1467.07324691, -2462.48847646, -935.121181053, -9.01737371035e+22
-1036.27742115, -1264.09873237, 652.542535196, -1.20875005678e+21
-193.114165824, -57.545721355, -1251.87858003, -1.15671168576e+20
-102.212943292, -3158.93859633, -4.99506511799, -5.91011412671e+23
1376.27860638, 890.18656107, 3619.91820433, -1.42245211931e+24
1096.88185129, -37.5956267983, -989.580258003, -1.2774537276e+21
-1388.99125581, 1384.78184483, -1627.61878166, -2.93957386566e+22
-1326.98115328, -1672.68314164, -550.710604666, -9.78236539712e+21
554.512146199, 64.5632603975, 1424.39591703, -6.85590774303e+20
1641.51292602, -509.567752371, 2298.31783017, -1.48662634314e+23
-1535.60612394, -36.5198990959, -2202.66235856, -1.15396244843e+23
-1150.75576918, 1065.45131854, -1614.22437425, -1.00257905521e+22
-125.889240611, 2967.52351574, -118.22294149, -4.00694957049e+23
2377.67099873, 1382.94031101, 2591.5304236, -1.96400865999e+24
-1524.78775814, 1307.59110119, 1828.28020906, -1.52928548319e+23
2122.20545607, 1071.15406735, -693.485119431, -1.88628845542e+22
-2015.91663082, -1849.97763306, 586.645251174, -4.8213696691e+22
1979.91641262, 1051.5515901, 768.656188444, -4.99995049165e+22
1084.50121746, -119.594952467, -695.914767576, -3.43040491574e+20
-3103.54887606, -3470.96509278, 690.60494591, -3.71734914672e+24
-2565.70059038, -1355.86086241, -2840.76680313, -3.64534143969e+24
-3154.44962485, -287.071971277, 506.313046038, -2.08653223369e+23
-1957.55620589, -3583.21542237, -697.109505297, -1.55407289739e+24
-2605.19589984, 753.308624591, 439.426125114, -3.55724252058e+22
-517.513473241, 2745.84731168, 1689.58679287, -1.04943628677e+23
2237.16311894, -1120.64226699, 122.196922633, -9.48067516512e+21
-3743.54400699, 1971.58351319, 2392.49512176, -1.17489768018e+25
-1043.79392757, 1117.84025276, -2008.13282604, -1.96023110103e+22
2801.29274221, -336.325492494, -130.043481587, -6.1364458016e+22
-212.079540624, 533.376186312, -3508.57799057, -3.46898423758e+23
-1616.38906448, -2764.63794578, 2678.07689482, -1.14875445628e+24
-1955.05145977, 1743.69050274, -162.683686783, -2.22043180321e+22
-1885.27183466, -1624.11215113, 1384.4232735, -3.21344788287e+22
93.1991026632, -3169.11404287, -1353.61517878, -2.67466821098e+23
2175.09808161, -949.181415294, -225.927567626, -7.59772829505e+21
544.188857738, -726.553156794, 1435.18728641, -6.09848347366e+20
-1139.07153458, 1564.54971028, 189.439855655, -3.30576940849e+21
1072.38525118, 481.235630529, 2051.76511651, -3.09720568341e+22
-1346.1785288, -473.622755854, 656.775059178, -5.45921030333e+20
-175.353196978, 789.994436098, -200.090521048, -1.71260582914e+19
1858.17369585, -2039.53821081, 2002.01130218, -3.28238649731e+23
-262.187341838, -282.015127489, -1744.92400671, -2.03257736953e+21
830.567378395, -2839.39480973, -2418.20406689, -5.74423177208e+23
2104.58294068, 320.349458044, -3511.29110545, -4.41787487747e+24
-2492.92895031, 3243.305583, -2179.22557847, -5.4271358188e+24
2167.19010489, 290.734698647, -2804.33964487, -1.38460930069e+24
-2456.93828991, -929.608070431, 1648.12481319, -1.51222049117e+23
3479.08313103, 254.561505635, 1059.28032665, -1.58940464959e+24
60.734693911, 298.952296044, 1843.19502561, -3.982234254e+21
2587.26285106, 1677.07719974, -193.27895077, -1.81260802913e+23
1373.54930928, 2928.51096153, -3928.98351771, -4.17333576185e+24
-1355.01820477, -2158.71834871, -1031.39410009, -4.09680699757e+22
-1888.94688818, -1242.75694064, 2937.0950886, -7.85700911095e+23
-1041.04002822, 1419.30731604, -732.126183491, -5.14512019736e+21
-2212.17077664, -4052.62906779, 854.292801317, -6.79165732119e+24
1557.11622759, -401.967903097, 474.819089715, -1.54783544591e+21
-628.160237568, 575.035952291, 2926.63490522, -3.78631492771e+23
-1418.64982128, -3272.87458555, -526.214874003, -6.45653345302e+23
150.94550433, 691.095424692, 3268.32041906, -4.06668075805e+23
-2536.40677434, -1149.77374154, 1004.07073966, -7.4021424896e+22
-2295.38197175, -3220.95593116, 349.534245072, -1.20203559957e+24
-444.709317758, 1249.54388644, 1428.25461103, -4.83478513967e+21
2556.11061969, 2303.0740817, 2514.722425, -3.45131765165e+24
-632.655007498, 362.154790592, 1510.79553791, -4.34188530117e+21
2190.92853065, 770.692212602, 622.437011597, -5.97710351619e+22
1162.80235932, -1094.25025129, -3904.0786526, -5.80151846535e+24
1628.6839763, -2966.77847401, -2201.29616539, -1.12777280864e+24
181.605440199, 865.607552528, -634.632332842, -6.91989697675e+19
932.495207012, 694.29414881, 164.02686188, -1.06809546697e+20
1849.50391623, 472.938222745, -175.207870323, -4.45263882933e+21
-181.016593961, -488.221490788, -1888.2924615, -4.77317994923e+21
-567.467981405, 1897.62661077, 457.392601947, -7.31261054179e+21
-265.370356955, 1122.80562784, -1077.30681244, -1.03634228458e+21
-469.672193604, 604.480223898, 192.799726345, -1.68705925027e+18
-3127.14057118, 3887.79025515, -483.397840425, -8.26882579271e+24
18.6025149107, -50.9044319163, 3272.94645331, -3.02030733692e+23
-1201.24788921, 481.367754056, 18.5943344439, -5.51340959719e+19
-180.43084726, -2189.7040985, -2190.72811168, -5.85743562717e+22
-717.359030601, -499.45806005, 2554.44055879, -8.43759798475e+22
-1927.65774392, -1228.61267224, -1158.97569881, -8.93224638671e+22
-2155.53535495, 2143.19458026, 2871.29161469, -4.50890341906e+24
-581.48340031, -2990.28245635, 1644.10007695, -1.01363591397e+24
-311.393931744, 2858.27522615, -1090.29288878, -5.89711222258e+23
479.031104067, -1954.57198362, -263.010702579, -1.08579202216e+22
2861.07350149, -1504.6175645, -995.123492915, -2.7712676556e+23
-3319.27424648, 967.109465028, -1102.83293155, -7.20040462768e+23
190.624104382, -1720.90487848, -1571.62802239, -8.22517777552e+21
-1087.93144601, 2930.6351146, 3091.00496241, -2.93418288341e+24
1912.92854445, -136.87604406, 229.155502923, -5.05250342433e+21
719.340398485, 3978.87871925, 2502.69825228, -1.41184123503e+24
809.79330952, 1988.51111351, 1372.61578731, -1.08240944532e+22
-1572.59191737, -3047.87774704, -2417.37817108, -7.75382173046e+23
-1199.02694654, -811.685784208, -1737.03474582, -2.46699772035e+22
-533.551775334, 1216.07986762, 2562.51626246, -2.00688912686e+23
-1465.27423707, -71.8867120187, -1191.83143439, -1.04798416957e+22
489.846742409, 847.21992752, 1801.81827868, -4.99551674052e+21
-1482.95344993, 1844.75484868, 1322.86727227, -5.64892397284e+22
-3564.30969607, 777.434479401, 1076.14933492, -7.84404191168e+23
215.976372943, 1350.62646008, -2842.56105498, -6.98377510255e+22
-288.859728845, -2496.90725387, 558.378328553, -1.35637743629e+23
1679.90743191, -1509.49847629, 3973.80738105, -2.19270167828e+24
-232.039683827, -3754.81326394, -915.236578234, -1.45011637125e+24
2831.61509155, 172.975705238, -1381.19145673, -2.55101147482e+23
-1198.29552028, 535.445321695, 698.736006322, -8.58751741916e+20
1340.20461249, -256.064817536, 702.717470772, -1.31451571758e+21
1850.61710478, -1861.57980906, -276.277569156, -2.19420742851e+22
1321.73058805, -383.983789042, -83.9577681958, -1.24052925746e+20
3248.46398406, 1487.40219261, -3710.52701678, -1.3005350016e+25
36.3822331248, -1272.06681216, -1553.22905862, -3.41908617826e+21
-607.39723112, -2553.01533816, 1503.18499334, -3.03265581696e+23
-1098.61726923, 1668.25611584, 1484.62615397, -3.51908921335e+22
2644.35920091, 776.985932168, 750.627871082, -2.42022846209e+23
-512.589007786, 934.080029337, -2685.19423415, -3.30929729187e+22
2311.60198533, 1975.49201673, -2017.37520172, -2.42267196189e+23
513.471990209, 2779.59702254, -384.157416539, -2.7204923357e+23
2460.79649014, 673.269439783, 433.764611203, -9.28367593713e+22
1842.17415174, -1536.71319449, -646.907250924, -1.58834622822e+22
-887.112702826, -146.242806503, 1852.21040277, -1.70868909012e+22
-824.966663406, 2506.27798648, -1398.72354847, -3.3427545255e+23
-2529.2921477, -865.052102826, 1449.6546731, -1.22477068528e+23
-3447.82423519, 61.1613363187, -3060.34063973, -1.2150904383e+25
1679.19728144, 2510.6308363, -3407.46455245, -1.64333969408e+24
-41.6667783879, 670.519566459, -2652.03333924, -3.4107005758e+22
998.863877572, -431.940071288, -1311.21699554, -5.31991613972e+21
-27.3550256694, -1686.4243636, -559.752484255, -2.01861177168e+21
-1424.25313496, -3325.68811238, -3080.41125964, -1.68844717605e+24
1369.72713027, -1652.82261903, 431.337650527, -1.16994893991e+22
-972.044157763, 1973.30307783, 1165.74477198, -1.71019750669e+22
-724.748808919, -1024.27314748, 395.584827837, -1.65960180111e+20
-837.466565143, 850.724535348, 1742.63293086, -2.42238834893e+22
1243.12934404, 2042.42506185, 548.65710633, -2.02229191508e+22
279.705385196, -1732.50912104, 516.989925932, -9.33296057828e+21
2049.52155572, -1567.94053612, -2479.28655782, -1.55439383042e+24
-183.678317679, -695.124704554, -2740.04982669, -9.88265870985e+22
-1767.61943935, -122.892194214, -3990.74122748, -3.34865881469e+24
1299.12334484, -3038.31674897, 1553.9612654, -1.54175151521e+24
-425.706622219, 1403.97758897, 475.946019044, -5.5802808419e+20
-1012.1949734, -810.812848238, 3333.32430558, -7.14545518037e+23
3469.64993601, -1692.93145748, 68.6651065543, -2.9539849408e+23
-543.256688339, 2355.52442324, 1555.74458455, -3.9916646295e+22
-881.412596845, 3252.73771235, -3081.36048442, -5.13176380719e+24
-1546.34564923, -2601.37093908, 208.094479039, -1.71914753258e+23
-911.708038986, 757.683822482, 691.995708082, -3.83426777146e+20
-70.9879719436, -1416.67737654, 1617.02924792, -7.49176454664e+21
325.417856279, -367.796749866, 405.354712655, -4.41690410979e+17
3756.07292496, 1077.18834948, -71.1908044731, -1.63290314461e+24
1415.55218439, 76.5803701206, 719.189372925, -2.53680368215e+21
107.719003941, -2231.27719786, -2730.43740402, -3.28250616903e+23
968.785089424, -467.268267886, 952.922914506, -5.05087469282e+20
196.958726209, -1432.41816389, -35.5700744581, -1.06450375091e+21
-1075.96078025, -2829.9620805, -1269.89562407, -1.35382074677e+23
-208.998515598, -346.211434462, -3070.4113554, -1.90947050312e+23
1992.22152402, -911.520953845, 109.649576164, -3.56710462157e+21
-425.03032373, -1147.31273331, -2132.29885807, -1.8808242847e+22
-2780.76778263, -508.227262223, -2524.72830459, -2.75861814879e+24
-1017.22146737, 3883.20686323, 965.613289131, -2.14313393606e+24
1272.37838938, 1250.49741904, -1125.38578502, -3.04551501553e+21
1766.96851262, -1934.16680248, 1429.03202485, -1.26130425658e+23
44.6285511432, -1904.80417309, 718.746643201, -2.15794179032e+22
472.959411089, 901.53863929, -354.314153567, -5.3708068767e+19
-181.310813509, 2187.49870349, 87.6864339301, -3.03080880612e+22
-3561.76246737, -1763.21220032, -939.674714983, -3.60812763073e+24
-14.6088250681, -3843.60206452, 2923.87626279, -1.16564649114e+25
-2011.43469761, -2670.34959427, 271.925527619, -2.94165022474e+23
-357.991455051, 669.067824994, -2778.73918733, -4.32828783682e+22
2250.83103224, 1572.8199334, 862.749213197, -1.84218161673e+23
-671.953092844, 218.503843673, 687.608288727, -6.12626966918e+19
1952.14162019, 1574.62925896, 2720.16850567, -1.14242862123e+24
3087.61327946, 1832.3113796, 1502.40719104, -2.58257167513e+24
2954.9561389, -3376.6512749, -661.144513502, -1.92050061813e+24
-107.850978103, -123.468402888, -1542.30446056, -7.14245285623e+20
-2067.46073314, 1146.11489591, -903.382947058, -2.49017881477e+22
-1167.31523966, -195.487329342, -3126.25876873, -3.41325714672e+23
-157.659600767, 2136.09440454, -40.7346942886, -2.81057326934e+22
530.353175972, 287.278042664, -173.737464808, -3.1329842839e+17
1517.14922341, -3432.46363102, 1468.6986072, -3.54581262589e+24
-3833.5525012, -2657.81326704, -1183.11648194, -1.07148052236e+25
679.48522039, 1347.82723947, 702.8465138, -5.56133912468e+20
834.625723363, 1659.4315364, 3061.75236581, -3.82578731518e+23
2068.52744649, 989.016487901, -239.24605162, -1.80384429417e+22
-507.587332537, 3751.83972868, -1482.58593172, -5.40546332406e+24
-1768.40686723, 1267.56724035, -1392.93701758, -3.51746855577e+22
1771.35409371, -802.853374623, -3584.09353623, -5.54205203946e+24
1477.82911134, -2439.74503932, 1319.07478385, -3.40498650366e+23
-172.538207235, 2920.54620485, -276.922859169, -3.95432826689e+23
3392.45756874, 127.835316773, 2586.68672691, -7.10533973582e+24
598.564983637, -546.556015787, -1388.90186103, -2.84941090841e+21
2372.18660518, -268.578390792, -189.302087565, -1.59208742265e+22
-1326.40166094, -1716.74036062, -108.72977869, -8.84385035432e+21
288.864268882, -1051.02978295, 764.076613825, -4.05690986424e+20
-82.1484601703, -680.921221234, 80.9246326793, -3.37568034792e+18
2560.64691431, -1152.33726162, 214.641714844, -2.84733346254e+22
-1925.48243926, 2397.52552255, 2307.83576039, -1.43163569548e+24
990.627105184, 554.875545583, -2712.43056068, -1.84779947729e+23
3258.77467598, 862.741451329, 89.5462467389, -5.59353778602e+23
-3236.94510603, -3649.78083239, -594.595291255, -6.4135548844e+24
1108.70829877, -564.925544074, 1056.50654716, -1.32310217797e+21
781.501275779, -3175.63587374, -449.175811264, -5.2181279884e+23
-279.241716702, -25.8340501247, 2119.30350704, -1.48572483921e+22
793.603851485, -3147.16727487, 902.140653589, -1.1518400081e+24
1854.78548549, 1185.78195126, 3016.56175886, -1.28538682999e+24
374.456776502, -703.097215967, -536.614069365, -1.17782505941e+19
25.3446266637, -2066.00802501, 794.04873437, -4.16970004273e+22
-279.44089446, 814.284838508, 1684.86545294, -6.19171587575e+21
28.7118158367, 299.131317047, 3635.72162758, -8.31689551516e+23
3579.14594155, -2778.26213895, 470.777716928, -1.50091777796e+24
-330.487486563, 3037.33818596, -1262.48715028, -1.02151135613e+24
717.536550756, 327.425958126, -2176.2781359, -3.00263965002e+22
861.704563032, -1288.31684416, -1889.98716047, -5.50372896006e+22
253.051305415, -156.777521707, -2105.39688377, -1.51753662437e+22
2107.40586868, -79.8715104832, -107.222456177, -7.2431306356e+21
-3452.6178517, 1866.32397346, -1095.22847155, -8.76988713237e+23
304.652188798, -1515.57931388, -1976.92379316, -3.24012170182e+22
1676.29241968, -155.204641419, 1591.24199567, -4.4605340685e+22
-420.618859107, 1095.69982255, -739.243907736, -5.85567899958e+20
1480.17208259, 2749.30330647, -280.625889045, -2.58950295878e+23
255.747957127, -2285.6157639, 2615.18664373, -3.77156330879e+23
2329.66342391, -993.942516621, 858.474855807, -4.5168112239e+22
319.038938774, 1344.00892806, 3130.80501571, -3.76823249978e+23
1393.9429222, -1950.1949278, 2119.83842876, -1.94733532734e+23
303.243019813, -579.707975786, -3532.7289058, -9.99418065766e+23
1616.63495647, 1456.5409575, 3186.70316222, -1.20817496728e+24
296.803221068, -1689.74735742, -3056.56333961, -6.290745842e+23
-486.677458354, -823.560393422, -173.729023668, -1.3504081836e+19
-449.248984266, -436.413156826, 120.53302931, -3.71868987448e+17
-3299.24094077, 460.90689536, 317.395116745, -2.13370359467e+23
-1209.03379612, -1365.21138506, 1792.2427081, -1.62921740552e+22
-1712.29598141, -150.897465009, 147.75452453, -1.67188186852e+21
-2150.59006394, 127.019469876, 767.602204121, -1.57532631483e+22
-3536.2750739, 49.1365361267, 1019.33343356, -6.04804359201e+23
-2835.91575709, -749.292528016, 1660.65189648, -3.45675652344e+23
-296.862928614, 365.249476722, 1143.19863445, -2.98871516587e+20
161.775324959, -752.983892594, 2125.4916623, -4.9326309966e+21
-2349.72763396, 242.096263385, -76.6773932618, -1.84118573458e+22
215.179922128, -610.846655001, 2611.22145072, -2.85811663713e+22
2271.16117303, 1315.67817653, -1142.87500189, -4.41498446271e+22
2696.53711977, -874.928208197, 22.9656957239, -3.74788531098e+22
3604.33638638, -871.289795465, 649.43775875, -7.53334495905e+23
-714.464311177, -264.061746681, 1143.19350371, -5.07125441965e+20
490.478058192, -2384.23810312, 3170.61907731, -7.9577421954e+23
1017.3906938, 1411.39550578, 1053.48937391, -4.31841111699e+21
-335.886655383, -3583.14662637, 522.178195241, -2.12094146622e+24
4.35424790305, 1224.96411599, 400.638730195, -1.60658143624e+20
1497.78564524, 993.679701261, 179.280698474, -3.48848951177e+21
-2592.07920613, -1394.28587295, 64.5846205622, -1.52868343682e+23
-1513.10810107, 45.1540995177, -49.6475919132, -6.33062430756e+20
-354.947761135, 3099.29865448, 118.159780979, -4.99814406707e+23
-2528.63296274, -667.437726141, 808.223066384, -5.1207987253e+22
943.377739321, -1183.9832626, 323.189021239, -7.8929487805e+20
-1143.17475616, -943.923879921, 3619.34714324, -1.40718945782e+24
691.555186044, 1116.74072747, 894.666300879, -4.51670986455e+20
569.366498363, 1818.61830628, 119.996288372, -6.34958533591e+21
-433.637634804, 2104.60546101, 358.467191291, -1.80945322284e+22
2885.84030278, -1996.62671479, 1748.76034491, -8.76732160492e+23
-2060.3660237, 69.9448200549, -610.36431525, -1.95779985805e+22
2880.70906974, 796.338969617, -643.005308451, -1.39831679929e+23
898.749801881, 2338.99761465, -2875.46138237, -4.90342187563e+23
-3486.30401603, 228.028816664, -268.77096479, -5.36789536428e+23
-1935.01592284, -629.469379232, 192.51816277, -7.48811782959e+21
-464.020556244, -153.868120874, 2167.10611256, -2.17291414183e+22
-2530.9364966, -464.269642507, -1478.15855542, -4.14065650978e+23
121.231536602, 138.793106849, -2056.75440958, -7.81402851741e+21
-843.163370844, -793.075689894, 1055.40209913, -3.39133903241e+20
-1022.84731385, -1185.71754325, 1153.59456339, -1.76452221838e+21
2883.46749495, -2092.67602589, -673.194208501, -2.52514637487e+23
-1560.34429445, -818.655540818, 1380.88055326, -1.01080066762e+22
-97.609186107, -664.979494972, -1744.42124331, -3.38034815892e+21
-109.174312435, 683.628261698, -584.254960109, -1.55253535314e+19
-92.5616420148, 806.525921114, 377.856449065, -4.78039159236e+18
-2450.20547784, 852.689337042, 2313.07210604, -1.3846524085e+24
-998.662868062, 1940.79465661, 1016.62758368, -1.27161267635e+22
-977.466586433, 3477.14164405, -3726.6619821, -1.09873989995e+25
2352.75760842, 1645.60869113, -2104.53934141, -2.60394376449e+23
-565.548465336, 1257.50895361, 265.955390319, -3.35225970153e+20
1418.99463513, -1736.25997855, -3515.28420776, -5.06409174816e+24
1737.77270756, -67.4605657635, -1944.74265893, -1.36469042714e+23
-1985.39786318, 1190.83754062, -846.52692071, -1.83805638274e+22
-3694.09753768, -10.214853576, 979.803437299, -7.91408508302e+23
233.410556782, -530.187526579, 472.248677611, -2.61879592972e+18
-501.76405508, 1582.46539285, 1052.28960034, -2.21060869277e+21
-1507.26476179, 2541.15488146, 2714.12417277, -1.95165819784e+24
-2642.45816559, 257.559187157, -428.816789546, -7.50451745568e+22
3370.87693437, -272.25071418, 2156.98115847, -3.77763608837e+24
-1050.58506047, -474.684059074, 2186.1824955, -5.2170503533e+22
2213.04227571, -1209.65574808, 1254.85597429, -7.36346692214e+22
-551.10520841, 1868.76153064, 1565.96355636, -1.91094492254e+22
409.799566759, -41.145052493, -743.052165042, -1.81683097642e+19
-457.125369685, -268.916676762, -1140.21986513, -1.47286667116e+20
-430.785139335, -1120.3764362, 671.728943602, -4.17244207964e+20
-1984.48877663, -138.546622738, 137.865733541, -5.38434566993e+21
3548.98663608, -3572.44600414, 1707.2665936, -1.14215100358e+25
-491.992535575, 1722.39389434, -381.160334044, -8.50008062881e+21
1747.56628284, 2476.57090337, -919.713917372, -1.90373967739e+23
-71.5619109886, 2899.9697687, 73.7469045733, -2.91155500175e+23
292.451856186, 1129.93849334, 832.395161391, -8.07198288746e+19
1351.66693015, 1163.53836423, 1134.95914747, -1.35784949143e+22
2897.77620894, -3584.35284568, -816.177876423, -2.63210195508e+24
1184.78065362, -1415.74801909, 1413.13741772, -1.56502116822e+22
-203.404540341, 283.891479219, -1556.09032629, -4.4929933327e+20
-2156.05239934, 76.0584542982, 4036.18011407, -1.23940934544e+25
1008.11177026, 2231.30532223, 1193.42949003, -2.55974163951e+22
438.388283649, -12.1839341372, 2604.12286375, -3.97097745626e+22
-1053.06044338, -517.668037396, 1751.91194637, -1.27488389324e+22
-2466.08187738, -1611.12877242, -904.248221299, -3.38983980504e+23
626.988073372, -3146.66587831, -2333.30692653, -5.23337837573e+23
-1278.65994294, -334.517563632, 2270.41447089, -1.08738694257e+23
640.637203811, -895.955461101, -2528.0622899, -1.71078068806e+23
-112.188201089, 2012.93611749, -304.278347489, -2.24849301428e+22
-2025.64558914, -653.453715052, 513.815532559, -9.03815264437e+21
-2084.80356112, 949.284260131, -1216.61391749, -4.83662904041e+22
-695.797718841, -530.166633861, 2081.13292475, -1.84097917755e+22
851.317391122, -2424.30700931, 1767.03285739, -3.51259566338e+23
-419.430433859, 829.122743022, -2192.61680722, -6.6456346689e+21
-313.508171896, -1846.78423189, -892.736140014, -3.25262206006e+21
-275.630550155, -624.481412404, -798.464414838, -1.33750773936e+19
-1948.19494753, 1303.85731204, 514.228869727, -1.0618243019e+22
-2072.49540764, 624.394552602, 2026.90609843, -4.00753209443e+23
-912.127407879, -1276.64135855, -2258.62363415, -5.22870873602e+22
-867.113727641, 1023.13917035, -87.4512828118, -1.91590165293e+20
2271.27084781, 854.55843365, 367.463490121, -5.79515257985e+22
805.762932763, 1754.52591005, -508.871737715, -9.14831394867e+21
1597.98530139, 1860.12113305, -2995.76022157, -5.23674075735e+23
-3045.40875616, -1023.31777996, -304.764186395, -4.67939825951e+23
3156.70236289, 1120.76787724, -3182.89957144, -6.23830490963e+24
-1440.38101925, -1362.36637012, 1174.84323608, -6.05854725746e+21
1651.13031133, 1866.54243847, 1579.02442118, -1.25068905399e+23
-3534.12059956, -1596.0810335, -1524.50311973, -5.17317542056e+24
2185.93463139, -1208.66247429, -2223.21902757, -9.658870927e+23
-3060.37129851, -3912.73835066, -257.613018939, -6.66738067895e+24
1580.61328723, -397.271022145, -339.459864557, -7.93399958298e+20
-453.874171206, 162.350743379, 1403.43498787, -1.39944010432e+21
-2969.45935196, -893.029452344, -1878.70642899, -2.03215205521e+24
-145.342238746, 2488.80647119, -1684.17924215, -3.24027440428e+23
128.506499725, 2507.3990605, 1870.53386781, -4.72847966412e+22
-45.2358157624, -1882.13502758, 3515.87216946, -4.19577159471e+23
-120.827466062, -1518.84883738, 271.952352405, -2.35217170834e+21
247.416546044, -437.13675234, -1329.83816842, -7.47786345583e+20
-775.593333924, -1391.85956495, -721.706504844, -9.21775669773e+20
-1082.38737609, -794.969626651, 2810.27169022, -2.38029668953e+23
1344.94246248, 1020.36413058, -1735.3186107, -1.65166057591e+22
-170.790064994, 959.98988919, 624.374624222, -2.56487455317e+19
2674.06758847, -3682.10878954, -1674.93282225, -3.5329564506e+24
-3216.7713295, -732.564651943, -525.296243006, -6.93634612103e+23
-2760.69191017, -2064.94734036, -2668.99709412, -5.24287334902e+24
-173.920236315, 19.5637155452, 1245.02037408, -2.3114601574e+20
-585.734956219, 618.107393045, 2565.62911925, -1.49517860094e+23
330.044747716, -2541.29089373, -482.083780709, -7.46792249381e+22
-21.9010691943, 1627.52364038, 3498.48152975, -1.2431743103e+24
1465.72115875, 1591.55627835, -789.461643844, -9.01832428366e+21
-254.415157614, -2982.65907082, -2138.73581401, -1.62014771336e+23
789.190527966, -71.6840671714, -3556.59634859, -1.34587306889e+24
1196.8943489, 2253.34754737, -563.095985572, -6.53662499415e+22
3137.72474097, 586.79224701, 1587.16979189, -1.74341139313e+24
695.488150603, -1168.58730323, -910.809261891, -9.38199531409e+20
-553.844843944, -241.979848739, -2316.05871542, -1.96350199539e+22
1982.75880181, -939.940946985, -2756.60695121, -1.77929029877e+24
-2684.69913097, -1125.94781906, 1110.18116206, -1.15014186925e+23
-1929.60991264, -2797.01085912, 550.600456601, -4.03070572581e+23
-3745.18262055, -2850.4759257, 344.232733539, -4.68932550612e+24
-3658.63766743, -2844.39971714, -934.447818883, -7.71986065349e+24
-806.717633268, 3005.51131229, 970.573094747, -2.42549477467e+23
924.250231246, -1250.25101904, 75.0550793076, -7.43474560402e+20
-3300.59293202, 407.700091004, 617.767921271, -2.47233677202e+23
145.364051875, -208.319772221, 3430.75607005, -3.68636369314e+23
803.413620902, 2208.92543511, 2066.06179375, -5.24229375985e+22
-2099.88774468, -272.332125773, -2176.83523415, -4.31260401666e+23
3022.33908941, -1686.60548688, 1377.94941281, -5.61577459196e+23
2723.36297273, -471.939719113, 1191.41346653, -2.69789806514e+23
419.886622879, 1428.59629594, 590.370949481, -5.11545257828e+20
-268.13490748, -1849.46692653, -324.503582562, -5.72422834181e+21
3504.53396439, -2667.08455143, -3374.03984919, -4.19039806124e+25
2489.80438668, 111.859446004, -36.5531568799, -3.51685551117e+22
750.916351095, 931.730400554, -475.577441677, -1.02899082287e+20
-309.256480183, 1480.53051725, 3996.53853588, -3.80484555909e+24
2322.86670287, 1812.50500246, 1347.35696712, -4.56983155736e+23
110.218544451, 1662.16552451, 1891.48957585, -1.55539334933e+22
1742.71675079, -1012.4184425, 1006.63958293, -1.1669586606e+22
-513.2172479, 52.6609833437, 484.241488513, -3.81833229499e+18
251.645473454, -1292.60637306, 574.995453443, -1.20166130684e+21
-639.479911863, 1061.55294712, 3058.4102023, -6.75296503965e+23
-1161.47522859, -1661.98950238, 601.047462607, -7.66232963968e+21
-2245.58133383, -2588.00979553, -3147.74380575, -4.61022320052e+24
-1499.29464926, -918.50485491, -1789.2165269, -6.83368727152e+22
1534.37588182, -511.932326961, -2022.50544314, -1.53153845495e+23
-1071.73876955, 1135.10409009, -2749.07630368, -9.80445050251e+22
-1035.71542261, -120.493808236, 399.817492252, -4.66020326223e+19
-150.693530394, 2930.90244779, 879.832891312, -1.83447745063e+23
204.601855839, -1800.8746124, 2331.52285587, -7.37127456835e+22
2380.58780759, -1827.69141599, 2790.08224599, -1.40977995146e+24
436.477988077, 494.290494686, -295.169823708, -8.12399011669e+17
2558.58282112, -597.339938037, -2196.37173318, -1.15308245013e+24
-2438.93953021, 1730.15495551, -1176.74224162, -1.54767456392e+23
1520.17232793, -2034.28611434, 2835.71562783, -5.7189130316e+23
-420.32267882, -603.494683568, 3196.15181616, -2.86294389687e+23
-538.504590697, -1599.44568276, -724.888989195, -1.28350181701e+21
-2033.80438257, -887.938041808, 1839.72798792, -1.01525574512e+23
199.97989789, 748.764586028, 317.166675245, -2.80076914347e+18
-130.625216262, 62.8388568549, -675.961733829, -6.64130150737e+17
3856.9175876, -1246.67481114, -775.502122808, -9.83674098391e+23
489.108943105, 2043.48336305, -395.414835843, -2.56144299858e+22
190.745234094, 1032.65291557, -1770.86269938, -2.3398614448e+21
690.946415627, 1125.97322112, -771.27192534, -5.22884083751e+20
-1525.95881528, -3527.96014649, 1637.14749038, -3.23326787532e+24
-2656.30539164, 2428.88691007, 655.325419912, -2.76270331346e+23
-730.631638053, 2098.56506089, 687.458700384, -1.47899251248e+22
-1864.96810306, -973.527508254, -1332.58233414, -8.36737588643e+22
-116.462976178, -863.341354789, 1841.98309718, -2.16233627593e+21
-1384.92484231, -457.339983016, 1122.31667627, -3.2949737829e+21
-885.591471948, 228.479620396, 1335.56178578, -3.56102385016e+21
-2422.62568265, -2869.21870179, 730.321319303, -7.13081701406e+23
368.284678388, -228.189385517, -1220.43767971, -4.56763633405e+20
2790.60221101, 1534.27715764, 257.3243771, -3.67351261044e+23
2205.95486704, 1789.04149676, -385.621999526, -7.15732718838e+22
372.595619624, 332.356441412, -40.2046750483, -6.66006684751e+16
1494.4754044, 2127.1919584, -14.0060764008, -3.98067791898e+22
2144.82454543, 108.86629891, 3712.25240617, -3.97625151268e+24
584.49208216, 471.349723507, 12.7111884584, -2.22129294333e+18
241.612645241, 1688.47078433, -1894.6540782, -2.88943859975e+22
74.4807283435, 274.48892821, 734.094176868, -3.29975878648e+18
-571.711452058, 1803.65237101, -48.7915812646, -8.53102197542e+21
-172.205476823, -660.943312808, 3879.16927515, -1.02290848289e+24
-294.529692811, -3268.97171827, -316.037944054, -6.38791850658e+23
1874.91826391, -3313.75787452, 1316.86959421, -2.8708866367e+24
-850.806728325, -1967.2150052, 753.401454154, -2.63688866607e+22
-148.438719866, -858.358806053, 2024.89020537, -4.55816165462e+21
280.092738213, -2586.32585837, 273.399182675, -1.54561005469e+23
742.927146774, 1998.78780921, -1434.68265657, -5.27337832456e+22
1497.44494858, 710.341149189, 702.673160553, -6.24033059177e+21
887.588929398, -2116.54129192, 1770.4709189, -1.53590696441e+23
-2413.04949999, -470.788054244, 148.421308836, -3.46476633362e+22
454.389232134, 1893.03375547, -2781.73626281, -1.5374079229e+23
-135.850707483, -114.398868732, -629.613310946, -6.01315166712e+17
1412.95801552, 1204.52461771, -1726.65535859, -1.80621687622e+22
212.239624001, -2822.56197156, 136.763131913, -2.7399855665e+23
-1186.8720059, -2309.04539178, -2026.48460748, -1.12734639999e+23
-1124.7881124, -563.517180803, -243.536185372, -3.17861346304e+20
-3174.28327056, -367.63469177, 1460.09838439, -5.17201248149e+23
841.149091836, 2593.11835979, 203.714979142, -1.06404602303e+23
1936.20214072, 393.95284377, 2404.29639616, -4.57948094485e+23
1737.19967723, -620.260333059, -233.128212306, -1.29758201331e+21
-601.292743157, -1920.66346296, 994.997779751, -2.72690286059e+22
1713.36557078, 2668.91512884, 3532.07172743, -3.44393695776e+24
1812.35856414, -776.428923732, -720.818960831, -8.26863775605e+21
3409.01522677, -1911.64746343, 1616.12945359, -1.59503891496e+24
-1614.43034488, 2195.10466172, -735.308234766, -1.18022863373e+23
2363.20050756, 2182.74449776, 1119.41031094, -5.08980353082e+23
-1225.98304497, -47.3761652724, 1890.15416265, -4.14872265231e+22
-634.419108096, -1481.34377607, 1535.03756841, -8.45453617659e+21
-501.874704201, 971.886282249, 2891.59700228, -3.74224619461e+23
-1030.61527415, -206.3159258, -1708.39964155, -9.93627777131e+21
-435.472343308, 3236.51708848, -2523.71415185, -3.32018656803e+24
-119.26329448, -597.733491458, -2716.2993475, -9.13668198008e+22
-1434.18568727, -2011.52832624, -46.9552381465, -2.59025387281e+22
-2541.5270691, 2746.02447125, 3665.2770123, -2.65384506205e+25
-1850.46784849, 878.269513407, 963.630663652, -2.0637595454e+22
-372.568284142, -696.198910717, -893.451169073, -4.30489878127e+19
-2392.19910176, -61.6313493669, -3984.45992067, -7.8248369869e+24
120.645087302, 2066.53866293, 1443.61399002, -8.54661796904e+21
942.720513414, -1671.05919234, -1479.14672191, -2.52746681381e+22
-1170.61381664, -33.2108125331, -523.888045883, -4.25859981202e+20
-1966.26558307, 1697.95891114, 1952.14584945, -5.19438625151e+23
168.705195402, 2346.90142567, -3650.00502561, -1.02060369431e+24
2110.44239338, 1072.87007716, -1701.14708686, -7.86672761668e+22
-1932.67422048, -2612.03630013, -3890.60083562, -7.11599623779e+24
900.29380436, 283.510613047, -905.971511066, -2.84436206712e+20
78.0405661193, -428.986130325, -199.026671675, -3.1194448668e+16
957.229047802, -318.800440369, -237.652515336, -1.85968268295e+19
-1692.57391922, 1997.9349695, -1354.13811154, -1.29928976144e+23
-1755.8970081, 284.255812615, -1484.59734004, -4.20598751001e+22
-975.83534337, 362.678937136, 436.528945493, -6.95235366196e+19
-482.121001374, 579.951095419, 125.099941206, -1.34849776168e+18
870.628052071, 48.2126195044, -1451.11854934, -4.08693821075e+21
2344.30437214, -1834.23483851, 531.368985616, -6.69402208783e+22
1325.12401011, -2962.40682075, 855.120736914, -8.38489764761e+23
-412.627704617, -1077.86026959, -82.9401588156, -9.72148163211e+19
1332.60404243, -1544.33668696, -96.4848274971, -3.97675191184e+21
-2755.06346269, 994.879678915, 2649.92439788, -3.89270018479e+24
-573.885038458, -2160.43478205, -48.2990652915, -2.68094650811e+22
149.214283287, -3250.12032165, -2896.12491425, -9.72688043628e+23
3470.97890669, 1501.86072052, -2372.05803226, -2.45887959576e+24
1319.48080635, -328.372144607, 2170.15949149, -5.5325998122e+22
-686.491547686, 1706.33285941, -1483.72805025, -2.9148780168e+22
-1354.74825421, -582.72096521, -52.4634391205, -7.59390484232e+20
-2970.91535943, 1957.49409149, 965.186917493, -4.16388902865e+23
312.548685611, 2471.2325959, -566.519418746, -1.26889755017e+23
413.644130929, -1887.8724105, 44.1194454163, -1.11871152091e+22
745.139145041, -367.14864621, 1796.37452614, -3.90491467721e+21
2701.60073468, 1965.92124542, 2125.57506766, -2.55635619442e+24
-874.08400874, 2619.56586481, 552.551413678, -1.04961320335e+23
2498.08686736, -3092.01849744, 1957.13393589, -3.59601627438e+24
-711.291964502, -2248.16051888, -2549.38681927, -1.47080613916e+23
-2408.51252703, -1929.25814739, -955.647817738, -3.9631738881e+23
404.056080481, 549.142356099, -1969.45436948, -6.52857820645e+21
1968.939526, -2396.58297434, -490.634189518, -1.08677601649e+23
1897.88272598, -1564.83711087, -534.744887387, -1.48089451372e+22
2608.19177106, -262.726523713, 570.206627825, -8.40106581881e+22
-1712.14191544, 2304.21384406, -1801.23291157, -4.22420780346e+23
346.349599245, -90.0599536405, 3096.15051849, -1.53586896319e+23
-145.980638983, 1436.47372982, 1467.28712609, -3.68852777547e+21
736.324969287, 1555.19830904, 474.526331365, -1.5294401854e+21
-3601.37546326, -420.457998897, -292.127846596, -1.04013387187e+24
-2217.18664182, 1169.87928965, -1217.37137331, -6.89862309846e+22
3622.77943645, 289.191065797, -511.018342096, -6.25466686179e+23
1963.17129929, 2735.36639515, -201.034603241, -3.21102029956e+23
-91.2431660855, 46.6524783327, 1384.57128916, -4.31353099506e+20
-46.5605882506, 90.8073913497, 887.369909015, -1.35597242081e+19
-2631.62924076, 205.032294543, -1010.52496672, -1.85678867792e+23
-1546.0715103, -797.264134399, 2840.1372403, -4.94710542956e+23
3425.26520105, -1041.92249591, 1175.23137777, -9.5772471893e+23
284.582572194, -3457.94868295, -1381.0269354, -5.74498345637e+23
1264.57875797, 208.806770217, -1586.62601052, -1.53240848304e+22
1995.12687718, -1006.76491226, 427.753578058, -6.60688641435e+21
581.221383851, 305.221345866, -806.612104912, -3.65053055511e+19
-2837.58467568, -1035.79730773, 424.483211912, -1.61675837081e+23
-624.874755669, -846.398306707, 1607.29845825, -2.11461117605e+21
340.004407948, -1351.74895353, -586.246749736, -3.42435703873e+20
790.523395243, -665.587109271, -228.561024971, -1.46868962608e+19
3411.4882799, -998.001147903, -1293.67763718, -9.54428361067e+23
869.650147348, -360.000574406, 3072.37598739, -1.6251358211e+23
974.703992669, -66.8986698612, -1360.05555849, -4.22409821393e+21
-569.460563644, -988.65832402, -1539.9680896, -2.3311328878e+21
1031.61537105, 50.9031134338, 2902.37338552, -1.66297138705e+23
33.294397638, 155.760348116, -2919.46400388, -1.14375007944e+23
-650.091286559, 2066.95423972, 3739.74792892, -4.14232355384e+24
-1027.32735782, 1184.4520759, -317.65286325, -9.04458413289e+20
-475.487348782, -222.469270364, 2416.43866213, -4.67521570468e+22
