-0.499701819998, -4.01263289156, -4.8915074877, -0.0284965665903
-0.499696619892, -4.0125967381, -4.88089707164, -6.50921200006e-10
-0.499691701005, -4.01259717703, -4.88089673571, -2.86979731942e-09
-0.499767751775, -4.01260970007, -4.88089689053, -1.37602681399e-06
-0.49969515067, -4.01259775941, -4.88089627414, -2.09055527872e-10
-0.499695109867, -4.01259709528, -4.88089672488, -6.40123074649e-12
-0.499649722048, -4.01259830413, -4.88089616994, -5.20391218203e-07
-0.499695008047, -4.01259663259, -4.88082195276, -1.41926973737e-06
-0.499694477065, -4.0125743954, -4.88089687954, -1.3026511011e-07
-0.49969499668, -4.01259709439, -4.88089649457, -3.84072339257e-11
-0.499703141125, -4.01259913734, -4.88089682301, -1.75597901595e-08
-0.499695069332, -4.01259707893, -4.88089686694, 0.0
-0.499695114782, -4.01259709232, -4.88089687616, -6.73819548622e-13
-0.499695113027, -4.01259709053, -4.8808968749, -5.05364241487e-13
-0.49969478767, -4.01259741654, -4.88090540236, -1.84264060653e-08
-0.499701114578, -4.01259657574, -4.8808965368, -9.3485753154e-09
-0.499695365877, -4.01259712202, -4.88089686649, -2.32467088505e-11
-0.499695058338, -4.01259708971, -4.88089686478, 0.0
-0.49969343991, -4.01259520065, -4.88089707528, -1.57571720304e-09
-0.499695379589, -4.0125679534, -4.88089676692, -2.14633771025e-07
-0.499695058032, -4.01259708817, -4.88089686864, 0.0
-0.499182816532, -4.01210665201, -4.88092329856, -0.000127392734784
-0.499694969063, -4.01259708785, -4.8808968707, -2.35834112292e-12
-0.499644586231, -4.01258986975, -4.8808989748, -6.58597137396e-07
-0.499695049798, -4.01259709176, -4.88089686972, -1.6845430832e-13
-0.49969505803, -4.01259708819, -4.88089686864, 0.0
-0.499903854653, -4.01259967467, -4.88089252318, -1.10213342433e-05
-0.49969505451, -4.01259286488, -4.88089665177, -4.51592222495e-09
-0.499689213207, -4.01260033009, -4.88090507394, -2.83132415734e-08
-0.499695622009, -4.01259709215, -4.8808968505, -7.84994393307e-11
-0.499695076613, -4.01259321438, -4.88089688794, -3.78818149942e-09
-0.499947408886, -4.01259830412, -4.88089694141, -1.60853879929e-05
-0.499695372546, -4.01259725749, -4.88091449596, -7.85259341783e-08
-0.49969508153, -4.01259707396, -4.88089688322, -1.68454671006e-13
-0.49963728715, -4.01255468056, -4.88088573215, -1.33028594549e-06
-0.499695015606, -4.01259790756, -4.88089798039, -4.79096028766e-10
-0.499691557455, -4.01257300156, -4.88090413342, -1.63080475232e-07
-0.499695269932, -4.01259689004, -4.88089650058, -5.6263321035e-11
-0.499694897169, -4.01259707053, -4.88089683571, -7.5803334398e-12
-0.499695075787, -4.01259709345, -4.88089685783, -1.68454529844e-13
-0.499694289853, -4.01250832961, -4.88089767536, -1.99156810888e-06
-0.499695034712, -4.01259686967, -4.88089492609, -9.75335680759e-10
-0.499695040849, -4.01259704752, -4.8808968368, -1.01071858353e-12
-0.499695370202, -4.0125969728, -4.88089581356, -3.13154377835e-10
-0.499694458696, -4.01259639109, -4.88089820764, -6.61851480343e-10
-0.50113593635, -4.01279549974, -4.88073306305, -0.000540822103438
-0.499695361057, -4.01259733972, -4.88089293422, -3.97165350853e-09
-0.499696582242, -4.01259439334, -4.88089757143, -2.5353303328e-09
-0.498884408022, -4.01824803669, -4.89022765565, -0.0301413169172
-0.499645570315, -4.01259710522, -4.88089492507, -6.2039667078e-07
-0.49969431903, -4.01259639635, -4.88088804084, -2.00089097583e-08
-0.499697946708, -4.01195053648, -4.88090962989, -0.000105713920036
-0.499693987018, -4.01259711576, -4.88089779972, -5.09242866986e-10
-0.499464641157, -4.01306109111, -4.88147815805, -0.000153142958326
-0.499684601079, -4.01259676757, -4.88089663299, -2.77321791602e-08
-0.499696597771, -4.01259571795, -4.88089741397, -1.13890583692e-09
-0.499695931964, -4.0125963168, -4.88089703952, -3.45663330708e-10
-0.497124021547, -4.01386721752, -4.88024192329, -0.00218966183235
-0.499695186436, -4.01240294372, -4.88089898923, -9.52518624937e-06
-0.499694809678, -4.0125966089, -4.88089694673, -7.4960439503e-11
-0.499694395684, -4.01259575931, -4.88089756851, -6.7834660849e-10
-0.499642582452, -4.01259172043, -4.88090594655, -7.24546321431e-07
-0.499696019567, -4.01259578906, -4.8808968632, -6.54947066626e-10
-0.498054739368, -4.07200393162, -4.88090143282, -0.89486023488
-0.499764002922, -4.01261447204, -4.88087656804, -1.3824615119e-06
-0.499847690638, -4.01260324466, -4.88080771618, -7.90829077776e-06
-0.499664676812, -4.01260223474, -4.88085768794, -6.28467011922e-07
-0.499693931079, -4.01259704945, -4.88089342548, -3.3399431971e-09
-0.515438369896, -4.01433317937, -4.88201389293, -0.063963860989
-0.499672814156, -4.0126201787, -4.88089843544, -2.60707273324e-07
-2.25694055709, 3.10614319223, -4.92242272917, -119.82293262
-0.499690597403, -4.01606678403, -4.87946631118, -0.00354554490684
-0.499697980678, -4.0124294206, -4.87645554792, -0.00500839504642
-0.634651899923, -4.57454150417, -4.83395824476, -78.339086416
-2.24116873175, -0.71630092828, -4.8862599928, -685.233128634
-0.499695658845, -4.01260118376, -4.88088078663, -6.98139318222e-08
-0.499695154422, -4.01259704621, -4.88089905004, -1.19557813838e-09
-0.497833175194, -4.0042424784, -4.86549614561, -0.0787491657257
2.45932142264, -3.57655337132, -4.85989950162, -467.084298973
-1.89516672944, -4.96511318206, -4.95020326938, -167.413689207
-0.499689007889, -4.01260986745, -4.88089648472, -5.06474510361e-08
-0.499690028127, -4.01254564466, -4.88091068224, -7.23569365378e-07
-0.499696309973, -4.01259632553, -4.88089705689, -5.45621396447e-10
-0.499695003433, -4.01259709128, -4.8808968768, -1.01072637946e-12
-0.499717465822, -4.01229710358, -4.88114519435, -3.84414261523e-05
-0.499686337212, -4.01259683395, -4.88089686986, -1.92809413902e-08
-0.348404414046, -4.02222636266, -4.87883253154, -5.75440125603
-0.49969527121, -4.01259694813, -4.88089730898, -6.24962747263e-11
-0.499759802786, -4.01259029092, -4.88090656298, -1.09474878818e-06
-0.499695194194, -4.01259711782, -4.88089689996, -4.54828386132e-12
-0.499694809854, -4.01262669751, -4.88089660613, -2.21826254508e-07
-0.499698855716, -4.01262916467, -4.88089845822, -2.64553340701e-07
-0.503517242074, -4.01261645095, -4.88091515397, -0.00370387349401
-0.499689408339, -4.01259359819, -4.88089670016, -1.11751281401e-08
-0.499697852362, -4.01262293395, -4.88090019538, -1.73728865835e-07
-0.499693815373, -4.01259766409, -4.88089377243, -2.91884054911e-09
-0.503701121205, -4.01112490049, -4.87914782661, -0.00540860913662
-0.499722537614, -4.012597348, -4.88089683969, -1.90858307463e-07
-0.49969503206, -4.0125968627, -4.88089656467, -3.75648026587e-11
-0.499674320016, -4.01265768161, -4.88081897278, -2.57137946433e-06
-0.499636831057, -4.01230859206, -4.88100888481, -2.50573032824e-05
-0.499694977572, -4.0125970619, -4.88089690989, -2.358341125e-12
-0.49969508644, -4.01259692164, -4.88089726586, -4.4976452733e-11
-0.499695084051, -4.01259712844, -4.8808968826, -5.05364011533e-13
-0.499695080059, -4.01259707056, -4.88089688477, -1.68454613024e-13
-0.499695063506, -4.01259708889, -4.88089686803, 0.0
-0.499695197885, -4.0125971887, -4.88090321929, -1.01774484735e-08
-0.499695093125, -4.01259706995, -4.8808968897, -3.36910112329e-13
-0.499695237496, -4.01262260401, -4.88093618027, -5.55371151169e-07
-0.499677520251, -4.01259650863, -4.87519883466, -0.00824734520581
-0.499695049334, -4.01259710199, -4.88089687825, -1.6845452842e-13
-0.499695071827, -4.0125970768, -4.88089687922, 0.0
-0.499695079162, -4.01259708185, -4.88089688089, 0.0
-0.499695060891, -4.0125970682, -4.88089679173, -2.02143283149e-12
-0.499695084014, -4.012597053, -4.88089688861, -3.36908585215e-13
-0.499695071414, -4.01259725104, -4.88089687496, -7.07511583634e-12
-0.499695068196, -4.0125970793, -4.88089689176, 0.0
-0.499696087165, -4.0125977716, -4.88089408328, -2.35837098762e-09
-0.499697383868, -4.01259681899, -4.88089692951, -1.37798112582e-09
-0.49969505268, -4.01259701023, -4.88089695243, -2.86370749343e-12
-0.499695028719, -4.01259705656, -4.88089686126, -6.73814351748e-13
-0.499695065823, -4.01259712338, -4.88089678421, -2.52680712571e-12
-0.499695005836, -4.01259743149, -4.88089691002, -3.15011104101e-11
-0.499808630489, -3.76448865278, -4.88090445738, -25.2071669769
-0.499694943517, -4.0125973014, -4.88089728889, -5.8285429965e-11
-0.49969505723, -4.01259704419, -4.88089687771, -5.05361290996e-13
-0.49969505422, -4.01259705913, -4.88089689618, -3.36908591209e-13
-0.4996950675, -4.01259709064, -4.8808968818, 0.0
-0.499695007681, -4.01259709681, -4.88089687702, -8.42272105009e-13
-0.499695015287, -4.01259660868, -4.88090025177, -2.93675698906e-09
-0.499695057137, -4.01259706928, -4.8808968782, 0.0
-0.499695060397, -4.01259709159, -4.88089688702, 0.0
-0.499695050262, -4.01259711286, -4.8809022605, -7.32754904936e-09
-0.499695079748, -4.01259712848, -4.88089688835, -5.05363634716e-13
-0.49968883653, -4.01259670561, -4.88089789818, -1.01114718622e-08
-0.499695402607, -4.01259706288, -4.88089693634, -2.9816191321e-11
-0.499695063083, -4.01259709051, -4.88089689226, 0.0
-0.499695061549, -4.01259701351, -4.88089685403, -1.51607856493e-12
-0.499695071372, -4.01259707231, -4.88089686767, 0.0
-0.49969499656, -4.01259740338, -4.88089690978, -2.71212338743e-11
-0.49969504685, -4.01259709134, -4.88089680437, -1.51607909203e-12
-0.499695059999, -4.01259926846, -4.88089702678, -1.21158881007e-09
-0.499694913188, -4.01259976326, -4.88089643956, -1.86876558569e-09
-0.499694956598, -4.01259501566, -4.8808975654, -1.20508027736e-09
-0.499695147286, -4.01259389695, -4.88089685708, -2.57153776952e-09
-0.499695051678, -4.01259708732, -4.88089687227, 0.0
-0.499695075934, -4.01259707957, -4.88089690936, -3.36910261937e-13
-0.499694902169, -4.01259708663, -4.8808968723, -6.73809810781e-12
-0.499695043681, -4.01260037937, -4.88089688494, -2.74514971639e-09
-0.499695061368, -4.01259707841, -4.88089686254, 0.0
-0.499695055781, -4.01259709232, -4.88089686631, 0.0
-0.499694896849, -4.01253988823, -4.88089729296, -8.27171723184e-07
-0.499700588365, -4.01259751011, -4.88090234904, -1.53305849366e-08
-0.499693999335, -4.0126140858, -4.88090328744, -8.37863126838e-08
-0.499694984958, -4.01259704454, -4.88089638073, -6.45176064845e-11
-0.499695065056, -4.0125970872, -4.8808968644, 0.0
-0.499707732635, -4.01259933697, -4.8809121233, -1.00636944945e-07
-0.499695067455, -4.01259709039, -4.88089687196, 0.0
-0.499695057683, -4.01259709037, -4.88089687092, 0.0
-0.499695058469, -4.01259706802, -4.88089685412, -1.68453712565e-13
-0.499695005979, -4.01259702391, -4.88089967317, -1.97779688261e-09
-0.499695018576, -4.0125971726, -4.88089686338, -2.52681534309e-12
-0.499694721626, -4.01259474808, -4.88089686107, -1.41076656572e-09
-0.499695023662, -4.01266856674, -4.88089684205, -1.29228790915e-06
-0.499695081267, -4.01259707723, -4.88089686657, -1.68454413519e-13
-0.500052005882, -4.01261170566, -4.88090149633, -3.22413538326e-05
-0.499695098288, -4.01259705816, -4.88089686135, -5.05361576984e-13
-0.499695186319, -4.01259707601, -4.88089687777, -3.70599887589e-12
-0.49969497738, -4.01259717395, -4.88089672108, -1.01071901304e-11
-0.499695150504, -4.01259713378, -4.88089668596, -1.17917825876e-11
-0.499694587598, -4.01259710079, -4.88089666004, -6.97390638576e-11
-0.499694046195, -4.01259715564, -4.88089720459, -2.90915650158e-10
-0.499698854484, -4.0125997009, -4.88092092929, -1.51653734234e-07
-0.49965203377, -4.01259884814, -4.88089638031, -4.69070459838e-07
-0.499668579361, -4.01261425297, -4.8800886469, -0.000165448524112
-0.499694795275, -4.01257694879, -4.88089693977, -1.02545937414e-07
-0.499691467871, -4.0125882836, -4.88089383805, -2.51970654594e-08
-0.499694929506, -4.01259715583, -4.88089681766, -6.90657155527e-12
-0.89802813803, -4.01262507964, -4.86205498864, -45.8218075761
-0.499695369003, -4.01261548971, -4.88089548349, -8.61893139574e-08
-0.499695154466, -4.01259707669, -4.88089685024, -2.18991403075e-12
-0.499695042008, -4.01259702486, -4.88089685709, -1.17917244846e-12
-0.499703513703, -4.01282239617, -4.8809115723, -1.28989401881e-05
-0.499635184949, -4.01268832536, -4.88040676097, -6.37351117952e-05
-0.499601997302, -4.0133391596, -4.88091123912, -0.000141240301298
-0.499669077128, -4.01258985432, -4.88089081286, -1.93294478429e-07
-0.496891071869, -4.01519034149, -4.87753101539, -0.00652814711378
-0.499918835429, -4.01248000507, -4.88147624497, -0.000100921423633
-0.499696956421, -4.01259709097, -4.8808969046, -9.04451271108e-10
-0.499663026122, -4.01259711692, -4.8808987354, -2.60403395534e-07
-0.499695093531, -4.012597003, -4.88089757814, -1.25835828081e-10
-0.502711310879, -4.0911149677, -4.88098413031, -1.62668323229
-0.499695125186, -4.01261510239, -4.8808872937, -1.05338088157e-07
-0.499690172563, -4.01259446652, -4.88089512424, -8.56573816113e-09
-0.499266255457, -4.01771966672, -4.88000497649, -0.00685758336129
-0.499695074821, -4.0125970591, -4.88089686402, -1.68453818289e-13
-0.499695091076, -4.01259702792, -4.88089679623, -2.69524426725e-12
-0.499912860723, -4.01288667004, -4.8809015186, -3.31534170204e-05
-0.499695069134, -4.01259725415, -4.88089684829, -7.41200928819e-12
-0.499695059395, -4.01259682044, -4.88089683973, -1.80243628011e-11
-1139.99199904, -992.777265371, 1216.34726438, -1.76082164903e+21
-1572.99611665, 2255.51971094, 617.178665882, -5.0265367e+22
2080.55075738, -467.845755738, -1535.30348823, -1.20493197893e+23
776.228822377, -2344.34067667, -444.170878559, -4.42937073636e+22
243.581756027, 55.364021685, 409.077992406, -1.05594362962e+17
-1493.69848842, -766.012444715, -940.200406694, -1.07255492142e+22
-233.845385277, -92.2440823311, 2738.03665565, -9.36911395479e+22
-324.646368135, 2641.80899114, 71.1001659321, -1.4313655861e+23
2639.14700226, 982.962247906, -375.233630638, -9.31953677316e+22
1018.07094588, -1675.87644014, 1435.85735259, -3.07535410097e+22
-137.456059407, -656.587359704, 1345.76532969, -1.99780110189e+20
424.368112038, -935.369955459, 2007.50705211, -4.21009860719e+21
937.265173319, -363.314940438, 1749.00675273, -6.28351521838e+21
2125.51683933, 625.12127728, 136.98794317, -2.16492321735e+22
-1701.55184146, -1714.47636399, 464.739230858, -1.84067081013e+22
1036.85550277, -1433.73347158, 2034.39879755, -3.48924305715e+22
2671.47828966, -388.768006837, 1168.32554605, -2.39084335172e+23
332.98194963, 1366.99072318, 1377.86832779, -1.30891731814e+21
-3227.27789915, 845.03472528, -903.568395669, -4.70237789788e+23
1700.72411417, -911.072341564, 96.519312451, -1.13610573596e+21
-1428.16080145, -825.00931777, 273.877962431, -1.07014386264e+21
36.5809763128, 607.246957952, -1075.50588741, -3.66120807866e+19
-1244.92130327, -347.677079864, 1060.79696918, -1.84573906284e+21
-1838.64998955, 1369.5588819, 1682.45078444, -1.91620383384e+23
1488.04000786, -1470.9574129, 2631.62186378, -2.10358007791e+23
1157.18700148, -1943.91592897, 2672.66161964, -2.80928194435e+23
2044.30035877, -139.747390265, -1332.7804278, -5.4317649842e+22
1261.37495935, -88.8616138588, -1726.08754201, -3.00335386505e+22
855.951748637, -471.036586227, 207.273433657, -9.02231340525e+18
-2281.31069515, -674.734254951, -26.5780044434, -3.33925882801e+22
664.899226947, -27.4148966407, -288.39930404, -2.01550775647e+18
-545.385363121, 833.583534244, 1505.61468093, -5.49165362022e+21
-1402.38202079, -92.6815745841, -194.94345998, -5.98691796338e+20
280.693426782, -985.64648786, -290.215020908, -3.37956792062e+19
-17.5614656448, -1182.71041101, 204.022307784, -3.18928292822e+20
-594.539474017, -1165.90292389, -777.533191673, -2.3661644384e+20
-102.363568878, 2695.28746552, 143.488536861, -1.54080538405e+23
-474.579374583, -495.514796002, 1153.05445506, -1.74306519345e+20
-154.274267829, -1162.67294722, -2076.22287105, -1.7817583249e+22
-1259.81260095, 2534.18893974, 801.002568065, -8.37700729566e+22
1301.71350194, 46.5766100164, -1028.43722128, -2.64506219568e+21
-1303.58849348, 1743.43745425, 1328.38456111, -3.64422788362e+22
1400.27456762, -349.420965259, -1082.86313288, -6.26939216667e+21
242.298669329, -2183.16017072, 2430.55704287, -2.47254017781e+23
285.522574114, -973.58818884, 109.219402938, -6.97245644483e+19
-1064.379257, -2973.22871333, -401.079787905, -2.92252599056e+23
-733.106856235, 580.334100263, -90.371250784, -5.1948235981e+18
166.180488474, -160.413468836, 1177.85796226, -5.68388992867e+19
-2349.86118474, 1478.22840341, -1400.49383168, -1.46665182277e+23
155.616152006, 1612.36316605, 2700.95510197, -1.66940116692e+23
962.694487824, -492.597016597, -1083.20386006, -2.05492297011e+21
-1059.57884046, 3124.497654, 1893.72188264, -4.31199563014e+23
1489.65517433, 1107.98920301, -2929.43795875, -4.69850056082e+23
-46.7135793168, -2678.80012291, 1447.62690393, -4.37273908098e+23
921.240039793, -932.965086621, 2646.05162856, -5.62617205556e+22
-1.16174030164, -67.190216974, 2043.5973861, -6.94617031599e+21
2175.15854895, -761.343004887, -331.734176723, -8.34130053595e+21
-1223.85669989, 739.556410087, 153.306082572, -1.16821296392e+20
2240.87623184, 2761.34895361, -521.800844717, -4.66732945857e+23
1412.44028489, 544.65922994, 900.092528955, -5.971451742e+21
-701.097100473, -67.2367510848, 956.271176375, -2.29388141273e+20
26.490016979, 1056.36569202, -1420.09895087, -1.07868689299e+21
2223.15033917, 3142.29279099, 2445.38846123, -2.67081714957e+24
1294.40900493, -832.193696843, 522.238906422, -5.9013652421e+20
-1379.69690901, 1602.15725364, 839.424636735, -9.50439049107e+21
1656.23836522, -825.913850155, 905.107485533, -6.51386776833e+21
-1111.0234334, -405.077682254, -236.43664817, -2.16689692675e+20
1547.51375637, -532.100146033, 43.8221242792, -4.50554255964e+20
2575.53231198, -184.667729945, 1301.9967268, -2.58791899058e+23
1446.44199584, 140.081003355, 2853.47934955, -3.33144211998e+23
830.271181644, 101.582174252, 579.678474966, -7.83704540084e+19
-808.325125448, 1125.90829932, -969.962998013, -1.56081967126e+21
-2830.49360282, 1898.68128411, -2974.88747107, -3.5270905653e+24
-2851.98897119, 1138.48205748, -415.607435683, -8.42853470278e+22
645.97524436, 326.49007084, 305.911195017, -7.92105029453e+18
-516.540114807, -1495.82405786, 1954.80586836, -1.62297474485e+22
-177.086744873, 2680.40719571, 1091.44794384, -7.40057025711e+22
-358.309802548, 1126.30195016, -1099.29492332, -1.17533414896e+21
897.442205603, 872.702214876, -2280.28276052, -3.90548664735e+22
-491.563242257, -570.206989316, -590.62911584, -1.4767704011e+19
1675.14034875, 2285.98386769, 638.328604435, -8.31191642885e+22
650.491653678, 1349.28327926, -2582.67114478, -5.68805673057e+22
-1676.37400083, -2085.47942681, -2335.42138695, -4.68138648173e+23
-1122.13915906, -2471.66946656, 1926.02127493, -3.18253564507e+23
591.074135362, 1350.05737225, 2483.34511972, -6.82778277564e+22
-2149.51937179, 703.141225358, -2609.98107625, -7.02289735754e+23
-284.498556966, 1302.82745171, -1022.663095, -2.46878159786e+21
1310.33796054, 102.724812332, -224.594364557, -1.82690898933e+20
2083.11075452, -690.816314091, 1081.03957286, -3.84312839781e+22
2355.3298914, 1454.9163296, 1178.30937221, -3.19734767868e+23
2094.09684081, -1340.3541208, -1146.99526396, -8.27045154756e+22
-1805.55953961, 2530.4767377, 204.457826482, -1.60379227811e+23
1044.71379579, -1139.09663918, -1571.89849008, -2.6784264823e+22
3035.68875847, -1966.01140409, -10.9909608802, -1.63685238186e+23
-1629.41381336, 643.342657553, 1514.725507, -5.23006787699e+22
2612.38392774, 967.944368071, -2144.4771855, -5.36460253911e+23
-3022.30047689, 593.337847661, 2397.07639202, -3.01780957102e+24
1307.36752002, -61.0640829955, 2742.0634053, -1.91666236279e+23
-327.477585499, 1315.42652041, -1885.93062197, -8.80665037943e+21
902.141866912, 757.02228154, 2153.09060634, -3.02102669677e+22
-2052.42932142, -94.3390531125, -801.100610029, -3.11502415633e+22
-2229.33726877, -1624.40677633, -812.563095368, -1.72499945082e+23
2567.8991614, 1271.94234868, 2026.31221423, -1.32493438179e+24
-1087.87621026, 1005.96456818, 2138.2495532, -1.33793821712e+23
-228.318060654, -1047.13159627, 42.1374622516, -9.09814973917e+19
-409.863702641, -988.452340129, -838.533236705, -6.95911753901e+19
-1413.23892151, 1709.03058173, 2470.62950841, -7.07587510223e+23
1767.64447254, 2240.07304103, -3198.46962526, -1.04357894164e+24
-2389.53040592, -594.976553719, 47.938019405, -4.00052888916e+22
2982.27182878, 290.988509986, -63.0124966277, -1.64916337431e+23
-946.397223407, -1093.68492753, 524.773464932, -3.93244646444e+20
-1658.11711398, 718.866771936, 380.9218667, -1.50241177171e+21
-1109.08596273, 1240.01755549, 396.494912201, -7.43406230502e+20
118.992950319, 2874.6845055, -1677.28202154, -8.29269390797e+23
2703.84091075, -826.429277689, -1364.75935138, -3.127045596e+23
128.096202826, -21.1585725984, 73.0430829718, -1.12301725397e+13
646.841803324, -970.131024241, 1880.56346658, -4.69513529529e+21
-138.272261181, -275.776038056, 704.540909108, -1.56469495303e+18
99.4567814701, 389.751427614, -2069.88144327, -6.32001420015e+21
1745.19331169, 845.489964106, -2396.30316386, -2.36829694009e+23
-531.138646036, -2497.78084731, 77.7595519567, -9.412188414e+22
1240.17001231, -116.624023716, 383.468948843, -3.22244913182e+20
2030.25311186, -2347.77142838, 279.795768104, -1.55743010304e+23
-948.183763441, -353.817848463, -622.483122268, -2.60061408437e+20
1409.14858703, 507.284149359, 278.05939358, -1.36250576109e+21
-219.274671942, 24.4883182004, -1038.24966748, -2.42729492562e+19
-2537.71581501, -1444.6990545, -2231.7425938, -1.72838355691e+24
-1041.10047875, 1199.18032653, 2946.20833009, -9.17031913367e+23
-2874.57917605, 515.363820801, -1063.48633856, -3.09058950549e+23
354.054573288, 831.920304369, -844.810698098, -8.09510266797e+19
1069.15025949, -2287.60301779, 650.152338154, -1.06953486131e+23
14.7830452966, -190.09138632, -605.908587888, -7.54477272651e+17
-2100.75360707, 945.964439924, 160.4971645, -5.35075968016e+21
-686.766705132, -511.974121618, 1113.49969038, -2.89671569774e+20
2851.88288327, -1043.61565165, -1878.48519304, -1.20025314538e+24
-1740.48339041, 2300.3222486, 908.021176263, -7.77580377823e+22
2518.06391729, -3059.22074132, 819.968298532, -1.63170724616e+24
2562.23895976, 1077.57789511, -1522.04843466, -1.44698480894e+23
79.3533169388, 1817.18681913, 2777.2071632, -2.45437807515e+23
2428.86503071, 1342.04010972, -112.617396489, -8.99193433648e+22
8.48233013958, 586.364865461, 1211.13411562, -2.61182019056e+20
-1337.67899373, 673.322501137, 1869.68666424, -8.07323167815e+22
767.292513043, -658.613066917, 183.246450951, -1.3656590931e+19
-2506.13189684, 819.847175226, -1597.59988168, -2.81203012874e+23
3053.34094488, 1898.16299307, -2401.35867824, -1.29853326231e+24
1002.34420906, 616.038408762, -464.415961846, -6.38768215261e+19
-703.442035831, 163.238553714, 2209.12377075, -4.80903956863e+22
-237.733100605, 165.596561684, 333.646398015, -9.84339429191e+16
270.37361275, -494.26701773, -474.773504131, -2.03738377992e+18
-38.7919014615, 2250.43505329, 745.983734344, -2.06740503648e+22
-344.715030367, 376.533681988, 767.773157015, -3.12105452747e+19
-1692.01376488, 967.023119977, 2271.45038769, -4.59746645393e+23
1908.49215993, 977.556873751, -2078.09070081, -1.36618126872e+23
-2368.23621107, -496.852361049, 139.502590778, -3.10402349253e+22
-1186.79123998, 1105.62245085, -2911.27054646, -1.6683859134e+23
1225.09276712, 1738.14768343, -404.952326396, -9.54051796062e+21
1302.25058734, 8.67883540223, 394.976647054, -5.45450654601e+20
-115.1520036, -1029.84218538, -850.763617467, -4.86632272021e+19
1244.53945356, 781.772771066, -2342.22604247, -9.18484356317e+22
1690.53508118, -1182.79415862, 135.011891355, -2.15193404494e+21
796.262032737, -169.229383473, 533.245762102, -3.64044673152e+19
1092.57595707, 235.682751931, 1912.14580725, -2.07013539586e+22
1770.23327636, 26.7570969754, -1816.18541919, -9.85766818896e+22
311.505799089, 1761.77438561, -1167.93210688, -1.81288327847e+22
298.356455352, -2155.22326495, -439.498564867, -1.94627040329e+22
550.934425352, 2040.00198795, -768.029481318, -3.4951664159e+22
-1073.16968548, -1173.71142846, -92.7519232189, -7.68349662836e+20
180.732591059, 943.946985939, 54.7366649069, -3.34842288459e+19
-1786.01989759, -207.842840728, 828.254468317, -5.26925411098e+21
-691.629555816, -441.722431494, -844.680651455, -1.55033871017e+20
-23.8347246341, -813.411561356, 1152.23487589, -1.53225007632e+20
-713.544461616, 1360.35611078, 1077.19595903, -2.62304300178e+21
-490.025412629, -1858.81719543, -1144.64906031, -3.52563632708e+21
416.032915456, 536.947803217, 1338.62495355, -4.68022691508e+20
-73.0117947591, -3216.11020244, -1510.35850624, -2.77870287126e+23
2552.26988433, -1630.27058581, 1170.54466394, -1.66891462001e+23
-229.621791327, -2466.16394784, 40.4028003616, -8.33825708793e+22
-69.3551240287, -1980.25495821, 847.549456691, -3.15798373961e+22
2157.83303647, 2701.82346964, -2971.06987629, -1.64164699953e+24
-1174.49990927, 389.786781131, -917.557238729, -1.16828146792e+21
1562.02983467, -2294.6411958, 1064.16338952, -1.97317264579e+23
1712.91296393, 2195.34575716, 1241.75668011, -1.26499843469e+23
254.917097487, -492.487953792, -505.470463675, -2.49272594275e+18
-1090.46272582, -2271.43994511, -254.285151097, -3.92611282942e+22
65.3324582771, 2146.22624083, -271.11246711, -3.46907315822e+22
-66.7387037448, 1570.20219528, -2717.56132739, -6.44445053732e+22
-892.58497762, 213.658257639, -82.1287205408, -7.5513190056e+18
-526.443461519, 1114.88004106, -3145.49297039, -1.12414363809e+23
1490.63488943, 886.214584406, -1410.79390849, -8.96873901188e+21
419.516034866, -1682.04656785, 997.352949232, -1.35221947213e+22
290.721219107, 1989.42070283, 1993.32940392, -2.5833975715e+22
2831.76932107, 565.240955553, -1755.79906387, -4.4093759702e+23
-206.883205131, -406.043677477, -310.570671642, -6.79038807455e+16
2521.66023257, 919.043396608, -987.77632733, -6.37288175746e+22
-8.54225671303, 2096.97102738, 36.2413072223, -2.20128604699e+22
1736.23707005, 646.204743177, 880.993389913, -1.98499804744e+22
-5.85565192768, 181.099634192, 942.084552473, -2.22686255317e+19
-1123.27817947, -107.667485343, 458.430768453, -9.94576658671e+19
413.564157375, 2959.82092317, -850.60399805, -5.95902364524e+23
-1236.30716376, 3319.28681255, 729.362154065, -7.09535027883e+23
1813.96987319, -1209.19174461, -1236.59833516, -5.36864537742e+22
266.849056323, 1554.21785626, -591.650389287, -4.06260376216e+21
-942.4811706, 46.8097734636, -1742.42673313, -7.22626360412e+21
470.211753368, 129.05498707, -1026.32078762, -1.27159326025e+20
-508.656999011, -801.128028738, -2592.12150151, -6.25387596623e+22
1671.57702414, 434.778121534, -2263.95503504, -1.94802095045e+23
1818.9660063, 1730.65282026, 1776.91396639, -2.34489586124e+23
-369.630287035, 2211.78491783, 238.089622409, -2.99811965323e+22
-1775.02341499, 1791.07740148, 553.837939258, -1.87540882852e+22
685.69990946, 2390.13772556, 123.691537619, -5.7551580945e+22
-983.72687258, 1593.2283025, -1131.59196473, -1.6108639029e+22
1587.24183298, -1233.02692867, 814.925293356, -6.83817827809e+21
-530.964166913, -1776.76552615, -1252.20944412, -3.02199912215e+21
1164.17206781, 256.08901127, -823.561560499, -5.5943707619e+20
-223.291813992, -929.545620818, -2178.59428843, -1.98807376036e+22
800.083965584, -2030.38547943, 1571.60524441, -9.58859019395e+22
991.544222996, 1786.20702102, -1991.36768936, -4.75743796836e+22
-932.737240355, -401.736163943, 44.2153591035, -3.15030255397e+19
1387.90680718, -165.383762857, 857.982481703, -2.75262752962e+21
-2289.24161099, 102.973753399, -1311.31953494, -1.36374637377e+23
1825.52289401, -3138.03714368, 1401.88323255, -2.07719858081e+24
-1612.30477483, 2651.95682131, 3198.75171238, -5.34405378353e+24
1207.06298732, 293.633695486, -513.269873543, -1.85785119147e+20
-1912.58530714, -2061.9836843, 549.039538331, -6.47114584467e+22
2234.98351741, 2882.53319745, -1519.28264504, -8.47103816384e+23
-1074.80591739, 731.671590595, -829.889446309, -5.87406183587e+20
502.155930857, 1037.76243599, 1514.66458497, -1.95815565905e+21
1331.94009677, -1800.03815066, 1241.55411581, -4.76012994099e+22
498.544511705, -1685.30275699, 1470.5205912, -2.35087964141e+22
2288.21216052, -295.726703136, 93.9698011766, -1.45051034256e+22
-119.02571726, -2092.92603392, 3040.31085467, -3.18756892004e+23
6.66256846858, 353.466819342, -236.696131912, -5.26172880795e+16
247.458763068, -336.462158065, -56.4099848363, -1.34416393894e+16
896.543884764, 2765.85508318, 844.309382744, -1.2162508702e+23
-2718.96354178, 1358.07537441, -563.804023368, -7.64795834556e+22
-1536.28136952, -558.801630658, 177.442174161, -1.26012788077e+21
-1725.77221071, -962.039660392, 2401.42474047, -2.18256019896e+23
2075.83762351, 1065.63471281, -2747.93476151, -7.52121630438e+23
-2579.19544077, 2446.8847535, -779.749705726, -4.49797427827e+23
-1210.94391955, 356.972628074, 1197.55263875, -5.66798391835e+21
-236.400756493, -1793.32869523, 1649.3941527, -3.25146500278e+22
1077.09345449, 221.455444085, 1497.65437912, -6.60640246252e+21
1290.55273663, -66.17167721, -1114.66216232, -3.97441719382e+21
-2326.9471625, -401.457382742, 1698.1451887, -1.67538007173e+23
64.4404971226, 3129.85642176, -951.657742867, -9.94084866437e+23
420.095236354, 1346.55669562, 2488.79484895, -6.76366957578e+22
-969.291632903, 531.696150246, 1252.90175013, -4.3322824844e+21
-774.176586463, 322.517575288, -931.226302546, -1.84139946659e+20
-1340.27951987, -200.552644656, -109.306428932, -4.1275137049e+20
101.680701045, -1300.31580994, -521.543407703, -2.27267434093e+20
-1439.43460342, -232.715924309, 2031.30762328, -8.15678928993e+22
-776.922421144, -1427.54436428, 921.113017461, -3.17990422731e+21
2375.94872619, -1210.31316008, 1438.59829216, -1.50589286134e+23
1193.11559164, 2175.00319662, 2110.4164162, -1.18714737081e+23
105.523921479, 441.954152614, -309.229550263, -3.02853320733e+17
-1708.01110924, -210.11095602, 92.19535021, -1.87879789295e+21
-253.138526363, -23.3438419597, -2704.28280188, -5.46912015125e+22
-619.691498807, 892.90414052, 1181.67265176, -1.80571020336e+21
-1788.91687967, 2850.61504284, -1188.62116385, -9.740853373e+23
-1143.14496448, -275.62784563, 334.660272311, -8.32890746055e+19
-1952.19840831, -1869.2567678, 907.83841908, -4.51020965903e+22
2187.20812877, 509.376489038, -581.632102146, -1.4551441524e+22
-2430.26867248, -2986.80385784, 817.144548454, -9.23419795841e+23
2522.69406534, -2432.15096145, -1291.40192516, -5.3242227663e+23
-1223.87105737, -852.684609288, -828.072644842, -3.1849097254e+21
133.238089074, -4.62426601416, 365.647760039, -1.12103704787e+16
1866.42977652, 821.228442859, -159.860256766, -7.62073050388e+21
-455.279233511, -1069.35667211, -2000.49191696, -1.14198750163e+22
-1346.59272844, -351.105171642, 1349.88393018, -7.40035711428e+21
-845.764654309, -1438.40483551, 2096.83913948, -2.35563747158e+22
-798.069457068, -409.251548154, -564.207895139, -9.10825087552e+19
-1414.37537142, 760.121042549, 499.317967695, -1.0168372509e+21
1551.62238186, 484.560930302, 257.641950477, -2.43267157407e+21
-1509.54034517, -1223.70558449, -664.255818338, -1.06860133964e+22
-347.625093364, 123.048944808, -453.949754856, -4.36953042071e+17
1167.13178851, -1655.62288764, -93.2240810016, -5.42123114676e+21
-500.865090017, -195.612601551, -548.097650882, -6.63888810339e+18
1681.47633706, 920.819287194, -14.0153122936, -5.0637776488e+21
721.543405867, -1575.40729425, -1840.19745247, -4.57020675231e+22
-2178.64942672, 2755.95013633, 923.287296153, -3.29577095422e+23
-845.222123177, 863.242347278, -545.242478687, -1.84823268334e+20
390.855241003, -1493.23192131, 1701.57320973, -1.38817761265e+22
-696.179058501, 1434.41137476, 697.879407618, -9.41834666712e+20
1247.86196655, 422.684156117, -2994.71558093, -5.57791830641e+23
-287.409341197, 1818.45409325, 830.299975864, -3.31854855032e+21
327.300289682, 109.125231399, 1001.03412793, -3.33918674777e+19
-2169.98618718, 1243.31068018, -969.158313914, -3.90712897844e+22
-1076.97165994, 286.594759973, 173.435958614, -2.89196438458e+19
2165.35385072, 2196.65680367, 561.100551304, -2.03160176084e+23
2640.60472441, 1428.70332783, -37.669335219, -1.82181098239e+23
2892.66942463, -683.842946158, -1516.92423954, -5.43639000737e+23
941.308904651, -1498.49320011, -255.089964045, -1.80340280439e+21
-2033.34041396, 2724.79229229, -2158.06587145, -1.65509633012e+24
633.808627398, -705.247301846, 546.947880231, -4.07754547179e+19
-1729.79853405, -224.410479942, -405.801556168, -5.09080499328e+21
-937.443478314, -1000.21595985, -1007.0852734, -1.70461107298e+21
-1017.3777464, 761.166940691, 1766.11207916, -3.47196464409e+22
588.807747937, -705.921993851, 309.522691557, -1.82584467822e+19
169.909853629, 1782.82082046, 135.315886877, -5.2467187828e+21
995.00366811, -96.5833933551, -2655.12522275, -2.40074492862e+23
-1913.77337949, 1923.97703914, 912.234920586, -5.53837345709e+22
260.126201671, -531.559357617, 25.2512673586, -5.61749185525e+17
-519.92901131, -639.71538982, 554.040890323, -9.15995937308e+18
-2158.4238243, -1863.90960761, -1408.19128991, -3.49165623922e+23
-66.6263988199, 2485.58896397, 964.060688128, -4.12592306993e+22
-569.598768371, -1949.43304028, -1518.98739638, -7.72382245389e+21
25.8624037165, 1910.35950858, 498.933842174, -6.37787808793e+21
-1656.19417172, 123.030227473, 1250.99405298, -1.72926378745e+22
-2896.57539463, -2027.66833089, 441.474398823, -4.58583800606e+23
826.108832538, -1.70643945552, -321.919193268, -8.67950476223e+18
-2771.14033213, -1556.03251898, 2244.29224713, -6.76981450048e+23
-560.001585313, 1416.31461271, -1085.63018276, -5.42888894275e+21
-1713.91773312, -176.011331321, 1671.08553818, -5.39998067621e+22
1219.36243082, -1129.42893864, -2279.26843576, -2.50933688228e+23
1546.7370872, 2910.93704273, 636.044264475, -2.79865767253e+23
-1067.21085808, -199.7557065, 2261.81241275, -8.08850131867e+22
1803.49651031, -3057.28080824, -775.702374143, -4.61111360998e+23
1403.87124367, 813.498141977, 1083.85274549, -1.09774578909e+22
-605.594721246, 361.980652015, -1017.45036722, -1.06809210515e+20
-1378.78016295, 393.154054142, 1768.45114932, -5.41759054005e+22
960.367857259, 1972.43323022, 0.977491778541, -1.496049149e+22
639.868888437, 2834.46817914, -3192.49109262, -1.8032371278e+24
-1228.59870173, 251.431984538, -1527.3648852, -9.38485124438e+21
699.062226565, 1537.74579997, -979.73037661, -5.65466546352e+21
-2201.22060139, 718.527462766, 1339.50687001, -1.08784348232e+23
-1199.75987205, -9.86813266932, 1012.70704974, -1.84785077407e+21
92.5035628354, 133.913196699, -13.0199858818, -1.02052633302e+13
765.830884469, 327.000576506, -178.987309832, -4.76820440391e+18
-190.460190281, -1879.74560985, -747.019561639, -4.23582879267e+21
1357.89095678, 1112.78273164, 880.2924689, -7.9192246823e+21
652.872178348, 2052.64539646, 787.297299422, -9.93615610914e+21
-1389.79924956, -1283.49060321, 391.105103343, -2.5298888583e+21
2367.10718062, -1655.37704393, -1347.32187885, -2.68177609688e+23
1889.44217632, -2032.85205928, 1427.59551119, -1.79054084493e+23
-1652.86909036, -1099.27443405, 1436.8577036, -1.37334007333e+22
-1998.6116276, -1348.78431695, -2201.37659417, -5.47681902071e+23
110.0217042, 947.15490526, 2920.98018688, -2.06133507934e+23
921.67962759, -2882.40762631, -531.417032359, -2.31893164321e+23
1486.11698398, -1100.75793303, -422.702009054, -1.648422841e+21
-1608.80163718, 510.420500471, 13.33109295, -5.87929444002e+20
-2190.43607881, 1582.54507598, 1722.59403499, -4.24853399924e+23
-447.084168397, 2295.27721543, -206.0874448, -6.11005770976e+22
-1556.12306013, -1062.41317033, 3130.68323426, -8.1523604421e+23
995.340094673, 1429.78147086, -1311.87598585, -5.69502644982e+21
1735.56596548, 699.439804535, 602.72777027, -1.23687118168e+22
-746.629227518, 53.3317276709, -1311.09616541, -8.61123527896e+20
-681.903628673, 709.369981949, -290.246575633, -2.34192602942e+19
-924.873300358, -49.3966848982, 523.111506539, -4.9684862777e+19
572.893074576, -1419.48294901, 1136.79612779, -5.7757591809e+21
1591.0392853, 2048.01440892, 1561.59398204, -1.2010974727e+23
1599.81786724, -2220.19243855, -772.248058219, -4.81961976128e+22
-98.5133102072, -1045.13197772, 45.5998290693, -9.09216530453e+19
2185.31033157, 1851.87025653, 1051.27369264, -2.4176886903e+23
-545.388096421, -556.641345313, -2065.94702014, -1.06060359084e+22
-666.388177214, 2420.59932721, -2122.70745419, -4.28878215905e+23
-72.4373248481, -2246.15669407, 979.96914617, -8.79913734309e+22
-839.469854672, -1640.58357097, -134.706980713, -3.14971028719e+21
954.989966017, -1173.58039085, 867.148614718, -1.92046524285e+21
-1281.85867772, -1930.56461953, 1904.74948879, -7.11687982178e+22
267.352608273, -3295.55993876, 100.651527663, -9.16129977525e+23
-1003.40455085, 38.5015963573, -2089.94312926, -2.21481603907e+22
-1635.40411682, -402.022044001, 1590.46575521, -3.09168053826e+22
-1941.12821008, -1786.33354529, -1327.31877734, -1.75778084385e+23
3125.28119218, -2413.90450456, -1372.79044311, -1.43360199287e+24
1585.49658823, 2581.83175106, -1580.84788066, -3.540832248e+23
-1258.21727066, -709.235981763, 1512.57515114, -7.72728805105e+21
148.800767302, 827.755793839, -1661.92053723, -1.01913747478e+21
1591.71104932, 1176.88542396, 1078.02829895, -2.74577862638e+22
2590.82544445, -1425.97921412, -947.423638569, -1.44804540173e+23
-309.403811397, 1657.2249748, 598.217973712, -1.83260880733e+21
-976.907758395, -2098.24352752, 732.972628233, -4.20618400566e+22
2430.98313691, 159.864613251, 817.557442046, -1.00680475815e+23
-2348.3665416, 1104.74315236, -1833.43374844, -2.8094027959e+23
2487.11344085, 2266.3050674, 669.829007476, -4.8595894582e+23
1215.6886815, -340.141361922, 473.424943989, -3.04655591483e+20
-200.626999019, 1406.04385351, -924.765438873, -3.43480926124e+21
-875.262952911, 1029.47223139, -202.629805578, -2.50287948173e+20
-975.969442647, -2268.90043479, -420.415102724, -3.31581868739e+22
107.199503792, -316.237918997, -1208.34641332, -2.19628568936e+20
1359.10190312, 1161.91085789, 1294.6124454, -1.92785971231e+22
-1466.92319211, 921.917464349, -985.233172858, -4.53777895045e+21
-2872.51442714, -607.965426522, -1501.31182091, -9.46303107992e+23
-2854.85838186, -970.367121319, 311.232808985, -1.71049310643e+23
-1605.24221107, 2693.33797942, 867.305787385, -1.64624225519e+23
-1128.30483293, -1182.60920281, -2316.06141039, -8.92914644712e+22
1063.29005858, -250.537593519, 473.501496012, -1.40130150337e+20
-131.326726101, -737.416971036, 1805.94294835, -1.82639414203e+21
1433.49577218, 1519.3524803, 1317.10849087, -3.37937263383e+22
1485.04829988, 2384.55325772, -1790.09826726, -2.37049610916e+23
762.85498591, -1505.79570725, 2440.35391825, -5.35367760677e+22
-1874.23675492, 1022.00317905, 2807.96834516, -1.77898562927e+24
680.833472038, 2448.53628045, 514.735319265, -5.22878480139e+22
452.884748891, -4.78267828635, -838.534711485, -4.25626591693e+19
-834.993179958, 2105.98934636, 409.053444297, -2.00909387116e+22
-1465.49802702, 986.79468336, 1984.14177181, -1.66748243472e+23
217.743111954, 699.176584332, -797.64227282, -2.55187434454e+19
1630.05539065, 974.385800508, -173.36795382, -3.71611830236e+21
75.4192996932, -971.834749646, -2940.68892466, -2.53574739703e+23
1596.31381907, 1273.10479898, -1053.72723127, -5.89710592854e+21
-541.044895705, 1045.29825137, 448.742655549, -7.4717565338e+19
1760.32431377, -2723.0871445, 494.38203985, -4.29014817638e+23
-2018.90780161, 889.596223349, 393.615676964, -6.1074922315e+21
-1800.08481153, -883.773459182, 2224.3504527, -1.6904159732e+23
1685.33702032, -299.990923746, 805.791980116, -6.8596202117e+21
1479.52932191, 2886.58736527, 644.501195329, -2.50068056689e+23
60.8616146281, -1366.01062904, -511.024989481, -3.49242086288e+20
303.238463301, 165.139290762, 482.104731428, -5.65349155292e+17
2333.69937612, 135.087140606, 1983.32206665, -4.97823896671e+23
-2245.72816872, 144.014653838, 2565.16208304, -1.20321893961e+24
52.0175594133, 1349.55663444, -1959.81089608, -9.57341846665e+21
857.591014822, -683.783142502, -1639.19538291, -1.54492298641e+22
2742.71690825, 888.735967796, 836.791255566, -3.66716695876e+23
-2017.6273261, 908.402879923, 1205.99895377, -6.05532411124e+22
676.089852723, -2284.57983382, -1929.36396051, -9.79331782297e+22
-1632.46943645, -531.764647644, 1393.05617689, -1.53719489221e+22
-440.981382553, 567.084306355, -1301.39821839, -1.96655337441e+20
-188.911394554, 1202.13907549, -2345.23137627, -1.42807931536e+22
140.645131111, 2707.72317083, 2294.25857685, -1.41523187052e+23
-2507.91671404, 2016.3551365, 1373.42416926, -4.42919923301e+23
1867.36948257, 631.323095323, 652.803725875, -2.00302877544e+22
1999.88227213, 579.811116273, 245.91511935, -1.55573223055e+22
-2239.33785493, 184.088660771, 1549.78682258, -1.40460729693e+23
-2330.55346272, 228.546297071, -394.671014842, -2.82201481239e+22
52.4506044675, 935.065975753, 164.125929557, -2.49340290798e+19
-2184.20582516, 1699.62344652, 2214.55473658, -1.20048916695e+24
2450.80763786, 290.723420396, 1347.60578663, -2.60292168588e+23
-79.8943784332, -1271.68666312, 1316.21687994, -2.59840934026e+21
265.508155134, 553.750177845, 571.54162397, -2.00473614383e+18
-1045.46576591, 163.212352087, -2520.68837296, -6.59439777203e+22
-917.314023746, 103.150450023, -1356.18143608, -1.97920926853e+21
-1488.20590032, 1239.28430259, 1727.1543089, -1.06065729088e+23
-285.730556018, 1952.41848707, 1382.34339907, -8.52631317253e+21
-103.876048688, 721.397079696, -1645.40903786, -6.54076517559e+20
-194.249427573, -993.402347573, -2600.6935464, -8.00876584352e+22
637.401345871, -2494.80223949, -899.41443905, -5.03769091478e+22
749.181368832, 552.862058088, -457.182463938, -1.06303585341e+19
1787.30849206, -2123.14831075, -389.117472465, -4.34797678692e+22
333.297168078, -970.151986413, 739.546270813, -2.41015394513e+20
146.261402254, 763.581311638, -98.5329041821, -8.74042449703e+18
2860.63356053, 430.492641117, -2174.08554159, -1.06076270693e+24
-155.123938341, -1277.56145778, -582.135696198, -1.74654064516e+20
-884.546377335, -449.07990284, 553.984539605, -3.21601931533e+19
1116.34661898, 393.624924792, -191.16260504, -8.74110039332e+19
-1373.8221738, 1330.21725422, 1904.34770689, -1.45102671375e+23
-281.953239132, 299.137612728, -1219.14489679, -6.8735380872e+19
-93.0117152191, -12.5366161716, 187.837459466, -2.26409907101e+14
2330.06749653, -797.646971704, 152.863710208, -1.30575997855e+22
-157.113393235, 1763.61962221, -433.916369185, -9.52370406738e+21
100.500966982, -1008.96747182, -160.454493507, -4.81401576344e+19
-357.352560889, 2372.76529087, -1282.19324257, -1.82959941396e+23
1195.49220382, 2458.2370302, 117.766586065, -8.13013146045e+22
2290.02561356, 654.206136736, -805.43857902, -2.53432647458e+22
1041.9062179, 2672.08520235, 1972.43466941, -1.21292718608e+23
1718.93204965, 880.734114338, -399.644073689, -3.76905804397e+21
-197.006778386, -491.167832007, 181.200500644, -3.8431447193e+17
1620.22820652, 1510.36837214, 671.648036019, -2.2127808289e+22
-1392.52525151, -2366.4601743, 1449.11769475, -1.74202352868e+23
-1006.15620845, 2637.64445556, -1198.15982772, -4.33902516968e+23
441.973977959, -831.023160291, -225.378354701, -1.20403683184e+19
-370.866567967, -1189.36474255, -1299.09891692, -7.10521479595e+20
-1388.09421503, -101.920766461, -233.125132088, -6.19763092138e+20
-972.249612144, 197.347956275, -248.986898778, -3.12213129062e+19
2835.27499932, -832.061397421, -2756.07719588, -4.76314306304e+24
-2215.48741706, 312.271509628, 642.708354773, -1.52708255986e+22
2555.3446286, -1540.95243007, 881.47293849, -9.83349303152e+22
1401.36913813, 2245.68098785, 427.183625193, -4.5658651009e+22
-280.099616075, -114.274357459, -65.3183620382, -4.14341419119e+15
-1600.61332592, -259.004728666, 631.480374401, -1.55991757527e+21
1890.55923713, -463.690454157, 1876.71192457, -1.22755536887e+23
-145.508787556, 1181.0459133, 1290.27658755, -1.23173352026e+21
-358.779587052, -284.29977406, -1417.59272756, -4.55724475311e+20
-1587.14977506, -2169.21617142, 723.74000546, -6.50697236789e+22
456.897560624, 133.432010639, -903.101073827, -5.34071324229e+19
1282.06803367, -1594.53486298, 1482.64801946, -3.28348088415e+22
-1206.46424897, -2024.40607783, -768.071277455, -1.88311190736e+22
-852.190860047, -1038.75279684, 536.296885969, -2.51471886255e+20
-158.750274902, -47.6363038197, -1029.56243715, -2.40090290725e+19
-83.5535708713, -2596.80477894, -4.72285241359, -1.23105799234e+23
1131.0867719, 731.467415916, 2975.4371017, -2.9662743743e+23
901.869259959, -30.1582514742, -813.51707282, -2.66726937527e+20
-1141.45915463, 1138.2394852, -1337.78688469, -6.13201165004e+21
-1090.35050373, -1374.67782112, -453.199573653, -2.03701613279e+21
456.031601678, 52.2591802474, 1171.08213179, -1.4348970133e+20
1349.37988028, -419.548118872, 1889.15909288, -3.09843238358e+22
-1262.30787664, -30.0794555171, -1810.89809738, -2.40695168305e+22
-945.857101273, 875.499516173, -1327.19500676, -2.092792502e+21
-102.622614583, 2439.47247144, -96.8885638275, -8.36129701619e+22
1954.34697053, 1136.25469698, 2130.46819851, -4.09300025974e+23
-1253.20465971, 1075.08296642, 1502.63180532, -3.18458902011e+22
1744.27350878, 880.646583913, -570.225974446, -3.93126278558e+21
-1656.87311321, -1521.01464256, 481.573616048, -1.00549682947e+22
1627.53505373, 864.559709991, 632.474359264, -1.04318128294e+22
890.92400202, -98.7694299547, -572.689765885, -7.18362466167e+19
-2551.14792173, -2853.21148797, 568.223513387, -7.75041676985e+23
-2108.91319885, -1114.11942776, -2335.2007251, -7.59718381789e+23
-2593.03386833, -235.546984862, 416.441003925, -4.34688285574e+22
-1609.47112134, -2945.28532482, -572.291033543, -3.24002799601e+23
-2141.65870998, 618.627339971, 360.796010556, -7.40014301484e+21
-425.557376208, 2257.01652477, 1388.89434047, -2.19036067357e+22
1839.03611888, -920.560473115, 101.16889308, -1.97677197934e+21
-3077.06915378, 1620.55616876, 1966.84453708, -2.44759035612e+24
-857.799087932, 919.128524466, -1650.5843323, -4.0878226819e+21
2302.81069963, -276.8911354, -107.651128886, -1.27930429248e+22
-173.810258079, 437.692472801, -2883.88049976, -7.20621429576e+22
-1328.50318428, -2272.26001636, 2201.48851211, -2.39243584937e+23
-1606.71956572, 1433.40129671, -133.80391374, -4.64016860041e+21
-1549.24743283, -1335.39944241, 1137.41656417, -6.68696580572e+21
76.7142853449, -2605.14572768, -1112.38946774, -5.5741179906e+22
1787.9875588, -780.342578917, -185.151109591, -1.58529755766e+21
447.847662285, -596.703415015, 1179.32108972, -1.26940420205e+20
-935.901347075, 1286.4622561, 155.754967583, -6.92262783163e+20
881.77922189, 395.5031393, 1686.50326482, -6.46523117243e+21
-1106.47445585, -390.088769998, 539.42359895, -1.13322969227e+20
-144.351875852, 649.891542549, -164.334898688, -3.6069854582e+18
1527.86460861, -1676.18175256, 1645.22079199, -6.82560168912e+22
-215.292958748, -232.009777651, -1434.07194171, -4.20606691648e+20
682.463284401, -2333.77293424, -1987.90097072, -1.19576600764e+23
1729.83973815, 262.737293637, -2886.15778142, -9.2031959042e+23
-2049.02339332, 2666.11644668, -1791.49491111, -1.13308636113e+24
1781.59207491, 239.414332939, -2304.90191172, -2.88415116918e+23
-2019.22261434, -764.31226797, 1354.5880415, -3.14425983683e+22
2859.89275399, 209.863074003, 870.220644068, -3.31177881325e+23
49.4931673046, 245.351583153, 1515.47993101, -8.36904202496e+20
2126.67586947, 1378.59574907, -158.397936189, -3.77799327486e+22
1128.8840822, 2407.21712202, -3229.57903487, -8.6957550906e+23
-1113.54180908, -1774.02536037, -847.3019912, -8.52458397751e+21
-1552.49154316, -1021.82587351, 2414.41734956, -1.63829366714e+23
-855.063646554, 1167.17263692, -602.284994009, -1.07880441039e+21
-1818.14499124, -3331.17965507, 702.261188161, -1.41510378684e+24
1279.50375685, -330.439238869, 390.716366782, -3.22170775938e+20
-516.009908807, 472.73667789, 2405.55587541, -7.90338204148e+22
-1165.99039612, -2690.08973338, -432.193032327, -1.34494422791e+23
123.826303868, 567.617332482, 2686.504318, -8.50281999128e+22
-2085.10264626, -944.78355656, 825.457647225, -1.5424365188e+22
-1886.36656695, -2647.76991785, 287.345657146, -2.50550527246e+23
-365.461879253, 1027.1893277, 1174.23149062, -1.01114605407e+21
2101.14949128, 1892.76310463, 2067.22411275, -7.19256819503e+23
-519.993855319, 298.233549911, 1241.28709641, -9.04985308921e+20
1800.94481446, 634.065352066, 511.302894338, -1.24524244981e+22
955.233947639, -899.593706506, -3209.14305373, -1.20700099029e+24
1338.40765222, -2438.7011461, -1809.76574657, -2.35068175745e+23
149.326744158, 710.828865087, -521.635228289, -1.43614464664e+19
766.095592091, 571.244292874, 134.029970641, -2.21488765942e+19
1520.1377829, 388.738006034, -143.967592513, -9.27335778597e+20
-149.375274806, -400.544632109, -1552.34613042, -9.88706711545e+20
-467.125732757, 1559.87727439, 376.157163884, -1.52776263926e+21
-217.626487402, 922.522513252, -885.413046249, -2.15937856323e+20
-386.680047747, 496.905620445, 157.660848697, -3.53784379526e+17
-2570.56976181, 3195.66280293, -397.570177576, -1.72577032941e+24
15.5517559359, -41.9348971844, 2690.48769523, -6.31867876994e+22
-987.005419206, 395.379588292, 15.9161985099, -1.14340102391e+19
-147.485582451, -1800.14533044, -1800.64370967, -1.2178253413e+22
-589.086639992, -410.999581386, 2100.04638484, -1.76274078825e+22
-1584.15007734, -1009.53237231, -953.106309963, -1.86109193112e+22
-1772.01025939, 1761.64522387, 2359.97426016, -9.39609796376e+23
-477.978294303, -2458.07438131, 1351.83773061, -2.1123585762e+23
-256.729100661, 2349.63372345, -896.769032553, -1.2318017503e+23
393.288964235, -1606.94223042, -216.885540643, -2.25988675943e+21
2351.53032366, -1236.30655304, -817.73994836, -5.77634037505e+22
-2728.30277931, 795.013972931, -905.924679419, -1.49906743001e+23
156.020745975, -1414.6191799, -1292.34551969, -1.71029084414e+21
-894.748998466, 2409.0487229, 2540.90890418, -6.12694684693e+23
1572.48781154, -112.822554398, 188.270117673, -1.05248227521e+21
590.728434917, 3270.56573756, 2057.44846025, -2.94402938451e+23
665.132816391, 1634.67627864, 1128.7463417, -2.25559279142e+21
-1292.8295208, -2505.09547206, -1987.40488702, -1.61707938985e+23
-985.432190324, -667.522081613, -1427.79540599, -5.13864173862e+21
-439.210357527, 999.093066642, 2106.19565946, -4.19283924996e+22
-1204.02314118, -59.0497069912, -980.164858758, -2.18386497002e+21
402.744611113, 695.965330673, 1480.97177709, -1.04462193706e+21
-1218.84871036, 1516.34091973, 1087.53707155, -1.17683446882e+22
-2929.67698777, 639.444739292, 884.846735353, -1.63318548482e+23
177.848015193, 1110.36397323, -2336.377023, -1.45124540975e+22
-237.988590243, -2052.4563946, 459.010565223, -2.82472325077e+22
1381.36337662, -1241.32390511, 3266.36292075, -4.57487073583e+23
-191.276589973, -3086.42078981, -751.839127789, -3.02155323401e+23
2327.47628825, 141.514894548, -1135.73649973, -5.32935983588e+22
-985.111860375, 440.826703876, 574.943846024, -1.79389082078e+20
1101.44696648, -211.213076897, 577.832634447, -2.73624196537e+20
1521.59305402, -1530.50142864, -226.968666677, -4.57372791457e+21
1085.85236542, -316.414191544, -68.9030513059, -2.57808689581e+19
2670.07838582, 1222.3131745, -3049.98034291, -2.71052929415e+24
29.5072626989, -1045.41057033, -1276.27191186, -7.06894146514e+20
-499.996749853, -2098.54393598, 1235.79356808, -6.31644069688e+22
-902.669513612, 1371.05615055, 1220.32609884, -7.32625348674e+21
2173.74447127, 638.736416065, 616.80884899, -5.04266877213e+22
-420.735616725, 768.249638912, -2207.10538358, -6.87031174432e+21
1899.748513, 1623.82905496, -1657.99852352, -5.04601858416e+22
421.978826651, 2284.79495489, -316.421574436, -5.6766094406e+22
2022.41031938, 553.37001254, 356.718403207, -1.93225434727e+22
1514.44046248, -1262.68634696, -531.081463816, -3.30745358607e+21
-729.298675753, -119.896506629, 1522.9407628, -3.57613613187e+21
-678.255437913, 2060.27814313, -1150.16598511, -6.98425433409e+22
-2078.72736256, -711.478033716, 1191.54217801, -2.54678806979e+22
-2833.95118694, 49.4222430067, -2515.31513813, -2.5318082717e+24
1379.89253426, 2063.40908946, -2801.04423223, -3.42222135975e+23
-34.3088340411, 550.725757871, -2179.8000054, -7.0717049238e+21
821.09124377, -355.061997751, -1077.92900636, -1.10954996271e+21
-21.7335884934, -1385.90395759, -459.514379553, -4.19717668681e+20
-1171.18914447, -2733.49070351, -2532.13822015, -3.51949932373e+23
1125.73053111, -1358.63106232, 353.796027405, -2.42803045972e+21
-798.575819371, 1622.06794849, 957.965238684, -3.56095342215e+21
-595.348966859, -841.387936314, 324.880662704, -3.43902797232e+19
-688.591159182, 699.555136264, 1432.0611733, -5.05207055731e+21
1021.43489279, 1678.92761109, 451.428348689, -4.21104425657e+21
229.820675071, -1424.57335059, 424.583174585, -1.945099056e+21
1684.31996019, -1288.59909166, -2037.65150618, -3.23559999235e+23
-151.328819275, -570.922302644, -2251.97806617, -2.04811658456e+22
-1452.66009508, -101.549255091, -3280.29195154, -6.97163034813e+23
1067.50365969, -2497.51087066, 1277.48966199, -3.20909708351e+23
-350.295270088, 1154.15661468, 391.411673499, -1.16706354431e+20
-832.653343115, -666.463862304, 2739.9074146, -1.49341396385e+23
2851.8653999, -1391.66674074, 57.0156269432, -6.15629393593e+22
-446.285865426, 1935.89444103, 1278.75354042, -8.32067271055e+21
-723.874408931, 2673.71087235, -2533.0135692, -1.07061143154e+24
-1271.32437898, -2138.3802458, 170.9190161, -3.58384378129e+22
-748.849451505, 623.53174935, 568.397950667, -7.94493051755e+19
-58.4566147426, -1164.36407163, 1329.46594137, -1.558720338e+21
268.07859036, -302.127398563, 332.523184331, -9.10476692333e+16
3087.4242205, 885.588153463, -58.5339597754, -3.40277099364e+23
1163.41580369, 62.2989589429, 591.484330728, -5.28266457586e+20
88.255713824, -1833.92977417, -2244.36097742, -6.82025966473e+22
796.639613214, -383.554299237, 782.788095443, -1.05191128057e+20
162.15628932, -1177.65460228, -29.720872403, -2.21557363454e+20
-884.866446766, -2325.94894392, -1043.77708812, -2.82058281758e+22
-171.342680299, -284.610129472, -2523.73828441, -3.96494429752e+22
1637.79289962, -749.577626306, 90.6555744267, -7.44739259518e+20
-348.754662615, -942.760763188, -1752.90007118, -3.90532451616e+21
-2285.70506992, -418.140429099, -2075.58988999, -5.75245491097e+23
-836.29142342, 3191.98165628, 794.347796381, -4.46961503202e+23
1046.32687238, 1027.88145256, -925.588271012, -6.36536865612e+20
1452.25956548, -1590.21119075, 1174.13127039, -2.6235536012e+22
35.9565265712, -1565.38032853, 590.343237512, -4.48045579164e+21
389.405369542, 741.064225444, -291.61314106, -1.12186262564e+19
-149.358664505, 1797.68816072, 71.382488052, -6.31892485872e+21
-2927.65252107, -1449.44490352, -772.991755716, -7.52569374879e+23
-12.6862912326, -3159.40672836, 2403.48324847, -2.42755619159e+24
-1653.79018066, -2195.08667945, 222.715163113, -6.13452627534e+22
-294.510781931, 550.1170113, -2284.21682402, -8.984925265e+21
1850.24832251, 1292.83404773, 708.757584872, -3.83622880142e+22
-551.631553698, 179.889744705, 564.533385902, -1.26456031325e+19
1604.38099145, 1293.84546343, 2235.70962912, -2.37823544923e+23
2537.74456875, 1506.5207094, 1235.34259422, -5.38144745447e+23
2429.15955547, -2775.39555565, -543.711734993, -3.99803975151e+23
-88.8255070234, -100.799202756, -1267.85185035, -1.47652544412e+20
-1699.34204246, 942.415970131, -742.499605273, -5.19351997306e+21
-959.374925519, -161.262383631, -2569.73672283, -7.10396883586e+22
-128.753393756, 1756.24664231, -33.2293337575, -5.87347896394e+21
436.676771171, 236.211808511, -142.551429064, -6.61593294207e+16
1247.35764894, -2821.35685086, 1207.26378594, -7.37985099899e+23
-3151.15481184, -2184.8773754, -972.383455072, -2.23390336438e+24
558.687309401, 1108.12690787, 577.533382284, -1.16008390596e+20
685.962235195, 1364.22974655, 2516.55737934, -7.98897891888e+22
1700.10722921, 813.260695709, -197.368739588, -3.75425803709e+21
-417.898555156, 3083.8827243, -1218.76180515, -1.12753946284e+24
-1453.13712798, 1042.42733075, -1145.43497266, -7.34223799097e+21
1455.55511077, -660.567396468, -2946.17022206, -1.15416228941e+24
1214.63925176, -2005.63304584, 1084.02471112, -7.08528391042e+22
-142.002533079, 2400.51376046, -228.347889448, -8.25080022747e+22
2788.65842342, 104.975184213, 2126.42849689, -1.48133695716e+24
492.726022899, -448.931186589, -1141.54656257, -5.9347941339e+20
1949.9750951, -220.405791171, -155.838846043, -3.32199404866e+21
-1090.51512302, -1411.18770566, -89.8266305558, -1.84537914893e+21
237.816434442, -864.397252614, 627.769872799, -8.45315384438e+19
-67.4616247454, -559.935231114, 67.0146427311, -7.05003687992e+17
2104.87863218, -946.783948053, 176.643180296, -5.93536064304e+21
-1582.49667727, 1970.65656444, 1897.28299017, -2.9839920094e+23
814.110670446, 455.869668881, -2229.45571919, -3.8419132095e+22
2678.62470125, 709.11824322, 73.006990384, -1.16459809817e+23
-2660.87337459, -3000.03403364, -488.394881479, -1.3371026385e+24
910.743144866, -464.75546019, 867.890004337, -2.74197249369e+20
641.720194011, -2610.32308905, -368.771915307, -1.08645724401e+23
-229.129697451, -20.4094483329, 1741.72981967, -3.10602208231e+21
652.754169409, -2587.01063131, 741.901845989, -2.39919029323e+23
1524.2214726, 974.205332945, 2479.5590744, -2.67672850636e+23
307.25595011, -577.880996508, -441.438744097, -2.45300114759e+18
20.8550828946, -1698.26958039, 652.945452674, -8.6825911806e+21
-229.510132722, 668.704187056, 1385.25822369, -1.29594724022e+21
22.8454523916, 245.426462524, 2988.55021265, -1.73960608565e+23
2942.00598658, -2283.62803571, 387.26036453, -3.12393905848e+23
-271.375499556, 2496.48533222, -1037.71694035, -2.12996977492e+23
590.276899604, 269.167267199, -1788.52456444, -6.24034107805e+21
708.551560994, -1059.17435699, -1553.29377559, -1.14558695968e+22
208.677633831, -129.249968618, -1730.98962747, -3.16048708492e+21
1732.43708879, -65.947273265, -88.2398412599, -1.51063833835e+21
-2837.91251167, 1534.12488022, -899.701339246, -1.8270174039e+23
251.109372618, -1246.18106503, -1624.70070552, -6.73810964031e+21
1377.49840665, -128.10125134, 1308.28843697, -9.28821296583e+21
-345.586185078, 900.432605168, -607.380819851, -1.22222177099e+20
1216.69459318, 2259.97737985, -229.880510521, -5.39671986946e+22
209.522957145, -1878.34664804, 2149.7350104, -7.83972171137e+22
1915.28275686, -817.09685063, 705.157674926, -9.40807164181e+21
261.686254547, 1104.8435732, 2573.24734503, -7.8765219087e+22
1145.42771524, -1603.17735145, 1742.84691276, -4.05294533709e+22
249.089580589, -476.065618211, -2903.76700117, -2.07611417289e+23
1329.28412998, 1197.71032757, 2619.22185898, -2.52094958941e+23
243.406488132, -1389.45545167, -2512.65002557, -1.30820491471e+23
-399.713233771, -677.091840112, -142.889145447, -2.81546736142e+18
-369.313729034, -358.885198335, 98.4416307716, -7.77523713348e+16
-2712.01661918, 379.194801216, 261.571287589, -4.44465316309e+22
-994.333062013, -1122.22961695, 1472.78287431, -3.39626164569e+21
-1407.13968319, -123.783807773, 122.287363824, -3.47209407222e+20
-1767.41715232, 104.663188738, 631.651121382, -3.27973896495e+21
-2906.82160706, 41.0412600721, 838.254796483, -1.25991404533e+23
-2331.03158313, -616.22835402, 1364.82799751, -7.19157935908e+22
-244.241993003, 300.806718047, 939.700566179, -6.27181466557e+19
133.310008753, -618.486114316, 1747.14764055, -1.03379327327e+21
-1931.0876845, 198.331236843, -63.1626002669, -3.83482372277e+21
176.705386897, -502.759291564, 2146.14466294, -5.97902341096e+21
1866.87807099, 1082.06663988, -939.555430574, -9.21498205477e+21
2216.41585261, -718.800838221, 18.6724261455, -7.81144823029e+21
2962.72036572, -715.897769584, 533.100670193, -1.56839044816e+23
-587.505005196, -217.378338758, 940.288208985, -1.06311620062e+20
402.549265121, -1959.68180909, 2606.26364834, -1.65582463468e+23
835.906415972, 1159.5804522, 866.191091103, -8.97518817742e+20
-276.748794589, -2945.37413363, 429.948362092, -4.42032877217e+23
2.74807637693, 1007.4000041, 329.850194003, -3.36637021966e+19
1231.15263758, 816.172769596, 147.975926533, -7.263930691e+20
-2130.9274569, -1146.00976454, 53.6572962227, -3.18765868623e+22
-1243.93455529, 37.650945165, -40.7174555813, -1.31956032215e+20
-292.208976582, 2547.66919726, 97.7079098633, -1.04258858629e+23
-2078.59119228, -548.608337912, 663.718790928, -1.06606689642e+22
774.896401042, -973.39249436, 266.161183395, -1.64020514685e+20
-940.271269858, -775.3875538, 2975.06799842, -2.94124190711e+23
568.718748083, 917.334176514, 735.814476307, -9.42439429359e+19
468.533135155, 1494.74067915, 98.0131098674, -1.32431022674e+21
-356.501679097, 1730.14734473, 294.663711965, -3.78082794238e+21
2372.01021512, -1641.3576753, 1437.16609994, -1.82464053159e+23
-1693.24110101, 57.4059262151, -501.048762268, -4.06974972505e+21
2367.94575245, 654.150403601, -527.98260945, -2.91480870156e+22
738.506797319, 1922.40566667, -2363.64006971, -1.02151300997e+23
-2865.60119061, 188.25170251, -221.313606081, -1.11841427867e+23
-1590.14301924, -518.08746497, 157.815498558, -1.56021169586e+21
-381.752479132, -126.13041859, 1781.60826466, -4.55506136115e+21
-2080.42459396, -381.384257301, -1214.71582931, -8.62624838965e+22
99.8502327381, 114.153092363, -1690.69885465, -1.6210920116e+21
-693.268280939, -651.339539326, 867.419681802, -7.06755059006e+19
-841.430909212, -974.399806239, 948.510564271, -3.67930944325e+20
2369.91854496, -1720.3352795, -553.82262886, -5.27006293551e+22
-1282.77866652, -673.286149772, 1135.57488814, -2.10977913523e+21
-80.2105144402, -546.617605481, -1433.42142508, -6.98857072473e+20
-89.0379065985, 561.230254419, -479.721383447, -3.21806377387e+18
-76.1305485162, 663.10091696, 310.897689801, -1.00185531282e+18
-2014.04664198, 700.411995549, 1901.31281403, -2.88374594457e+23
-820.815510102, 1595.03633668, 835.675709177, -2.64964262496e+21
-802.810087555, 2858.11491922, -3063.19392631, -2.29136451057e+24
1934.2892104, 1353.1150109, -1730.25817004, -5.43838689747e+22
-464.887296805, 1033.35418866, 217.835928057, -7.00458209027e+19
1166.20802359, -1426.9847351, -2889.58355488, -1.05433020601e+24
1428.84885735, -54.833041171, -1598.1655339, -2.84291608676e+22
-1632.15960614, 979.259013785, -696.297151929, -3.84407395095e+21
-3036.5747599, -7.57162636857, 804.977981955, -1.64729770547e+23
192.031360407, -436.367615265, 388.876635721, -5.47823461717e+17
-411.835132339, 1300.81091358, 864.969860975, -4.60867337407e+20
-1239.33294376, 2088.74623888, 2230.9366659, -4.07105982056e+23
-2171.80854492, 212.34599181, -352.297496, -1.56160940723e+22
2770.72541681, -223.003678885, 1773.08298934, -7.87378627159e+23
-863.116347208, -389.876885043, 1797.10954004, -1.08862664841e+22
1819.259153, -994.337187103, 1031.96665701, -1.53613575477e+22
-453.313546628, 1535.80089454, 1287.09154069, -3.98887411245e+21
337.388649888, -33.3634294978, -611.078063287, -3.79816114542e+18
-375.457692224, -220.742651462, -937.467646196, -3.05872879293e+19
-353.639197004, -921.495736504, 551.841761496, -8.717965013e+19
-1631.6709156, -113.26686543, 113.484240853, -1.12330572136e+21
2917.12205673, -2936.54083178, 1403.3781889, -2.3773805845e+24
-403.859720849, 1415.33701861, -312.94684384, -1.77003018013e+21
1436.95905934, 2036.02358161, -756.562143822, -3.97489729953e+22
-59.0990286341, 2383.57340156, 61.2418391362, -6.06727947027e+22
240.871988844, 928.187722875, 683.976037048, -1.68178297118e+19
1111.54056492, 956.917271545, 932.962072716, -2.83598812819e+21
2382.06147769, -2946.31213184, -671.169329601, -5.48147834088e+23
974.010355259, -1163.43509922, 1162.08229435, -3.25415359716e+21
-167.564283796, 233.871343257, -1279.3056476, -9.2984913106e+19
-1772.25431034, 63.3677169352, 3317.70320205, -2.58563403718e+24
828.150062604, 1834.06850537, 981.591926706, -5.32871960288e+21
360.020857379, -10.4313233215, 2140.47733737, -8.30603194548e+21
-866.007192623, -426.001361273, 1439.98443271, -2.66117677623e+21
-2027.02087232, -1324.14874342, -743.663020574, -7.06907680769e+22
514.63365221, -2586.38878484, -1918.09019959, -1.08851268032e+23
-1051.41503863, -274.332230732, 1866.52964082, -2.27351694551e+22
526.055437966, -736.243444233, -2077.74502578, -3.55093241324e+22
-91.859821242, 1654.73026715, -250.071829225, -4.69489736103e+21
-1664.74910558, -537.304171315, 421.713341919, -1.8805078399e+21
-1713.95455541, 780.25591963, -1000.5165593, -1.01050331018e+22
-572.520731833, -436.195664552, 1710.31497685, -3.84639023491e+21
700.297601178, -1992.64364963, 1452.68393333, -7.3095053358e+22
-345.528433112, 681.306529007, -1802.19386854, -1.3813169539e+21
-257.202123331, -1518.17027882, -733.829108923, -6.77740151489e+20
-226.635689552, -512.985015981, -656.609243805, -2.77772861933e+18
-1601.74115068, 1072.29749196, 422.630065563, -2.21303638694e+21
-1703.52058397, 512.613974322, 1665.66960575, -8.33504457645e+22
-750.039573596, -1049.61750975, -1856.95754601, -1.09023645423e+22
-712.125702592, 841.563704996, -71.64402887, -4.02423167549e+19
1867.34315729, 702.560131687, 302.751804558, -1.21037111684e+22
661.809015546, 1442.62864618, -418.139757387, -1.91142526263e+21
1313.35702198, 1528.54944605, -2462.5231175, -1.0903255018e+23
-2503.3874612, -840.949670999, -250.805129398, -9.75954954661e+22
2594.66119997, 920.927893147, -2616.23433491, -1.30032596401e+24
-1183.4182102, -1119.8284322, 965.696366523, -1.2603332503e+21
1357.2580408, 1534.5521193, 1298.04142108, -2.60699306585e+22
-2905.00674434, -1311.52132213, -1252.79534127, -1.07781014467e+24
1797.18604553, -992.973748291, -1827.1952942, -2.01324520737e+23
-2515.53914274, -3216.19600416, -212.116386382, -1.3896997818e+24
1299.19546599, -326.591065238, -279.252155746, -1.65935771204e+20
-373.376112275, 134.000420793, 1153.07320444, -2.92370684256e+20
-2440.87131195, -734.650287374, -1544.68560469, -4.23989388475e+23
-119.416232107, 2045.46327056, -1384.79097748, -6.75687437953e+22
105.310881201, 2061.23919863, 1537.97719414, -9.8916564286e+21
-37.1923006496, -1547.49450976, 2889.90532511, -8.76020552319e+22
-99.5559541162, -1248.5595359, 223.595535166, -4.89791831381e+20
203.189884383, -359.174696553, -1092.71520329, -1.54606926902e+20
-637.086218979, -1143.84010033, -593.430619823, -1.91754948884e+20
-889.82457521, -654.072593461, 2309.85895406, -4.96667228559e+22
1104.98611871, 838.853463226, -1426.74662774, -3.44090850767e+21
-141.049298522, 789.32690406, 513.56628888, -5.39560970395e+18
2198.32656195, -3026.69468665, -1376.89213428, -7.36652256758e+23
-2644.02665632, -602.239157648, -431.630613073, -1.44539150381e+23
-2269.00678794, -1697.69779067, -2193.66725043, -1.09218859308e+24
-143.740233535, 16.7238239105, 1023.36539549, -4.87078403269e+19
-481.392901861, 508.204815164, 2108.6329828, -3.12091510109e+22
271.100309471, -2088.58170905, -397.01160283, -1.5513438851e+22
-17.5592900352, 1337.91546004, 2875.82287166, -2.5973966961e+23
1204.47573111, 1308.60179981, -649.143214, -1.88199571271e+21
-208.94503323, -2451.61454614, -1757.78090017, -3.36966010264e+22
649.188208084, -59.3190687192, -2923.48992388, -2.80196370701e+23
984.06666382, 1852.28535543, -462.351386706, -1.36262319243e+22
2579.25323989, 483.090509482, 1304.08117782, -3.63196566471e+23
572.176179279, -960.611774203, -749.222901092, -1.96507134864e+20
-455.995767845, -198.138973152, -1903.61825621, -4.07585605968e+21
1630.08585098, -772.995182355, -2265.85800013, -3.70990644189e+23
-2206.78327613, -925.038420903, 912.281819016, -2.39394707973e+22
-1585.75891556, -2299.13449592, 452.9071727, -8.3996480772e+22
-3078.55036494, -2342.98552114, 282.529886341, -9.77748780041e+23
-3007.33213517, -2338.09577681, -768.516448371, -1.6098891414e+24
-662.407415488, 2470.43886127, 797.440854037, -5.06011514361e+22
759.399008402, -1027.37573043, 62.0225636948, -1.54017084218e+20
-2712.87219058, 334.517759828, 507.465124889, -5.14326257893e+22
120.265720468, -171.458385623, 2819.98627453, -7.70393987143e+22
661.086682762, 1815.8777423, 1698.66749198, -1.09695624578e+22
-1726.29572618, -223.140249618, -1789.50220677, -8.99342328104e+22
2484.51005979, -1386.78842205, 1132.91341229, -1.17085179078e+23
2238.63754327, -387.933611286, 979.303202732, -5.62244616757e+22
345.122762043, 1174.06764869, 485.232582478, -1.06509617097e+20
-220.541355714, -1520.42572612, -266.77379659, -1.19309655336e+21
2880.69499728, -2192.55354465, -2773.54594019, -8.73851039642e+24
2046.52802931, 91.7667453332, -30.6974585345, -7.32050183372e+21
617.76411896, 766.419896807, -390.84326028, -2.1570465307e+19
-254.429251031, 1216.41057509, 3285.04895557, -7.944835911e+23
1909.75113807, 1489.52987142, 1107.11008161, -9.52219703994e+22
90.4806210331, 1366.65069808, 1554.38945593, -3.25152602664e+21
1432.93510163, -831.74995467, 827.120717346, -2.43065180277e+21
-421.267588378, 43.5921578008, 397.932829316, -7.90508850566e+17
206.886010141, -1062.57966018, 473.269182073, -2.50183895007e+20
-526.128232867, 872.129219296, 2514.08516666, -1.41123474024e+23
-955.269874234, -1365.91224621, 493.64751575, -1.59490690373e+21
-1846.06695482, -2127.57895139, -2587.54684325, -9.61556744504e+23
-1232.06569391, -754.683673494, -1471.06573151, -1.4236631988e+22
1261.6387792, -420.215687918, -1662.21304511, -3.19052053755e+22
-880.3331746, 933.541496203, -2259.82037133, -2.04077735519e+22
-851.625794329, -98.5889208312, 328.183360018, -9.6787754198e+18
-123.636524122, 2409.22065726, 723.754801921, -3.82566270171e+22
168.84754259, -1480.09696489, 1916.52439807, -1.53371206624e+22
1956.51300623, -1502.79895192, 2293.275316, -2.93510531045e+23
358.956955583, 406.650613641, -242.141843112, -1.70209612306e+17
2103.0865351, -491.608990524, -1805.18820123, -2.40423709262e+23
-2005.03960145, 1422.23773524, -967.488571861, -3.23340732304e+22
1249.61595331, -1671.8505783, 2330.8765205, -1.18973059885e+23
-345.211767635, -496.763070213, 2627.26862604, -5.98190291165e+22
-442.314183686, -1314.53366578, -595.347754675, -2.67105301741e+20
-1671.30073596, -729.732771071, 1512.31572709, -2.11301142594e+22
163.714870414, 615.010733549, 260.0794464, -5.8109865863e+17
-107.332341633, 51.304491804, -555.57586748, -1.36406617574e+17
3170.32939939, -1024.77860976, -637.729921024, -2.05351648327e+23
401.986052726, 1679.66133183, -324.845298301, -5.34033759026e+21
156.196774073, 849.249820928, -1455.9970245, -4.87777889138e+20
568.116774933, 925.619506636, -634.198812623, -1.09179849977e+20
-1254.22586158, -2899.95320994, 1345.87437456, -6.73714189048e+23
-2183.45582296, 1996.34622722, 537.946207893, -5.75276875707e+22
-600.714179553, 1724.85018047, 565.143147378, -3.08605312215e+21
-1532.7827155, -800.192834503, -1094.7697947, -1.74113221141e+22
-95.1933303247, -709.651997642, 1513.86135998, -4.5202427314e+20
-1138.76509631, -375.267323768, 922.44738655, -6.87039385056e+20
-727.455443913, 187.072028107, 1098.13679615, -7.42103363702e+20
-1991.50623362, -2358.67170073, 600.050381381, -1.48706978627e+23
303.466031071, -187.938913533, -1003.26667124, -9.52001046854e+19
2293.76959993, 1261.00778549, 212.020377846, -7.6543235781e+22
1813.05578961, 1470.40040272, -317.670742792, -1.48925649704e+22
305.461377385, 272.805365835, -32.7290079235, -1.36232125101e+16
1228.93660052, 1748.52939427, -11.3048655369, -8.30105526357e+21
1763.15852611, 88.8885763125, 3051.49498583, -8.29081097177e+23
480.977356942, 387.884777954, 10.7848185698, -4.66758110308e+17
198.231089768, 1387.83877077, -1557.13050567, -6.02558991284e+21
61.4609729613, 225.011326658, 603.597084637, -6.97668621824e+17
-469.777832557, 1482.46692389, -39.8231566019, -1.78011975922e+21
-141.214494645, -542.707323982, 3188.62980697, -2.13848194649e+23
-242.27543989, -2686.96203965, -259.9412457, -1.32996320713e+23
1541.38907003, -2723.83639553, 1082.4382529, -5.97493461339e+23
-699.721069856, -1616.9690973, 619.680595695, -5.49359420694e+21
-122.784274038, -705.938776885, 1664.36000303, -9.55866634943e+20
229.597552172, -2125.75210393, 224.848917231, -3.21532162403e+22
609.97921011, 1643.34345291, -1179.09995556, -1.10134269863e+22
1231.19855313, 584.571325697, 577.201581803, -1.30150722131e+21
729.315873461, -1739.88402713, 1455.51314609, -3.19646425376e+22
-1983.57082441, -387.100374644, 122.425074771, -7.22134205866e+21
373.011804211, 1556.33167279, -2286.39005996, -3.20433299641e+22
-111.255173504, -94.5894540988, -518.099951191, -1.24641105817e+17
1161.1250508, 990.045181125, -1419.60621657, -3.76572211939e+21
174.45668418, -2319.98424129, 112.57327841, -5.70299882018e+22
-975.5251716, -1898.02318329, -1665.29559353, -2.34666029944e+22
-925.043221114, -463.075996875, -200.408138954, -6.65558319141e+19
-2609.17471552, -301.73248081, 1200.13723347, -1.07661293423e+23
691.653076755, 2131.69955192, 166.720293363, -2.22154801198e+22
1591.9496029, 324.210952615, 1976.03431914, -9.55118732875e+22
1427.65660599, -509.167259692, -191.808115661, -2.70720677971e+20
-493.715562819, -1578.87519353, 817.823989451, -5.68143567461e+21
1407.86529799, 2193.50183837, 2903.22475482, -7.17353911672e+23
1489.55662383, -638.072657288, -592.044097213, -1.7230405032e+21
2802.25303813, -1571.62405624, 1328.14014575, -3.32179156754e+23
-1326.63730905, 1804.21000533, -604.205355214, -2.46286892711e+22
1942.33313894, 1794.32450985, 920.762786248, -1.06062759924e+23
-1007.45934032, -39.7957291746, 1553.71644074, -8.6410762741e+21
-521.403946423, -1217.72330852, 1261.7293891, -1.7615359019e+21
-411.859054615, 798.248414169, 2376.61310204, -7.8013560966e+22
-847.047332725, -169.564038786, -1404.09083384, -2.06768193042e+21
-357.629210926, 2660.19462929, -2074.33631732, -6.92246846903e+23
-97.8053252997, -491.976921228, -2233.0475717, -1.90003270519e+22
-1179.01996772, -1653.2251689, -38.5499490882, -5.39634467996e+21
-2088.99609978, 2257.42317591, 3012.80240021, -5.53133738732e+24
-1521.16606378, 722.200391427, 792.560103394, -4.30301153112e+21
-305.663731319, -571.75649796, -734.551661155, -8.91360625568e+18
-1966.22750943, -49.8652811496, -3275.1493356, -1.62968852176e+24
99.8448727577, 1698.62716921, 1186.78393843, -1.7848163684e+21
775.558761789, -1373.78556085, -1216.09433757, -5.28060223784e+21
-962.859082923, -27.754660038, -431.256871466, -8.9445437211e+19
-1616.31954486, 1395.82367636, 1604.68727524, -1.08247120246e+23
138.455344647, 1929.20853406, -3000.18899163, -2.1270183313e+23
1734.79755396, 882.513053282, -1398.20220511, -1.64014012416e+22
-1589.09904206, -2146.89193968, -3198.01881104, -1.48335653631e+24
739.972365201, 232.459790746, -744.553894237, -5.933210611e+19
63.5726065245, -352.413820461, -163.592170123, -6.42065648089e+15
786.420961852, -262.165047454, -194.961592254, -3.8740480345e+18
-1391.21312682, 1642.58627402, -1113.26450788, -2.71685556009e+22
-1443.67517199, 233.550844761, -1220.27548809, -8.77644783496e+21
-801.971948215, 298.718922498, 359.203983638, -1.44742789464e+19
-395.527675216, 476.629305459, 102.942177065, -2.81415658665e+17
715.155149748, 39.3368180766, -1192.98184562, -8.50659920451e+20
1926.75358485, -1507.27908915, 436.286161521, -1.38885131336e+22
1089.82669231, -2435.12783775, 702.794682736, -1.74550851705e+23
-338.735316408, -886.521085821, -67.6583271625, -2.0356430276e+19
1095.42834014, -1269.65736772, -80.1034266417, -8.26650644752e+20
-2264.58572773, 817.395907257, 2178.07563179, -8.10580507589e+23
-471.100438648, -1775.56471317, -40.308050304, -5.57303913402e+21
122.241320223, -2671.4620727, -2380.3875262, -2.02160272637e+23
2853.22981724, 1234.7748699, -1949.40989091, -5.12571994874e+23
1084.97910275, -269.135269803, 1783.62335908, -1.15454503294e+22
-564.881733291, 1402.12831065, -1219.39925069, -6.07828182344e+21
-1113.30339987, -479.157330953, -43.2998217173, -1.58211167588e+20
-2442.08275925, 1608.88166989, 793.101719407, -8.66123147478e+22
256.490135979, 2030.99233761, -465.033018224, -2.64213501062e+22
339.452594921, -1552.25354296, 36.4466731647, -2.33249427327e+21
612.053516774, -301.271662211, 1476.90438732, -8.14945321536e+20
2220.51020949, 1615.52177013, 1746.84856677, -5.32069322602e+23
-718.205601422, 2152.98530095, 454.306300563, -2.18822495505e+22
2053.27877579, -2541.45231377, 1609.09467606, -7.48285210458e+23
-585.277719025, -1848.24587153, -2095.33538353, -3.05833289326e+22
-1979.93670369, -1585.53768315, -785.699489663, -8.26708700812e+22
331.683925682, 450.959590909, -1618.76632278, -1.35326019706e+21
1618.51947051, -1970.15022569, -403.408157503, -2.26326592397e+22
1560.30654404, -1286.52170483, -440.303460674, -3.09863799727e+21
2143.91117612, -215.664202142, 468.343254267, -1.74969470427e+22
-1407.20616807, 1893.86916722, -1481.03606299, -8.81899461833e+22
284.100935619, -74.7330940675, 2544.80194292, -3.21081542397e+22
-120.268090946, 1180.98192562, 1205.69940093, -7.71020433443e+20
605.514647924, 1278.54667707, 390.375138611, -3.19168555221e+20
-2960.35289449, -345.630721404, -240.187882375, -2.16872598448e+23
-1822.76554607, 961.02745451, -1000.80989954, -1.44002991478e+22
2977.9603315, 237.45038527, -420.147317248, -1.30403247835e+23
1613.42211949, 2248.6229653, -165.048512189, -6.69292831788e+22
-74.2973578014, 38.704061031, 1138.29425644, -9.05735833879e+19
-39.0132111541, 74.275626174, 729.524480222, -2.86986088401e+18
-2163.28352827, 168.553740727, -830.578460026, -3.87152037371e+22
-1270.51564255, -655.977065317, 2334.29969113, -1.03029554609e+23
2815.59905487, -856.477539817, 966.358715943, -1.99701468646e+23
233.972036801, -2842.23468123, -1135.03013362, -1.19593311702e+23
1038.94299126, 172.122668903, -1303.969372, -3.18471423075e+21
1640.19769846, -827.43742001, 351.722151267, -1.37715869787e+21
478.228377325, 251.347162175, -662.921559836, -7.61242710924e+18
-2332.51156118, -851.569899957, 349.097458327, -3.37028408808e+22
-514.185061083, -695.350221754, 1321.16860919, -4.42734957431e+20
279.575143982, -1110.8466876, -482.375634079, -7.10540901082e+19
649.696306555, -546.442394807, -187.664216118, -3.05199339314e+18
2804.30304851, -820.505048581, -1063.09279937, -1.99110697951e+23
715.019883355, -295.204205204, 2525.66835036, -3.39892098334e+22
800.738359961, -54.7719443201, -1117.6471173, -8.77314197958e+20
-468.582455364, -812.161384288, -1265.60120932, -4.84470554005e+20
847.54520606, 42.4754295203, 2385.51919055, -3.46783894305e+22
27.4409378864, 127.227337199, -2399.90820365, -2.37709468913e+22
-534.401168014, 1698.72833367, 3074.05292008, -8.6467234872e+23
-844.277738121, 974.007270103, -261.292270293, -1.89825342875e+20
-391.315305341, -182.985521969, 1985.94099002, -9.77280064978e+21
